2018.04.19 06:00:00.156,0.78023,0.7803,1.00,1.00
2018.04.19 06:00:00.208,0.78023,0.78033,2.62,4.95
2018.04.19 06:00:00.259,0.78025,0.78033,1.00,1.95
2018.04.19 06:00:00.465,0.78026,0.78034,1.69,1.20
2018.04.19 06:00:00.995,0.78027,0.78037,1.00,4.76
2018.04.19 06:00:06.763,0.78027,0.78037,2.70,3.82
2018.04.19 06:00:07.334,0.78028,0.78037,1.12,1.50
2018.04.19 06:00:10.015,0.78028,0.78037,1.57,1.50
2018.04.19 06:00:10.833,0.78028,0.78037,1.20,1.69
2018.04.19 06:00:11.378,0.78028,0.78037,1.12,1.69
2018.04.19 06:00:18.368,0.78028,0.78037,1.10,1.50
2018.04.19 06:00:26.847,0.78028,0.78038,1.20,3.30
2018.04.19 06:00:28.386,0.78028,0.78038,1.31,4.24
2018.04.19 06:00:28.897,0.78028,0.78036,1.25,1.00
2018.04.19 06:00:29.458,0.78028,0.78037,1.25,1.69
2018.04.19 06:00:32.685,0.78028,0.78036,1.25,1.00
2018.04.19 06:00:34.054,0.78028,0.78037,1.25,1.69
2018.04.19 06:00:35.566,0.78032,0.78041,3.07,1.50
2018.04.19 06:00:35.880,0.78034,0.78043,1.50,2.32
2018.04.19 06:00:36.178,0.7803,0.7804,1.10,1.87
2018.04.19 06:00:39.167,0.7803,0.78039,1.00,1.00
2018.04.19 06:00:39.297,0.78028,0.78039,1.01,4.16
2018.04.19 06:00:50.699,0.78028,0.78038,2.14,1.25
2018.04.19 06:00:55.939,0.78027,0.78039,1.66,4.01
2018.04.19 06:00:56.451,0.78027,0.78037,1.25,3.56
2018.04.19 06:00:57.365,0.78027,0.78036,1.01,1.00
2018.04.19 06:00:58.621,0.78027,0.78037,1.25,1.69
2018.04.19 06:00:59.980,0.78027,0.78037,1.57,2.51
2018.04.19 06:01:00.087,0.7803,0.78039,1.10,1.00
2018.04.19 06:01:00.432,0.78033,0.78039,1.00,2.25
2018.04.19 06:01:00.593,0.7803,0.78039,1.00,2.25
2018.04.19 06:01:01.122,0.78029,0.78039,1.00,4.50
2018.04.19 06:01:02.545,0.78027,0.78039,2.51,2.25
2018.04.19 06:01:03.132,0.78027,0.78039,4.01,2.44
2018.04.19 06:01:03.880,0.78028,0.78039,1.01,2.44
2018.04.19 06:01:04.391,0.78027,0.78039,2.51,3.26
2018.04.19 06:01:05.051,0.78027,0.78039,2.51,2.44
2018.04.19 06:01:05.161,0.7803,0.78037,1.00,1.12
2018.04.19 06:01:05.332,0.78029,0.7804,4.76,2.81
2018.04.19 06:01:05.876,0.78031,0.7804,1.07,1.87
2018.04.19 06:01:27.775,0.78033,0.7804,1.00,1.87
2018.04.19 06:01:28.361,0.78032,0.7804,1.57,1.87
2018.04.19 06:01:28.717,0.78033,0.78041,1.00,3.56
2018.04.19 06:01:29.316,0.78032,0.78041,1.00,2.81
2018.04.19 06:01:30.727,0.78031,0.7804,2.32,1.00
2018.04.19 06:01:39.707,0.78031,0.78041,2.51,1.69
2018.04.19 06:01:40.214,0.78032,0.78041,1.07,2.06
2018.04.19 06:01:40.378,0.78031,0.78041,3.26,1.31
2018.04.19 06:01:40.943,0.78031,0.78041,3.64,1.31
2018.04.19 06:01:49.755,0.78033,0.78041,1.00,1.31
2018.04.19 06:01:50.218,0.78036,0.78044,1.00,2.44
2018.04.19 06:01:50.485,0.78033,0.78043,1.00,3.37
2018.04.19 06:01:52.865,0.78034,0.78042,1.00,2.06
2018.04.19 06:01:57.097,0.78035,0.78044,1.12,3.07
2018.04.19 06:01:57.202,0.78035,0.78045,1.95,2.51
2018.04.19 06:01:57.256,0.78038,0.78047,1.00,3.26
2018.04.19 06:01:57.416,0.78035,0.78047,2.51,2.32
2018.04.19 06:01:57.468,0.78035,0.78043,1.50,1.69
2018.04.19 06:01:58.295,0.78036,0.78045,1.00,5.89
2018.04.19 06:01:58.458,0.78037,0.78047,1.50,4.95
2018.04.19 06:01:58.959,0.78036,0.78045,1.57,1.31
2018.04.19 06:01:59.951,0.78037,0.78047,1.00,3.07
2018.04.19 06:02:00.005,0.78038,0.78048,1.12,2.32
2018.04.19 06:02:00.057,0.7804,0.78048,1.50,1.25
2018.04.19 06:02:00.109,0.78041,0.7805,1.00,1.31
2018.04.19 06:02:03.447,0.78041,0.78052,1.87,3.26
2018.04.19 06:02:03.551,0.78043,0.78052,1.00,5.14
2018.04.19 06:02:13.814,0.78045,0.78053,1.50,2.51
2018.04.19 06:02:14.165,0.78048,0.78055,1.00,1.25
2018.04.19 06:02:15.146,0.78048,0.78057,1.00,1.20
2018.04.19 06:02:15.491,0.7805,0.78058,1.00,3.26
2018.04.19 06:02:16.039,0.78048,0.78058,1.50,1.19
2018.04.19 06:02:16.143,0.78051,0.7806,1.50,5.14
2018.04.19 06:02:16.195,0.78051,0.78059,1.50,1.95
2018.04.19 06:02:17.658,0.7805,0.78059,1.50,1.57
2018.04.19 06:02:17.864,0.78052,0.78059,1.00,1.10
2018.04.19 06:02:18.453,0.78051,0.78059,1.00,1.69
2018.04.19 06:02:18.769,0.78053,0.78061,1.00,1.37
2018.04.19 06:02:21.161,0.78052,0.7806,1.00,2.14
2018.04.19 06:02:21.583,0.78052,0.7806,1.00,3.45
2018.04.19 06:02:23.284,0.7805,0.78059,1.50,1.10
2018.04.19 06:02:24.695,0.78051,0.78058,1.50,1.00
2018.04.19 06:02:24.747,0.78051,0.7806,1.50,1.50
2018.04.19 06:02:25.566,0.78052,0.7806,1.50,1.25
2018.04.19 06:02:27.948,0.7805,0.7806,1.57,1.20
2018.04.19 06:02:29.617,0.7805,0.78061,1.07,1.39
2018.04.19 06:02:30.230,0.7805,0.78061,1.50,4.57
2018.04.19 06:02:31.291,0.78051,0.7806,1.50,1.00
2018.04.19 06:02:31.952,0.78051,0.78061,1.00,1.39
2018.04.19 06:02:34.391,0.78052,0.78061,1.00,3.00
2018.04.19 06:02:34.987,0.78052,0.78061,1.00,1.32
2018.04.19 06:02:37.410,0.78052,0.7806,1.00,1.39
2018.04.19 06:02:39.114,0.78051,0.78059,1.00,1.10
2018.04.19 06:02:39.664,0.7805,0.7806,1.00,2.44
2018.04.19 06:02:39.890,0.78052,0.7806,1.00,2.14
2018.04.19 06:02:40.612,0.78052,0.78061,1.00,1.57
2018.04.19 06:02:41.557,0.78053,0.78061,1.00,1.12
2018.04.19 06:02:43.305,0.78053,0.78062,1.00,3.82
2018.04.19 06:02:45.660,0.78053,0.78061,1.00,1.00
2018.04.19 06:02:46.221,0.78053,0.78062,1.00,6.07
2018.04.19 06:02:47.741,0.78053,0.78061,1.00,1.00
2018.04.19 06:02:48.531,0.78053,0.78062,1.00,1.39
2018.04.19 06:02:49.193,0.78052,0.78062,1.87,4.39
2018.04.19 06:02:51.682,0.78052,0.78061,1.87,1.57
2018.04.19 06:02:55.632,0.78051,0.78062,3.00,2.14
2018.04.19 06:02:56.455,0.78051,0.78062,3.07,1.76
2018.04.19 06:02:57.660,0.78052,0.7806,1.87,1.00
2018.04.19 06:02:57.712,0.78052,0.78062,1.87,4.95
2018.04.19 06:02:58.466,0.78052,0.78062,1.87,4.95
2018.04.19 06:02:59.732,0.78052,0.78062,1.87,4.76
2018.04.19 06:03:02.005,0.78054,0.78062,1.12,1.57
2018.04.19 06:03:02.334,0.78059,0.78067,1.00,4.39
2018.04.19 06:03:02.386,0.78059,0.78067,1.00,1.76
2018.04.19 06:03:02.438,0.78061,0.78068,1.00,1.39
2018.04.19 06:03:02.490,0.78059,0.78068,1.12,1.19
2018.04.19 06:03:04.172,0.78059,0.78069,1.87,1.01
2018.04.19 06:03:04.674,0.78059,0.78068,1.12,1.95
2018.04.19 06:03:05.204,0.78058,0.78066,1.00,1.19
2018.04.19 06:03:05.713,0.78057,0.78066,1.12,1.76
2018.04.19 06:03:06.539,0.78057,0.78067,1.12,1.76
2018.04.19 06:03:07.090,0.78057,0.78065,1.12,1.00
2018.04.19 06:03:07.399,0.78055,0.78063,1.00,2.44
2018.04.19 06:03:07.944,0.78055,0.78062,1.00,1.25
2018.04.19 06:03:09.610,0.78055,0.78061,1.00,1.00
2018.04.19 06:03:09.765,0.78053,0.78062,1.00,2.44
2018.04.19 06:03:11.113,0.78052,0.78062,1.12,4.39
2018.04.19 06:03:11.760,0.78052,0.7806,1.12,1.00
2018.04.19 06:03:14.273,0.78052,0.7806,1.12,1.69
2018.04.19 06:03:17.738,0.78052,0.78059,1.00,1.69
2018.04.19 06:03:19.217,0.78052,0.78059,1.00,1.25
2018.04.19 06:03:23.615,0.78052,0.78058,1.00,1.00
2018.04.19 06:03:25.729,0.78048,0.78052,1.00,1.00
2018.04.19 06:03:25.834,0.78049,0.78057,1.00,2.89
2018.04.19 06:03:25.990,0.78046,0.78055,1.00,1.12
2018.04.19 06:03:26.042,0.78044,0.78053,1.00,4.20
2018.04.19 06:03:26.300,0.78045,0.78054,1.12,1.25
2018.04.19 06:03:28.745,0.78045,0.78053,1.00,1.00
2018.04.19 06:03:29.272,0.78045,0.78054,1.25,1.20
2018.04.19 06:03:30.106,0.78044,0.78052,1.50,1.00
2018.04.19 06:03:31.133,0.78044,0.78053,1.00,5.14
2018.04.19 06:03:31.684,0.78044,0.78052,1.00,2.25
2018.04.19 06:03:32.286,0.78044,0.78051,1.00,1.69
2018.04.19 06:03:33.361,0.78044,0.78052,1.00,3.45
2018.04.19 06:03:33.723,0.78042,0.7805,1.00,1.00
2018.04.19 06:03:34.274,0.78042,0.78051,1.10,1.00
2018.04.19 06:03:34.781,0.78041,0.7805,2.44,1.00
2018.04.19 06:03:35.288,0.78041,0.78052,1.69,1.95
2018.04.19 06:03:35.603,0.78043,0.78052,1.00,2.06
2018.04.19 06:03:36.957,0.78043,0.78052,1.00,2.32
2018.04.19 06:03:40.410,0.78043,0.78051,1.00,1.57
2018.04.19 06:03:41.133,0.78042,0.78051,1.00,1.57
2018.04.19 06:03:41.651,0.78039,0.78048,2.62,1.00
2018.04.19 06:03:41.754,0.78037,0.78046,4.01,1.00
2018.04.19 06:03:42.312,0.78037,0.78047,1.50,1.20
2018.04.19 06:03:42.832,0.78038,0.78046,1.12,1.20
2018.04.19 06:03:43.287,0.78039,0.78048,1.25,1.57
2018.04.19 06:03:43.792,0.78038,0.78049,3.19,2.51
2018.04.19 06:03:44.403,0.78038,0.78048,3.94,1.00
2018.04.19 06:03:44.613,0.78037,0.78046,1.20,1.50
2018.04.19 06:03:44.698,0.78035,0.78045,1.50,1.10
2018.04.19 06:03:44.751,0.78037,0.78045,1.00,1.20
2018.04.19 06:03:45.267,0.78037,0.78045,1.00,1.00
2018.04.19 06:03:46.386,0.78037,0.78044,1.00,1.00
2018.04.19 06:03:46.718,0.78035,0.78043,1.10,1.00
2018.04.19 06:03:47.268,0.78033,0.78043,3.07,1.19
2018.04.19 06:03:49.324,0.78033,0.78043,1.87,5.32
2018.04.19 06:03:49.864,0.78033,0.78043,1.00,5.14
2018.04.19 06:03:50.019,0.78033,0.78044,3.00,2.14
2018.04.19 06:03:50.173,0.78035,0.78044,1.00,4.01
2018.04.19 06:03:50.616,0.78032,0.78043,7.01,3.19
2018.04.19 06:03:51.125,0.78033,0.78042,1.00,2.44
2018.04.19 06:03:52.104,0.78032,0.78042,2.06,1.25
2018.04.19 06:03:52.451,0.78035,0.78046,2.81,4.01
2018.04.19 06:03:52.754,0.78038,0.78046,1.00,2.14
2018.04.19 06:03:53.577,0.78036,0.78047,3.56,2.14
2018.04.19 06:03:54.083,0.78037,0.78048,2.44,1.76
2018.04.19 06:03:54.407,0.78038,0.78048,1.12,1.01
2018.04.19 06:03:54.930,0.78039,0.78048,1.00,1.01
2018.04.19 06:04:02.836,0.7804,0.78049,1.00,2.89
2018.04.19 06:04:03.355,0.78041,0.78049,1.00,1.00
2018.04.19 06:04:04.710,0.78041,0.78051,1.00,3.64
2018.04.19 06:04:05.237,0.78041,0.78051,1.12,1.31
2018.04.19 06:04:05.900,0.78041,0.78051,1.95,2.14
2018.04.19 06:04:13.454,0.78043,0.78052,3.00,1.57
2018.04.19 06:04:13.511,0.78046,0.78054,1.00,1.39
2018.04.19 06:04:13.565,0.78046,0.78056,1.00,4.01
2018.04.19 06:04:14.123,0.78047,0.78056,1.12,1.10
2018.04.19 06:04:14.796,0.78048,0.78056,1.00,1.10
2018.04.19 06:04:14.850,0.7805,0.78057,1.00,1.20
2018.04.19 06:04:14.902,0.78048,0.78057,1.12,1.20
2018.04.19 06:04:15.368,0.78049,0.7806,1.50,2.51
2018.04.19 06:04:16.152,0.7805,0.7806,1.00,4.20
2018.04.19 06:04:16.356,0.78049,0.78058,1.00,1.39
2018.04.19 06:04:17.591,0.7805,0.78058,1.00,2.14
2018.04.19 06:04:18.135,0.78048,0.78059,2.81,1.64
2018.04.19 06:04:18.238,0.7805,0.7806,3.75,1.39
2018.04.19 06:04:18.747,0.7805,0.78061,3.00,3.26
2018.04.19 06:04:22.679,0.78051,0.78061,1.00,2.89
2018.04.19 06:04:30.047,0.78052,0.7806,1.00,1.20
2018.04.19 06:04:30.666,0.78051,0.7806,1.00,1.01
2018.04.19 06:04:31.596,0.78051,0.78061,1.00,2.89
2018.04.19 06:04:33.902,0.7805,0.78061,1.50,2.89
2018.04.19 06:04:35.693,0.78051,0.78061,1.00,2.89
2018.04.19 06:04:41.361,0.78051,0.78061,3.00,2.70
2018.04.19 06:04:46.850,0.78051,0.7806,1.07,1.00
2018.04.19 06:04:47.652,0.78051,0.7806,1.00,1.00
2018.04.19 06:04:49.007,0.78051,0.7806,1.00,1.19
2018.04.19 06:04:49.513,0.78051,0.7806,1.00,1.00
2018.04.19 06:04:56.077,0.78051,0.78061,1.10,2.14
2018.04.19 06:04:59.886,0.78051,0.7806,2.32,1.00
2018.04.19 06:05:00.307,0.78051,0.78061,2.25,1.99
2018.04.19 06:05:00.649,0.78049,0.78059,1.57,3.04
2018.04.19 06:05:01.164,0.78048,0.78058,1.50,1.10
2018.04.19 06:05:01.216,0.78048,0.78058,1.50,1.43
2018.04.19 06:05:01.761,0.78048,0.78058,1.00,1.62
2018.04.19 06:05:02.573,0.78048,0.78057,1.00,1.23
2018.04.19 06:05:02.894,0.7805,0.78057,1.00,1.33
2018.04.19 06:05:02.945,0.7805,0.78059,1.00,1.76
2018.04.19 06:05:03.915,0.78049,0.78059,1.00,1.57
2018.04.19 06:05:04.071,0.78047,0.78056,1.50,1.25
2018.04.19 06:05:04.305,0.78042,0.78052,2.89,3.19
2018.04.19 06:05:04.515,0.78042,0.78051,1.25,2.06
2018.04.19 06:05:05.843,0.7804,0.7805,3.26,1.12
2018.04.19 06:05:06.376,0.7804,0.7805,2.89,1.12
2018.04.19 06:05:08.661,0.7804,0.7805,3.26,1.87
2018.04.19 06:05:09.170,0.78039,0.7805,4.39,1.20
2018.04.19 06:05:13.987,0.78042,0.78051,1.00,3.26
2018.04.19 06:05:14.523,0.78041,0.78051,1.00,2.89
2018.04.19 06:05:17.647,0.78039,0.78051,3.64,2.89
2018.04.19 06:05:25.712,0.78041,0.78051,1.00,3.64
2018.04.19 06:05:26.225,0.7804,0.78051,2.89,3.64
2018.04.19 06:05:31.274,0.78041,0.78051,1.00,2.89
2018.04.19 06:05:31.784,0.78039,0.78051,3.64,2.14
2018.04.19 06:05:36.705,0.7804,0.78051,2.81,1.76
2018.04.19 06:05:37.065,0.78042,0.78051,2.62,1.57
2018.04.19 06:05:37.271,0.78041,0.78051,1.01,1.57
2018.04.19 06:05:37.807,0.78042,0.78051,1.00,1.10
2018.04.19 06:05:38.382,0.78041,0.78051,1.76,1.10
2018.04.19 06:05:38.898,0.78042,0.78051,1.00,1.20
2018.04.19 06:05:43.138,0.78041,0.78052,1.31,2.89
2018.04.19 06:05:45.343,0.78042,0.78052,1.00,7.01
2018.04.19 06:05:45.876,0.7804,0.7805,1.31,1.32
2018.04.19 06:05:46.434,0.7804,0.78051,1.12,7.57
2018.04.19 06:05:47.619,0.7804,0.7805,1.12,4.95
2018.04.19 06:05:52.837,0.78038,0.78049,1.00,2.51
2018.04.19 06:05:55.805,0.78038,0.78048,1.50,1.31
2018.04.19 06:05:58.495,0.78038,0.78048,1.50,2.51
2018.04.19 06:06:04.252,0.78038,0.78048,1.69,1.57
2018.04.19 06:06:04.560,0.78039,0.7805,4.87,3.07
2018.04.19 06:06:06.670,0.78041,0.7805,1.00,1.57
2018.04.19 06:06:07.100,0.78041,0.78049,1.00,1.45
2018.04.19 06:06:07.621,0.78041,0.78049,1.00,1.45
2018.04.19 06:06:08.204,0.78041,0.7805,1.00,1.57
2018.04.19 06:06:09.174,0.78042,0.78051,1.00,2.32
2018.04.19 06:06:11.575,0.78043,0.78051,2.25,1.39
2018.04.19 06:06:11.628,0.78041,0.78052,1.31,3.26
2018.04.19 06:06:13.098,0.7804,0.7805,2.81,1.00
2018.04.19 06:06:16.609,0.78041,0.78051,1.12,1.39
2018.04.19 06:06:16.663,0.78045,0.78052,1.12,1.50
2018.04.19 06:06:16.767,0.78046,0.78056,3.19,1.39
2018.04.19 06:06:16.980,0.78048,0.78057,1.00,1.20
2018.04.19 06:06:17.676,0.78047,0.78058,1.69,2.70
2018.04.19 06:06:19.764,0.78047,0.78057,2.81,1.10
2018.04.19 06:06:21.681,0.78047,0.78057,3.56,1.76
2018.04.19 06:06:22.242,0.78048,0.78057,1.00,1.76
2018.04.19 06:06:29.613,0.78048,0.78058,2.06,2.32
2018.04.19 06:06:30.117,0.78049,0.78058,1.00,1.45
2018.04.19 06:06:30.660,0.78049,0.78058,1.19,1.45
2018.04.19 06:06:33.068,0.7805,0.78059,1.00,1.20
2018.04.19 06:06:33.323,0.78052,0.7806,1.00,2.32
2018.04.19 06:06:33.801,0.7805,0.7806,1.31,2.32
2018.04.19 06:06:34.126,0.78053,0.7806,1.00,1.20
2018.04.19 06:06:34.229,0.78053,0.78063,1.00,3.26
2018.04.19 06:06:39.879,0.78053,0.78061,1.00,1.20
2018.04.19 06:06:40.136,0.7805,0.78059,2.06,1.00
2018.04.19 06:06:40.655,0.7805,0.78058,2.06,1.00
2018.04.19 06:06:41.332,0.7805,0.78059,2.06,1.10
2018.04.19 06:06:45.878,0.7805,0.7806,1.87,3.26
2018.04.19 06:06:46.260,0.7805,0.7806,2.62,1.57
2018.04.19 06:06:47.217,0.78053,0.78062,1.00,2.89
2018.04.19 06:06:47.567,0.78055,0.78065,3.56,1.10
2018.04.19 06:06:49.350,0.78058,0.78066,1.00,1.32
2018.04.19 06:06:49.918,0.78058,0.78067,1.00,1.57
2018.04.19 06:06:50.467,0.78057,0.78066,1.12,1.20
2018.04.19 06:06:51.514,0.78056,0.78068,3.07,3.07
2018.04.19 06:06:52.022,0.78058,0.78067,1.00,1.76
2018.04.19 06:06:52.914,0.78058,0.78068,1.25,1.76
2018.04.19 06:06:53.568,0.78059,0.78068,1.50,1.69
2018.04.19 06:06:57.433,0.78059,0.78068,1.50,2.14
2018.04.19 06:06:57.638,0.78057,0.78068,2.62,2.14
2018.04.19 06:06:57.793,0.78055,0.78066,4.01,5.14
2018.04.19 06:06:58.135,0.78051,0.7806,1.00,1.39
2018.04.19 06:06:58.649,0.7805,0.7806,1.87,1.12
2018.04.19 06:07:03.632,0.7805,0.7806,1.07,1.12
2018.04.19 06:07:04.266,0.78049,0.7806,6.45,1.12
2018.04.19 06:07:07.718,0.7805,0.7806,3.07,1.12
2018.04.19 06:07:22.972,0.78049,0.7806,2.51,2.81
2018.04.19 06:07:23.554,0.78049,0.78059,2.89,1.31
2018.04.19 06:07:25.815,0.7805,0.7806,2.06,3.56
2018.04.19 06:07:28.967,0.7805,0.7806,1.39,2.81
2018.04.19 06:07:32.403,0.78049,0.7806,2.51,2.81
2018.04.19 06:07:32.718,0.78039,0.78048,1.20,1.69
2018.04.19 06:07:32.769,0.78038,0.78048,2.89,2.44
2018.04.19 06:07:33.302,0.78038,0.78048,2.62,2.06
2018.04.19 06:07:33.814,0.78038,0.78046,1.12,1.00
2018.04.19 06:07:42.781,0.78038,0.78047,1.20,1.25
2018.04.19 06:07:43.089,0.78039,0.78048,4.39,1.00
2018.04.19 06:07:45.137,0.78039,0.7805,4.76,1.39
2018.04.19 06:07:50.289,0.78039,0.7805,2.06,1.39
2018.04.19 06:07:53.848,0.78039,0.78048,1.37,1.00
2018.04.19 06:07:56.393,0.78038,0.78048,1.95,1.01
2018.04.19 06:07:56.922,0.78037,0.78048,4.20,2.14
2018.04.19 06:08:00.563,0.78037,0.78048,4.12,1.76
2018.04.19 06:08:01.113,0.78038,0.78047,1.12,1.00
2018.04.19 06:08:03.674,0.78037,0.78048,3.00,1.01
2018.04.19 06:08:07.901,0.78037,0.78048,3.00,1.29
2018.04.19 06:08:11.516,0.78039,0.78047,1.50,1.25
2018.04.19 06:08:12.102,0.78039,0.78048,1.50,1.10
2018.04.19 06:08:13.356,0.78039,0.78049,1.00,1.20
2018.04.19 06:08:14.784,0.78038,0.78048,1.87,1.57
2018.04.19 06:08:22.350,0.78038,0.78048,1.12,1.39
2018.04.19 06:08:23.179,0.78039,0.78048,1.00,1.39
2018.04.19 06:08:23.686,0.78038,0.78045,1.12,1.00
2018.04.19 06:08:24.880,0.78038,0.78046,1.12,1.00
2018.04.19 06:08:26.723,0.78038,0.78045,1.00,1.00
2018.04.19 06:08:27.632,0.78038,0.78046,1.00,1.00
2018.04.19 06:08:29.043,0.78038,0.78045,1.00,1.00
2018.04.19 06:08:31.671,0.78038,0.78047,1.00,1.76
2018.04.19 06:08:32.244,0.78038,0.78046,1.00,1.00
2018.04.19 06:08:33.031,0.78038,0.78047,1.00,1.39
2018.04.19 06:08:33.537,0.78038,0.78046,1.00,1.00
2018.04.19 06:08:34.130,0.78038,0.78047,1.00,1.39
2018.04.19 06:08:34.462,0.78038,0.78045,1.00,1.10
2018.04.19 06:08:35.501,0.78036,0.78045,1.87,1.76
2018.04.19 06:08:37.258,0.78036,0.78045,1.87,1.76
2018.04.19 06:08:42.092,0.78036,0.78046,1.12,1.95
2018.04.19 06:08:47.115,0.78036,0.78046,1.50,1.39
2018.04.19 06:08:50.174,0.78036,0.78046,1.12,1.20
2018.04.19 06:08:55.380,0.78036,0.78046,1.12,1.57
2018.04.19 06:08:58.794,0.78035,0.78045,1.00,1.01
2018.04.19 06:08:59.114,0.78033,0.78043,1.50,1.76
2018.04.19 06:08:59.268,0.78033,0.78044,5.44,1.57
2018.04.19 06:08:59.793,0.78034,0.78045,1.87,1.39
2018.04.19 06:08:59.896,0.78034,0.78046,1.87,5.14
2018.04.19 06:09:00.671,0.78034,0.78045,3.45,2.14
2018.04.19 06:09:01.201,0.78034,0.78045,3.37,1.76
2018.04.19 06:09:01.664,0.78035,0.78045,1.37,1.39
2018.04.19 06:09:03.279,0.78035,0.78045,1.87,1.01
2018.04.19 06:09:03.914,0.78036,0.78046,1.12,1.20
2018.04.19 06:09:10.213,0.78036,0.78046,1.12,1.39
2018.04.19 06:09:13.910,0.78036,0.78046,1.31,1.39
2018.04.19 06:09:15.487,0.78036,0.78046,1.87,2.14
2018.04.19 06:09:17.768,0.78036,0.78046,2.06,2.14
2018.04.19 06:09:20.008,0.78036,0.78046,1.12,1.39
2018.04.19 06:09:25.253,0.78036,0.78046,1.00,2.89
2018.04.19 06:09:25.800,0.78036,0.78046,1.00,2.89
2018.04.19 06:09:29.497,0.78036,0.78046,1.00,1.76
2018.04.19 06:09:31.010,0.78036,0.78046,1.00,2.14
2018.04.19 06:09:34.389,0.78036,0.78046,1.00,2.89
2018.04.19 06:09:37.764,0.78035,0.78045,1.10,1.01
2018.04.19 06:09:38.338,0.78035,0.78045,1.10,1.29
2018.04.19 06:09:39.493,0.78034,0.78042,2.70,1.19
2018.04.19 06:09:39.545,0.78033,0.78041,1.50,1.25
2018.04.19 06:09:39.860,0.78034,0.78045,1.10,2.51
2018.04.19 06:09:40.373,0.78035,0.78045,1.57,1.76
2018.04.19 06:09:41.959,0.78037,0.78044,1.00,1.25
2018.04.19 06:10:06.064,0.78037,0.78043,1.00,1.19
2018.04.19 06:10:06.567,0.78037,0.78044,1.00,1.00
2018.04.19 06:10:13.490,0.78036,0.78044,1.50,1.25
2018.04.19 06:10:15.864,0.78037,0.78044,1.00,1.69
2018.04.19 06:10:16.367,0.78036,0.78044,2.25,1.69
2018.04.19 06:10:17.073,0.78037,0.78044,1.00,1.69
2018.04.19 06:10:17.722,0.78036,0.78044,1.50,1.69
2018.04.19 06:10:20.781,0.78037,0.78044,1.00,1.00
2018.04.19 06:10:21.181,0.78038,0.78048,3.00,1.69
2018.04.19 06:10:21.715,0.78039,0.78049,2.32,1.76
2018.04.19 06:10:22.298,0.7804,0.78049,1.50,2.51
2018.04.19 06:10:22.351,0.78042,0.78051,3.45,1.00
2018.04.19 06:10:22.655,0.78047,0.78055,1.00,1.00
2018.04.19 06:10:23.169,0.78046,0.78055,1.50,1.12
2018.04.19 06:10:23.693,0.78045,0.78055,2.32,1.00
2018.04.19 06:10:24.240,0.78046,0.78055,1.87,1.69
2018.04.19 06:10:25.134,0.78045,0.78055,2.32,1.69
2018.04.19 06:10:26.897,0.78045,0.78055,2.32,1.69
2018.04.19 06:10:28.207,0.78045,0.78054,2.32,1.19
2018.04.19 06:10:33.368,0.78045,0.78055,1.87,1.25
2018.04.19 06:10:33.902,0.78046,0.78056,1.87,1.31
2018.04.19 06:10:34.056,0.78048,0.78056,1.12,1.25
2018.04.19 06:10:34.593,0.78048,0.78058,1.95,1.39
2018.04.19 06:10:34.957,0.78051,0.7806,1.37,1.25
2018.04.19 06:10:35.491,0.7805,0.78059,2.70,1.69
2018.04.19 06:10:38.856,0.78051,0.78061,1.12,2.06
2018.04.19 06:10:39.228,0.7805,0.78059,2.32,1.19
2018.04.19 06:10:39.762,0.78048,0.78057,1.10,1.25
2018.04.19 06:10:39.814,0.78046,0.78057,3.07,1.25
2018.04.19 06:10:40.000,0.78046,0.78055,1.12,1.25
2018.04.19 06:10:40.967,0.78047,0.78055,1.00,1.25
2018.04.19 06:10:48.024,0.78045,0.78054,1.87,1.00
2018.04.19 06:10:56.044,0.78048,0.78054,1.00,1.00
2018.04.19 06:10:56.590,0.78047,0.78054,1.12,1.00
2018.04.19 06:10:57.204,0.78047,0.78056,1.12,1.69
2018.04.19 06:10:58.210,0.78047,0.78055,1.12,1.25
2018.04.19 06:11:04.655,0.78046,0.78056,3.07,2.44
2018.04.19 06:11:05.477,0.78047,0.78057,2.06,2.44
2018.04.19 06:11:05.581,0.78051,0.7806,1.00,2.44
2018.04.19 06:11:05.745,0.78054,0.78063,1.50,1.39
2018.04.19 06:11:06.291,0.78054,0.78063,1.00,1.25
2018.04.19 06:11:08.749,0.78053,0.78062,1.57,2.81
2018.04.19 06:11:08.852,0.78052,0.78062,1.87,3.19
2018.04.19 06:11:08.957,0.78053,0.78062,1.87,3.19
2018.04.19 06:11:09.009,0.78055,0.78064,1.87,1.00
2018.04.19 06:11:09.537,0.78054,0.78063,2.62,1.25
2018.04.19 06:11:20.875,0.78055,0.78064,1.12,1.10
2018.04.19 06:11:21.077,0.78057,0.78068,1.95,2.14
2018.04.19 06:11:21.641,0.78059,0.78068,1.50,1.25
2018.04.19 06:11:22.202,0.78058,0.78068,1.57,1.25
2018.04.19 06:11:22.731,0.78058,0.78068,1.07,1.25
2018.04.19 06:11:22.834,0.78062,0.78068,1.00,1.25
2018.04.19 06:11:23.092,0.78063,0.78071,1.50,1.37
2018.04.19 06:11:23.233,0.78066,0.78073,2.25,1.00
2018.04.19 06:11:23.544,0.78068,0.78075,1.00,1.25
2018.04.19 06:11:25.306,0.78068,0.78076,1.00,1.01
2018.04.19 06:11:26.495,0.78068,0.78076,1.00,1.76
2018.04.19 06:11:27.111,0.78068,0.78076,1.00,1.39
2018.04.19 06:11:28.262,0.78068,0.78076,1.00,1.76
2018.04.19 06:11:28.812,0.78068,0.78076,1.00,2.14
2018.04.19 06:11:29.653,0.78068,0.78075,1.00,1.01
2018.04.19 06:11:29.809,0.78065,0.78074,1.12,2.14
2018.04.19 06:11:31.730,0.78065,0.78075,1.12,1.39
2018.04.19 06:11:32.243,0.78066,0.78075,1.00,1.39
2018.04.19 06:11:32.982,0.78066,0.78075,1.50,2.14
2018.04.19 06:11:33.518,0.78066,0.78075,1.00,1.25
2018.04.19 06:11:34.094,0.78067,0.78077,2.25,2.70
2018.04.19 06:11:34.203,0.78069,0.78078,1.00,2.51
2018.04.19 06:11:34.255,0.78069,0.78079,1.87,1.76
2018.04.19 06:11:34.307,0.78071,0.78079,1.00,1.76
2018.04.19 06:11:34.843,0.78071,0.78079,1.00,2.51
2018.04.19 06:11:35.361,0.78071,0.78079,1.00,1.76
2018.04.19 06:11:36.518,0.78071,0.78078,1.00,1.25
2018.04.19 06:11:37.672,0.78073,0.78081,1.12,1.95
2018.04.19 06:11:37.724,0.78071,0.7808,1.50,1.29
2018.04.19 06:11:38.238,0.7807,0.78078,1.50,1.25
2018.04.19 06:11:38.829,0.7807,0.78078,1.12,1.25
2018.04.19 06:11:41.808,0.78067,0.78077,5.32,3.26
2018.04.19 06:11:41.860,0.78067,0.78076,2.32,1.19
2018.04.19 06:11:42.167,0.78065,0.78075,4.12,1.29
2018.04.19 06:11:45.373,0.78065,0.78074,1.50,1.39
2018.04.19 06:11:45.882,0.78064,0.78073,1.12,1.69
2018.04.19 06:11:46.414,0.78064,0.78074,1.50,1.39
2018.04.19 06:11:48.628,0.78064,0.78074,1.87,1.25
2018.04.19 06:11:52.972,0.78065,0.78074,1.12,2.14
2018.04.19 06:11:53.516,0.78064,0.78074,3.07,2.14
2018.04.19 06:11:54.838,0.78064,0.78074,3.00,2.14
2018.04.19 06:11:55.417,0.78064,0.78074,2.25,1.39
2018.04.19 06:11:55.933,0.78064,0.78073,1.37,1.00
2018.04.19 06:12:00.017,0.78064,0.78072,2.62,1.25
2018.04.19 06:12:07.280,0.78064,0.78072,1.12,1.25
2018.04.19 06:12:07.831,0.78064,0.78072,1.87,1.25
2018.04.19 06:12:09.612,0.78064,0.78072,1.12,1.25
2018.04.19 06:12:10.597,0.78063,0.78072,1.50,2.14
2018.04.19 06:12:10.752,0.78064,0.78072,1.37,2.14
2018.04.19 06:12:10.855,0.78064,0.78073,1.50,1.39
2018.04.19 06:12:11.380,0.78064,0.78073,1.50,2.14
2018.04.19 06:12:12.514,0.78064,0.78073,1.50,1.39
2018.04.19 06:12:13.104,0.78064,0.78074,1.12,3.64
2018.04.19 06:12:14.663,0.78064,0.78073,2.25,2.14
2018.04.19 06:12:15.608,0.78064,0.78073,1.50,2.14
2018.04.19 06:12:16.241,0.78064,0.78074,1.50,3.64
2018.04.19 06:12:16.834,0.78064,0.78074,1.12,3.64
2018.04.19 06:12:18.412,0.78064,0.78073,1.12,2.89
2018.04.19 06:12:18.841,0.78061,0.7807,1.12,1.69
2018.04.19 06:12:18.945,0.7806,0.78068,1.50,1.25
2018.04.19 06:12:27.758,0.78061,0.78068,1.00,1.25
2018.04.19 06:12:29.921,0.78059,0.78068,1.76,1.25
2018.04.19 06:12:30.431,0.78059,0.78068,2.14,1.25
2018.04.19 06:12:32.193,0.78059,0.78068,1.32,1.25
2018.04.19 06:12:33.896,0.78059,0.78068,1.76,1.25
2018.04.19 06:12:34.565,0.78059,0.78068,1.32,1.25
2018.04.19 06:12:39.145,0.78061,0.78068,1.00,1.25
2018.04.19 06:12:39.703,0.78062,0.78069,1.00,1.25
2018.04.19 06:12:40.163,0.78062,0.78071,1.00,1.76
2018.04.19 06:12:44.339,0.78061,0.78069,1.50,1.25
2018.04.19 06:12:45.155,0.78061,0.78068,1.00,1.25
2018.04.19 06:12:47.251,0.78062,0.78072,1.50,4.01
2018.04.19 06:12:47.355,0.78062,0.78072,1.50,2.89
2018.04.19 06:12:48.377,0.78063,0.78072,1.00,1.69
2018.04.19 06:12:49.242,0.78062,0.78072,2.70,1.25
2018.04.19 06:12:51.196,0.78063,0.78072,1.10,1.25
2018.04.19 06:12:52.466,0.78062,0.78071,2.32,1.25
2018.04.19 06:12:53.004,0.78062,0.78071,2.25,1.01
2018.04.19 06:12:54.081,0.78062,0.78072,2.25,3.19
2018.04.19 06:12:54.584,0.78062,0.78072,4.57,2.44
2018.04.19 06:12:57.161,0.78063,0.78071,3.45,1.00
2018.04.19 06:12:58.935,0.78063,0.78072,1.20,1.69
2018.04.19 06:12:59.524,0.78063,0.78071,3.45,1.00
2018.04.19 06:13:00.068,0.78063,0.78072,1.12,1.81
2018.04.19 06:13:02.822,0.78063,0.78071,4.12,1.17
2018.04.19 06:13:03.193,0.78063,0.78073,1.95,1.76
2018.04.19 06:13:05.018,0.78063,0.78073,1.95,3.26
2018.04.19 06:13:10.935,0.78061,0.7807,4.01,1.25
2018.04.19 06:13:11.139,0.78059,0.78068,1.31,1.25
2018.04.19 06:13:11.659,0.78059,0.78068,1.20,1.19
2018.04.19 06:13:13.540,0.78058,0.78068,1.50,1.69
2018.04.19 06:13:13.708,0.78058,0.78066,1.50,1.19
2018.04.19 06:13:14.256,0.78057,0.78066,2.32,1.19
2018.04.19 06:13:15.384,0.78057,0.78066,2.32,1.19
2018.04.19 06:13:17.403,0.78057,0.78066,2.32,1.19
2018.04.19 06:13:21.231,0.78056,0.78065,2.70,1.19
2018.04.19 06:13:27.230,0.78056,0.78067,7.20,1.69
2018.04.19 06:13:36.337,0.78058,0.78067,1.00,2.44
2018.04.19 06:13:37.346,0.78057,0.78067,1.87,2.44
2018.04.19 06:13:37.949,0.78058,0.78067,1.00,2.44
2018.04.19 06:13:38.532,0.78057,0.78067,1.87,2.44
2018.04.19 06:13:40.002,0.78058,0.78067,1.00,2.44
2018.04.19 06:13:40.655,0.78057,0.78067,1.12,2.44
2018.04.19 06:13:44.661,0.78057,0.78065,1.95,1.19
2018.04.19 06:13:54.593,0.78057,0.78066,1.12,1.69
2018.04.19 06:13:58.921,0.78056,0.78066,2.32,2.14
2018.04.19 06:13:59.233,0.78055,0.78064,1.00,5.44
2018.04.19 06:13:59.576,0.78051,0.78059,1.50,1.25
2018.04.19 06:14:00.115,0.7805,0.78059,1.00,1.69
2018.04.19 06:14:02.173,0.78049,0.78059,1.57,1.19
2018.04.19 06:14:02.707,0.78049,0.78059,4.95,1.25
2018.04.19 06:14:05.685,0.78049,0.78059,1.20,3.26
2018.04.19 06:14:06.614,0.78048,0.78057,2.32,1.69
2018.04.19 06:14:13.690,0.78047,0.78057,1.12,2.14
2018.04.19 06:14:13.794,0.78044,0.78055,7.20,1.76
2018.04.19 06:14:13.899,0.78044,0.78053,2.32,1.00
2018.04.19 06:14:14.382,0.78043,0.78049,1.00,1.00
2018.04.19 06:14:14.438,0.78042,0.78053,3.19,2.14
2018.04.19 06:14:14.491,0.78041,0.78052,5.32,2.14
2018.04.19 06:14:14.544,0.7804,0.78049,3.82,1.00
2018.04.19 06:14:14.597,0.7804,0.78049,1.95,1.25
2018.04.19 06:14:15.137,0.7804,0.78051,2.32,2.51
2018.04.19 06:14:15.291,0.78041,0.78049,1.00,1.19
2018.04.19 06:14:16.232,0.7804,0.78049,1.20,1.19
2018.04.19 06:14:16.386,0.78039,0.7805,3.82,1.76
2018.04.19 06:14:17.046,0.78039,0.78049,1.87,1.25
2018.04.19 06:14:18.420,0.78037,0.78049,2.70,1.31
2018.04.19 06:14:18.934,0.78038,0.78048,1.00,1.32
2018.04.19 06:14:21.834,0.78037,0.78046,1.95,1.00
2018.04.19 06:14:22.383,0.78037,0.78048,2.62,3.26
2018.04.19 06:14:22.927,0.78038,0.78049,1.12,2.14
2018.04.19 06:14:23.439,0.78039,0.78049,1.00,2.89
2018.04.19 06:14:24.456,0.78038,0.78049,1.12,1.39
2018.04.19 06:14:24.921,0.78037,0.78049,3.82,2.51
2018.04.19 06:14:25.286,0.7804,0.78049,1.00,1.25
2018.04.19 06:14:25.800,0.78041,0.78051,1.00,6.26
2018.04.19 06:14:28.756,0.78041,0.78051,1.00,5.14
2018.04.19 06:14:29.843,0.78041,0.78051,1.00,4.76
2018.04.19 06:14:30.941,0.7804,0.7805,1.00,1.01
2018.04.19 06:14:31.637,0.78041,0.7805,1.00,1.01
2018.04.19 06:14:32.180,0.7804,0.7805,1.57,1.01
2018.04.19 06:14:33.052,0.78041,0.7805,1.00,1.01
2018.04.19 06:14:33.611,0.7804,0.7805,1.57,1.01
2018.04.19 06:14:33.953,0.78039,0.78049,1.50,2.14
2018.04.19 06:14:34.488,0.78037,0.78047,1.20,1.25
2018.04.19 06:14:35.037,0.78037,0.78047,2.32,1.25
2018.04.19 06:14:35.192,0.78037,0.78047,1.50,1.25
2018.04.19 06:14:35.738,0.78037,0.78047,1.95,1.25
2018.04.19 06:14:36.258,0.78039,0.78049,1.00,1.20
2018.04.19 06:14:36.517,0.7804,0.7805,1.00,1.01
2018.04.19 06:14:36.753,0.78041,0.78052,1.50,3.26
2018.04.19 06:14:37.065,0.78038,0.78048,3.82,1.01
2018.04.19 06:14:39.244,0.78039,0.7805,1.12,1.01
2018.04.19 06:14:40.640,0.7804,0.7805,1.00,1.01
2018.04.19 06:14:40.694,0.78038,0.7805,5.51,1.76
2018.04.19 06:14:41.235,0.78038,0.78048,3.00,1.31
2018.04.19 06:14:46.142,0.78038,0.78048,1.12,2.51
2018.04.19 06:14:47.911,0.78038,0.78046,1.12,1.25
2018.04.19 06:14:49.423,0.78038,0.78048,1.12,2.51
2018.04.19 06:14:49.774,0.7804,0.78049,1.50,2.14
2018.04.19 06:14:50.307,0.78039,0.7805,2.25,2.51
2018.04.19 06:14:50.937,0.78039,0.7805,2.25,1.76
2018.04.19 06:14:51.797,0.7804,0.7805,1.00,1.76
2018.04.19 06:14:52.109,0.78042,0.78051,1.00,1.69
2018.04.19 06:14:52.679,0.78043,0.78051,1.00,1.69
2018.04.19 06:14:53.258,0.78042,0.78051,1.00,1.69
2018.04.19 06:14:53.769,0.78043,0.78051,1.00,1.69
2018.04.19 06:14:54.416,0.78041,0.7805,1.00,1.25
2018.04.19 06:14:54.940,0.78041,0.7805,1.00,3.26
2018.04.19 06:14:55.095,0.78039,0.78048,4.50,1.00
2018.04.19 06:14:55.636,0.78039,0.7805,2.25,3.26
2018.04.19 06:14:56.272,0.78039,0.78048,1.95,1.19
2018.04.19 06:14:57.686,0.7804,0.78048,1.00,1.19
2018.04.19 06:14:59.226,0.78038,0.78048,2.32,1.19
2018.04.19 06:14:59.754,0.78038,0.78048,2.32,1.76
2018.04.19 06:15:02.721,0.78038,0.78046,1.50,1.25
2018.04.19 06:15:02.824,0.78036,0.78046,3.07,1.76
2018.04.19 06:15:08.391,0.78037,0.78047,1.00,2.14
2018.04.19 06:15:08.894,0.78038,0.78047,1.00,1.76
2018.04.19 06:15:10.208,0.78037,0.78047,1.10,1.76
2018.04.19 06:15:14.737,0.78039,0.78049,1.50,3.26
2018.04.19 06:15:16.277,0.78038,0.78048,1.20,2.14
2018.04.19 06:15:16.848,0.78037,0.78047,2.25,2.51
2018.04.19 06:15:17.813,0.78037,0.78047,4.12,1.01
2018.04.19 06:15:21.169,0.78037,0.78047,3.00,1.19
2018.04.19 06:15:22.866,0.78037,0.78047,4.57,1.00
2018.04.19 06:15:23.228,0.78039,0.78049,1.87,1.87
2018.04.19 06:15:24.591,0.78044,0.7805,1.12,1.00
2018.04.19 06:15:24.744,0.78045,0.78054,1.00,2.81
2018.04.19 06:15:25.288,0.78044,0.78054,1.12,2.06
2018.04.19 06:15:26.727,0.78044,0.78054,1.20,1.00
2018.04.19 06:15:27.291,0.78044,0.78053,1.76,1.25
2018.04.19 06:15:27.792,0.78044,0.78054,2.32,1.25
2018.04.19 06:15:28.381,0.78044,0.78055,5.32,2.51
2018.04.19 06:15:28.912,0.78044,0.78055,3.82,1.19
2018.04.19 06:15:32.225,0.78045,0.78053,1.00,1.19
2018.04.19 06:15:37.585,0.78044,0.78054,4.87,2.14
2018.04.19 06:15:38.480,0.78044,0.78054,3.00,2.14
2018.04.19 06:15:39.024,0.78045,0.78054,1.00,2.14
2018.04.19 06:15:39.332,0.7805,0.78056,1.00,1.76
2018.04.19 06:15:39.545,0.78054,0.78061,1.50,1.10
2018.04.19 06:15:40.052,0.78055,0.78063,1.00,1.19
2018.04.19 06:15:41.337,0.78054,0.78063,2.70,1.19
2018.04.19 06:15:41.491,0.78055,0.78063,1.87,1.19
2018.04.19 06:15:45.418,0.78055,0.78065,2.70,2.51
2018.04.19 06:15:48.914,0.78055,0.78065,2.25,2.70
2018.04.19 06:15:51.494,0.78056,0.78066,1.12,4.39
2018.04.19 06:15:53.471,0.78055,0.78066,5.25,2.89
2018.04.19 06:15:53.830,0.78054,0.78065,1.20,4.87
2018.04.19 06:15:54.142,0.78052,0.78063,2.25,2.89
2018.04.19 06:15:55.936,0.78051,0.78061,1.20,1.76
2018.04.19 06:15:56.438,0.78051,0.78061,2.70,1.29
2018.04.19 06:15:56.902,0.78052,0.78062,1.12,1.39
2018.04.19 06:15:57.210,0.78051,0.7806,1.50,1.50
2018.04.19 06:15:57.928,0.78052,0.78063,1.87,1.39
2018.04.19 06:15:58.030,0.78055,0.78065,1.00,2.89
2018.04.19 06:15:58.550,0.78054,0.78065,4.57,2.44
2018.04.19 06:15:59.054,0.78055,0.78065,1.00,2.44
2018.04.19 06:15:59.558,0.78054,0.78064,1.87,1.69
2018.04.19 06:16:00.283,0.78055,0.78065,1.00,1.25
2018.04.19 06:16:03.881,0.78054,0.78064,3.82,1.25
2018.04.19 06:16:04.387,0.78054,0.78064,1.95,3.19
2018.04.19 06:16:08.145,0.78057,0.78066,1.00,1.20
2018.04.19 06:16:08.646,0.78056,0.78067,1.57,5.14
2018.04.19 06:16:09.190,0.78057,0.78066,1.00,1.12
2018.04.19 06:16:09.899,0.78056,0.78067,1.10,3.26
2018.04.19 06:16:10.409,0.78057,0.78067,1.00,2.32
2018.04.19 06:16:16.068,0.78058,0.78067,1.10,1.00
2018.04.19 06:16:20.631,0.78061,0.78069,1.50,1.01
2018.04.19 06:16:21.621,0.7806,0.7807,1.95,1.69
2018.04.19 06:16:22.134,0.78061,0.7807,1.00,1.19
2018.04.19 06:16:22.524,0.78063,0.7807,1.50,1.19
2018.04.19 06:16:22.576,0.78063,0.78072,2.44,1.39
2018.04.19 06:16:22.831,0.78061,0.7807,1.10,1.69
2018.04.19 06:16:22.933,0.78059,0.7807,3.82,3.19
2018.04.19 06:16:23.505,0.78059,0.7807,3.82,4.20
2018.04.19 06:16:24.492,0.78059,0.78068,2.70,1.25
2018.04.19 06:16:24.721,0.78056,0.78065,5.32,1.25
2018.04.19 06:16:25.283,0.78057,0.78067,1.00,5.32
2018.04.19 06:16:29.378,0.78057,0.78066,1.12,1.19
2018.04.19 06:16:29.623,0.78053,0.78064,5.70,2.81
2018.04.19 06:16:30.152,0.78054,0.78065,2.32,3.56
2018.04.19 06:16:30.389,0.78056,0.78066,1.12,2.06
2018.04.19 06:16:30.745,0.78058,0.78067,1.00,2.44
2018.04.19 06:16:31.284,0.78057,0.78067,1.50,1.69
2018.04.19 06:16:31.787,0.78058,0.78067,1.00,2.44
2018.04.19 06:16:32.449,0.78057,0.78067,1.50,2.44
2018.04.19 06:16:34.150,0.78057,0.78066,1.00,1.31
2018.04.19 06:16:34.665,0.78055,0.78066,5.70,1.31
2018.04.19 06:16:38.590,0.78054,0.78063,1.20,1.19
2018.04.19 06:16:38.643,0.78054,0.78063,1.00,1.19
2018.04.19 06:16:38.695,0.78055,0.78064,1.00,1.00
2018.04.19 06:16:39.252,0.78055,0.78065,1.57,2.14
2018.04.19 06:16:42.567,0.78056,0.78065,1.50,1.00
2018.04.19 06:16:44.999,0.78055,0.78065,1.57,1.50
2018.04.19 06:16:46.091,0.78055,0.78065,3.82,2.44
2018.04.19 06:16:47.007,0.78054,0.78064,1.57,2.51
2018.04.19 06:16:48.368,0.78054,0.78061,1.10,1.25
2018.04.19 06:16:48.708,0.78052,0.78061,1.57,1.25
2018.04.19 06:16:49.392,0.78051,0.78061,3.75,1.25
2018.04.19 06:16:49.649,0.78052,0.78062,1.50,4.76
2018.04.19 06:16:49.755,0.78052,0.78062,1.10,4.76
2018.04.19 06:16:50.262,0.78051,0.78061,4.20,1.19
2018.04.19 06:16:50.424,0.7805,0.7806,1.10,3.64
2018.04.19 06:16:51.072,0.78049,0.7806,1.57,1.31
2018.04.19 06:16:51.620,0.7805,0.7806,1.00,3.56
2018.04.19 06:16:52.078,0.78048,0.78057,1.10,1.19
2018.04.19 06:16:54.144,0.78047,0.78057,1.95,1.29
2018.04.19 06:16:54.665,0.78046,0.78057,4.57,2.06
2018.04.19 06:16:55.399,0.78047,0.78057,1.57,1.69
2018.04.19 06:16:56.773,0.78046,0.78057,5.51,1.69
2018.04.19 06:16:57.294,0.78045,0.78057,1.57,4.01
2018.04.19 06:17:00.311,0.78045,0.78056,1.20,1.76
2018.04.19 06:17:02.482,0.78047,0.78056,1.12,1.25
2018.04.19 06:17:02.826,0.78053,0.78063,1.50,2.51
2018.04.19 06:17:03.143,0.78051,0.7806,3.07,1.19
2018.04.19 06:17:04.247,0.78051,0.7806,2.70,1.19
2018.04.19 06:17:07.049,0.7805,0.7806,1.12,2.06
2018.04.19 06:17:09.359,0.7805,0.78059,1.20,1.19
2018.04.19 06:17:09.617,0.7805,0.7806,1.20,2.89
2018.04.19 06:17:14.030,0.78047,0.78056,1.95,1.25
2018.04.19 06:17:14.083,0.78047,0.78057,1.00,1.31
2018.04.19 06:17:14.601,0.78045,0.78056,3.45,2.14
2018.04.19 06:17:16.394,0.78045,0.78056,4.20,2.06
2018.04.19 06:17:19.967,0.78047,0.78056,1.00,1.31
2018.04.19 06:17:20.126,0.78045,0.78055,3.37,1.69
2018.04.19 06:17:21.101,0.78046,0.78055,1.00,3.19
2018.04.19 06:17:22.792,0.78045,0.78055,3.07,1.25
2018.04.19 06:17:23.312,0.78046,0.78055,1.00,1.25
2018.04.19 06:17:24.965,0.78045,0.78055,2.32,1.01
2018.04.19 06:17:25.866,0.78045,0.78056,4.20,2.62
2018.04.19 06:17:26.549,0.78046,0.78056,2.25,3.37
2018.04.19 06:17:27.086,0.78045,0.78056,5.70,2.62
2018.04.19 06:17:27.589,0.78046,0.78056,1.50,2.25
2018.04.19 06:17:28.349,0.78045,0.78056,5.32,1.50
2018.04.19 06:17:28.451,0.78047,0.78057,3.00,2.81
2018.04.19 06:17:28.830,0.78052,0.78059,1.00,2.25
2018.04.19 06:17:29.141,0.7805,0.78058,1.00,2.44
2018.04.19 06:17:29.194,0.78047,0.78057,3.82,2.44
2018.04.19 06:17:29.786,0.78046,0.78057,1.10,4.01
2018.04.19 06:17:31.277,0.78045,0.78055,2.62,1.87
2018.04.19 06:17:35.728,0.78046,0.78056,1.00,5.89
2018.04.19 06:17:38.380,0.78047,0.78057,1.00,2.70
2018.04.19 06:17:38.586,0.78049,0.78059,2.25,2.14
2018.04.19 06:17:39.181,0.7805,0.7806,1.57,2.14
2018.04.19 06:17:39.692,0.78051,0.7806,1.00,1.39
2018.04.19 06:17:40.436,0.7805,0.7806,2.25,1.62
2018.04.19 06:17:51.992,0.78051,0.7806,1.00,1.62
2018.04.19 06:17:52.566,0.7805,0.7806,1.50,1.62
2018.04.19 06:17:53.746,0.78051,0.7806,1.00,1.50
2018.04.19 06:17:54.467,0.7805,0.7806,1.50,1.50
2018.04.19 06:17:56.409,0.78049,0.78059,1.10,7.76
2018.04.19 06:17:56.600,0.78046,0.78056,6.82,1.25
2018.04.19 06:17:57.140,0.78046,0.78056,6.82,1.25
2018.04.19 06:17:57.983,0.78048,0.78056,1.00,1.25
2018.04.19 06:18:08.833,0.78048,0.78057,1.25,1.31
2018.04.19 06:18:10.432,0.78049,0.78057,1.00,1.31
2018.04.19 06:18:11.436,0.78051,0.78057,1.00,1.12
2018.04.19 06:18:11.613,0.78052,0.78059,1.00,1.12
2018.04.19 06:18:12.491,0.78051,0.78059,1.00,1.12
2018.04.19 06:18:13.817,0.78052,0.78059,1.00,1.00
2018.04.19 06:18:14.454,0.78051,0.78059,1.00,1.12
2018.04.19 06:18:16.486,0.78052,0.78059,1.00,1.12
2018.04.19 06:18:17.031,0.78051,0.78059,1.00,1.12
2018.04.19 06:18:17.543,0.7805,0.78059,1.50,1.12
2018.04.19 06:18:20.621,0.78051,0.78059,1.00,1.87
2018.04.19 06:18:21.169,0.7805,0.78059,1.00,1.87
2018.04.19 06:18:21.703,0.78051,0.78059,1.00,1.87
2018.04.19 06:18:22.248,0.7805,0.78059,1.00,1.87
2018.04.19 06:18:24.582,0.78049,0.78059,1.25,3.56
2018.04.19 06:18:28.878,0.78049,0.78059,1.57,3.00
2018.04.19 06:18:29.805,0.78051,0.78059,1.00,1.00
2018.04.19 06:18:37.237,0.78049,0.78059,2.81,1.00
2018.04.19 06:18:37.412,0.78049,0.78058,1.00,3.19
2018.04.19 06:18:39.631,0.78047,0.78057,1.01,1.57
2018.04.19 06:18:39.787,0.78046,0.78055,1.00,1.25
2018.04.19 06:18:40.380,0.78045,0.78055,1.25,1.69
2018.04.19 06:18:43.526,0.78045,0.78056,2.44,5.51
2018.04.19 06:18:44.065,0.78045,0.78055,1.00,1.50
2018.04.19 06:18:44.488,0.78044,0.78053,1.95,1.00
2018.04.19 06:18:47.602,0.78045,0.78053,2.62,1.00
2018.04.19 06:18:48.789,0.78046,0.78054,1.20,1.00
2018.04.19 06:18:49.308,0.78046,0.78053,1.20,1.00
2018.04.19 06:18:49.913,0.78046,0.78054,1.20,1.00
2018.04.19 06:18:51.968,0.78046,0.78056,1.87,1.50
2018.04.19 06:18:52.072,0.78049,0.78057,1.50,1.00
2018.04.19 06:18:52.570,0.7805,0.78059,1.01,1.00
2018.04.19 06:18:53.180,0.78051,0.7806,1.00,4.01
2018.04.19 06:18:53.648,0.78049,0.78059,1.50,1.45
2018.04.19 06:18:59.831,0.78049,0.78058,1.00,1.47
2018.04.19 06:18:59.936,0.78047,0.78057,1.31,1.57
2018.04.19 06:19:00.440,0.78047,0.78057,1.12,2.51
2018.04.19 06:19:01.301,0.78047,0.78057,1.12,2.51
2018.04.19 06:19:03.168,0.78046,0.78056,3.00,1.20
2018.04.19 06:19:03.694,0.78046,0.78056,1.50,2.70
2018.04.19 06:19:06.202,0.78046,0.78056,1.50,4.20
2018.04.19 06:19:07.485,0.78046,0.78055,1.50,1.20
2018.04.19 06:19:08.520,0.78046,0.78056,1.50,3.07
2018.04.19 06:19:09.695,0.78047,0.78055,1.00,1.20
2018.04.19 06:19:10.208,0.78048,0.78057,1.12,4.20
2018.04.19 06:19:10.598,0.78049,0.78058,1.69,1.57
2018.04.19 06:19:10.858,0.78051,0.7806,2.25,1.20
2018.04.19 06:19:10.962,0.78052,0.78062,1.87,4.76
2018.04.19 06:19:11.353,0.78051,0.7806,1.00,1.76
2018.04.19 06:19:12.858,0.78051,0.7806,1.00,3.26
2018.04.19 06:19:13.081,0.78049,0.78059,2.70,3.07
2018.04.19 06:19:19.085,0.78049,0.78059,2.62,3.82
2018.04.19 06:19:19.232,0.78047,0.78057,1.50,1.00
2018.04.19 06:19:19.306,0.78045,0.78055,2.62,1.00
2018.04.19 06:19:19.873,0.78045,0.78055,1.12,3.07
2018.04.19 06:19:20.166,0.78045,0.78056,1.12,4.39
2018.04.19 06:19:20.891,0.78046,0.78055,1.50,1.00
2018.04.19 06:19:21.552,0.78046,0.78056,1.00,4.20
2018.04.19 06:19:24.090,0.78046,0.78055,1.50,1.00
2018.04.19 06:19:25.133,0.78046,0.78056,1.00,4.20
2018.04.19 06:19:28.347,0.78046,0.78055,2.25,1.00
2018.04.19 06:19:28.589,0.78049,0.78057,1.00,2.32
2018.04.19 06:19:28.847,0.78049,0.78059,1.57,1.10
2018.04.19 06:19:29.365,0.7805,0.7806,1.12,1.50
2018.04.19 06:19:31.659,0.7805,0.7806,1.50,3.00
2018.04.19 06:19:32.382,0.78049,0.7806,4.01,3.00
2018.04.19 06:19:44.426,0.7805,0.7806,1.00,4.39
2018.04.19 06:19:45.017,0.7805,0.7806,3.19,1.00
2018.04.19 06:19:46.781,0.78051,0.7806,1.00,1.00
2018.04.19 06:19:48.442,0.7805,0.7806,3.19,1.00
2018.04.19 06:19:50.470,0.78051,0.7806,3.37,1.00
2018.04.19 06:19:50.679,0.78054,0.78066,3.75,4.76
2018.04.19 06:19:50.730,0.78054,0.78066,4.01,4.76
2018.04.19 06:19:58.443,0.78057,0.78066,1.00,4.20
2018.04.19 06:19:59.084,0.78058,0.78068,1.87,1.20
2018.04.19 06:19:59.292,0.7806,0.7807,2.70,1.20
2018.04.19 06:20:00.353,0.7806,0.7807,1.00,1.95
2018.04.19 06:20:02.172,0.78061,0.78071,1.25,4.39
2018.04.19 06:20:02.652,0.78064,0.78073,1.25,1.45
2018.04.19 06:20:02.812,0.78061,0.78071,1.87,2.14
2018.04.19 06:20:03.174,0.78063,0.78073,2.81,2.32
2018.04.19 06:20:03.707,0.78064,0.78073,1.00,2.70
2018.04.19 06:20:05.309,0.78062,0.78071,1.10,3.56
2018.04.19 06:20:05.412,0.7806,0.7807,1.50,1.69
2018.04.19 06:20:05.796,0.78058,0.78069,2.51,2.89
2018.04.19 06:20:06.110,0.7806,0.78071,6.26,4.01
2018.04.19 06:20:06.267,0.7806,0.7807,2.25,2.14
2018.04.19 06:20:08.785,0.78063,0.78072,2.44,3.07
2018.04.19 06:20:09.316,0.78063,0.78073,6.19,3.07
2018.04.19 06:20:13.602,0.78063,0.78073,3.19,1.20
2018.04.19 06:20:14.320,0.78063,0.78072,2.44,1.00
2018.04.19 06:20:14.373,0.7806,0.78071,3.00,2.14
2018.04.19 06:20:14.425,0.78059,0.78069,2.51,1.00
2018.04.19 06:20:15.227,0.78059,0.7807,1.69,2.70
2018.04.19 06:20:15.627,0.78059,0.78069,1.50,1.19
2018.04.19 06:20:16.452,0.78059,0.7807,1.50,4.76
2018.04.19 06:20:17.100,0.78058,0.78069,3.00,1.01
2018.04.19 06:20:18.227,0.78058,0.78069,4.20,2.14
2018.04.19 06:20:18.818,0.7806,0.7807,1.00,2.32
2018.04.19 06:20:19.322,0.78061,0.78071,1.00,3.82
2018.04.19 06:20:19.843,0.78061,0.78071,1.00,1.95
2018.04.19 06:20:20.386,0.7806,0.7807,1.00,1.10
2018.04.19 06:20:21.337,0.7806,0.7807,1.00,1.29
2018.04.19 06:20:21.846,0.7806,0.7807,1.25,1.01
2018.04.19 06:20:22.626,0.78061,0.7807,1.00,1.25
2018.04.19 06:20:23.197,0.78062,0.78072,1.50,7.76
2018.04.19 06:20:24.674,0.7806,0.7807,2.62,1.87
2018.04.19 06:20:25.187,0.78059,0.7807,1.50,4.57
2018.04.19 06:20:27.294,0.78058,0.78069,1.12,1.57
2018.04.19 06:20:27.397,0.78057,0.78067,2.70,1.95
2018.04.19 06:20:28.177,0.78057,0.78067,1.87,3.45
2018.04.19 06:20:32.279,0.78055,0.78067,2.32,5.51
2018.04.19 06:20:32.600,0.78055,0.78066,2.32,1.39
2018.04.19 06:20:33.134,0.78055,0.78066,5.32,2.14
2018.04.19 06:20:33.701,0.78055,0.78065,6.82,4.20
2018.04.19 06:20:36.957,0.78055,0.78063,1.00,1.00
2018.04.19 06:20:37.011,0.78052,0.78062,2.62,5.51
2018.04.19 06:20:37.660,0.78052,0.7806,1.12,1.00
2018.04.19 06:20:38.575,0.7805,0.7806,5.14,1.69
2018.04.19 06:20:39.118,0.7805,0.7806,2.81,1.69
2018.04.19 06:20:42.172,0.78051,0.7806,1.00,1.50
2018.04.19 06:20:42.706,0.78051,0.78061,2.25,4.76
2018.04.19 06:20:44.849,0.7805,0.7806,2.25,1.69
2018.04.19 06:20:47.047,0.78049,0.78059,1.87,2.06
2018.04.19 06:20:48.696,0.78048,0.78057,1.50,1.25
2018.04.19 06:20:48.802,0.78047,0.78056,1.00,2.14
2018.04.19 06:20:48.854,0.78046,0.78056,1.10,3.64
2018.04.19 06:20:50.189,0.78045,0.78055,2.25,2.51
2018.04.19 06:20:53.139,0.78045,0.78053,1.00,1.00
2018.04.19 06:20:53.192,0.78042,0.78052,5.70,1.00
2018.04.19 06:20:53.299,0.78044,0.78053,2.25,1.20
2018.04.19 06:20:56.008,0.78044,0.78054,3.07,1.95
2018.04.19 06:20:56.596,0.78043,0.78053,2.62,1.00
2018.04.19 06:20:57.512,0.78043,0.78054,1.50,1.39
2018.04.19 06:20:58.063,0.78043,0.78054,1.87,1.39
2018.04.19 06:20:59.411,0.78044,0.78054,1.00,1.45
2018.04.19 06:20:59.934,0.78044,0.78055,2.25,2.51
2018.04.19 06:21:00.588,0.78044,0.78053,1.00,1.00
2018.04.19 06:21:06.837,0.78043,0.78052,1.87,1.00
2018.04.19 06:21:09.320,0.78044,0.78053,1.50,1.00
2018.04.19 06:21:09.854,0.78044,0.78054,1.00,1.20
2018.04.19 06:21:13.357,0.78042,0.78052,1.95,1.31
2018.04.19 06:21:13.444,0.78041,0.78051,1.12,1.31
2018.04.19 06:21:13.989,0.78039,0.7805,3.37,1.95
2018.04.19 06:21:14.536,0.7804,0.7805,1.00,3.45
2018.04.19 06:21:14.640,0.78038,0.78049,7.20,1.39
2018.04.19 06:21:15.206,0.78039,0.78049,1.00,1.39
2018.04.19 06:21:16.032,0.7804,0.78049,1.00,2.51
2018.04.19 06:21:16.547,0.78041,0.7805,1.00,2.70
2018.04.19 06:21:17.090,0.7804,0.7805,1.12,3.07
2018.04.19 06:21:17.761,0.78041,0.7805,1.00,3.07
2018.04.19 06:21:19.996,0.78042,0.7805,1.00,2.32
2018.04.19 06:21:20.536,0.78041,0.7805,1.00,2.32
2018.04.19 06:21:21.042,0.7804,0.7805,1.12,2.32
2018.04.19 06:21:27.546,0.78044,0.78053,1.12,1.39
2018.04.19 06:21:27.863,0.78046,0.78055,1.00,2.70
2018.04.19 06:21:30.763,0.78045,0.78055,5.25,2.89
2018.04.19 06:21:31.889,0.78045,0.78055,6.00,3.64
2018.04.19 06:21:37.067,0.78046,0.78055,1.00,2.14
2018.04.19 06:21:38.970,0.78046,0.78055,1.12,1.39
2018.04.19 06:21:39.289,0.78047,0.78056,1.50,1.10
2018.04.19 06:21:39.896,0.78047,0.78056,1.12,1.20
2018.04.19 06:21:40.416,0.78046,0.78056,1.50,3.45
2018.04.19 06:21:42.558,0.78047,0.78055,1.00,1.20
2018.04.19 06:21:43.072,0.78046,0.78056,1.00,3.64
2018.04.19 06:21:43.595,0.78047,0.78056,1.50,1.95
2018.04.19 06:21:43.751,0.78048,0.78058,1.00,4.57
2018.04.19 06:21:44.012,0.78048,0.78058,4.12,1.20
2018.04.19 06:21:44.633,0.78051,0.7806,1.12,1.95
2018.04.19 06:21:45.033,0.78055,0.78065,1.12,2.51
2018.04.19 06:21:45.643,0.78055,0.78065,1.12,1.76
2018.04.19 06:21:46.174,0.78057,0.78065,1.00,1.39
2018.04.19 06:21:46.686,0.78056,0.78065,1.50,1.39
2018.04.19 06:21:47.238,0.78057,0.78065,1.00,1.39
2018.04.19 06:21:47.854,0.78056,0.78065,1.87,1.39
2018.04.19 06:21:48.362,0.78057,0.78065,1.00,1.39
2018.04.19 06:21:48.673,0.78058,0.78067,1.87,1.45
2018.04.19 06:21:49.190,0.78057,0.78068,4.12,1.39
2018.04.19 06:21:50.100,0.78059,0.78069,1.50,4.76
2018.04.19 06:21:50.672,0.7806,0.78069,1.00,3.26
2018.04.19 06:21:51.231,0.78059,0.78069,1.00,3.26
2018.04.19 06:21:51.949,0.7806,0.78069,1.00,3.26
2018.04.19 06:21:52.519,0.78059,0.78069,1.50,1.76
2018.04.19 06:21:52.837,0.78063,0.78072,1.12,2.14
2018.04.19 06:21:53.645,0.78063,0.78072,1.12,2.14
2018.04.19 06:21:54.168,0.78062,0.7807,1.00,1.10
2018.04.19 06:21:54.539,0.7806,0.7807,1.00,1.76
2018.04.19 06:21:54.676,0.7806,0.78069,1.00,1.20
2018.04.19 06:21:58.223,0.78059,0.78068,2.25,1.39
2018.04.19 06:21:58.665,0.78058,0.78067,1.87,1.20
2018.04.19 06:21:58.843,0.78056,0.78067,4.12,1.10
2018.04.19 06:21:58.947,0.78056,0.78065,1.12,2.14
2018.04.19 06:21:59.478,0.78055,0.78065,1.00,1.39
2018.04.19 06:22:00.201,0.78055,0.78066,1.00,2.89
2018.04.19 06:22:01.351,0.78056,0.78066,1.00,3.64
2018.04.19 06:22:02.349,0.78056,0.78066,1.00,4.01
2018.04.19 06:22:02.868,0.78055,0.78066,2.70,2.14
2018.04.19 06:22:03.290,0.78055,0.78065,1.12,1.76
2018.04.19 06:22:03.816,0.78054,0.78064,1.87,1.69
2018.04.19 06:22:11.190,0.78052,0.78062,4.57,1.69
2018.04.19 06:22:11.293,0.78053,0.78063,3.75,1.10
2018.04.19 06:22:11.839,0.78054,0.78064,3.75,2.70
2018.04.19 06:22:12.349,0.78054,0.78064,3.75,3.45
2018.04.19 06:22:12.947,0.78055,0.78064,1.00,1.20
2018.04.19 06:22:14.423,0.78055,0.78065,1.00,1.39
2018.04.19 06:22:23.402,0.78055,0.78064,1.00,1.45
2018.04.19 06:22:26.310,0.78055,0.78065,1.69,1.95
2018.04.19 06:22:27.406,0.78056,0.78065,1.00,1.95
2018.04.19 06:22:29.507,0.78055,0.78065,1.25,2.14
2018.04.19 06:22:30.061,0.78055,0.78064,1.31,1.20
2018.04.19 06:22:30.114,0.78055,0.78065,2.06,1.20
2018.04.19 06:22:30.648,0.78057,0.78066,1.00,1.20
2018.04.19 06:22:33.746,0.78057,0.78066,1.25,1.20
2018.04.19 06:22:34.665,0.78057,0.78066,1.25,1.00
2018.04.19 06:22:37.443,0.78056,0.78066,2.06,2.89
2018.04.19 06:22:37.599,0.78054,0.78065,2.51,3.82
2018.04.19 06:22:38.124,0.78054,0.78065,3.37,8.70
2018.04.19 06:22:39.234,0.78054,0.78064,4.12,1.20
2018.04.19 06:22:40.066,0.78054,0.78065,5.14,3.82
2018.04.19 06:22:46.268,0.78054,0.78065,2.89,3.37
2018.04.19 06:22:46.320,0.78053,0.78062,1.00,3.82
2018.04.19 06:22:46.538,0.78051,0.78061,1.00,2.81
2018.04.19 06:22:49.037,0.78051,0.78058,1.10,1.00
2018.04.19 06:22:51.289,0.7805,0.78058,1.00,1.00
2018.04.19 06:22:51.621,0.78048,0.78057,1.76,1.37
2018.04.19 06:22:52.153,0.78048,0.78057,1.25,1.37
2018.04.19 06:22:56.219,0.78045,0.78055,4.39,2.06
2018.04.19 06:22:56.740,0.78045,0.78055,1.01,2.51
2018.04.19 06:22:57.179,0.78042,0.78051,1.50,1.62
2018.04.19 06:22:57.282,0.78039,0.78048,2.51,1.00
2018.04.19 06:22:57.820,0.78038,0.78048,1.20,1.00
2018.04.19 06:22:58.364,0.78037,0.78048,1.10,2.14
2018.04.19 06:22:58.968,0.78038,0.78048,1.00,1.76
2018.04.19 06:22:59.489,0.78037,0.78048,1.10,1.32
2018.04.19 06:23:00.023,0.78038,0.78047,1.00,1.20
2018.04.19 06:23:00.451,0.78036,0.78047,2.81,2.70
2018.04.19 06:23:00.554,0.78036,0.78045,1.25,1.00
2018.04.19 06:23:00.862,0.78034,0.78044,5.06,1.20
2018.04.19 06:23:01.064,0.78036,0.78045,1.00,2.32
2018.04.19 06:23:01.579,0.78036,0.78047,1.76,2.70
2018.04.19 06:23:02.012,0.78038,0.78048,1.39,1.12
2018.04.19 06:23:02.152,0.78038,0.78048,1.39,1.00
2018.04.19 06:23:02.206,0.7804,0.7805,1.19,1.20
2018.04.19 06:23:02.523,0.78043,0.78051,5.25,2.25
2018.04.19 06:23:02.732,0.78041,0.7805,2.14,1.50
2018.04.19 06:23:03.109,0.78038,0.78049,6.26,2.62
2018.04.19 06:23:03.623,0.78038,0.78049,4.01,2.70
2018.04.19 06:23:04.129,0.78039,0.78049,1.07,2.62
2018.04.19 06:23:05.210,0.78039,0.78049,1.50,2.62
2018.04.19 06:23:07.494,0.78041,0.7805,1.25,1.37
2018.04.19 06:23:07.546,0.78041,0.78051,3.94,1.50
2018.04.19 06:23:07.957,0.7804,0.7805,1.57,3.37
2018.04.19 06:23:08.901,0.78039,0.78049,1.76,1.87
2018.04.19 06:23:09.439,0.78039,0.78049,1.32,1.87
2018.04.19 06:23:11.440,0.78041,0.78052,1.50,3.64
2018.04.19 06:23:11.957,0.7804,0.7805,1.57,2.25
2018.04.19 06:23:12.499,0.78039,0.78049,3.26,1.00
2018.04.19 06:23:13.015,0.7804,0.78049,1.50,1.00
2018.04.19 06:23:13.572,0.78039,0.78049,2.51,1.00
2018.04.19 06:23:18.525,0.7804,0.78049,1.50,1.00
2018.04.19 06:23:18.835,0.7804,0.78052,4.76,2.36
2018.04.19 06:23:19.043,0.78042,0.78052,4.12,1.07
2018.04.19 06:23:19.182,0.78043,0.78053,1.10,1.31
2018.04.19 06:23:19.648,0.78043,0.78051,1.00,1.50
2018.04.19 06:23:19.854,0.7804,0.7805,2.14,1.25
2018.04.19 06:23:21.687,0.78039,0.78049,2.51,1.00
2018.04.19 06:23:26.898,0.78039,0.78049,1.76,1.00
2018.04.19 06:23:32.160,0.78039,0.78049,1.76,1.19
2018.04.19 06:23:32.707,0.78039,0.78049,1.76,1.29
2018.04.19 06:23:35.757,0.78039,0.78049,1.01,1.10
2018.04.19 06:23:36.749,0.78039,0.78048,1.20,1.00
2018.04.19 06:23:40.042,0.78039,0.78049,1.10,3.26
2018.04.19 06:23:42.856,0.78039,0.78048,1.00,1.10
2018.04.19 06:23:43.413,0.78039,0.78049,1.10,5.51
2018.04.19 06:23:48.117,0.78038,0.78046,1.50,1.69
2018.04.19 06:23:48.169,0.78036,0.78046,1.00,2.44
2018.04.19 06:23:48.221,0.78036,0.78044,1.00,1.50
2018.04.19 06:23:48.388,0.78034,0.78044,1.25,1.50
2018.04.19 06:23:53.255,0.78034,0.78042,1.25,1.37
2018.04.19 06:23:53.409,0.78034,0.78044,1.25,5.06
2018.04.19 06:23:57.953,0.78035,0.78045,1.00,2.70
2018.04.19 06:23:58.626,0.78035,0.78045,1.00,2.62
2018.04.19 06:23:59.368,0.78033,0.78043,2.51,2.62
2018.04.19 06:23:59.947,0.78034,0.78045,2.32,3.94
2018.04.19 06:24:01.139,0.78034,0.78045,1.95,2.51
2018.04.19 06:24:01.926,0.78034,0.78045,1.95,2.89
2018.04.19 06:24:03.439,0.78034,0.78045,1.57,2.51
2018.04.19 06:24:03.965,0.78034,0.78045,1.50,2.51
2018.04.19 06:24:09.212,0.78035,0.78044,1.00,1.12
2018.04.19 06:24:10.089,0.78034,0.78044,1.00,1.87
2018.04.19 06:24:10.845,0.78034,0.78043,1.12,1.00
2018.04.19 06:24:15.854,0.78034,0.78045,1.00,3.26
2018.04.19 06:24:21.782,0.78035,0.78045,1.10,3.26
2018.04.19 06:24:21.938,0.78036,0.78046,2.89,1.50
2018.04.19 06:24:22.443,0.78036,0.78046,3.26,1.12
2018.04.19 06:24:23.746,0.78039,0.78047,1.00,2.70
2018.04.19 06:24:32.121,0.78041,0.78047,1.00,1.37
2018.04.19 06:24:32.252,0.78043,0.78051,1.00,1.39
2018.04.19 06:24:32.359,0.78045,0.78055,2.25,2.32
2018.04.19 06:24:32.461,0.78047,0.78056,1.00,4.76
2018.04.19 06:24:33.555,0.78047,0.78056,1.00,2.14
2018.04.19 06:24:38.128,0.78047,0.78055,1.00,1.50
2018.04.19 06:24:38.233,0.78045,0.78055,1.25,4.12
2018.04.19 06:24:43.186,0.78045,0.78054,1.10,1.69
2018.04.19 06:24:43.238,0.78043,0.78051,1.00,1.01
2018.04.19 06:24:43.750,0.78043,0.78051,1.00,3.64
2018.04.19 06:24:44.936,0.78042,0.7805,1.00,1.80
2018.04.19 06:24:45.117,0.78036,0.78044,1.00,1.50
2018.04.19 06:24:45.629,0.78035,0.78045,1.10,2.14
2018.04.19 06:24:49.140,0.78035,0.78045,1.25,1.25
2018.04.19 06:24:54.065,0.78035,0.78045,1.00,1.39
2018.04.19 06:24:54.173,0.78033,0.78042,1.07,2.10
2018.04.19 06:24:54.379,0.7803,0.78038,1.00,1.25
2018.04.19 06:24:55.047,0.78029,0.78038,1.12,3.19
2018.04.19 06:24:55.269,0.78027,0.78036,1.50,1.25
2018.04.19 06:24:55.570,0.78025,0.78035,1.10,4.39
2018.04.19 06:24:56.074,0.78025,0.78035,1.07,1.19
2018.04.19 06:24:58.348,0.78025,0.78035,1.00,1.31
2018.04.19 06:24:59.047,0.78024,0.78036,4.01,9.26
2018.04.19 06:25:01.084,0.78024,0.78036,2.51,5.14
2018.04.19 06:25:02.538,0.78024,0.78036,2.14,5.89
2018.04.19 06:25:03.130,0.78026,0.78033,1.10,1.00
2018.04.19 06:25:08.013,0.78024,0.78033,1.10,1.00
2018.04.19 06:25:08.168,0.78024,0.78031,1.00,3.56
2018.04.19 06:25:08.512,0.78023,0.78032,1.19,1.87
2018.04.19 06:25:09.187,0.78023,0.78031,2.44,1.00
2018.04.19 06:25:09.689,0.78023,0.78032,1.19,1.12
2018.04.19 06:25:21.575,0.78023,0.78031,1.00,1.12
2018.04.19 06:25:22.227,0.78022,0.7803,1.00,1.00
2018.04.19 06:25:26.248,0.7802,0.78029,5.51,1.00
2018.04.19 06:25:26.752,0.78021,0.7803,2.51,1.50
2018.04.19 06:25:27.986,0.7802,0.78029,3.64,1.00
2018.04.19 06:25:28.039,0.78019,0.78028,1.39,1.00
2018.04.19 06:25:28.144,0.78016,0.78026,5.89,1.00
2018.04.19 06:25:28.404,0.78015,0.78024,2.06,1.00
2018.04.19 06:25:29.561,0.78015,0.78024,1.25,1.50
2018.04.19 06:25:30.110,0.78014,0.78025,1.39,2.32
2018.04.19 06:25:30.161,0.78014,0.78024,1.29,3.45
2018.04.19 06:25:30.213,0.78015,0.78024,1.25,1.00
2018.04.19 06:25:30.731,0.78016,0.78026,1.25,3.37
2018.04.19 06:25:40.411,0.78015,0.78025,3.64,1.87
2018.04.19 06:25:41.420,0.78017,0.78026,1.01,1.50
2018.04.19 06:25:41.913,0.78016,0.78025,1.25,2.62
2018.04.19 06:25:43.302,0.78015,0.78025,2.06,2.62
2018.04.19 06:25:46.502,0.78017,0.78025,1.69,1.95
2018.04.19 06:25:46.657,0.78019,0.78028,1.10,1.12
2018.04.19 06:25:49.009,0.7802,0.78028,1.25,1.87
2018.04.19 06:25:50.050,0.78018,0.78028,3.26,1.87
2018.04.19 06:25:50.515,0.7802,0.78028,2.44,1.00
2018.04.19 06:25:50.566,0.78021,0.7803,1.25,2.32
2018.04.19 06:25:51.012,0.78019,0.78028,1.76,1.50
2018.04.19 06:25:51.115,0.78019,0.78028,1.01,1.50
2018.04.19 06:25:52.232,0.78018,0.78028,1.87,2.62
2018.04.19 06:25:52.388,0.78016,0.78027,2.51,2.62
2018.04.19 06:25:54.544,0.78017,0.78027,2.44,2.62
2018.04.19 06:25:54.792,0.78021,0.78032,3.94,5.32
2018.04.19 06:25:55.301,0.7802,0.78031,1.19,1.20
2018.04.19 06:25:56.051,0.78022,0.78031,1.00,1.10
2018.04.19 06:25:56.695,0.7802,0.7803,2.44,2.25
2018.04.19 06:25:58.848,0.78022,0.7803,1.00,2.25
2018.04.19 06:25:59.054,0.78023,0.78031,1.69,1.00
2018.04.19 06:25:59.342,0.7802,0.7803,5.89,1.12
2018.04.19 06:26:01.411,0.7802,0.78029,1.19,1.00
2018.04.19 06:26:02.916,0.78019,0.78029,4.01,1.00
2018.04.19 06:26:04.793,0.78019,0.7803,1.01,5.62
2018.04.19 06:26:05.435,0.78019,0.78029,1.76,1.00
2018.04.19 06:26:06.096,0.78019,0.7803,2.51,6.75
2018.04.19 06:26:06.640,0.78019,0.78029,2.51,1.00
2018.04.19 06:26:08.849,0.78021,0.78029,1.00,1.00
2018.04.19 06:26:11.644,0.78019,0.7803,1.76,2.62
2018.04.19 06:26:12.161,0.78017,0.78026,1.76,1.50
2018.04.19 06:26:12.265,0.78016,0.78025,1.10,1.00
2018.04.19 06:26:12.806,0.78016,0.78025,1.00,1.87
2018.04.19 06:26:13.327,0.78015,0.78024,1.00,3.37
2018.04.19 06:26:15.635,0.78016,0.78024,1.00,1.00
2018.04.19 06:26:16.193,0.78016,0.78026,3.26,4.95
2018.04.19 06:26:17.611,0.78016,0.78026,1.57,3.45
2018.04.19 06:26:18.337,0.78016,0.78026,1.50,5.51
2018.04.19 06:26:19.009,0.78015,0.78024,1.57,1.12
2018.04.19 06:26:23.836,0.78014,0.78024,1.95,1.87
2018.04.19 06:26:24.612,0.78015,0.78024,1.00,1.87
2018.04.19 06:26:25.684,0.78014,0.78024,1.12,1.20
2018.04.19 06:26:26.335,0.78014,0.78024,1.50,1.20
2018.04.19 06:26:26.926,0.78014,0.78025,1.76,4.76
2018.04.19 06:26:29.010,0.78013,0.78022,1.10,1.25
2018.04.19 06:26:29.114,0.78011,0.78022,1.10,3.64
2018.04.19 06:26:29.647,0.78011,0.78022,1.00,3.64
2018.04.19 06:26:30.055,0.78015,0.78023,3.75,1.00
2018.04.19 06:26:30.449,0.78015,0.78025,1.87,3.26
2018.04.19 06:26:30.970,0.78015,0.78025,2.62,5.51
2018.04.19 06:26:31.470,0.78013,0.78022,1.25,3.00
2018.04.19 06:26:31.574,0.7801,0.78021,4.76,1.01
2018.04.19 06:26:31.778,0.78013,0.78021,1.00,2.51
2018.04.19 06:26:32.137,0.78013,0.78024,5.06,1.76
2018.04.19 06:26:34.420,0.78013,0.78022,1.10,1.69
2018.04.19 06:26:34.524,0.78011,0.78021,1.76,3.19
2018.04.19 06:26:34.781,0.78012,0.78022,1.87,3.07
2018.04.19 06:26:35.089,0.7801,0.7802,1.12,2.06
2018.04.19 06:26:35.782,0.78011,0.7802,1.12,1.01
2018.04.19 06:26:35.833,0.78013,0.78021,1.00,1.20
2018.04.19 06:26:35.885,0.78014,0.78023,1.00,1.50
2018.04.19 06:26:36.420,0.78015,0.78024,1.00,1.01
2018.04.19 06:26:36.982,0.78014,0.78023,1.12,1.01
2018.04.19 06:26:38.086,0.78013,0.78021,1.00,2.32
2018.04.19 06:26:38.138,0.78011,0.7802,1.50,1.00
2018.04.19 06:26:38.191,0.7801,0.78018,2.32,1.00
2018.04.19 06:26:38.525,0.78008,0.78017,1.00,4.39
2018.04.19 06:26:39.164,0.78008,0.78015,1.00,1.00
2018.04.19 06:26:40.473,0.78007,0.78015,1.00,1.00
2018.04.19 06:26:40.708,0.78005,0.78015,3.64,1.10
2018.04.19 06:26:40.811,0.78007,0.78018,2.06,4.39
2018.04.19 06:26:40.914,0.78009,0.78018,1.00,2.32
2018.04.19 06:26:41.538,0.78008,0.78018,3.56,1.10
2018.04.19 06:26:42.202,0.78007,0.78016,1.12,3.26
2018.04.19 06:26:42.255,0.78006,0.78015,2.44,1.10
2018.04.19 06:26:43.054,0.78006,0.78016,1.12,1.95
2018.04.19 06:26:43.157,0.78008,0.78018,1.31,1.57
2018.04.19 06:26:43.209,0.78008,0.78018,1.31,1.20
2018.04.19 06:26:44.559,0.78009,0.78019,1.69,1.95
2018.04.19 06:26:45.710,0.78008,0.78019,3.26,1.12
2018.04.19 06:26:46.595,0.78008,0.78019,3.26,2.06
2018.04.19 06:26:49.431,0.78008,0.78019,2.89,2.14
2018.04.19 06:26:49.587,0.78007,0.78017,2.62,1.50
2018.04.19 06:26:50.200,0.78007,0.78017,2.70,1.87
2018.04.19 06:26:50.848,0.78007,0.78016,2.70,1.00
2018.04.19 06:26:51.458,0.78007,0.78017,1.95,1.87
2018.04.19 06:26:52.008,0.78007,0.78017,2.32,1.00
2018.04.19 06:26:52.513,0.78008,0.78018,1.20,1.25
2018.04.19 06:26:53.093,0.78008,0.78018,3.45,1.12
2018.04.19 06:26:53.618,0.78008,0.78018,4.95,1.50
2018.04.19 06:26:55.374,0.7801,0.7802,1.69,1.87
2018.04.19 06:26:55.710,0.78013,0.78023,4.31,1.76
2018.04.19 06:26:56.023,0.78016,0.78025,1.25,2.89
2018.04.19 06:26:57.114,0.78013,0.78022,1.50,2.70
2018.04.19 06:26:57.167,0.78012,0.78021,2.25,5.89
2018.04.19 06:26:57.219,0.78012,0.78019,1.00,4.01
2018.04.19 06:26:57.373,0.78009,0.78018,1.00,1.76
2018.04.19 06:26:57.682,0.78007,0.78017,2.89,1.29
2018.04.19 06:26:58.186,0.78007,0.78018,1.10,3.56
2018.04.19 06:26:58.652,0.78007,0.78016,1.45,1.00
2018.04.19 06:26:59.226,0.78007,0.78016,1.10,1.00
2018.04.19 06:27:00.692,0.78006,0.78016,1.57,4.31
2018.04.19 06:27:01.003,0.78011,0.78019,1.00,1.00
2018.04.19 06:27:01.457,0.78007,0.78017,4.39,1.00
2018.04.19 06:27:02.147,0.78006,0.78016,3.26,1.00
2018.04.19 06:27:03.022,0.78005,0.78016,2.89,2.25
2018.04.19 06:27:03.530,0.78007,0.78016,1.57,1.00
2018.04.19 06:27:04.069,0.78007,0.78016,1.20,1.00
2018.04.19 06:27:05.238,0.78008,0.78016,1.00,1.00
2018.04.19 06:27:07.692,0.78007,0.78016,1.20,1.00
2018.04.19 06:27:13.201,0.78005,0.78015,1.95,2.32
2018.04.19 06:27:13.755,0.78005,0.78014,2.89,1.00
2018.04.19 06:27:15.383,0.78005,0.78015,1.39,3.26
2018.04.19 06:27:20.236,0.78006,0.78015,1.00,1.01
2018.04.19 06:27:20.768,0.78007,0.78015,1.00,1.25
2018.04.19 06:27:24.948,0.78005,0.78013,1.20,1.00
2018.04.19 06:27:25.450,0.78004,0.78013,1.50,3.45
2018.04.19 06:27:26.148,0.78004,0.78013,1.25,1.76
2018.04.19 06:27:26.458,0.78006,0.78015,1.00,2.32
2018.04.19 06:27:26.966,0.78006,0.78015,1.00,2.44
2018.04.19 06:27:27.592,0.78006,0.78015,1.69,3.19
2018.04.19 06:27:30.981,0.78007,0.78015,1.25,2.25
2018.04.19 06:27:31.191,0.78008,0.78018,3.07,1.25
2018.04.19 06:27:31.296,0.78013,0.78022,1.00,3.26
2018.04.19 06:27:31.540,0.78013,0.78023,2.81,1.00
2018.04.19 06:27:32.081,0.78014,0.78023,1.00,1.50
2018.04.19 06:27:34.100,0.78012,0.78022,1.12,1.25
2018.04.19 06:27:34.153,0.78011,0.78021,2.32,1.69
2018.04.19 06:27:34.669,0.7801,0.7802,1.12,1.25
2018.04.19 06:27:37.200,0.7801,0.78019,1.00,2.25
2018.04.19 06:27:37.527,0.78008,0.78016,1.20,1.00
2018.04.19 06:27:38.115,0.78007,0.78017,4.76,1.00
2018.04.19 06:27:38.220,0.78006,0.78017,4.01,3.94
2018.04.19 06:27:38.749,0.78006,0.78015,1.31,1.10
2018.04.19 06:27:42.037,0.78005,0.78015,1.01,2.89
2018.04.19 06:27:42.088,0.78005,0.78013,1.25,1.00
2018.04.19 06:27:47.934,0.78005,0.78012,1.39,1.00
2018.04.19 06:27:49.132,0.78004,0.78012,5.32,1.00
2018.04.19 06:27:50.222,0.78004,0.78013,3.37,1.00
2018.04.19 06:27:50.755,0.78001,0.7801,1.87,1.00
2018.04.19 06:27:50.969,0.77999,0.78009,1.50,3.00
2018.04.19 06:27:51.509,0.77999,0.78008,1.25,2.32
2018.04.19 06:27:52.944,0.77998,0.78008,3.75,2.25
2018.04.19 06:27:53.449,0.77999,0.78008,1.25,2.25
2018.04.19 06:27:53.986,0.78,0.78008,1.00,2.25
2018.04.19 06:27:55.081,0.77999,0.78008,1.25,1.50
2018.04.19 06:27:55.355,0.77997,0.78006,2.89,1.00
2018.04.19 06:27:56.276,0.77997,0.78007,1.64,2.44
2018.04.19 06:27:56.773,0.77996,0.78004,1.39,1.00
2018.04.19 06:27:56.877,0.77995,0.78004,3.45,1.00
2018.04.19 06:27:57.440,0.77996,0.78004,1.20,1.00
2018.04.19 06:27:58.135,0.77996,0.78005,1.20,1.00
2018.04.19 06:28:00.065,0.77996,0.78005,1.36,1.69
2018.04.19 06:28:01.623,0.77997,0.78005,1.45,1.25
2018.04.19 06:28:02.154,0.77996,0.78005,3.24,1.25
2018.04.19 06:28:02.864,0.77997,0.78005,1.45,1.25
2018.04.19 06:28:03.646,0.77996,0.78005,1.60,1.25
2018.04.19 06:28:04.845,0.77996,0.78005,1.74,1.25
2018.04.19 06:28:06.004,0.77997,0.78005,1.10,2.44
2018.04.19 06:28:06.260,0.77997,0.78005,1.35,1.69
2018.04.19 06:28:06.567,0.77996,0.78005,1.20,1.50
2018.04.19 06:28:14.217,0.77997,0.78006,1.00,1.20
2018.04.19 06:28:14.756,0.77996,0.78006,2.25,2.32
2018.04.19 06:28:15.817,0.77997,0.78006,1.00,2.32
2018.04.19 06:28:16.407,0.77996,0.78006,3.00,2.32
2018.04.19 06:28:17.628,0.77996,0.78006,3.19,2.32
2018.04.19 06:28:21.676,0.77996,0.78006,4.39,2.25
2018.04.19 06:28:22.215,0.77996,0.78006,1.95,4.57
2018.04.19 06:28:24.593,0.77996,0.78005,1.95,1.00
2018.04.19 06:28:28.519,0.77999,0.78007,1.12,1.57
2018.04.19 06:28:28.677,0.78,0.78009,2.14,2.25
2018.04.19 06:28:29.534,0.78,0.78009,1.70,1.00
2018.04.19 06:28:31.032,0.77999,0.78009,4.76,1.00
2018.04.19 06:28:31.608,0.77999,0.78009,3.07,1.00
2018.04.19 06:28:32.444,0.78001,0.78011,1.50,3.00
2018.04.19 06:28:32.994,0.78,0.7801,1.57,2.25
2018.04.19 06:28:34.586,0.77999,0.78009,7.24,1.00
2018.04.19 06:28:34.918,0.78004,0.78009,1.10,1.00
2018.04.19 06:28:35.021,0.78003,0.78013,6.45,1.69
2018.04.19 06:28:35.604,0.78003,0.78013,4.95,1.39
2018.04.19 06:28:36.016,0.78003,0.7801,1.20,1.00
2018.04.19 06:28:36.069,0.78,0.7801,1.76,1.87
2018.04.19 06:28:36.784,0.78002,0.7801,3.94,1.00
2018.04.19 06:28:36.836,0.78001,0.7801,1.39,1.50
2018.04.19 06:28:37.502,0.78001,0.7801,1.20,1.50
2018.04.19 06:28:38.011,0.78,0.7801,1.70,1.50
2018.04.19 06:28:38.164,0.77999,0.78008,1.76,1.00
2018.04.19 06:28:38.864,0.77999,0.78009,1.01,2.70
2018.04.19 06:28:39.365,0.77999,0.78008,1.01,1.00
2018.04.19 06:28:39.869,0.77999,0.78009,2.51,2.06
2018.04.19 06:28:40.179,0.78001,0.7801,1.20,2.25
2018.04.19 06:28:40.704,0.78,0.7801,3.26,2.25
2018.04.19 06:28:41.282,0.78001,0.7801,1.00,2.25
2018.04.19 06:28:42.229,0.78001,0.78008,1.00,1.00
2018.04.19 06:28:42.768,0.78,0.78008,1.95,1.00
2018.04.19 06:28:43.327,0.78001,0.78009,3.07,1.00
2018.04.19 06:28:43.842,0.78,0.78009,1.20,1.50
2018.04.19 06:28:44.050,0.77997,0.78006,1.50,1.69
2018.04.19 06:28:45.999,0.77996,0.78005,5.51,1.00
2018.04.19 06:28:47.798,0.77997,0.78005,1.95,1.00
2018.04.19 06:28:50.087,0.77997,0.78005,1.10,1.00
2018.04.19 06:28:55.802,0.77997,0.78005,1.95,1.25
2018.04.19 06:28:56.348,0.77998,0.78006,3.07,1.00
2018.04.19 06:28:56.740,0.77996,0.78004,1.95,1.50
2018.04.19 06:28:57.283,0.77997,0.78005,1.20,1.00
2018.04.19 06:28:57.790,0.77997,0.78006,1.10,1.87
2018.04.19 06:28:59.535,0.77997,0.78007,3.45,3.75
2018.04.19 06:29:02.365,0.77997,0.78006,1.20,1.12
2018.04.19 06:29:05.554,0.77995,0.78005,1.57,2.25
2018.04.19 06:29:06.162,0.77995,0.78002,1.00,1.00
2018.04.19 06:29:06.702,0.77995,0.78003,1.10,1.00
2018.04.19 06:29:07.755,0.77994,0.78003,1.69,1.00
2018.04.19 06:29:08.565,0.77995,0.78003,1.00,1.57
2018.04.19 06:29:09.105,0.77995,0.78004,1.50,1.00
2018.04.19 06:29:10.053,0.77995,0.78004,1.95,1.00
2018.04.19 06:29:10.613,0.77995,0.78004,1.00,1.50
2018.04.19 06:29:11.139,0.77994,0.78003,2.70,1.50
2018.04.19 06:29:11.401,0.77989,0.78,8.14,2.25
2018.04.19 06:29:11.453,0.77989,0.77998,5.14,1.00
2018.04.19 06:29:11.506,0.77989,0.78,4.39,3.75
2018.04.19 06:29:11.984,0.77989,0.77998,6.64,1.00
2018.04.19 06:29:13.615,0.77988,0.77998,4.20,1.00
2018.04.19 06:29:14.581,0.77988,0.77997,4.95,1.00
2018.04.19 06:29:15.671,0.77987,0.77998,2.32,1.69
2018.04.19 06:29:15.886,0.77986,0.77995,5.32,1.19
2018.04.19 06:29:16.402,0.77984,0.77995,3.64,3.00
2018.04.19 06:29:17.201,0.77985,0.77993,1.20,1.00
2018.04.19 06:29:18.514,0.77984,0.77993,1.69,1.00
2018.04.19 06:29:19.652,0.77984,0.77994,1.69,3.19
2018.04.19 06:29:26.297,0.77985,0.77994,1.50,1.12
2018.04.19 06:29:26.818,0.77985,0.77994,2.51,1.12
2018.04.19 06:29:28.161,0.77985,0.77994,1.76,1.12
2018.04.19 06:29:34.882,0.77984,0.77993,1.20,1.00
2018.04.19 06:29:35.163,0.77978,0.77987,1.39,1.50
2018.04.19 06:29:35.683,0.77978,0.77986,1.07,1.00
2018.04.19 06:29:35.942,0.77977,0.77986,3.07,1.00
2018.04.19 06:29:36.465,0.77978,0.77987,3.37,1.00
2018.04.19 06:29:37.574,0.77978,0.77987,3.07,1.00
2018.04.19 06:29:37.677,0.77978,0.77987,1.10,3.56
2018.04.19 06:29:39.081,0.77977,0.77987,1.87,1.87
2018.04.19 06:29:40.732,0.77978,0.77987,1.50,1.12
2018.04.19 06:29:41.326,0.77978,0.77988,1.10,1.50
2018.04.19 06:29:41.991,0.77978,0.77988,3.45,3.00
2018.04.19 06:29:43.118,0.77978,0.77988,3.75,3.75
2018.04.19 06:29:43.630,0.77976,0.77987,3.45,1.87
2018.04.19 06:29:47.438,0.77978,0.77987,3.75,1.50
2018.04.19 06:29:47.694,0.77982,0.77989,2.25,1.00
2018.04.19 06:29:47.797,0.77984,0.77993,1.50,1.25
2018.04.19 06:29:48.241,0.77983,0.77989,1.12,1.00
2018.04.19 06:29:48.293,0.77981,0.77989,1.76,1.00
2018.04.19 06:29:48.397,0.7798,0.77987,1.69,1.00
2018.04.19 06:29:49.014,0.77979,0.77986,3.45,1.00
2018.04.19 06:29:51.706,0.77978,0.77986,1.76,1.00
2018.04.19 06:29:52.275,0.77979,0.77986,1.01,1.00
2018.04.19 06:29:57.149,0.77979,0.77986,1.39,1.00
2018.04.19 06:30:01.613,0.7798,0.77986,1.19,1.00
2018.04.19 06:30:04.532,0.77979,0.77986,1.57,1.00
2018.04.19 06:30:04.640,0.77976,0.77983,2.14,1.00
2018.04.19 06:30:04.974,0.77974,0.77981,1.19,1.00
2018.04.19 06:30:05.629,0.77975,0.77981,2.06,1.00
2018.04.19 06:30:05.681,0.77975,0.77983,2.81,1.00
2018.04.19 06:30:06.191,0.77975,0.77984,2.81,3.00
2018.04.19 06:30:07.250,0.77975,0.77983,1.69,1.00
2018.04.19 06:30:09.548,0.77976,0.77983,1.19,1.00
2018.04.19 06:30:09.744,0.77974,0.77982,1.50,1.00
2018.04.19 06:30:09.798,0.77972,0.77978,1.69,1.00
2018.04.19 06:30:10.485,0.77972,0.77979,1.19,1.00
2018.04.19 06:30:10.588,0.77974,0.77982,1.25,1.00
2018.04.19 06:30:10.844,0.77975,0.77983,2.44,1.12
2018.04.19 06:30:11.482,0.77975,0.77981,1.19,1.50
2018.04.19 06:30:11.534,0.77973,0.77981,1.25,1.50
2018.04.19 06:30:11.690,0.77975,0.77981,1.19,1.00
2018.04.19 06:30:11.742,0.77975,0.77983,1.19,1.50
2018.04.19 06:30:13.192,0.77975,0.77983,1.19,1.50
2018.04.19 06:30:22.137,0.77976,0.77984,1.19,2.25
2018.04.19 06:30:22.610,0.77975,0.77984,1.25,1.87
2018.04.19 06:30:23.410,0.77975,0.77983,1.01,1.12
2018.04.19 06:30:30.398,0.77974,0.77983,5.10,1.00
2018.04.19 06:30:31.365,0.77975,0.77983,1.00,1.87
2018.04.19 06:30:31.468,0.77972,0.77978,2.89,1.00
2018.04.19 06:30:31.571,0.7797,0.77978,1.76,1.00
2018.04.19 06:30:32.161,0.7797,0.77977,1.25,1.00
2018.04.19 06:30:33.134,0.77969,0.77977,1.25,1.12
2018.04.19 06:30:35.123,0.77969,0.77977,1.19,1.12
2018.04.19 06:30:35.717,0.77968,0.77977,1.29,1.12
2018.04.19 06:30:35.821,0.77967,0.77976,2.32,1.50
2018.04.19 06:30:36.256,0.77966,0.77973,3.19,1.00
2018.04.19 06:30:38.135,0.77965,0.77972,1.69,1.50
2018.04.19 06:30:39.843,0.77965,0.77972,1.00,1.50
2018.04.19 06:30:40.780,0.77964,0.77972,1.31,1.50
2018.04.19 06:30:41.489,0.77964,0.77972,2.14,1.00
2018.04.19 06:30:43.728,0.77964,0.77972,1.31,1.00
2018.04.19 06:30:45.613,0.77964,0.77973,2.06,1.25
2018.04.19 06:30:46.146,0.77965,0.77972,1.01,1.00
2018.04.19 06:30:46.940,0.77964,0.77972,2.14,1.00
2018.04.19 06:30:47.975,0.77965,0.77972,1.00,1.00
2018.04.19 06:30:49.937,0.77964,0.77972,2.70,1.00
2018.04.19 06:30:52.103,0.77963,0.77968,1.20,1.00
2018.04.19 06:30:52.155,0.77961,0.77969,1.10,1.00
2018.04.19 06:30:52.207,0.77959,0.77967,1.57,1.00
2018.04.19 06:30:55.408,0.77959,0.77969,1.50,3.07
2018.04.19 06:30:57.585,0.77963,0.77971,1.50,1.57
2018.04.19 06:30:57.689,0.77963,0.77973,1.87,1.50
2018.04.19 06:30:58.228,0.77963,0.77974,5.51,2.06
2018.04.19 06:30:58.537,0.77963,0.77972,4.76,1.00
2018.04.19 06:30:59.787,0.77963,0.77973,4.31,1.25
2018.04.19 06:31:00.430,0.77963,0.77972,3.94,1.00
2018.04.19 06:31:00.845,0.77965,0.77974,1.50,2.06
2018.04.19 06:31:01.773,0.77966,0.77974,1.00,2.06
2018.04.19 06:31:02.315,0.77965,0.77974,1.50,1.31
2018.04.19 06:31:02.843,0.77966,0.77974,1.00,1.31
2018.04.19 06:31:09.015,0.77967,0.77974,1.00,1.50
2018.04.19 06:31:09.565,0.77967,0.77975,2.62,1.00
2018.04.19 06:31:10.078,0.77968,0.77975,1.00,1.00
2018.04.19 06:31:10.744,0.77968,0.77976,1.00,1.00
2018.04.19 06:31:11.902,0.77968,0.77976,3.75,1.00
2018.04.19 06:31:11.954,0.7797,0.77978,1.50,1.00
2018.04.19 06:31:12.485,0.77969,0.77978,1.87,1.12
2018.04.19 06:31:12.789,0.77969,0.77978,1.12,1.12
2018.04.19 06:31:13.349,0.77969,0.77978,1.87,1.12
2018.04.19 06:31:14.412,0.77969,0.77979,2.62,3.00
2018.04.19 06:31:15.182,0.77968,0.77979,4.50,2.25
2018.04.19 06:31:15.805,0.77969,0.77979,1.05,2.25
2018.04.19 06:31:15.920,0.77968,0.77977,2.70,3.19
2018.04.19 06:31:16.231,0.77965,0.77974,2.62,2.51
2018.04.19 06:31:18.103,0.77965,0.77973,1.87,1.00
2018.04.19 06:31:20.286,0.77965,0.77973,1.50,1.50
2018.04.19 06:31:20.793,0.77964,0.77973,1.57,1.50
2018.04.19 06:31:21.190,0.77963,0.77972,1.87,2.44
2018.04.19 06:31:21.705,0.77963,0.77972,2.25,1.50
2018.04.19 06:31:22.016,0.77965,0.77973,1.50,1.50
2018.04.19 06:31:22.170,0.77966,0.77975,2.25,2.81
2018.04.19 06:31:25.753,0.77965,0.77973,2.62,1.25
2018.04.19 06:31:25.928,0.77964,0.77973,3.45,1.25
2018.04.19 06:31:26.271,0.77966,0.77974,1.00,2.62
2018.04.19 06:31:26.875,0.77966,0.77975,1.00,1.69
2018.04.19 06:31:28.077,0.77966,0.77976,1.87,1.25
2018.04.19 06:31:28.384,0.77969,0.77977,1.50,2.44
2018.04.19 06:31:28.901,0.77968,0.77977,3.45,1.50
2018.04.19 06:31:29.380,0.77969,0.77979,1.95,3.64
2018.04.19 06:31:29.992,0.7797,0.77979,1.10,1.87
2018.04.19 06:31:30.521,0.77969,0.77979,3.00,1.87
2018.04.19 06:31:30.967,0.77971,0.77979,1.00,1.50
2018.04.19 06:31:31.737,0.77971,0.77979,1.07,1.00
2018.04.19 06:31:31.842,0.77973,0.77983,4.31,1.20
2018.04.19 06:31:32.389,0.77975,0.77983,1.00,1.00
2018.04.19 06:31:34.898,0.77973,0.77983,5.89,1.12
2018.04.19 06:31:36.119,0.77975,0.77983,1.50,1.00
2018.04.19 06:31:39.319,0.77974,0.77983,3.00,1.00
2018.04.19 06:31:40.255,0.77975,0.77983,1.00,1.00
2018.04.19 06:31:43.064,0.77975,0.77984,3.19,1.00
2018.04.19 06:31:43.116,0.77976,0.77986,3.26,2.32
2018.04.19 06:31:43.169,0.77978,0.77987,1.00,2.32
2018.04.19 06:31:43.528,0.77975,0.77984,2.14,1.00
2018.04.19 06:31:46.624,0.77976,0.77984,1.00,1.00
2018.04.19 06:31:48.089,0.77976,0.77986,1.69,1.31
2018.04.19 06:31:48.592,0.77976,0.77986,2.06,1.31
2018.04.19 06:31:56.565,0.77976,0.77986,1.25,1.25
2018.04.19 06:31:58.902,0.77976,0.77985,1.00,5.81
2018.04.19 06:31:59.049,0.77974,0.77983,2.32,2.44
2018.04.19 06:31:59.102,0.77972,0.77981,2.25,1.00
2018.04.19 06:31:59.439,0.77972,0.77979,1.50,1.00
2018.04.19 06:32:00.088,0.77971,0.77979,3.45,1.00
2018.04.19 06:32:00.677,0.77971,0.7798,3.45,1.00
2018.04.19 06:32:01.320,0.77972,0.7798,1.50,1.50
2018.04.19 06:32:02.442,0.77971,0.7798,1.57,1.50
2018.04.19 06:32:02.751,0.77967,0.77977,3.37,1.69
2018.04.19 06:32:03.384,0.77967,0.77977,1.87,1.69
2018.04.19 06:32:03.977,0.77967,0.77976,1.87,1.00
2018.04.19 06:32:04.686,0.77967,0.77977,2.14,1.00
2018.04.19 06:32:09.946,0.77969,0.77978,2.51,1.00
2018.04.19 06:32:10.255,0.77971,0.77979,1.50,1.00
2018.04.19 06:32:10.698,0.77971,0.77981,3.45,1.57
2018.04.19 06:32:13.411,0.77974,0.77982,1.00,1.87
2018.04.19 06:32:13.888,0.77975,0.77984,1.20,1.69
2018.04.19 06:32:14.490,0.77974,0.77984,2.14,2.51
2018.04.19 06:32:15.703,0.77974,0.77983,2.14,1.00
2018.04.19 06:32:20.027,0.77972,0.77981,1.07,1.25
2018.04.19 06:32:20.079,0.77971,0.77981,1.10,1.19
2018.04.19 06:32:20.507,0.77972,0.77982,1.00,4.12
2018.04.19 06:32:20.664,0.77972,0.7798,1.20,1.00
2018.04.19 06:32:21.057,0.77971,0.77978,2.62,1.00
2018.04.19 06:32:21.416,0.7797,0.77979,3.82,1.00
2018.04.19 06:32:21.571,0.77969,0.77977,1.10,1.00
2018.04.19 06:32:22.075,0.77968,0.77976,4.12,1.00
2018.04.19 06:32:24.913,0.77969,0.77976,1.00,1.00
2018.04.19 06:32:24.966,0.77967,0.77976,1.00,3.64
2018.04.19 06:32:25.072,0.77965,0.77974,1.12,3.00
2018.04.19 06:32:25.582,0.77964,0.77973,5.14,1.00
2018.04.19 06:32:26.097,0.77965,0.77974,1.87,1.10
2018.04.19 06:32:29.483,0.77966,0.77974,1.00,1.25
2018.04.19 06:32:30.101,0.77966,0.77975,1.00,1.10
2018.04.19 06:32:32.892,0.77966,0.77976,2.06,3.64
2018.04.19 06:32:33.513,0.77966,0.77976,3.19,2.89
2018.04.19 06:32:34.841,0.77968,0.77977,1.00,3.37
2018.04.19 06:32:48.755,0.7797,0.77978,1.50,1.00
2018.04.19 06:32:49.312,0.77971,0.77979,1.10,1.00
2018.04.19 06:32:49.857,0.77971,0.7798,3.82,1.69
2018.04.19 06:32:50.398,0.77972,0.77981,1.00,1.25
2018.04.19 06:32:51.041,0.77972,0.77981,1.00,4.69
2018.04.19 06:32:55.240,0.77973,0.77982,1.00,5.44
2018.04.19 06:32:55.343,0.77971,0.7798,3.45,1.00
2018.04.19 06:32:55.877,0.77969,0.77979,3.64,1.00
2018.04.19 06:32:56.386,0.77968,0.77978,4.57,3.37
2018.04.19 06:32:56.934,0.77968,0.77978,2.70,3.37
2018.04.19 06:32:58.211,0.77967,0.77977,4.57,2.44
2018.04.19 06:32:58.314,0.77966,0.77975,1.20,1.00
2018.04.19 06:32:58.521,0.77965,0.77975,3.07,1.10
2018.04.19 06:32:59.301,0.77965,0.77975,2.70,1.00
2018.04.19 06:33:00.503,0.77968,0.77975,1.50,1.00
2018.04.19 06:33:00.661,0.7797,0.7798,3.07,3.00
2018.04.19 06:33:03.018,0.77971,0.7798,1.00,2.62
2018.04.19 06:33:05.510,0.77971,0.7798,3.64,1.00
2018.04.19 06:33:07.008,0.77971,0.7798,3.82,1.12
2018.04.19 06:33:07.459,0.77972,0.7798,1.07,1.00
2018.04.19 06:33:07.511,0.77973,0.77982,1.01,2.06
2018.04.19 06:33:07.614,0.77972,0.7798,1.95,1.00
2018.04.19 06:33:07.716,0.77973,0.77982,1.69,1.50
2018.04.19 06:33:08.248,0.77974,0.77983,2.51,1.50
2018.04.19 06:33:10.015,0.77975,0.77983,1.07,1.50
2018.04.19 06:33:12.201,0.77974,0.77983,4.39,1.00
2018.04.19 06:33:12.305,0.77974,0.77985,5.14,2.44
2018.04.19 06:33:12.857,0.77975,0.77985,1.20,3.19
2018.04.19 06:33:17.238,0.77974,0.77985,4.76,3.19
2018.04.19 06:33:17.864,0.77974,0.77985,3.64,3.19
2018.04.19 06:33:20.264,0.77974,0.77985,5.89,3.19
2018.04.19 06:33:20.742,0.77978,0.77985,1.12,1.00
2018.04.19 06:33:20.794,0.77978,0.77987,1.12,1.50
2018.04.19 06:33:22.577,0.77976,0.77986,1.39,3.94
2018.04.19 06:33:22.730,0.77976,0.77984,1.00,1.00
2018.04.19 06:33:23.238,0.77976,0.77985,1.00,2.44
2018.04.19 06:33:23.751,0.77975,0.77985,1.00,2.44
2018.04.19 06:33:24.951,0.77975,0.77984,1.00,1.00
2018.04.19 06:33:25.573,0.77975,0.77985,1.10,1.57
2018.04.19 06:33:27.580,0.77975,0.77984,1.00,1.00
2018.04.19 06:33:28.185,0.77975,0.77983,1.00,1.00
2018.04.19 06:33:29.365,0.77975,0.77984,1.00,2.44
2018.04.19 06:33:29.977,0.77975,0.77983,1.00,1.00
2018.04.19 06:33:30.761,0.77975,0.77984,1.00,2.44
2018.04.19 06:33:31.698,0.77978,0.77984,1.00,1.00
2018.04.19 06:33:31.749,0.77978,0.77986,1.00,2.70
2018.04.19 06:33:31.905,0.77979,0.77989,1.25,5.51
2018.04.19 06:33:32.285,0.77984,0.77993,1.25,2.14
2018.04.19 06:33:32.693,0.77984,0.77991,1.25,1.00
2018.04.19 06:33:32.746,0.77982,0.77991,1.10,1.19
2018.04.19 06:33:33.393,0.77981,0.77991,1.50,1.87
2018.04.19 06:33:37.712,0.77982,0.77991,1.00,3.45
2018.04.19 06:33:38.059,0.77984,0.77992,3.00,1.47
2018.04.19 06:33:38.111,0.77987,0.77996,3.00,1.57
2018.04.19 06:33:38.629,0.77987,0.77997,4.39,1.50
2018.04.19 06:33:39.153,0.77987,0.77997,4.39,1.50
2018.04.19 06:33:40.278,0.77987,0.77997,2.89,1.50
2018.04.19 06:33:40.802,0.77988,0.77997,1.50,1.50
2018.04.19 06:33:44.577,0.7799,0.77998,2.25,1.00
2018.04.19 06:33:44.941,0.77988,0.77998,1.25,2.44
2018.04.19 06:33:46.065,0.77988,0.77998,1.00,3.19
2018.04.19 06:33:47.757,0.77988,0.77998,1.10,3.26
2018.04.19 06:33:50.300,0.77987,0.77998,4.39,2.51
2018.04.19 06:33:50.872,0.77987,0.77998,4.39,1.69
2018.04.19 06:33:51.634,0.77988,0.77998,1.69,1.31
2018.04.19 06:33:51.686,0.7799,0.78,1.31,2.32
2018.04.19 06:33:52.042,0.77992,0.78001,1.00,2.44
2018.04.19 06:33:52.587,0.77993,0.78001,1.50,1.00
2018.04.19 06:33:53.200,0.77992,0.78001,1.20,1.00
2018.04.19 06:33:53.690,0.7799,0.78,1.10,3.26
2018.04.19 06:33:54.285,0.77989,0.77998,1.20,1.50
2018.04.19 06:33:54.796,0.77989,0.77998,1.00,2.81
2018.04.19 06:33:55.359,0.77989,0.77997,1.00,1.19
2018.04.19 06:33:56.117,0.77987,0.77997,1.01,1.29
2018.04.19 06:33:58.389,0.77988,0.77996,1.00,1.69
2018.04.19 06:34:04.612,0.77986,0.77996,3.64,1.25
2018.04.19 06:34:05.143,0.77986,0.77995,5.51,1.00
2018.04.19 06:34:09.408,0.77986,0.77994,3.64,1.00
2018.04.19 06:34:12.261,0.77986,0.77995,4.39,2.44
2018.04.19 06:34:12.365,0.77984,0.77989,1.12,1.00
2018.04.19 06:34:12.418,0.77981,0.77989,1.39,1.00
2018.04.19 06:34:12.568,0.7798,0.77987,1.00,1.00
2018.04.19 06:34:12.724,0.77976,0.77987,8.14,1.00
2018.04.19 06:34:13.211,0.77978,0.77985,1.00,1.00
2018.04.19 06:34:16.906,0.77975,0.77983,1.57,1.00
2018.04.19 06:34:19.753,0.77974,0.77983,2.62,1.00
2018.04.19 06:34:25.641,0.77974,0.77983,5.51,1.00
2018.04.19 06:34:26.465,0.77973,0.77982,2.51,1.00
2018.04.19 06:34:26.526,0.7797,0.77979,2.14,1.00
2018.04.19 06:34:26.668,0.77969,0.77978,1.10,1.12
2018.04.19 06:34:27.191,0.7797,0.77978,1.00,2.81
2018.04.19 06:34:28.098,0.77968,0.77977,3.07,1.00
2018.04.19 06:34:29.310,0.77968,0.77977,3.45,1.00
2018.04.19 06:34:29.847,0.77968,0.77978,4.01,1.50
2018.04.19 06:34:30.978,0.77967,0.77976,1.50,1.50
2018.04.19 06:34:31.540,0.77966,0.77975,1.12,1.00
2018.04.19 06:34:32.180,0.77965,0.77973,1.07,1.00
2018.04.19 06:34:32.809,0.77964,0.77973,1.95,1.00
2018.04.19 06:34:40.945,0.77965,0.77975,3.26,1.95
2018.04.19 06:34:41.175,0.77967,0.77976,3.64,1.00
2018.04.19 06:34:41.832,0.77968,0.77977,1.39,2.62
2018.04.19 06:34:42.335,0.7797,0.77979,1.00,2.32
2018.04.19 06:34:45.699,0.77968,0.77977,4.95,1.00
2018.04.19 06:34:45.957,0.77967,0.77975,2.62,1.00
2018.04.19 06:34:47.254,0.77967,0.77975,1.87,1.00
2018.04.19 06:34:47.306,0.77969,0.77977,1.50,1.00
2018.04.19 06:34:47.917,0.77969,0.77978,4.01,1.87
2018.04.19 06:34:48.934,0.77971,0.77978,1.00,1.87
2018.04.19 06:34:49.065,0.77973,0.77982,3.26,1.50
2018.04.19 06:34:49.537,0.7797,0.7798,4.20,1.00
2018.04.19 06:34:49.746,0.77969,0.77978,1.01,1.50
2018.04.19 06:34:50.249,0.77968,0.77977,1.87,1.87
2018.04.19 06:34:52.194,0.77967,0.77977,5.14,1.87
2018.04.19 06:34:52.516,0.77967,0.77977,2.14,3.45
2018.04.19 06:34:53.820,0.77967,0.77977,1.20,2.89
2018.04.19 06:34:57.645,0.77967,0.77977,1.31,2.06
2018.04.19 06:34:58.359,0.77969,0.77978,1.50,3.37
2018.04.19 06:34:58.411,0.77969,0.77979,4.69,2.25
2018.04.19 06:34:58.726,0.77974,0.77982,3.07,1.00
2018.04.19 06:35:00.189,0.77975,0.77984,2.14,1.00
2018.04.19 06:35:00.888,0.77975,0.77985,8.70,1.00
2018.04.19 06:35:03.449,0.77977,0.77985,2.81,1.00
2018.04.19 06:35:03.957,0.77977,0.77986,3.94,1.25
2018.04.19 06:35:05.997,0.77977,0.77987,3.26,2.25
2018.04.19 06:35:06.533,0.77978,0.77987,3.19,1.50
2018.04.19 06:35:07.134,0.77978,0.77987,2.62,1.69
2018.04.19 06:35:08.918,0.77979,0.77987,1.00,1.00
2018.04.19 06:35:10.036,0.7798,0.77989,1.50,3.64
2018.04.19 06:35:10.087,0.77981,0.7799,2.25,1.00
2018.04.19 06:35:10.190,0.77983,0.77991,1.50,1.00
2018.04.19 06:35:10.293,0.77983,0.77993,2.06,1.87
2018.04.19 06:35:12.038,0.77983,0.77993,1.57,1.10
2018.04.19 06:35:12.090,0.77982,0.7799,1.07,1.00
2018.04.19 06:35:12.142,0.77981,0.77991,2.32,1.25
2018.04.19 06:35:13.958,0.7798,0.77991,2.70,4.01
2018.04.19 06:35:14.063,0.77977,0.77988,3.45,3.94
2018.04.19 06:35:14.591,0.77976,0.77987,3.00,2.89
2018.04.19 06:35:15.436,0.77976,0.77985,1.69,1.50
2018.04.19 06:35:17.571,0.77976,0.77984,1.00,1.00
2018.04.19 06:35:19.812,0.77975,0.77984,2.25,1.50
2018.04.19 06:35:28.312,0.77974,0.77984,1.57,3.07
2018.04.19 06:35:29.012,0.77975,0.77984,1.00,3.37
2018.04.19 06:35:29.420,0.77977,0.77984,1.00,1.00
2018.04.19 06:35:29.789,0.77975,0.77984,4.20,1.00
2018.04.19 06:35:31.416,0.77975,0.77984,4.76,1.00
2018.04.19 06:35:33.200,0.77975,0.77984,4.50,1.00
2018.04.19 06:35:33.890,0.77976,0.77984,1.00,1.00
2018.04.19 06:35:34.401,0.77976,0.77985,1.50,1.00
2018.04.19 06:35:37.919,0.77976,0.77986,3.00,1.95
2018.04.19 06:35:37.971,0.77979,0.77986,1.50,1.20
2018.04.19 06:35:38.023,0.77979,0.77988,1.69,2.70
2018.04.19 06:35:38.179,0.77979,0.77989,3.56,1.10
2018.04.19 06:35:38.711,0.77981,0.77991,1.00,7.39
2018.04.19 06:35:41.298,0.7798,0.77989,1.87,1.00
2018.04.19 06:35:44.854,0.77981,0.77989,1.00,1.00
2018.04.19 06:35:45.388,0.7798,0.77989,3.37,1.00
2018.04.19 06:35:46.877,0.77981,0.77989,1.00,1.00
2018.04.19 06:35:47.390,0.7798,0.77989,1.00,2.14
2018.04.19 06:35:48.009,0.77978,0.77989,8.62,2.14
2018.04.19 06:35:48.373,0.77978,0.77987,4.87,1.00
2018.04.19 06:35:49.694,0.77977,0.77987,2.14,5.51
2018.04.19 06:35:54.218,0.77978,0.77985,1.00,1.00
2018.04.19 06:35:54.271,0.77976,0.77985,1.12,1.00
2018.04.19 06:35:54.809,0.77975,0.77984,1.00,1.00
2018.04.19 06:35:55.330,0.77974,0.77984,3.37,1.00
2018.04.19 06:35:55.861,0.77974,0.77984,2.25,1.00
2018.04.19 06:35:59.310,0.77975,0.77985,3.19,1.20
2018.04.19 06:35:59.946,0.77977,0.77985,1.00,1.12
2018.04.19 06:36:00.253,0.77975,0.77984,2.06,1.50
2018.04.19 06:36:00.795,0.77975,0.77983,1.31,1.00
2018.04.19 06:36:04.952,0.77974,0.77983,7.39,1.00
2018.04.19 06:36:05.535,0.77975,0.77983,1.31,1.00
2018.04.19 06:36:14.223,0.77975,0.77986,3.56,3.07
2018.04.19 06:36:14.796,0.77978,0.77986,1.76,1.00
2018.04.19 06:36:16.707,0.77978,0.77987,2.44,2.25
2018.04.19 06:36:19.215,0.77977,0.77987,1.00,2.70
2018.04.19 06:36:19.267,0.77977,0.77985,1.00,1.00
2018.04.19 06:36:20.743,0.77976,0.77985,2.62,1.00
2018.04.19 06:36:24.610,0.77976,0.77985,1.39,2.25
2018.04.19 06:36:25.133,0.77976,0.77986,2.89,1.12
2018.04.19 06:36:26.151,0.77977,0.77986,1.29,1.12
2018.04.19 06:36:26.711,0.77977,0.77986,2.44,1.12
2018.04.19 06:36:27.233,0.77979,0.77988,2.14,1.50
2018.04.19 06:36:28.353,0.77979,0.77988,2.14,1.50
2018.04.19 06:36:28.723,0.77982,0.77988,1.00,1.00
2018.04.19 06:36:29.358,0.77982,0.77989,1.00,1.00
2018.04.19 06:36:29.565,0.7798,0.77989,2.32,1.12
2018.04.19 06:36:30.399,0.77981,0.77989,1.50,1.12
2018.04.19 06:36:30.950,0.7798,0.77989,5.14,1.12
2018.04.19 06:36:32.177,0.77979,0.77988,7.76,1.00
2018.04.19 06:36:32.543,0.77978,0.77987,1.00,1.00
2018.04.19 06:36:33.061,0.77978,0.77987,1.00,1.20
2018.04.19 06:36:33.581,0.77978,0.77987,1.00,1.00
2018.04.19 06:36:34.120,0.77977,0.77987,1.00,1.00
2018.04.19 06:36:35.143,0.77978,0.77987,1.00,1.00
2018.04.19 06:36:35.247,0.7798,0.77989,1.00,3.07
2018.04.19 06:36:35.556,0.7798,0.77987,1.00,1.00
2018.04.19 06:36:36.100,0.77978,0.77988,1.50,1.57
2018.04.19 06:36:36.710,0.77978,0.77987,2.25,1.00
2018.04.19 06:36:37.643,0.77978,0.77988,1.50,1.57
2018.04.19 06:36:38.313,0.77978,0.77988,1.12,1.57
2018.04.19 06:36:39.495,0.77978,0.77987,1.12,1.00
2018.04.19 06:36:40.191,0.77978,0.77988,1.12,1.57
2018.04.19 06:36:40.754,0.77978,0.77988,2.81,1.00
2018.04.19 06:36:43.968,0.77978,0.77988,1.50,1.00
2018.04.19 06:36:44.276,0.77976,0.77985,2.44,1.10
2018.04.19 06:36:44.796,0.77976,0.77985,3.82,1.00
2018.04.19 06:36:49.477,0.77977,0.77987,1.12,1.50
2018.04.19 06:36:50.097,0.77979,0.77987,1.19,1.00
2018.04.19 06:36:50.619,0.77979,0.77988,1.69,2.32
2018.04.19 06:36:51.150,0.77978,0.77988,2.14,2.70
2018.04.19 06:36:51.689,0.77977,0.77986,1.25,3.75
2018.04.19 06:36:51.999,0.77976,0.77984,1.00,1.00
2018.04.19 06:36:52.654,0.77975,0.77984,1.69,1.10
2018.04.19 06:36:57.238,0.77975,0.77983,1.12,1.00
2018.04.19 06:37:04.468,0.77977,0.77983,1.00,1.00
2018.04.19 06:37:05.462,0.77976,0.77983,1.00,1.00
2018.04.19 06:37:05.944,0.77976,0.77985,1.50,2.70
2018.04.19 06:37:06.000,0.77979,0.77987,1.25,1.50
2018.04.19 06:37:06.311,0.77981,0.77988,1.19,1.00
2018.04.19 06:37:06.765,0.7798,0.77988,1.00,1.00
2018.04.19 06:37:07.707,0.7798,0.77987,1.00,1.00
2018.04.19 06:37:08.102,0.77977,0.77985,1.76,1.00
2018.04.19 06:37:08.205,0.77976,0.77985,1.00,1.00
2018.04.19 06:37:08.873,0.77976,0.77984,1.00,1.50
2018.04.19 06:37:10.506,0.77976,0.77985,1.69,1.00
2018.04.19 06:37:11.037,0.77977,0.77985,1.25,1.10
2018.04.19 06:37:11.159,0.77979,0.77987,1.69,1.00
2018.04.19 06:37:11.672,0.77981,0.77987,1.00,1.00
2018.04.19 06:37:17.871,0.77981,0.77989,1.25,1.50
2018.04.19 06:37:17.923,0.77982,0.77989,1.69,1.50
2018.04.19 06:37:18.078,0.77983,0.77992,2.81,1.00
2018.04.19 06:37:18.130,0.77985,0.77992,1.25,1.50
2018.04.19 06:37:18.181,0.77983,0.77992,1.20,1.87
2018.04.19 06:37:18.285,0.77981,0.77989,2.14,1.12
2018.04.19 06:37:18.337,0.77982,0.77991,1.25,1.57
2018.04.19 06:37:18.668,0.77982,0.77989,1.00,1.50
2018.04.19 06:37:18.822,0.7798,0.77989,1.76,1.00
2018.04.19 06:37:19.895,0.7798,0.77989,1.29,2.25
2018.04.19 06:37:20.063,0.7798,0.77987,1.69,1.00
2018.04.19 06:37:23.158,0.7798,0.77987,1.10,1.00
2018.04.19 06:37:25.809,0.77981,0.77989,3.37,1.00
2018.04.19 06:37:25.861,0.77984,0.77991,1.00,3.07
2018.04.19 06:37:31.202,0.77983,0.77991,1.12,2.06
2018.04.19 06:37:31.309,0.77981,0.77989,2.25,3.56
2018.04.19 06:37:31.827,0.77979,0.77989,4.01,2.44
2018.04.19 06:37:32.342,0.77979,0.77987,1.00,2.25
2018.04.19 06:37:32.873,0.77978,0.77987,1.00,2.44
2018.04.19 06:37:34.549,0.77978,0.77986,1.00,1.00
2018.04.19 06:37:35.077,0.77977,0.77986,1.00,1.50
2018.04.19 06:37:35.588,0.7798,0.77988,1.00,1.00
2018.04.19 06:37:35.843,0.77982,0.77992,1.00,3.94
2018.04.19 06:37:36.372,0.77982,0.77991,1.10,1.69
2018.04.19 06:37:39.424,0.77983,0.77992,1.87,1.39
2018.04.19 06:37:39.528,0.77984,0.77994,1.95,3.26
2018.04.19 06:37:45.438,0.77985,0.77994,1.00,3.56
2018.04.19 06:37:55.709,0.77984,0.77993,1.57,1.00
2018.04.19 06:38:00.501,0.77985,0.77994,1.00,1.20
2018.04.19 06:38:06.817,0.77983,0.77991,2.51,2.25
2018.04.19 06:38:06.921,0.7798,0.7799,1.25,7.01
2018.04.19 06:38:07.434,0.77979,0.77988,1.00,3.94
2018.04.19 06:38:11.437,0.77982,0.77988,3.00,1.00
2018.04.19 06:38:11.489,0.77982,0.7799,1.25,1.00
2018.04.19 06:38:11.541,0.77985,0.77992,1.00,1.69
2018.04.19 06:38:12.043,0.77985,0.77995,1.00,3.26
2018.04.19 06:38:17.618,0.77984,0.77994,1.00,1.69
2018.04.19 06:38:22.474,0.77985,0.77994,1.00,2.51
2018.04.19 06:38:23.086,0.77984,0.77994,1.00,1.25
2018.04.19 06:38:26.162,0.77984,0.77992,1.00,1.00
2018.04.19 06:38:26.213,0.77984,0.77994,1.00,1.69
2018.04.19 06:38:27.153,0.77984,0.77994,2.44,1.69
2018.04.19 06:38:28.442,0.77984,0.77994,2.89,1.76
2018.04.19 06:38:28.944,0.77984,0.77994,2.89,1.01
2018.04.19 06:38:31.610,0.77986,0.77995,1.00,1.31
2018.04.19 06:38:32.159,0.77985,0.77995,3.19,1.31
2018.04.19 06:38:42.156,0.77985,0.77995,2.44,1.12
2018.04.19 06:38:49.286,0.77985,0.77994,1.12,1.00
2018.04.19 06:38:53.793,0.77983,0.7799,1.00,1.00
2018.04.19 06:38:53.898,0.7798,0.7799,1.20,2.44
2018.04.19 06:38:54.063,0.77979,0.77988,1.00,2.06
2018.04.19 06:38:55.484,0.77979,0.77988,1.00,3.94
2018.04.19 06:39:01.758,0.77979,0.77988,1.00,3.64
2018.04.19 06:39:02.242,0.77977,0.77987,1.20,1.29
2018.04.19 06:39:07.593,0.77977,0.77988,1.12,1.76
2018.04.19 06:39:09.239,0.77977,0.77987,1.12,1.00
2018.04.19 06:39:09.345,0.77977,0.77986,1.12,3.19
2018.04.19 06:39:10.637,0.77974,0.77982,3.64,1.00
2018.04.19 06:39:10.948,0.77968,0.77978,1.87,4.01
2018.04.19 06:39:11.456,0.77969,0.77978,2.70,2.44
2018.04.19 06:39:11.971,0.77969,0.77978,1.95,1.25
2018.04.19 06:39:13.679,0.7797,0.7798,1.12,1.00
2018.04.19 06:39:13.732,0.77972,0.77984,4.31,5.36
2018.04.19 06:39:13.784,0.77974,0.77985,3.26,4.01
2018.04.19 06:39:14.298,0.77975,0.77985,1.12,1.50
2018.04.19 06:39:23.305,0.77976,0.77985,1.00,1.10
2018.04.19 06:39:25.179,0.77976,0.77986,1.00,1.39
2018.04.19 06:39:28.413,0.77974,0.77986,3.64,2.51
2018.04.19 06:39:28.759,0.77974,0.77984,2.89,1.00
2018.04.19 06:39:30.858,0.77973,0.7798,1.10,1.00
2018.04.19 06:39:31.172,0.7797,0.7798,1.12,3.56
2018.04.19 06:39:31.688,0.77969,0.77979,4.57,1.10
2018.04.19 06:39:32.206,0.77969,0.7798,3.45,2.89
2018.04.19 06:39:33.280,0.77969,0.7798,3.45,2.89
2018.04.19 06:39:33.332,0.77969,0.77978,3.45,1.25
2018.04.19 06:39:33.846,0.77969,0.77978,1.00,1.25
2018.04.19 06:39:34.672,0.77968,0.77978,1.31,1.25
2018.04.19 06:39:39.593,0.77969,0.77978,1.00,1.76
2018.04.19 06:39:39.914,0.77971,0.77979,1.00,1.07
2018.04.19 06:39:39.966,0.77972,0.77981,1.00,1.76
2018.04.19 06:39:40.141,0.77973,0.77983,2.14,5.70
2018.04.19 06:39:40.663,0.77974,0.77983,1.57,1.00
2018.04.19 06:39:41.165,0.77975,0.77983,1.00,1.00
2018.04.19 06:39:42.008,0.77975,0.77984,1.00,1.00
2018.04.19 06:39:48.961,0.77976,0.77984,1.00,1.00
2018.04.19 06:39:49.294,0.77978,0.77988,1.00,5.14
2018.04.19 06:39:49.502,0.77979,0.77988,1.00,1.57
2018.04.19 06:39:50.015,0.7798,0.77989,1.00,1.25
2018.04.19 06:39:51.119,0.7798,0.77988,1.00,1.00
2018.04.19 06:39:51.538,0.77982,0.77988,1.00,1.00
2018.04.19 06:39:52.105,0.77982,0.7799,1.00,1.31
2018.04.19 06:39:52.362,0.7798,0.7799,2.51,1.76
2018.04.19 06:39:52.414,0.7798,0.77988,2.44,1.00
2018.04.19 06:39:52.530,0.7798,0.7799,2.06,1.69
2018.04.19 06:39:53.548,0.7798,0.77988,3.64,1.00
2018.04.19 06:39:53.912,0.7798,0.7799,3.64,2.51
2018.04.19 06:39:54.420,0.7798,0.77989,3.64,1.12
2018.04.19 06:39:55.295,0.77981,0.7799,1.00,1.31
2018.04.19 06:39:55.400,0.77983,0.77994,3.19,4.76
2018.04.19 06:39:55.714,0.77982,0.77992,1.00,4.76
2018.04.19 06:39:56.433,0.77981,0.77992,1.00,2.14
2018.04.19 06:39:57.475,0.7798,0.77992,3.19,3.64
2018.04.19 06:39:58.727,0.77982,0.77991,1.00,1.39
2018.04.19 06:40:00.186,0.77981,0.77991,1.00,2.14
2018.04.19 06:40:04.228,0.77981,0.7799,1.00,1.76
2018.04.19 06:40:04.735,0.7798,0.77989,1.87,1.20
2018.04.19 06:40:05.261,0.7798,0.77989,1.00,3.19
2018.04.19 06:40:06.018,0.7798,0.77987,1.00,1.00
2018.04.19 06:40:06.558,0.77978,0.77988,6.37,1.69
2018.04.19 06:40:08.155,0.7798,0.77989,1.12,1.00
2018.04.19 06:40:08.670,0.77981,0.77989,1.00,1.00
2018.04.19 06:40:09.202,0.7798,0.77989,1.10,1.00
2018.04.19 06:40:12.309,0.77981,0.77989,1.00,1.00
2018.04.19 06:40:14.924,0.77983,0.77991,1.47,1.12
2018.04.19 06:40:14.988,0.77983,0.77994,1.57,2.32
2018.04.19 06:40:15.322,0.77982,0.77991,1.00,2.32
2018.04.19 06:40:15.841,0.77982,0.77991,1.00,2.70
2018.04.19 06:40:19.844,0.7798,0.7799,2.89,1.57
2018.04.19 06:40:22.924,0.77981,0.7799,1.00,1.12
2018.04.19 06:40:23.504,0.7798,0.7799,1.87,1.12
2018.04.19 06:40:24.688,0.77981,0.7799,1.00,1.12
2018.04.19 06:40:25.266,0.7798,0.7799,2.70,1.20
2018.04.19 06:40:25.318,0.77982,0.77991,1.12,1.00
2018.04.19 06:40:27.103,0.77984,0.77993,1.00,1.20
2018.04.19 06:40:27.451,0.77981,0.7799,1.31,1.00
2018.04.19 06:40:28.177,0.77982,0.7799,1.00,1.01
2018.04.19 06:40:28.879,0.77981,0.77989,2.06,1.20
2018.04.19 06:40:29.434,0.77981,0.7799,1.31,1.20
2018.04.19 06:40:31.778,0.77983,0.77991,1.50,1.45
2018.04.19 06:40:32.091,0.77983,0.77992,3.37,1.39
2018.04.19 06:40:32.768,0.77982,0.77992,2.25,4.76
2018.04.19 06:40:33.214,0.77985,0.77992,1.00,1.20
2018.04.19 06:40:33.483,0.77983,0.77991,1.00,1.39
2018.04.19 06:40:33.948,0.77982,0.7799,1.00,1.20
2018.04.19 06:40:35.352,0.77982,0.7799,1.00,1.20
2018.04.19 06:40:35.880,0.77982,0.7799,1.00,2.32
2018.04.19 06:40:37.494,0.77982,0.77989,1.00,1.57
2018.04.19 06:40:37.545,0.7798,0.77989,1.87,1.20
2018.04.19 06:40:41.210,0.77979,0.77988,1.87,1.20
2018.04.19 06:40:42.296,0.77979,0.77989,1.87,1.20
2018.04.19 06:40:42.818,0.77979,0.77989,3.37,1.45
2018.04.19 06:40:55.125,0.7798,0.77989,1.12,1.20
2018.04.19 06:40:56.776,0.7798,0.77988,1.12,1.20
2018.04.19 06:40:57.497,0.7798,0.7799,1.12,4.95
2018.04.19 06:41:00.958,0.7798,0.77988,1.00,1.20
2018.04.19 06:41:01.238,0.77978,0.77988,2.62,2.70
2018.04.19 06:41:01.290,0.7798,0.77988,1.00,2.70
2018.04.19 06:41:01.703,0.77978,0.77988,4.12,2.70
2018.04.19 06:41:02.256,0.77978,0.77988,4.12,1.50
2018.04.19 06:41:03.758,0.77978,0.77988,3.37,1.50
2018.04.19 06:41:04.343,0.7798,0.7799,1.00,4.20
2018.04.19 06:41:04.854,0.7798,0.7799,1.00,2.70
2018.04.19 06:41:06.064,0.77981,0.7799,1.00,1.95
2018.04.19 06:41:06.678,0.7798,0.7799,1.00,2.70
2018.04.19 06:41:09.423,0.7798,0.7799,1.00,1.76
2018.04.19 06:41:09.949,0.7798,0.77987,1.00,1.25
2018.04.19 06:41:11.957,0.77979,0.77987,2.25,1.25
2018.04.19 06:41:12.487,0.77979,0.77988,1.50,1.25
2018.04.19 06:41:12.797,0.77979,0.77987,1.50,2.44
2018.04.19 06:41:14.177,0.7798,0.77988,1.00,2.14
2018.04.19 06:41:16.140,0.7798,0.77989,1.00,1.29
2018.04.19 06:41:19.633,0.7798,0.77986,1.00,1.19
2018.04.19 06:41:19.841,0.77979,0.77987,1.00,1.25
2018.04.19 06:41:20.148,0.77978,0.77986,1.00,2.44
2018.04.19 06:41:21.391,0.77979,0.77985,1.00,1.19
2018.04.19 06:41:21.444,0.77979,0.77988,1.00,3.64
2018.04.19 06:41:21.965,0.77979,0.77988,1.00,1.76
2018.04.19 06:41:24.268,0.7798,0.77988,1.00,1.69
2018.04.19 06:41:24.626,0.7798,0.77987,1.00,1.19
2018.04.19 06:41:24.678,0.77978,0.77986,1.87,1.19
2018.04.19 06:41:25.235,0.77977,0.77986,2.62,1.25
2018.04.19 06:41:25.780,0.77977,0.77986,3.75,2.89
2018.04.19 06:41:25.989,0.77977,0.77984,1.00,1.20
2018.04.19 06:41:26.515,0.77976,0.77984,1.00,1.20
2018.04.19 06:41:27.789,0.77976,0.77985,1.00,1.01
2018.04.19 06:41:28.300,0.77977,0.77986,1.00,4.39
2018.04.19 06:41:29.582,0.77977,0.77986,1.00,3.07
2018.04.19 06:41:30.396,0.77977,0.77986,1.00,3.82
2018.04.19 06:41:31.838,0.77977,0.77986,1.00,3.45
2018.04.19 06:41:33.975,0.77977,0.77982,1.00,2.70
2018.04.19 06:41:34.028,0.77973,0.77982,1.00,5.14
2018.04.19 06:41:34.341,0.77976,0.77983,1.00,1.00
2018.04.19 06:41:34.445,0.77976,0.77985,1.00,1.69
2018.04.19 06:41:34.734,0.77976,0.77983,1.00,1.25
2018.04.19 06:41:34.789,0.77972,0.77981,1.12,1.31
2018.04.19 06:41:35.308,0.77971,0.7798,1.00,2.14
2018.04.19 06:41:35.361,0.77971,0.77979,1.00,2.81
2018.04.19 06:41:35.680,0.77968,0.77977,1.50,1.50
2018.04.19 06:41:36.603,0.77967,0.77977,1.50,4.01
2018.04.19 06:41:36.756,0.77966,0.77976,2.70,2.51
2018.04.19 06:41:37.290,0.77965,0.77973,1.37,1.00
2018.04.19 06:41:40.442,0.77964,0.77973,3.75,1.00
2018.04.19 06:41:49.766,0.77967,0.77975,1.00,1.57
2018.04.19 06:41:50.320,0.77966,0.77975,1.10,1.50
2018.04.19 06:41:51.246,0.77967,0.77975,1.00,1.50
2018.04.19 06:41:51.608,0.77965,0.77977,3.64,4.76
2018.04.19 06:41:52.113,0.77966,0.77977,1.50,5.51
2018.04.19 06:41:56.044,0.77966,0.77976,1.00,2.44
2018.04.19 06:41:56.647,0.77965,0.77976,1.50,3.26
2018.04.19 06:41:58.650,0.77965,0.77976,2.51,3.26
2018.04.19 06:42:00.194,0.77967,0.77976,1.00,2.51
2018.04.19 06:42:01.328,0.77969,0.77976,1.00,2.25
2018.04.19 06:42:01.431,0.77969,0.77978,3.94,2.51
2018.04.19 06:42:01.992,0.7797,0.77979,1.25,1.00
2018.04.19 06:42:04.248,0.77969,0.77978,1.76,1.00
2018.04.19 06:42:04.866,0.77966,0.77975,2.25,1.29
2018.04.19 06:42:06.315,0.77965,0.77975,1.50,1.29
2018.04.19 06:42:06.839,0.77965,0.77975,2.25,1.19
2018.04.19 06:42:11.047,0.77963,0.77971,1.10,1.50
2018.04.19 06:42:11.153,0.77961,0.77971,1.57,2.06
2018.04.19 06:42:11.410,0.77964,0.77972,1.12,1.20
2018.04.19 06:42:11.514,0.77964,0.77973,1.00,3.37
2018.04.19 06:42:12.050,0.77964,0.77972,1.00,1.69
2018.04.19 06:42:13.195,0.7796,0.77971,5.32,3.56
2018.04.19 06:42:13.247,0.77963,0.77971,1.00,3.56
2018.04.19 06:42:13.598,0.7796,0.77971,4.39,3.75
2018.04.19 06:42:13.728,0.7796,0.7797,2.25,2.44
2018.04.19 06:42:14.230,0.77959,0.77968,1.20,1.00
2018.04.19 06:42:17.316,0.77961,0.77969,1.00,1.12
2018.04.19 06:42:18.298,0.7796,0.77969,1.87,1.00
2018.04.19 06:42:18.840,0.77961,0.77969,1.00,1.00
2018.04.19 06:42:19.467,0.7796,0.77969,1.12,1.00
2018.04.19 06:42:21.826,0.77961,0.77969,1.00,1.00
2018.04.19 06:42:22.737,0.77962,0.77971,1.50,1.07
2018.04.19 06:42:23.058,0.77963,0.77972,2.81,1.10
2018.04.19 06:42:23.758,0.77964,0.77973,1.25,2.51
2018.04.19 06:42:27.445,0.77965,0.77973,1.10,1.00
2018.04.19 06:42:28.826,0.77965,0.77974,1.57,1.00
2018.04.19 06:42:29.369,0.77965,0.77975,1.57,3.07
2018.04.19 06:42:31.508,0.77965,0.77974,1.00,1.69
2018.04.19 06:42:33.562,0.77964,0.77974,3.56,2.81
2018.04.19 06:42:37.399,0.77967,0.77974,1.00,2.44
2018.04.19 06:42:37.552,0.77964,0.77974,4.76,2.44
2018.04.19 06:42:38.263,0.77964,0.77974,3.26,1.25
2018.04.19 06:42:41.790,0.77965,0.77975,1.00,1.87
2018.04.19 06:42:41.842,0.77967,0.77975,1.00,1.00
2018.04.19 06:42:41.894,0.77967,0.77977,2.25,1.57
2018.04.19 06:42:42.472,0.77968,0.77977,3.45,1.00
2018.04.19 06:42:42.981,0.77969,0.77977,1.57,1.00
2018.04.19 06:42:44.485,0.7797,0.77977,1.00,1.00
2018.04.19 06:42:44.990,0.77969,0.77977,1.95,1.00
2018.04.19 06:42:46.412,0.77969,0.77979,2.12,1.31
2018.04.19 06:42:46.464,0.77973,0.77982,1.00,2.14
2018.04.19 06:42:46.681,0.77971,0.77979,1.69,1.00
2018.04.19 06:42:48.581,0.7797,0.77979,1.50,1.00
2018.04.19 06:42:49.208,0.77971,0.77979,1.50,1.00
2018.04.19 06:42:49.867,0.7797,0.77979,2.98,1.00
2018.04.19 06:42:50.559,0.77971,0.77979,1.23,1.00
2018.04.19 06:42:51.456,0.7797,0.77979,1.37,1.25
2018.04.19 06:42:52.051,0.77969,0.77978,2.68,1.00
2018.04.19 06:42:54.218,0.77969,0.77978,1.10,1.00
2018.04.19 06:42:54.889,0.77969,0.77978,1.30,1.00
2018.04.19 06:42:59.512,0.77969,0.77979,1.37,2.44
2018.04.19 06:42:59.616,0.77971,0.77979,1.00,1.00
2018.04.19 06:42:59.929,0.77975,0.77984,1.00,2.14
2018.04.19 06:43:00.362,0.77976,0.77986,1.25,3.56
2018.04.19 06:43:00.872,0.77976,0.77984,1.33,1.00
2018.04.19 06:43:01.702,0.77976,0.77986,1.00,3.56
2018.04.19 06:43:03.220,0.77976,0.77986,1.23,3.94
2018.04.19 06:43:04.772,0.77976,0.77985,1.00,1.00
2018.04.19 06:43:05.986,0.77977,0.77986,1.12,1.25
2018.04.19 06:43:06.774,0.77977,0.77986,1.57,1.00
2018.04.19 06:43:08.339,0.77977,0.77986,1.10,1.00
2018.04.19 06:43:08.652,0.77981,0.77986,1.00,1.00
2018.04.19 06:43:09.194,0.77981,0.77987,1.00,2.62
2018.04.19 06:43:09.350,0.77978,0.77987,3.19,1.10
2018.04.19 06:43:09.904,0.77978,0.77988,3.17,2.25
2018.04.19 06:43:14.007,0.77977,0.77987,1.27,4.20
2018.04.19 06:43:14.573,0.77976,0.77987,2.12,3.82
2018.04.19 06:43:15.263,0.77976,0.77987,1.37,3.07
2018.04.19 06:43:16.684,0.77976,0.77985,1.23,1.00
2018.04.19 06:43:17.462,0.77976,0.77986,1.10,1.57
2018.04.19 06:43:17.615,0.77975,0.77984,1.67,1.01
2018.04.19 06:43:18.841,0.77975,0.77983,1.67,1.00
2018.04.19 06:43:19.211,0.77972,0.77981,1.57,1.00
2018.04.19 06:43:19.421,0.77969,0.7798,4.01,1.37
2018.04.19 06:43:20.588,0.77969,0.77978,1.00,1.00
2018.04.19 06:43:21.147,0.77968,0.77978,1.50,1.69
2018.04.19 06:43:21.654,0.77968,0.77978,1.00,1.50
2018.04.19 06:43:22.201,0.77968,0.77978,1.20,3.75
2018.04.19 06:43:26.948,0.77968,0.77978,1.10,3.37
2018.04.19 06:43:27.568,0.77969,0.77978,1.00,1.87
2018.04.19 06:43:29.965,0.77968,0.77978,1.10,1.87
2018.04.19 06:43:30.467,0.77969,0.77978,1.76,1.00
2018.04.19 06:43:30.521,0.77972,0.7798,1.00,1.50
2018.04.19 06:43:30.679,0.7797,0.7798,1.87,1.87
2018.04.19 06:43:40.456,0.7797,0.7798,2.32,2.14
2018.04.19 06:43:42.405,0.7797,0.7798,1.20,2.14
2018.04.19 06:43:44.447,0.7797,0.7798,1.20,2.14
2018.04.19 06:43:47.733,0.7797,0.7798,1.20,1.87
2018.04.19 06:43:47.943,0.77972,0.7798,1.87,1.12
2018.04.19 06:43:47.995,0.77973,0.77983,3.19,1.25
2018.04.19 06:43:48.597,0.77974,0.77984,1.39,3.82
2018.04.19 06:43:48.651,0.77972,0.77981,1.39,3.19
2018.04.19 06:43:49.252,0.7797,0.77981,3.82,1.76
2018.04.19 06:43:50.497,0.77973,0.77982,1.12,1.57
2018.04.19 06:43:50.804,0.77974,0.77984,2.14,1.76
2018.04.19 06:43:51.843,0.77975,0.77984,1.00,1.25
2018.04.19 06:43:54.709,0.77976,0.77985,1.00,1.25
2018.04.19 06:43:55.223,0.77975,0.77984,2.62,1.50
2018.04.19 06:43:59.403,0.77976,0.77986,2.25,4.01
2018.04.19 06:43:59.701,0.77977,0.77986,2.44,1.31
2018.04.19 06:44:00.665,0.77978,0.77987,1.50,1.00
2018.04.19 06:44:00.925,0.77979,0.77989,1.12,1.87
2018.04.19 06:44:02.455,0.77979,0.77989,1.37,1.12
2018.04.19 06:44:04.581,0.77978,0.77989,6.26,1.12
2018.04.19 06:44:06.755,0.77979,0.77989,2.70,1.20
2018.04.19 06:44:06.859,0.77983,0.77992,4.69,1.00
2018.04.19 06:44:07.165,0.77983,0.77992,1.20,1.25
2018.04.19 06:44:07.808,0.77981,0.77991,4.95,1.25
2018.04.19 06:44:10.631,0.77982,0.77991,1.87,1.25
2018.04.19 06:44:13.394,0.77981,0.77993,7.01,4.01
2018.04.19 06:44:14.639,0.77983,0.77993,1.00,5.14
2018.04.19 06:44:15.156,0.77982,0.77993,3.00,3.26
2018.04.19 06:44:15.747,0.77981,0.77992,5.06,3.26
2018.04.19 06:44:16.298,0.77982,0.77991,1.69,1.25
2018.04.19 06:44:18.977,0.77983,0.77993,1.00,4.01
2018.04.19 06:44:19.579,0.77983,0.77993,3.56,2.62
2018.04.19 06:44:19.683,0.77985,0.77995,1.69,2.14
2018.04.19 06:44:19.991,0.77983,0.77991,1.57,1.00
2018.04.19 06:44:20.515,0.77983,0.77991,1.50,1.19
2018.04.19 06:44:21.062,0.77984,0.77991,1.00,1.19
2018.04.19 06:44:21.349,0.77982,0.77991,1.20,1.19
2018.04.19 06:44:22.831,0.77981,0.77991,8.51,1.29
2018.04.19 06:44:23.378,0.77983,0.77993,2.81,1.95
2018.04.19 06:44:23.597,0.77985,0.77994,1.50,1.50
2018.04.19 06:44:24.832,0.77983,0.77992,1.07,2.44
2018.04.19 06:44:24.949,0.77982,0.77992,1.50,1.31
2018.04.19 06:44:25.653,0.77983,0.77992,1.00,3.26
2018.04.19 06:44:26.322,0.77982,0.77992,1.50,1.76
2018.04.19 06:44:27.410,0.77983,0.77994,4.31,2.89
2018.04.19 06:44:27.564,0.77985,0.77994,1.25,3.07
2018.04.19 06:44:29.538,0.77985,0.77994,1.00,3.19
2018.04.19 06:44:29.641,0.77982,0.77991,3.00,1.00
2018.04.19 06:44:29.899,0.77982,0.77993,3.94,2.14
2018.04.19 06:44:30.207,0.77983,0.77993,1.29,2.14
2018.04.19 06:44:30.719,0.77982,0.77992,1.62,1.12
2018.04.19 06:44:31.322,0.77982,0.77992,1.87,3.26
2018.04.19 06:44:35.448,0.77982,0.7799,1.50,1.00
2018.04.19 06:44:36.966,0.77982,0.77991,1.50,1.25
2018.04.19 06:44:37.840,0.77982,0.77991,1.50,2.14
2018.04.19 06:44:39.727,0.77982,0.77989,1.00,1.00
2018.04.19 06:44:39.780,0.77979,0.7799,1.87,4.01
2018.04.19 06:44:45.733,0.77979,0.77988,1.12,1.57
2018.04.19 06:44:46.271,0.77977,0.77987,2.62,2.89
2018.04.19 06:44:47.352,0.77977,0.77986,2.25,1.20
2018.04.19 06:44:49.259,0.77977,0.77987,4.50,4.20
2018.04.19 06:44:49.780,0.77978,0.77987,1.50,1.00
2018.04.19 06:44:51.000,0.77978,0.77987,1.50,1.10
2018.04.19 06:44:52.396,0.77978,0.77986,1.00,1.00
2018.04.19 06:44:53.165,0.77977,0.77987,1.50,4.95
2018.04.19 06:44:53.472,0.77976,0.77987,2.62,4.95
2018.04.19 06:44:53.848,0.77974,0.77982,1.00,1.19
2018.04.19 06:44:54.380,0.77973,0.77981,1.00,1.95
2018.04.19 06:44:55.525,0.77972,0.77981,1.87,1.95
2018.04.19 06:44:56.050,0.77971,0.77981,1.62,1.20
2018.04.19 06:44:57.135,0.7797,0.7798,2.44,1.57
2018.04.19 06:44:57.736,0.77971,0.7798,1.00,1.50
2018.04.19 06:44:58.264,0.7797,0.7798,3.37,1.50
2018.04.19 06:44:59.183,0.77971,0.7798,1.00,1.50
2018.04.19 06:44:59.894,0.7797,0.7798,3.19,1.50
2018.04.19 06:45:00.602,0.77971,0.7798,1.00,1.50
2018.04.19 06:45:01.452,0.7797,0.7798,3.19,1.50
2018.04.19 06:45:02.284,0.77971,0.7798,1.00,1.00
2018.04.19 06:45:03.194,0.7797,0.7798,3.19,1.00
2018.04.19 06:45:03.769,0.77971,0.7798,1.00,1.50
2018.04.19 06:45:05.112,0.7797,0.7798,2.62,3.94
2018.04.19 06:45:05.710,0.7797,0.77979,1.87,1.00
2018.04.19 06:45:07.747,0.77971,0.77979,1.00,1.00
2018.04.19 06:45:08.378,0.7797,0.77979,1.95,1.00
2018.04.19 06:45:14.566,0.7797,0.7798,1.95,4.01
2018.04.19 06:45:15.194,0.77971,0.7798,1.00,4.01
2018.04.19 06:45:17.999,0.7797,0.7798,1.12,4.76
2018.04.19 06:45:20.011,0.7797,0.7798,1.12,4.01
2018.04.19 06:45:21.902,0.7797,0.7798,1.87,4.69
2018.04.19 06:45:34.921,0.7797,0.77981,4.39,6.82
2018.04.19 06:45:35.538,0.7797,0.77981,4.39,4.76
2018.04.19 06:45:39.791,0.7797,0.77981,2.14,5.89
2018.04.19 06:45:43.909,0.7797,0.7798,1.69,1.31
2018.04.19 06:45:52.671,0.77968,0.77975,1.00,2.25
2018.04.19 06:45:52.905,0.77962,0.7797,1.00,1.00
2018.04.19 06:45:53.624,0.7796,0.7797,4.20,1.10
2018.04.19 06:45:53.988,0.77962,0.77971,6.75,1.50
2018.04.19 06:45:54.195,0.77961,0.77971,2.06,3.00
2018.04.19 06:45:54.732,0.77962,0.77971,1.00,4.50
2018.04.19 06:45:55.266,0.77961,0.77971,2.06,3.00
2018.04.19 06:45:57.097,0.7796,0.7797,3.94,1.19
2018.04.19 06:46:00.051,0.77961,0.77971,1.25,4.76
2018.04.19 06:46:00.599,0.77961,0.77971,1.12,6.64
2018.04.19 06:46:02.411,0.7796,0.77971,2.25,4.39
2018.04.19 06:46:05.021,0.7796,0.77971,3.94,4.39
2018.04.19 06:46:05.556,0.7796,0.77971,5.51,4.76
2018.04.19 06:46:06.218,0.7796,0.77971,3.19,2.70
2018.04.19 06:46:10.485,0.7796,0.77971,1.76,3.07
2018.04.19 06:46:10.996,0.7796,0.7797,1.76,1.10
2018.04.19 06:46:16.012,0.77961,0.7797,1.00,1.10
2018.04.19 06:46:20.126,0.77961,0.77971,1.00,3.64
2018.04.19 06:46:20.641,0.77961,0.7797,1.00,1.00
2018.04.19 06:46:28.885,0.77961,0.77971,1.00,4.39
2018.04.19 06:46:29.457,0.77961,0.77971,1.25,4.39
2018.04.19 06:46:37.146,0.77961,0.77971,1.69,2.89
2018.04.19 06:46:37.659,0.77961,0.77971,1.69,1.57
2018.04.19 06:46:39.015,0.77962,0.77971,1.19,1.50
2018.04.19 06:46:39.560,0.77961,0.77971,2.06,1.07
2018.04.19 06:46:40.142,0.77961,0.77971,2.06,1.10
2018.04.19 06:46:47.879,0.77961,0.77971,2.06,6.07
2018.04.19 06:46:50.000,0.7796,0.77969,2.06,1.00
2018.04.19 06:46:50.052,0.77959,0.77968,1.31,1.10
2018.04.19 06:46:53.398,0.77959,0.7797,1.25,5.14
2018.04.19 06:46:53.553,0.77959,0.7797,1.69,5.51
2018.04.19 06:46:57.011,0.7796,0.7797,1.31,3.82
2018.04.19 06:46:57.615,0.7796,0.7797,1.31,2.32
2018.04.19 06:46:58.127,0.7796,0.7797,3.26,1.57
2018.04.19 06:46:58.912,0.7796,0.7797,3.19,1.95
2018.04.19 06:46:59.464,0.7796,0.7797,3.19,1.57
2018.04.19 06:47:08.019,0.77962,0.77971,1.19,1.20
2018.04.19 06:47:08.289,0.77966,0.77976,2.06,1.57
2018.04.19 06:47:09.824,0.77966,0.77977,2.06,3.82
2018.04.19 06:47:10.031,0.77965,0.77975,2.62,1.57
2018.04.19 06:47:10.590,0.77965,0.77975,2.62,1.10
2018.04.19 06:47:11.141,0.77964,0.77974,3.56,2.25
2018.04.19 06:47:12.113,0.77966,0.77974,1.00,3.00
2018.04.19 06:47:12.959,0.77965,0.77974,1.12,1.50
2018.04.19 06:47:13.280,0.77962,0.7797,2.00,1.00
2018.04.19 06:47:13.435,0.77962,0.7797,1.31,1.00
2018.04.19 06:47:14.137,0.77962,0.77971,1.25,3.64
2018.04.19 06:47:14.628,0.77962,0.7797,1.25,1.57
2018.04.19 06:47:15.323,0.7796,0.7797,3.56,1.50
2018.04.19 06:47:15.606,0.77963,0.77973,4.69,1.57
2018.04.19 06:47:16.124,0.77964,0.77973,3.94,1.07
2018.04.19 06:47:16.705,0.77964,0.77973,1.69,1.00
2018.04.19 06:47:17.473,0.77965,0.77975,1.25,1.57
2018.04.19 06:47:18.102,0.77965,0.77974,1.25,1.07
2018.04.19 06:47:19.630,0.77965,0.77974,1.69,1.10
2018.04.19 06:47:20.165,0.77965,0.77975,1.25,5.32
2018.04.19 06:47:21.812,0.77965,0.77975,1.69,6.45
2018.04.19 06:47:22.349,0.77965,0.77975,1.69,5.32
2018.04.19 06:47:23.852,0.77963,0.77974,5.44,1.57
2018.04.19 06:47:24.384,0.77963,0.77971,1.69,1.00
2018.04.19 06:47:24.889,0.77961,0.77971,3.19,3.45
2018.04.19 06:47:25.437,0.77962,0.77971,2.44,1.57
2018.04.19 06:47:25.945,0.77962,0.77971,1.69,2.32
2018.04.19 06:47:33.518,0.77961,0.77971,1.25,5.32
2018.04.19 06:47:36.184,0.7796,0.77971,1.69,4.57
2018.04.19 06:47:38.690,0.7796,0.77971,1.19,4.57
2018.04.19 06:47:39.213,0.7796,0.77971,1.29,4.95
2018.04.19 06:47:40.970,0.77963,0.77971,1.19,1.12
2018.04.19 06:47:41.023,0.77963,0.77973,2.44,1.12
2018.04.19 06:47:41.075,0.77962,0.77971,1.76,1.00
2018.04.19 06:47:42.457,0.77961,0.7797,3.94,1.00
2018.04.19 06:47:50.368,0.77961,0.77969,1.19,1.00
2018.04.19 06:47:51.629,0.77961,0.7797,1.19,2.25
2018.04.19 06:47:54.082,0.7796,0.7797,2.06,1.20
2018.04.19 06:47:55.569,0.77959,0.7797,5.14,2.14
2018.04.19 06:47:56.873,0.7796,0.7797,1.39,2.14
2018.04.19 06:47:58.487,0.7796,0.77969,2.89,1.00
2018.04.19 06:48:00.064,0.7796,0.7797,2.14,1.39
2018.04.19 06:48:04.897,0.7796,0.77971,3.76,2.25
2018.04.19 06:48:05.466,0.7796,0.77971,3.64,2.70
2018.04.19 06:48:17.944,0.77961,0.77971,1.69,5.14
2018.04.19 06:48:18.560,0.77961,0.77971,1.25,4.95
2018.04.19 06:48:23.959,0.77961,0.77971,1.19,2.89
2018.04.19 06:48:25.111,0.77961,0.77971,1.19,2.51
2018.04.19 06:48:25.645,0.7796,0.77971,3.19,2.32
2018.04.19 06:48:32.703,0.7796,0.77969,2.44,1.00
2018.04.19 06:48:35.895,0.77962,0.77971,1.00,5.32
2018.04.19 06:48:36.440,0.77961,0.77971,1.25,3.07
2018.04.19 06:48:38.051,0.77962,0.77971,1.00,5.32
2018.04.19 06:48:38.612,0.77961,0.77971,1.25,3.07
2018.04.19 06:48:41.318,0.77965,0.77971,1.00,2.70
2018.04.19 06:48:41.371,0.77966,0.77974,1.25,1.95
2018.04.19 06:48:42.136,0.77965,0.77974,1.19,1.00
2018.04.19 06:48:44.110,0.77964,0.77972,1.00,3.00
2018.04.19 06:48:44.229,0.77962,0.77971,1.25,4.20
2018.04.19 06:48:44.734,0.77961,0.77971,3.19,2.70
2018.04.19 06:48:46.337,0.77961,0.77971,1.69,4.95
2018.04.19 06:48:52.972,0.77961,0.7797,1.69,1.50
2018.04.19 06:48:53.743,0.77961,0.7797,1.25,1.50
2018.04.19 06:49:01.936,0.77961,0.7797,2.06,1.57
2018.04.19 06:49:08.935,0.77961,0.7797,2.06,1.57
2018.04.19 06:49:19.551,0.77961,0.77971,1.31,1.57
2018.04.19 06:49:21.315,0.77961,0.7797,1.31,1.00
2018.04.19 06:49:23.813,0.77961,0.77971,2.06,2.32
2018.04.19 06:49:24.463,0.77961,0.77971,2.81,2.32
2018.04.19 06:49:28.112,0.77961,0.7797,2.06,1.50
2018.04.19 06:49:29.189,0.77961,0.77971,1.69,1.95
2018.04.19 06:49:30.024,0.77961,0.7797,1.69,1.00
2018.04.19 06:49:31.135,0.77961,0.77971,1.69,1.95
2018.04.19 06:49:31.642,0.77961,0.7797,1.69,1.00
2018.04.19 06:49:32.682,0.77961,0.77971,2.44,1.95
2018.04.19 06:49:33.223,0.77961,0.7797,2.44,1.00
2018.04.19 06:49:34.521,0.77961,0.77971,2.44,1.95
2018.04.19 06:49:35.318,0.77961,0.77971,1.69,1.95
2018.04.19 06:49:35.472,0.77961,0.77969,1.00,1.00
2018.04.19 06:49:35.629,0.77959,0.77968,3.37,1.50
2018.04.19 06:49:35.733,0.77958,0.77964,1.00,2.25
2018.04.19 06:49:36.050,0.77951,0.77961,1.25,1.69
2018.04.19 06:49:36.566,0.7795,0.77959,3.19,1.50
2018.04.19 06:49:38.185,0.77949,0.77959,3.64,1.50
2018.04.19 06:49:39.012,0.77949,0.77959,1.57,2.62
2018.04.19 06:49:39.064,0.77946,0.77956,3.64,1.00
2018.04.19 06:49:39.574,0.77946,0.77955,4.57,1.00
2018.04.19 06:49:40.851,0.77947,0.77956,3.19,1.00
2018.04.19 06:49:42.043,0.77947,0.77956,1.76,1.00
2018.04.19 06:49:42.872,0.77947,0.77957,1.76,1.57
2018.04.19 06:49:46.148,0.77947,0.77955,1.25,1.00
2018.04.19 06:49:46.690,0.77946,0.77955,1.31,1.00
2018.04.19 06:49:47.193,0.77946,0.77955,1.31,1.00
2018.04.19 06:49:48.090,0.77947,0.77955,1.29,1.00
2018.04.19 06:49:48.201,0.77948,0.77959,2.51,3.45
2018.04.19 06:49:48.708,0.77949,0.77959,1.69,1.00
2018.04.19 06:49:50.035,0.77949,0.77957,1.69,3.45
2018.04.19 06:49:50.124,0.77949,0.77958,1.00,2.32
2018.04.19 06:49:50.187,0.77947,0.77951,1.00,1.50
2018.04.19 06:49:50.239,0.77943,0.77951,3.56,1.00
2018.04.19 06:49:50.345,0.77941,0.77949,1.62,1.00
2018.04.19 06:49:50.858,0.77939,0.77948,1.39,1.00
2018.04.19 06:49:51.074,0.77938,0.77949,2.44,2.32
2018.04.19 06:49:51.539,0.77938,0.77947,1.12,1.50
2018.04.19 06:49:52.368,0.77939,0.77948,1.31,1.10
2018.04.19 06:49:52.679,0.7794,0.77949,4.50,1.00
2018.04.19 06:49:52.771,0.7794,0.77951,4.50,3.45
2018.04.19 06:49:53.803,0.77938,0.77943,1.19,1.00
2018.04.19 06:49:53.896,0.77935,0.77942,3.26,1.00
2018.04.19 06:49:53.950,0.77936,0.77945,1.00,2.32
2018.04.19 06:49:54.161,0.77937,0.77945,1.69,1.00
2018.04.19 06:49:54.266,0.77939,0.77947,2.06,1.00
2018.04.19 06:49:54.370,0.77939,0.77949,2.51,1.00
2018.04.19 06:49:56.360,0.77938,0.77949,3.19,2.32
2018.04.19 06:49:56.498,0.77937,0.77946,1.20,2.25
2018.04.19 06:49:57.037,0.77937,0.77946,1.00,1.50
2018.04.19 06:49:57.553,0.77937,0.77947,1.19,1.12
2018.04.19 06:50:00.135,0.7794,0.77948,1.50,1.50
2018.04.19 06:50:00.562,0.77941,0.7795,1.00,1.12
2018.04.19 06:50:01.235,0.77942,0.77951,1.12,1.10
2018.04.19 06:50:01.289,0.77944,0.77954,1.19,1.95
2018.04.19 06:50:02.070,0.77945,0.77955,1.15,3.07
2018.04.19 06:50:02.932,0.77945,0.77955,1.15,1.95
2018.04.19 06:50:03.257,0.77946,0.77957,6.77,1.57
2018.04.19 06:50:03.910,0.77948,0.77957,1.00,2.25
2018.04.19 06:50:05.488,0.77948,0.77959,2.81,1.20
2018.04.19 06:50:06.004,0.77951,0.7796,1.00,2.70
2018.04.19 06:50:08.806,0.7795,0.7796,2.51,2.32
2018.04.19 06:50:09.857,0.77952,0.77961,1.31,1.45
2018.04.19 06:50:10.375,0.7795,0.77961,7.39,2.62
2018.04.19 06:50:10.914,0.7795,0.77961,3.19,2.70
2018.04.19 06:50:14.319,0.77949,0.7796,1.10,3.37
2018.04.19 06:50:14.834,0.77948,0.77959,1.31,3.45
2018.04.19 06:50:17.030,0.77948,0.77959,3.94,1.95
2018.04.19 06:50:17.612,0.77949,0.77959,1.19,1.95
2018.04.19 06:50:18.139,0.77949,0.77959,2.06,1.50
2018.04.19 06:50:34.987,0.77949,0.77959,2.14,1.57
2018.04.19 06:50:47.859,0.77949,0.77959,1.76,1.57
2018.04.19 06:50:48.373,0.77949,0.77959,1.76,1.57
2018.04.19 06:50:50.778,0.77949,0.77957,1.69,1.00
2018.04.19 06:50:51.519,0.77947,0.77955,1.00,1.00
2018.04.19 06:50:52.068,0.77947,0.77954,1.00,1.00
2018.04.19 06:50:53.034,0.77946,0.77955,1.87,1.00
2018.04.19 06:50:53.556,0.77945,0.77955,3.00,1.20
2018.04.19 06:51:02.343,0.77945,0.77956,2.32,3.07
2018.04.19 06:51:04.970,0.77947,0.77956,1.00,4.20
2018.04.19 06:51:05.544,0.77946,0.77956,1.12,1.95
2018.04.19 06:51:08.385,0.77946,0.77955,1.31,1.57
2018.04.19 06:51:08.911,0.77946,0.77956,2.84,1.10
2018.04.19 06:51:09.222,0.77948,0.77959,5.54,3.45
2018.04.19 06:51:09.767,0.7795,0.77959,1.79,1.00
2018.04.19 06:51:14.447,0.7795,0.77961,2.81,2.70
2018.04.19 06:51:14.992,0.77951,0.77961,2.09,4.20
2018.04.19 06:51:15.499,0.7795,0.77961,3.22,2.70
2018.04.19 06:51:16.013,0.77951,0.77961,2.84,4.57
2018.04.19 06:51:16.721,0.77951,0.77961,1.25,3.07
2018.04.19 06:51:29.102,0.77951,0.77961,1.65,6.07
2018.04.19 06:51:29.614,0.77951,0.77961,1.34,4.20
2018.04.19 06:51:30.031,0.77951,0.7796,1.15,1.07
2018.04.19 06:51:31.587,0.77951,0.77961,1.00,7.20
2018.04.19 06:51:33.300,0.77951,0.77961,1.90,7.95
2018.04.19 06:51:34.503,0.77951,0.7796,1.15,1.20
2018.04.19 06:51:35.004,0.77951,0.7796,1.15,1.12
2018.04.19 06:51:35.798,0.77951,0.7796,1.00,1.20
2018.04.19 06:51:47.606,0.77951,0.77958,1.00,1.00
2018.04.19 06:52:14.279,0.77948,0.77956,5.89,1.00
2018.04.19 06:52:14.383,0.77947,0.77956,1.00,1.57
2018.04.19 06:52:14.663,0.77947,0.77954,1.00,1.00
2018.04.19 06:52:15.217,0.77945,0.77955,2.14,3.07
2018.04.19 06:52:15.563,0.77945,0.77953,2.06,1.00
2018.04.19 06:52:16.134,0.77943,0.77951,4.01,2.62
2018.04.19 06:52:16.186,0.77945,0.77952,1.25,1.00
2018.04.19 06:52:16.713,0.77943,0.77952,3.64,1.00
2018.04.19 06:52:17.764,0.77945,0.77952,1.25,1.00
2018.04.19 06:52:21.948,0.77944,0.77953,1.31,1.00
2018.04.19 06:52:29.886,0.77946,0.77953,1.25,1.00
2018.04.19 06:52:30.399,0.77944,0.77951,4.01,1.00
2018.04.19 06:52:30.451,0.77945,0.77954,1.25,1.50
2018.04.19 06:52:31.028,0.77945,0.77954,1.69,1.50
2018.04.19 06:52:31.713,0.77946,0.77954,1.19,1.00
2018.04.19 06:52:31.766,0.77947,0.77955,1.39,1.00
2018.04.19 06:52:33.494,0.77948,0.77957,1.19,1.00
2018.04.19 06:52:34.635,0.77948,0.77957,1.01,1.00
2018.04.19 06:52:38.235,0.77949,0.77957,1.00,1.00
2018.04.19 06:52:38.448,0.77949,0.77957,2.14,1.00
2018.04.19 06:52:38.705,0.7795,0.7796,1.29,1.57
2018.04.19 06:52:44.618,0.77953,0.7796,1.00,1.00
2018.04.19 06:52:44.933,0.77951,0.7796,1.00,1.12
2018.04.19 06:52:45.601,0.77949,0.7796,4.69,3.45
2018.04.19 06:52:45.653,0.77949,0.77958,4.31,1.00
2018.04.19 06:52:46.155,0.77949,0.77959,3.56,1.12
2018.04.19 06:52:46.833,0.77948,0.77959,1.29,3.64
2018.04.19 06:52:49.315,0.77948,0.77957,1.29,1.00
2018.04.19 06:52:50.062,0.77948,0.77958,1.29,1.39
2018.04.19 06:53:00.800,0.7795,0.77958,1.50,1.00
2018.04.19 06:53:01.355,0.7795,0.7796,1.01,4.57
2018.04.19 06:53:04.833,0.77951,0.7796,1.00,3.00
2018.04.19 06:53:04.989,0.77952,0.77961,1.00,3.37
2018.04.19 06:53:05.140,0.77952,0.77959,1.00,1.00
2018.04.19 06:53:08.367,0.7795,0.77959,1.00,1.12
2018.04.19 06:53:08.914,0.77949,0.77959,2.06,1.87
2018.04.19 06:53:09.359,0.77951,0.77959,1.00,1.12
2018.04.19 06:53:12.426,0.77951,0.7796,1.50,1.50
2018.04.19 06:53:12.735,0.77953,0.77961,1.00,1.00
2018.04.19 06:53:12.889,0.77951,0.7796,1.12,1.12
2018.04.19 06:53:15.304,0.77951,0.77959,1.00,1.00
2018.04.19 06:53:15.856,0.7795,0.77959,1.10,1.00
2018.04.19 06:53:17.878,0.77949,0.77959,5.44,1.00
2018.04.19 06:53:18.389,0.77949,0.7796,3.19,1.57
2018.04.19 06:53:19.751,0.77949,0.77959,2.81,1.00
2018.04.19 06:53:22.797,0.77949,0.7796,2.06,3.07
2018.04.19 06:53:25.111,0.77949,0.7796,2.14,2.32
2018.04.19 06:53:25.647,0.77949,0.77958,1.19,1.20
2018.04.19 06:53:30.012,0.77949,0.77958,1.25,1.12
2018.04.19 06:53:30.168,0.77951,0.77959,1.00,1.50
2018.04.19 06:53:34.937,0.77951,0.7796,1.00,4.20
2018.04.19 06:53:35.300,0.77953,0.77962,1.39,1.12
2018.04.19 06:53:35.842,0.77954,0.77964,2.89,2.62
2018.04.19 06:53:36.413,0.77954,0.77964,2.89,2.62
2018.04.19 06:53:37.163,0.77954,0.77964,3.26,1.00
2018.04.19 06:53:37.794,0.77954,0.77965,1.76,3.07
2018.04.19 06:53:38.647,0.77954,0.77964,2.51,1.00
2018.04.19 06:53:38.699,0.77956,0.77965,1.25,2.62
2018.04.19 06:53:39.094,0.77958,0.77968,1.10,3.37
2018.04.19 06:53:39.509,0.77956,0.77966,1.95,1.50
2018.04.19 06:53:39.858,0.77958,0.77967,1.00,1.87
2018.04.19 06:53:44.532,0.77958,0.77967,1.39,1.12
2018.04.19 06:53:44.841,0.7796,0.7797,1.57,2.62
2018.04.19 06:53:46.014,0.77961,0.7797,2.14,1.00
2018.04.19 06:53:46.547,0.77961,0.77971,1.00,4.12
2018.04.19 06:53:47.314,0.7796,0.77971,3.26,1.12
2018.04.19 06:53:47.867,0.7796,0.77971,2.51,1.12
2018.04.19 06:53:48.528,0.77961,0.77971,1.00,3.37
2018.04.19 06:53:49.338,0.7796,0.77971,2.89,1.50
2018.04.19 06:53:50.794,0.7796,0.77971,2.89,1.50
2018.04.19 06:53:51.307,0.7796,0.77971,3.64,1.50
2018.04.19 06:53:52.531,0.77963,0.77971,2.81,1.00
2018.04.19 06:53:52.583,0.77964,0.77974,1.01,4.20
2018.04.19 06:53:52.745,0.77966,0.77976,2.44,3.45
2018.04.19 06:53:52.899,0.77965,0.77977,5.70,4.01
2018.04.19 06:53:53.485,0.77965,0.77976,5.32,2.32
2018.04.19 06:53:53.639,0.77965,0.77974,6.45,1.00
2018.04.19 06:53:54.189,0.77966,0.77974,2.25,1.00
2018.04.19 06:53:54.305,0.77966,0.77976,1.20,3.07
2018.04.19 06:53:55.235,0.77966,0.77976,1.31,3.00
2018.04.19 06:53:59.753,0.77968,0.77976,1.00,1.00
2018.04.19 06:54:00.115,0.77967,0.77974,1.00,1.00
2018.04.19 06:54:00.219,0.77965,0.77974,1.57,1.00
2018.04.19 06:54:00.325,0.77963,0.77971,3.64,1.00
2018.04.19 06:54:00.535,0.7796,0.77971,5.51,1.87
2018.04.19 06:54:01.052,0.7796,0.7797,1.25,1.95
2018.04.19 06:54:04.360,0.7796,0.7797,1.00,3.64
2018.04.19 06:54:04.877,0.7796,0.7797,1.00,4.76
2018.04.19 06:54:05.996,0.77959,0.7797,1.31,8.14
2018.04.19 06:54:07.508,0.77958,0.7797,2.14,7.76
2018.04.19 06:54:08.064,0.77958,0.77969,2.81,1.95
2018.04.19 06:54:16.380,0.77958,0.77968,3.19,1.00
2018.04.19 06:54:16.483,0.77958,0.77966,1.12,1.00
2018.04.19 06:54:16.993,0.77957,0.77965,1.00,1.12
2018.04.19 06:54:22.488,0.77957,0.77966,1.00,3.07
2018.04.19 06:54:22.591,0.77957,0.77966,1.00,2.70
2018.04.19 06:54:23.493,0.77957,0.77965,1.00,1.00
2018.04.19 06:54:23.792,0.77954,0.77965,2.51,2.70
2018.04.19 06:54:24.360,0.77956,0.77964,1.00,1.00
2018.04.19 06:54:25.053,0.77955,0.77965,1.25,3.45
2018.04.19 06:54:25.159,0.77953,0.77961,1.00,1.12
2018.04.19 06:54:25.212,0.7795,0.77961,5.14,2.62
2018.04.19 06:54:25.317,0.77952,0.77959,1.00,1.00
2018.04.19 06:54:25.671,0.7795,0.77959,1.20,1.12
2018.04.19 06:54:26.211,0.7795,0.77958,1.12,1.00
2018.04.19 06:54:30.277,0.7795,0.7796,3.19,2.25
2018.04.19 06:54:30.383,0.77953,0.77963,1.00,4.50
2018.04.19 06:54:30.662,0.77955,0.77965,1.10,1.47
2018.04.19 06:54:30.868,0.77955,0.77965,1.10,1.10
2018.04.19 06:54:31.412,0.77955,0.77965,2.25,1.00
2018.04.19 06:54:36.404,0.77955,0.77964,1.10,1.00
2018.04.19 06:54:36.458,0.77952,0.77963,3.26,3.00
2018.04.19 06:54:36.511,0.77953,0.77961,1.19,1.12
2018.04.19 06:54:36.564,0.77951,0.7796,1.10,1.00
2018.04.19 06:54:37.285,0.77951,0.77961,1.00,2.32
2018.04.19 06:54:37.798,0.77951,0.77961,1.07,2.25
2018.04.19 06:54:37.851,0.7795,0.77959,1.12,1.50
2018.04.19 06:54:48.365,0.7795,0.7796,1.69,1.87
2018.04.19 06:54:48.684,0.77954,0.77964,3.19,1.00
2018.04.19 06:54:49.159,0.77956,0.77967,1.56,3.82
2018.04.19 06:54:52.476,0.77956,0.77966,2.06,1.00
2018.04.19 06:54:53.023,0.77956,0.77966,1.50,1.07
2018.04.19 06:54:54.795,0.77955,0.77966,1.39,5.32
2018.04.19 06:54:55.732,0.77954,0.77964,2.51,1.00
2018.04.19 06:54:56.239,0.77954,0.77963,1.00,1.00
2018.04.19 06:54:56.754,0.77954,0.77964,1.25,3.07
2018.04.19 06:54:57.297,0.77954,0.77964,1.25,3.07
2018.04.19 06:54:59.711,0.77954,0.77964,2.81,2.62
2018.04.19 06:55:00.373,0.77954,0.77963,3.56,1.00
2018.04.19 06:55:00.738,0.77955,0.77964,2.44,1.00
2018.04.19 06:55:01.051,0.77954,0.77964,3.64,1.50
2018.04.19 06:55:01.813,0.77956,0.77964,1.00,1.50
2018.04.19 06:55:09.278,0.77956,0.77966,1.00,1.95
2018.04.19 06:55:10.235,0.77957,0.77966,1.19,1.00
2018.04.19 06:55:10.752,0.77958,0.77968,1.69,1.87
2018.04.19 06:55:13.494,0.77958,0.77968,1.69,1.00
2018.04.19 06:55:15.564,0.77958,0.77968,2.70,1.00
2018.04.19 06:55:17.308,0.77959,0.77969,3.07,1.50
2018.04.19 06:55:18.008,0.77959,0.77969,3.64,1.00
2018.04.19 06:55:18.837,0.77959,0.77969,3.64,1.00
2018.04.19 06:55:20.753,0.77959,0.7797,2.89,2.62
2018.04.19 06:55:24.517,0.77959,0.7797,2.51,1.87
2018.04.19 06:55:34.880,0.77959,0.77969,4.69,1.00
2018.04.19 06:55:35.254,0.77957,0.77969,3.94,5.51
2018.04.19 06:55:35.577,0.77957,0.77967,1.50,1.19
2018.04.19 06:55:35.630,0.77957,0.77967,1.50,1.25
2018.04.19 06:55:36.291,0.77957,0.77967,1.00,1.25
2018.04.19 06:55:36.343,0.77956,0.77966,3.07,1.19
2018.04.19 06:55:36.847,0.77956,0.77966,3.07,1.00
2018.04.19 06:55:37.422,0.77956,0.77967,3.26,1.31
2018.04.19 06:55:38.683,0.77957,0.77966,1.69,1.00
2018.04.19 06:55:39.328,0.77957,0.77967,1.20,1.39
2018.04.19 06:55:40.006,0.77958,0.77968,1.25,1.69
2018.04.19 06:55:40.579,0.77959,0.77969,1.00,4.01
2018.04.19 06:55:41.214,0.77959,0.7797,3.82,5.14
2018.04.19 06:55:42.808,0.77959,0.7797,3.07,4.69
2018.04.19 06:55:43.366,0.77959,0.7797,4.20,3.26
2018.04.19 06:55:45.737,0.77959,0.7797,3.37,3.26
2018.04.19 06:55:46.117,0.7796,0.7797,1.00,1.12
2018.04.19 06:55:47.362,0.77959,0.7797,4.39,1.87
2018.04.19 06:55:48.140,0.7796,0.7797,1.10,1.95
2018.04.19 06:55:51.118,0.77959,0.7797,2.89,1.12
2018.04.19 06:55:51.653,0.77959,0.7797,4.20,2.89
2018.04.19 06:55:52.685,0.77959,0.7797,2.70,1.39
2018.04.19 06:55:53.262,0.77959,0.7797,4.20,2.06
2018.04.19 06:55:54.040,0.7796,0.7797,1.01,1.01
2018.04.19 06:55:58.450,0.7796,0.77969,1.25,1.37
2018.04.19 06:55:58.553,0.7796,0.7797,1.25,1.69
2018.04.19 06:56:00.675,0.77961,0.7797,1.00,1.25
2018.04.19 06:56:03.672,0.77961,0.77971,1.00,2.51
2018.04.19 06:56:05.974,0.77961,0.7797,1.00,1.69
2018.04.19 06:56:06.510,0.7796,0.7797,1.10,1.01
2018.04.19 06:56:09.742,0.77961,0.7797,1.00,2.06
2018.04.19 06:56:10.284,0.7796,0.77969,2.70,1.00
2018.04.19 06:56:13.647,0.7796,0.77968,1.00,1.00
2018.04.19 06:56:13.939,0.77958,0.77969,2.89,3.94
2018.04.19 06:56:14.197,0.77957,0.77965,2.62,1.25
2018.04.19 06:56:22.107,0.77956,0.77964,1.00,1.57
2018.04.19 06:56:22.159,0.77954,0.77964,5.70,2.32
2018.04.19 06:56:22.682,0.77955,0.77964,1.50,1.00
2018.04.19 06:56:22.842,0.77955,0.77962,1.00,1.12
2018.04.19 06:56:22.946,0.77955,0.77964,1.87,1.50
2018.04.19 06:56:23.470,0.77955,0.77965,3.37,1.50
2018.04.19 06:56:27.123,0.77956,0.77967,1.50,6.26
2018.04.19 06:56:29.378,0.77957,0.77965,1.00,1.69
2018.04.19 06:56:29.483,0.77954,0.77964,3.75,1.00
2018.04.19 06:56:29.639,0.77956,0.77965,1.00,1.39
2018.04.19 06:56:30.145,0.77956,0.77964,1.00,1.00
2018.04.19 06:56:33.004,0.77956,0.77965,1.00,1.00
2018.04.19 06:56:40.899,0.77957,0.77965,1.00,1.50
2018.04.19 06:56:40.951,0.77955,0.77964,1.50,1.00
2018.04.19 06:56:41.728,0.77953,0.77963,2.14,1.50
2018.04.19 06:56:41.832,0.77953,0.77961,1.00,3.00
2018.04.19 06:56:41.936,0.7795,0.7796,2.14,1.25
2018.04.19 06:56:42.440,0.7795,0.77959,1.50,1.00
2018.04.19 06:56:51.157,0.77949,0.77959,1.00,1.69
2018.04.19 06:56:53.869,0.7795,0.77959,1.20,1.00
2018.04.19 06:57:00.045,0.7795,0.77959,2.19,1.00
2018.04.19 06:57:00.558,0.7795,0.77959,1.55,1.00
2018.04.19 06:57:01.078,0.7795,0.7796,3.88,2.44
2018.04.19 06:57:02.092,0.7795,0.7796,4.31,1.69
2018.04.19 06:57:03.600,0.7795,0.7796,5.89,1.25
2018.04.19 06:57:04.114,0.7795,0.7796,6.26,1.25
2018.04.19 06:57:05.548,0.7795,0.7796,7.76,1.31
2018.04.19 06:57:07.236,0.77953,0.77963,6.56,1.76
2018.04.19 06:57:07.545,0.77956,0.77966,3.07,2.14
2018.04.19 06:57:08.089,0.77959,0.77967,1.00,1.00
2018.04.19 06:57:08.606,0.77957,0.77967,3.75,1.32
2018.04.19 06:57:09.125,0.77957,0.77967,3.00,1.25
2018.04.19 06:57:09.667,0.77957,0.77967,2.25,1.32
2018.04.19 06:57:10.619,0.77957,0.77967,2.32,1.20
2018.04.19 06:57:12.027,0.77957,0.77967,3.82,1.12
2018.04.19 06:57:13.502,0.77957,0.77967,3.07,1.20
2018.04.19 06:57:14.051,0.77957,0.77967,1.50,1.07
2018.04.19 06:57:14.552,0.77957,0.77966,1.12,2.89
2018.04.19 06:57:15.055,0.77956,0.77966,1.00,1.76
2018.04.19 06:57:16.881,0.77956,0.77966,1.00,1.00
2018.04.19 06:57:23.589,0.77957,0.77966,1.00,1.50
2018.04.19 06:57:23.951,0.77958,0.77968,1.00,1.12
2018.04.19 06:57:25.955,0.77957,0.77967,3.82,1.25
2018.04.19 06:57:26.059,0.77955,0.77965,1.20,3.37
2018.04.19 06:57:26.593,0.77955,0.77965,1.00,1.95
2018.04.19 06:57:27.110,0.77959,0.77967,1.00,1.20
2018.04.19 06:57:27.268,0.7796,0.7797,1.00,5.51
2018.04.19 06:57:30.863,0.77958,0.7797,6.26,4.01
2018.04.19 06:57:36.297,0.7796,0.7797,1.12,1.50
2018.04.19 06:57:39.063,0.7796,0.7797,1.00,2.06
2018.04.19 06:57:39.525,0.77962,0.77972,1.00,4.76
2018.04.19 06:57:39.627,0.7796,0.7797,4.39,2.14
2018.04.19 06:57:40.775,0.7796,0.7797,1.87,2.81
2018.04.19 06:57:41.320,0.77959,0.77969,2.62,2.06
2018.04.19 06:57:46.239,0.77958,0.77967,3.45,1.00
2018.04.19 06:57:47.668,0.77958,0.77967,3.82,1.00
2018.04.19 06:57:59.250,0.77959,0.77968,2.06,1.00
2018.04.19 06:58:00.244,0.77958,0.77968,3.56,2.06
2018.04.19 06:58:02.876,0.77959,0.77968,1.12,1.31
2018.04.19 06:58:03.136,0.7796,0.7797,1.50,1.00
2018.04.19 06:58:04.922,0.7796,0.77968,1.57,1.00
2018.04.19 06:58:05.510,0.77959,0.77968,1.00,1.31
2018.04.19 06:58:08.244,0.77958,0.77968,4.69,1.31
2018.04.19 06:58:08.585,0.77951,0.77961,1.07,3.19
2018.04.19 06:58:09.191,0.77951,0.7796,1.00,1.00
2018.04.19 06:58:09.606,0.77954,0.77962,1.00,3.26
2018.04.19 06:58:09.657,0.77954,0.77963,1.00,3.07
2018.04.19 06:58:13.949,0.77954,0.77963,1.00,3.26
2018.04.19 06:58:14.364,0.77951,0.7796,1.57,1.37
2018.04.19 06:58:14.897,0.7795,0.77959,1.25,1.31
2018.04.19 06:58:15.212,0.77954,0.77964,1.00,3.64
2018.04.19 06:58:16.181,0.77954,0.77964,2.25,3.94
2018.04.19 06:58:16.856,0.77955,0.77964,1.69,3.56
2018.04.19 06:58:17.381,0.77955,0.77964,1.69,3.26
2018.04.19 06:58:18.034,0.77955,0.77964,1.25,3.26
2018.04.19 06:58:27.905,0.77956,0.77965,1.00,1.76
2018.04.19 06:58:27.957,0.77957,0.77966,1.00,2.81
2018.04.19 06:58:28.164,0.77958,0.77967,2.44,1.12
2018.04.19 06:58:28.540,0.7796,0.77969,1.69,1.25
2018.04.19 06:58:28.749,0.77964,0.77973,1.00,6.64
2018.04.19 06:58:29.011,0.77964,0.77973,1.50,4.39
2018.04.19 06:58:29.737,0.77964,0.77972,1.00,1.01
2018.04.19 06:58:30.178,0.77961,0.7797,1.57,1.00
2018.04.19 06:58:30.717,0.7796,0.77969,1.00,1.00
2018.04.19 06:58:32.097,0.7796,0.7797,1.69,1.10
2018.04.19 06:58:32.627,0.77961,0.77971,1.50,7.95
2018.04.19 06:58:35.066,0.77961,0.7797,1.00,1.62
2018.04.19 06:58:35.465,0.77963,0.77972,1.00,3.07
2018.04.19 06:58:35.830,0.77961,0.7797,2.32,1.31
2018.04.19 06:58:35.936,0.77964,0.77973,1.00,1.87
2018.04.19 06:58:36.467,0.77965,0.77974,1.50,5.14
2018.04.19 06:58:39.621,0.77965,0.77972,1.00,1.25
2018.04.19 06:58:40.225,0.77965,0.77973,1.50,1.10
2018.04.19 06:58:41.133,0.77963,0.77972,1.00,1.25
2018.04.19 06:58:41.723,0.77961,0.77971,3.82,2.32
2018.04.19 06:58:42.260,0.77964,0.77971,1.00,3.26
2018.04.19 06:58:42.634,0.77961,0.77971,2.62,3.26
2018.04.19 06:58:47.019,0.77964,0.77973,1.00,2.89
2018.04.19 06:58:47.403,0.77966,0.77974,1.00,4.76
2018.04.19 06:58:48.454,0.77964,0.77974,2.25,3.26
2018.04.19 06:58:50.064,0.77965,0.77974,1.00,1.76
2018.04.19 06:58:51.225,0.77964,0.77974,2.70,2.89
2018.04.19 06:58:52.939,0.77964,0.77974,2.70,4.39
2018.04.19 06:58:57.022,0.77967,0.77974,1.00,2.06
2018.04.19 06:58:57.188,0.77968,0.77976,2.25,1.57
2018.04.19 06:58:57.250,0.77971,0.77979,1.00,1.29
2018.04.19 06:58:57.301,0.77973,0.77982,1.31,3.19
2018.04.19 06:58:57.403,0.77972,0.7798,1.00,1.00
2018.04.19 06:58:57.911,0.77972,0.77981,1.10,3.94
2018.04.19 06:58:58.222,0.77969,0.7798,2.81,4.76
2018.04.19 06:58:58.860,0.77969,0.77978,1.10,1.50
2018.04.19 06:58:59.375,0.77969,0.77978,1.00,1.69
2018.04.19 06:59:00.130,0.77969,0.7798,1.00,4.39
2018.04.19 06:59:00.182,0.77969,0.7798,3.00,4.39
2018.04.19 06:59:00.696,0.77969,0.7798,3.82,6.64
2018.04.19 06:59:01.303,0.77969,0.7798,4.12,6.64
2018.04.19 06:59:01.898,0.77969,0.7798,1.95,4.39
2018.04.19 06:59:02.080,0.77971,0.7798,1.00,5.89
2018.04.19 06:59:02.591,0.7797,0.7798,1.00,1.87
2018.04.19 06:59:06.722,0.77974,0.77983,1.87,1.20
2018.04.19 06:59:07.148,0.77974,0.77984,1.87,3.94
2018.04.19 06:59:07.686,0.77975,0.77984,1.00,3.26
2018.04.19 06:59:09.407,0.77974,0.77984,3.56,3.56
2018.04.19 06:59:09.458,0.77976,0.77984,1.00,3.56
2018.04.19 06:59:10.173,0.77976,0.77984,1.00,2.25
2018.04.19 06:59:10.801,0.77976,0.77985,1.50,1.76
2018.04.19 06:59:11.989,0.77976,0.77987,1.69,4.76
2018.04.19 06:59:12.390,0.77978,0.77988,1.00,3.26
2018.04.19 06:59:12.920,0.77978,0.77988,1.00,2.51
2018.04.19 06:59:13.964,0.77978,0.77988,1.10,2.51
2018.04.19 06:59:17.787,0.77979,0.77988,1.00,1.01
2018.04.19 06:59:18.153,0.7798,0.7799,3.19,1.50
2018.04.19 06:59:19.434,0.77984,0.77993,1.50,5.14
2018.04.19 06:59:19.486,0.77985,0.77993,1.00,2.44
2018.04.19 06:59:19.636,0.77983,0.77992,1.00,5.06
2018.04.19 06:59:20.052,0.7798,0.77989,1.57,1.12
2018.04.19 06:59:20.156,0.77984,0.77992,1.12,1.12
2018.04.19 06:59:20.305,0.77984,0.77994,4.50,1.10
2018.04.19 06:59:20.358,0.77986,0.77995,2.25,2.62
2018.04.19 06:59:20.563,0.77987,0.77997,1.25,1.39
2018.04.19 06:59:23.462,0.77987,0.77996,1.10,2.62
2018.04.19 06:59:23.568,0.77986,0.77991,1.10,1.00
2018.04.19 06:59:23.779,0.77986,0.77994,1.12,1.19
2018.04.19 06:59:23.838,0.77986,0.77996,1.12,4.01
2018.04.19 06:59:24.374,0.77987,0.77997,1.29,2.32
2018.04.19 06:59:24.427,0.77987,0.77998,1.39,2.81
2018.04.19 06:59:24.786,0.77988,0.77999,1.39,2.25
2018.04.19 06:59:25.458,0.77989,0.77999,2.51,1.00
2018.04.19 06:59:26.005,0.77989,0.77999,2.14,1.00
2018.04.19 06:59:26.640,0.77991,0.78001,3.00,1.39
2018.04.19 06:59:26.950,0.77996,0.78003,1.12,1.00
2018.04.19 06:59:27.255,0.77992,0.78001,2.25,2.44
2018.04.19 06:59:27.309,0.7799,0.78,4.57,1.69
2018.04.19 06:59:27.516,0.77989,0.77999,3.07,1.69
2018.04.19 06:59:27.776,0.77991,0.78001,1.12,2.14
2018.04.19 06:59:27.829,0.77992,0.78002,1.25,1.50
2018.04.19 06:59:27.976,0.77994,0.78002,1.00,2.14
2018.04.19 06:59:28.028,0.77992,0.78001,1.00,2.44
2018.04.19 06:59:28.130,0.77992,0.78003,3.19,5.51
2018.04.19 06:59:28.232,0.77994,0.78004,1.00,2.06
2018.04.19 06:59:28.760,0.77994,0.78002,1.00,1.50
2018.04.19 06:59:28.816,0.77991,0.78002,4.01,4.01
2018.04.19 06:59:29.333,0.77991,0.78002,3.19,3.26
2018.04.19 06:59:29.437,0.77993,0.78002,2.44,1.00
2018.04.19 06:59:30.005,0.77992,0.78002,1.50,3.56
2018.04.19 06:59:30.970,0.77991,0.78002,5.25,3.64
2018.04.19 06:59:31.277,0.77989,0.78,1.95,2.14
2018.04.19 06:59:31.779,0.77989,0.77999,3.07,1.20
2018.04.19 06:59:33.170,0.7799,0.78,1.00,1.37
2018.04.19 06:59:33.718,0.7799,0.78001,3.37,1.57
2018.04.19 06:59:34.766,0.7799,0.78001,1.50,3.45
2018.04.19 06:59:35.642,0.7799,0.78,1.00,1.76
2018.04.19 06:59:36.111,0.77992,0.78001,1.25,2.14
2018.04.19 06:59:36.169,0.7799,0.78001,4.31,2.51
2018.04.19 06:59:36.743,0.77991,0.78,1.00,1.57
2018.04.19 06:59:37.269,0.7799,0.78,3.00,1.87
2018.04.19 06:59:37.908,0.77989,0.78,4.76,1.87
2018.04.19 06:59:38.136,0.77996,0.78001,1.00,1.25
2018.04.19 06:59:38.241,0.78,0.78008,1.57,1.00
2018.04.19 06:59:38.347,0.77997,0.78005,1.00,1.50
2018.04.19 06:59:38.710,0.77999,0.78007,2.25,1.37
2018.04.19 06:59:38.763,0.77999,0.78008,2.25,2.25
2018.04.19 06:59:41.919,0.77998,0.78007,1.50,2.25
2018.04.19 06:59:44.360,0.77999,0.78008,1.25,1.20
2018.04.19 06:59:44.879,0.78,0.78009,1.00,2.25
2018.04.19 06:59:45.423,0.78,0.78009,1.01,1.00
2018.04.19 06:59:46.242,0.78001,0.7801,1.00,3.07
2018.04.19 06:59:49.046,0.78001,0.7801,1.00,1.20
2018.04.19 06:59:51.385,0.78001,0.7801,1.50,1.95
2018.04.19 06:59:51.903,0.78001,0.78009,1.00,1.45
2018.04.19 06:59:53.718,0.78001,0.78009,1.00,1.57
2018.04.19 06:59:53.905,0.78,0.78008,2.25,1.20
2018.04.19 06:59:54.112,0.78001,0.7801,1.00,1.39
2018.04.19 06:59:58.132,0.78001,0.7801,1.50,2.51
2018.04.19 06:59:58.676,0.78001,0.7801,1.50,2.51
