2018.04.19 13:00:00.101,0.77804,0.7781,1.00,3.75
2018.04.19 13:00:00.208,0.77799,0.77808,1.00,3.26
2018.04.19 13:00:00.412,0.77798,0.77806,1.20,1.00
2018.04.19 13:00:01.306,0.77797,0.77806,3.94,1.00
2018.04.19 13:00:03.114,0.77797,0.77806,5.89,1.00
2018.04.19 13:00:04.110,0.77801,0.7781,1.31,1.20
2018.04.19 13:00:04.214,0.77802,0.77811,2.06,1.10
2018.04.19 13:00:04.316,0.77802,0.77813,3.64,1.01
2018.04.19 13:00:05.663,0.77802,0.77813,5.89,1.10
2018.04.19 13:00:06.208,0.77803,0.77812,1.12,1.25
2018.04.19 13:00:06.316,0.77801,0.7781,1.32,1.87
2018.04.19 13:00:06.622,0.77799,0.77808,4.57,1.57
2018.04.19 13:00:07.172,0.77798,0.77808,1.76,1.19
2018.04.19 13:00:08.325,0.77797,0.77808,5.14,1.29
2018.04.19 13:00:09.377,0.77798,0.77808,1.50,2.51
2018.04.19 13:00:09.726,0.77801,0.7781,1.87,1.50
2018.04.19 13:00:10.241,0.77802,0.77812,1.20,1.20
2018.04.19 13:00:10.936,0.77803,0.77811,1.87,1.10
2018.04.19 13:00:12.540,0.77803,0.77813,1.87,1.57
2018.04.19 13:00:13.056,0.77803,0.77813,1.95,1.95
2018.04.19 13:00:13.399,0.77801,0.7781,1.10,4.13
2018.04.19 13:00:13.711,0.77797,0.77807,1.76,4.01
2018.04.19 13:00:14.253,0.77797,0.77806,1.69,1.31
2018.04.19 13:00:14.587,0.77801,0.77811,1.50,3.64
2018.04.19 13:00:15.092,0.77801,0.77812,4.76,1.45
2018.04.19 13:00:15.143,0.77803,0.77812,1.57,1.10
2018.04.19 13:00:15.662,0.77802,0.77811,1.95,1.10
2018.04.19 13:00:16.444,0.778,0.77811,2.14,5.51
2018.04.19 13:00:16.839,0.77799,0.77811,4.39,7.39
2018.04.19 13:00:17.586,0.77799,0.77809,3.19,3.07
2018.04.19 13:00:18.426,0.77799,0.77809,1.69,1.29
2018.04.19 13:00:18.884,0.77798,0.77807,1.95,2.06
2018.04.19 13:00:18.937,0.77797,0.77806,1.10,1.39
2018.04.19 13:00:19.364,0.77795,0.77805,3.75,3.07
2018.04.19 13:00:19.878,0.77795,0.77804,1.50,1.00
2018.04.19 13:00:20.566,0.77794,0.77804,4.20,1.00
2018.04.19 13:00:21.076,0.77795,0.77804,1.69,1.00
2018.04.19 13:00:21.600,0.77796,0.77805,2.81,1.00
2018.04.19 13:00:22.151,0.77797,0.77805,1.00,1.00
2018.04.19 13:00:22.692,0.77798,0.77806,1.50,1.07
2018.04.19 13:00:23.235,0.77798,0.77806,1.50,1.12
2018.04.19 13:00:23.751,0.77797,0.77806,2.25,1.00
2018.04.19 13:00:24.523,0.77796,0.77806,3.37,2.70
2018.04.19 13:00:24.832,0.77796,0.77804,4.87,1.00
2018.04.19 13:00:25.762,0.77794,0.77804,3.26,1.00
2018.04.19 13:00:26.288,0.77795,0.77803,2.62,1.00
2018.04.19 13:00:26.651,0.77798,0.77807,1.50,2.70
2018.04.19 13:00:26.704,0.77798,0.77807,1.50,1.50
2018.04.19 13:00:29.183,0.77796,0.77806,4.76,1.00
2018.04.19 13:00:29.726,0.77796,0.77805,2.70,1.00
2018.04.19 13:00:31.185,0.77797,0.77807,2.51,3.82
2018.04.19 13:00:31.694,0.77796,0.77807,4.39,2.62
2018.04.19 13:00:32.241,0.77796,0.77807,3.26,3.26
2018.04.19 13:00:41.110,0.77797,0.77807,3.26,1.12
2018.04.19 13:00:41.166,0.778,0.77807,1.00,1.12
2018.04.19 13:00:41.301,0.77798,0.77807,1.76,1.12
2018.04.19 13:00:41.929,0.77799,0.77807,1.00,1.12
2018.04.19 13:00:42.574,0.77798,0.77807,1.76,1.12
2018.04.19 13:00:48.789,0.77799,0.77807,1.00,1.12
2018.04.19 13:00:48.945,0.77801,0.77809,1.00,1.00
2018.04.19 13:00:49.165,0.77802,0.77812,1.87,1.01
2018.04.19 13:00:50.511,0.77802,0.77811,1.20,1.10
2018.04.19 13:00:59.098,0.77802,0.77811,3.07,1.00
2018.04.19 13:01:06.376,0.778,0.77809,2.70,3.24
2018.04.19 13:01:06.428,0.778,0.77809,1.45,1.50
2018.04.19 13:01:06.568,0.778,0.77809,1.00,3.00
2018.04.19 13:01:06.844,0.77801,0.77811,6.19,2.51
2018.04.19 13:01:07.153,0.77802,0.77812,2.89,1.19
2018.04.19 13:01:14.610,0.77802,0.77813,4.01,2.89
2018.04.19 13:01:16.966,0.77802,0.77813,3.82,2.89
2018.04.19 13:01:17.564,0.77802,0.77813,2.32,2.89
2018.04.19 13:01:17.616,0.77802,0.77813,1.95,7.39
2018.04.19 13:01:18.149,0.77802,0.77812,1.95,1.00
2018.04.19 13:01:19.546,0.77801,0.77811,1.95,1.00
2018.04.19 13:01:22.526,0.77801,0.7781,1.95,1.00
2018.04.19 13:01:22.680,0.778,0.7781,1.10,4.87
2018.04.19 13:01:22.731,0.77799,0.77808,2.70,1.00
2018.04.19 13:01:22.834,0.77799,0.77808,1.20,1.00
2018.04.19 13:01:22.989,0.778,0.7781,4.76,2.25
2018.04.19 13:01:23.971,0.77801,0.77811,1.95,1.69
2018.04.19 13:01:24.507,0.778,0.7781,2.32,1.00
2018.04.19 13:01:26.259,0.778,0.77809,1.07,1.50
2018.04.19 13:01:26.767,0.778,0.77809,1.20,2.25
2018.04.19 13:01:27.906,0.778,0.77808,1.10,1.00
2018.04.19 13:01:29.804,0.77798,0.77807,2.32,1.00
2018.04.19 13:01:31.179,0.77798,0.77807,1.20,1.00
2018.04.19 13:01:40.784,0.77797,0.77807,4.01,2.62
2018.04.19 13:01:42.764,0.77801,0.77808,1.00,1.57
2018.04.19 13:01:42.993,0.77801,0.77812,4.01,2.14
2018.04.19 13:01:43.395,0.77802,0.77813,1.01,3.07
2018.04.19 13:01:45.033,0.77803,0.77814,2.51,2.51
2018.04.19 13:01:45.382,0.77807,0.77816,3.00,1.20
2018.04.19 13:01:46.261,0.77808,0.77817,4.20,1.50
2018.04.19 13:01:46.563,0.77812,0.77822,1.69,1.10
2018.04.19 13:01:47.075,0.77813,0.77823,1.10,2.81
2018.04.19 13:01:47.372,0.77814,0.77825,4.01,3.45
2018.04.19 13:01:47.424,0.77816,0.77825,2.32,1.10
2018.04.19 13:01:48.164,0.77816,0.77826,1.10,1.12
2018.04.19 13:01:48.951,0.77815,0.77825,2.70,1.00
2018.04.19 13:01:49.536,0.77815,0.77826,4.76,1.31
2018.04.19 13:01:51.760,0.77817,0.77827,1.50,1.39
2018.04.19 13:01:52.204,0.77818,0.77828,1.07,4.01
2018.04.19 13:01:52.731,0.77817,0.77827,1.07,2.51
2018.04.19 13:01:53.281,0.77817,0.77827,2.32,2.06
2018.04.19 13:01:54.109,0.77817,0.77827,1.10,2.81
2018.04.19 13:01:58.491,0.77816,0.77827,3.07,5.14
2018.04.19 13:02:00.125,0.77817,0.77827,1.00,3.64
2018.04.19 13:02:00.650,0.77817,0.77827,1.07,1.39
2018.04.19 13:02:01.962,0.77816,0.77828,1.10,5.32
2018.04.19 13:02:02.472,0.77816,0.77828,1.10,6.07
2018.04.19 13:02:03.807,0.77816,0.77826,2.32,1.50
2018.04.19 13:02:04.474,0.77816,0.77826,2.70,1.57
2018.04.19 13:02:05.598,0.77816,0.77825,1.95,1.00
2018.04.19 13:02:06.957,0.77816,0.77827,1.95,2.51
2018.04.19 13:02:07.959,0.77816,0.77826,1.95,1.10
2018.04.19 13:02:08.897,0.77816,0.77825,1.20,1.75
2018.04.19 13:02:08.949,0.77812,0.7782,1.19,2.25
2018.04.19 13:02:09.000,0.7781,0.7782,3.45,5.44
2018.04.19 13:02:09.155,0.77808,0.77818,3.82,2.06
2018.04.19 13:02:09.686,0.77808,0.77818,2.70,2.44
2018.04.19 13:02:09.945,0.7781,0.77819,1.00,1.50
2018.04.19 13:02:10.102,0.77813,0.77823,2.70,1.12
2018.04.19 13:02:10.205,0.77814,0.77823,2.70,1.12
2018.04.19 13:02:13.299,0.77815,0.77824,1.10,1.00
2018.04.19 13:02:13.644,0.77811,0.77819,1.57,1.31
2018.04.19 13:02:14.603,0.77811,0.77819,1.76,1.12
2018.04.19 13:02:15.129,0.77811,0.7782,1.95,4.31
2018.04.19 13:02:15.785,0.77811,0.7782,1.39,1.25
2018.04.19 13:02:16.628,0.77811,0.7782,4.20,2.25
2018.04.19 13:02:16.833,0.77813,0.77823,1.00,1.39
2018.04.19 13:02:17.349,0.77814,0.77824,1.10,2.81
2018.04.19 13:02:18.032,0.77814,0.77824,1.10,4.31
2018.04.19 13:02:18.489,0.77814,0.77824,2.70,3.56
2018.04.19 13:02:27.008,0.77817,0.77825,1.00,1.00
2018.04.19 13:02:27.543,0.77817,0.77825,1.20,1.00
2018.04.19 13:02:31.604,0.77816,0.77827,2.89,2.14
2018.04.19 13:02:32.236,0.77816,0.77825,2.32,1.00
2018.04.19 13:02:44.135,0.77816,0.77826,3.07,1.95
2018.04.19 13:02:44.715,0.77817,0.77826,1.20,1.50
2018.04.19 13:02:46.612,0.77816,0.77827,3.07,4.87
2018.04.19 13:02:46.715,0.77816,0.77827,3.07,4.87
2018.04.19 13:02:49.843,0.77816,0.77827,3.82,4.12
2018.04.19 13:02:49.897,0.77819,0.77828,1.00,1.87
2018.04.19 13:02:50.209,0.77821,0.77831,1.95,1.87
2018.04.19 13:02:50.534,0.77824,0.77831,2.32,1.00
2018.04.19 13:02:50.740,0.77824,0.77834,2.70,1.87
2018.04.19 13:02:50.792,0.77825,0.77834,2.70,1.12
2018.04.19 13:02:50.896,0.77827,0.77837,1.10,1.25
2018.04.19 13:02:51.382,0.77829,0.77838,2.32,1.39
2018.04.19 13:02:51.693,0.7783,0.77839,1.20,1.00
2018.04.19 13:02:51.796,0.77829,0.77839,1.57,1.69
2018.04.19 13:02:52.487,0.77829,0.77839,3.45,2.44
2018.04.19 13:02:53.330,0.7783,0.77839,1.10,3.26
2018.04.19 13:02:54.783,0.7783,0.77839,1.10,1.76
2018.04.19 13:02:56.791,0.7783,0.77838,2.70,1.00
2018.04.19 13:02:56.844,0.77832,0.77841,1.50,1.76
2018.04.19 13:02:57.394,0.7783,0.77839,1.57,1.50
2018.04.19 13:02:57.935,0.7783,0.77839,1.95,3.00
2018.04.19 13:02:58.448,0.7783,0.77839,1.57,3.82
2018.04.19 13:02:58.967,0.7783,0.77839,1.10,2.89
2018.04.19 13:02:59.123,0.77828,0.77838,2.14,2.44
2018.04.19 13:03:08.078,0.77829,0.77838,1.50,2.06
2018.04.19 13:03:11.079,0.7783,0.77837,1.00,2.25
2018.04.19 13:03:13.778,0.77829,0.77837,1.50,1.25
2018.04.19 13:03:23.274,0.77831,0.77839,2.25,1.69
2018.04.19 13:03:23.796,0.7783,0.77838,1.50,1.39
2018.04.19 13:03:24.650,0.77829,0.77838,1.01,1.39
2018.04.19 13:03:25.224,0.77829,0.77838,1.10,1.39
2018.04.19 13:03:25.832,0.77831,0.77839,1.00,1.76
2018.04.19 13:03:25.884,0.77831,0.7784,3.07,1.00
2018.04.19 13:03:26.408,0.77832,0.77841,1.69,1.50
2018.04.19 13:03:26.953,0.77832,0.77843,2.89,3.82
2018.04.19 13:03:27.828,0.77831,0.77839,1.39,1.50
2018.04.19 13:03:27.946,0.77829,0.77839,1.39,5.14
2018.04.19 13:03:28.600,0.77829,0.77838,1.10,3.26
2018.04.19 13:03:39.980,0.77829,0.77838,1.01,1.69
2018.04.19 13:03:40.533,0.77828,0.77837,4.20,1.50
2018.04.19 13:03:42.040,0.77828,0.77837,3.07,1.50
2018.04.19 13:03:42.141,0.77828,0.77837,2.70,1.50
2018.04.19 13:03:44.127,0.77828,0.77837,1.10,1.50
2018.04.19 13:03:44.628,0.77828,0.77837,1.95,1.50
2018.04.19 13:03:46.560,0.77828,0.77837,1.10,1.50
2018.04.19 13:03:49.250,0.77828,0.77837,1.10,2.51
2018.04.19 13:04:06.939,0.77827,0.77837,3.82,2.44
2018.04.19 13:04:07.491,0.77827,0.77837,4.01,2.44
2018.04.19 13:04:08.040,0.77828,0.77837,1.29,1.12
2018.04.19 13:04:11.635,0.77827,0.77837,2.51,1.19
2018.04.19 13:04:12.153,0.77827,0.77837,2.32,1.25
2018.04.19 13:04:24.319,0.77826,0.77837,2.51,1.25
2018.04.19 13:04:24.924,0.77827,0.77837,2.89,1.25
2018.04.19 13:04:25.248,0.7783,0.77838,1.00,2.51
2018.04.19 13:04:25.301,0.7783,0.7784,4.20,1.69
2018.04.19 13:04:25.406,0.77832,0.77843,1.10,4.01
2018.04.19 13:04:25.915,0.77832,0.77843,1.95,3.19
2018.04.19 13:04:26.443,0.77831,0.77842,1.95,5.89
2018.04.19 13:04:26.495,0.7783,0.77839,3.45,2.25
2018.04.19 13:04:26.547,0.7783,0.77839,1.95,1.50
2018.04.19 13:04:27.060,0.7783,0.77841,7.39,1.19
2018.04.19 13:04:27.566,0.77831,0.77841,1.39,1.19
2018.04.19 13:04:28.276,0.77833,0.77842,2.44,1.87
2018.04.19 13:04:28.788,0.77833,0.77843,3.82,1.25
2018.04.19 13:04:31.076,0.77834,0.77844,1.57,2.62
2018.04.19 13:04:34.069,0.77833,0.77841,1.01,1.87
2018.04.19 13:04:38.035,0.77833,0.77843,1.57,1.12
2018.04.19 13:04:38.138,0.77834,0.77844,3.45,3.45
2018.04.19 13:04:39.167,0.77835,0.77845,2.70,3.37
2018.04.19 13:04:39.680,0.77836,0.77846,1.20,1.50
2018.04.19 13:04:40.818,0.77836,0.77846,1.20,1.00
2018.04.19 13:04:41.554,0.77835,0.77847,4.20,4.50
2018.04.19 13:04:42.104,0.77835,0.77847,4.20,4.57
2018.04.19 13:04:42.562,0.77835,0.77847,7.95,6.64
2018.04.19 13:04:50.341,0.77836,0.77848,3.26,1.76
2018.04.19 13:04:53.901,0.77837,0.77847,1.45,1.19
2018.04.19 13:04:54.112,0.77831,0.77842,1.95,4.63
2018.04.19 13:04:54.165,0.77833,0.77843,1.20,1.69
2018.04.19 13:04:54.405,0.77835,0.77846,1.57,5.89
2018.04.19 13:04:54.458,0.77835,0.77846,1.20,5.32
2018.04.19 13:04:54.927,0.77835,0.77845,1.57,1.12
2018.04.19 13:04:55.477,0.77835,0.77846,1.70,5.70
2018.04.19 13:04:56.172,0.77835,0.77845,1.01,1.50
2018.04.19 13:04:56.960,0.77835,0.77845,3.45,2.62
2018.04.19 13:04:59.516,0.77835,0.77845,4.20,1.87
2018.04.19 13:05:02.190,0.77836,0.77845,2.51,1.00
2018.04.19 13:05:02.745,0.77836,0.77847,2.51,2.81
2018.04.19 13:05:12.603,0.77838,0.77847,1.00,2.25
2018.04.19 13:05:13.137,0.77837,0.77846,1.57,1.12
2018.04.19 13:05:18.363,0.77837,0.77847,3.07,1.12
2018.04.19 13:05:18.903,0.77837,0.77847,3.45,1.12
2018.04.19 13:05:23.499,0.77838,0.77847,1.00,2.32
2018.04.19 13:05:25.109,0.77837,0.77847,1.57,1.95
2018.04.19 13:05:32.545,0.77837,0.77845,1.00,1.00
2018.04.19 13:05:35.809,0.77833,0.77841,1.50,2.14
2018.04.19 13:05:35.861,0.77831,0.77841,3.00,1.95
2018.04.19 13:05:35.914,0.77831,0.77843,5.89,1.57
2018.04.19 13:05:36.070,0.77831,0.77844,4.76,2.89
2018.04.19 13:05:36.121,0.77829,0.77838,1.20,1.00
2018.04.19 13:05:36.636,0.77828,0.77837,1.20,1.20
2018.04.19 13:05:38.189,0.77831,0.77838,2.25,1.00
2018.04.19 13:05:38.241,0.77831,0.77841,2.70,1.10
2018.04.19 13:05:38.756,0.77832,0.77842,2.70,1.01
2018.04.19 13:05:39.685,0.77834,0.77842,1.00,1.10
2018.04.19 13:05:39.946,0.77835,0.77845,1.57,2.81
2018.04.19 13:05:41.115,0.77835,0.77845,2.32,2.32
2018.04.19 13:05:46.919,0.77835,0.77845,1.57,1.76
2018.04.19 13:05:47.573,0.77835,0.77845,1.57,1.00
2018.04.19 13:05:51.158,0.77834,0.77844,3.07,1.00
2018.04.19 13:05:51.687,0.77834,0.77843,1.10,1.95
2018.04.19 13:05:52.555,0.77833,0.77844,2.70,3.82
2018.04.19 13:05:53.206,0.77834,0.77844,1.50,1.10
2018.04.19 13:05:53.723,0.77834,0.77845,1.76,1.20
2018.04.19 13:06:01.140,0.77835,0.77845,2.89,1.12
2018.04.19 13:06:03.635,0.77836,0.77846,3.37,1.39
2018.04.19 13:06:05.356,0.77836,0.77846,2.32,2.14
2018.04.19 13:06:05.976,0.77836,0.77846,1.57,1.25
2018.04.19 13:06:07.643,0.77836,0.77846,2.70,2.14
2018.04.19 13:06:10.939,0.77838,0.77846,1.00,1.20
2018.04.19 13:06:11.303,0.77838,0.77848,3.00,2.51
2018.04.19 13:06:15.005,0.77838,0.77847,1.00,1.01
2018.04.19 13:06:15.349,0.77836,0.77845,3.00,1.25
2018.04.19 13:06:15.767,0.7783,0.7784,2.14,2.89
2018.04.19 13:06:15.872,0.77828,0.77838,2.51,1.69
2018.04.19 13:06:16.338,0.77827,0.77837,2.25,1.39
2018.04.19 13:06:16.779,0.77828,0.77837,2.25,1.25
2018.04.19 13:06:17.327,0.77828,0.77837,1.00,1.01
2018.04.19 13:06:17.837,0.77828,0.77838,1.00,2.89
2018.04.19 13:06:18.278,0.77829,0.77838,1.00,1.45
2018.04.19 13:06:18.383,0.77829,0.77839,5.44,1.01
2018.04.19 13:06:18.849,0.7783,0.7784,1.50,2.14
2018.04.19 13:06:19.191,0.77835,0.77845,3.00,1.10
2018.04.19 13:06:19.401,0.77837,0.77847,4.87,1.10
2018.04.19 13:06:19.944,0.77836,0.77847,5.51,4.39
2018.04.19 13:06:25.338,0.77836,0.77846,3.07,1.39
2018.04.19 13:06:25.441,0.77835,0.77843,1.95,1.00
2018.04.19 13:06:25.493,0.77834,0.77845,1.57,4.39
2018.04.19 13:06:25.996,0.77835,0.77845,1.00,4.20
2018.04.19 13:06:28.131,0.77836,0.77846,2.62,1.10
2018.04.19 13:06:28.642,0.77836,0.77847,1.17,3.45
2018.04.19 13:06:28.746,0.77837,0.77848,4.20,2.32
2018.04.19 13:06:29.262,0.77839,0.77847,1.00,1.00
2018.04.19 13:06:40.873,0.7784,0.77848,1.50,1.00
2018.04.19 13:06:40.924,0.77842,0.7785,1.00,1.20
2018.04.19 13:06:41.230,0.7784,0.77849,1.20,1.10
2018.04.19 13:06:41.758,0.7784,0.77848,1.00,1.00
2018.04.19 13:06:42.268,0.77839,0.77848,1.00,1.00
2018.04.19 13:06:43.487,0.77838,0.77848,3.07,1.00
2018.04.19 13:06:46.810,0.77839,0.77848,1.00,1.00
2018.04.19 13:06:47.602,0.77838,0.77848,3.07,1.00
2018.04.19 13:06:48.149,0.77839,0.77848,1.00,1.00
2018.04.19 13:06:48.734,0.77838,0.77848,3.07,1.00
2018.04.19 13:06:49.251,0.77838,0.77847,2.25,1.00
2018.04.19 13:06:50.236,0.77839,0.77847,1.00,1.00
2018.04.19 13:06:50.740,0.77838,0.77847,2.70,1.00
2018.04.19 13:06:51.295,0.77838,0.77846,1.00,1.00
2018.04.19 13:06:54.550,0.7784,0.77846,1.00,1.57
2018.04.19 13:06:54.708,0.77838,0.77846,1.50,1.10
2018.04.19 13:06:56.773,0.77838,0.77847,1.12,1.00
2018.04.19 13:06:56.825,0.77839,0.77847,1.50,1.00
2018.04.19 13:06:57.237,0.77838,0.77847,5.25,1.00
2018.04.19 13:07:11.267,0.7784,0.77848,1.37,1.07
2018.04.19 13:07:11.319,0.77838,0.77848,3.26,1.20
2018.04.19 13:07:26.781,0.77838,0.77848,1.20,1.20
2018.04.19 13:07:29.357,0.77837,0.77847,2.14,1.47
2018.04.19 13:07:29.515,0.77836,0.77847,3.45,2.89
2018.04.19 13:07:29.826,0.77837,0.77847,1.95,2.44
2018.04.19 13:07:30.332,0.77837,0.77847,1.10,2.14
2018.04.19 13:07:31.534,0.77837,0.77847,1.10,2.51
2018.04.19 13:07:32.312,0.77837,0.77847,1.10,5.51
2018.04.19 13:07:34.155,0.77832,0.77841,7.01,1.18
2018.04.19 13:07:34.466,0.77833,0.77844,4.95,3.45
2018.04.19 13:07:36.009,0.77834,0.77844,3.07,2.25
2018.04.19 13:07:36.646,0.77835,0.77844,4.50,1.00
2018.04.19 13:07:37.147,0.77836,0.77845,3.64,1.10
2018.04.19 13:07:40.280,0.77836,0.77845,2.14,1.00
2018.04.19 13:07:40.793,0.77836,0.77846,4.39,1.12
2018.04.19 13:07:47.828,0.77838,0.77846,1.57,1.00
2018.04.19 13:07:48.349,0.77838,0.77846,1.10,1.00
2018.04.19 13:07:49.140,0.77838,0.77848,1.10,2.14
2018.04.19 13:07:50.258,0.77838,0.77848,1.20,1.76
2018.04.19 13:07:50.855,0.77838,0.77847,1.00,3.56
2018.04.19 13:07:51.425,0.77838,0.77847,1.00,3.37
2018.04.19 13:07:51.926,0.77837,0.77847,1.57,3.37
2018.04.19 13:07:52.819,0.77836,0.77845,2.70,2.25
2018.04.19 13:07:53.144,0.77835,0.77844,1.20,2.44
2018.04.19 13:07:53.683,0.77833,0.77844,4.01,4.76
2018.04.19 13:07:55.779,0.77833,0.77844,7.01,1.76
2018.04.19 13:07:55.884,0.77835,0.77846,4.01,2.14
2018.04.19 13:07:55.936,0.77836,0.77847,5.32,4.20
2018.04.19 13:07:56.479,0.77837,0.77846,1.20,1.00
2018.04.19 13:07:57.098,0.77838,0.77848,1.10,2.44
2018.04.19 13:07:57.497,0.77838,0.77848,1.45,1.69
2018.04.19 13:08:01.947,0.77838,0.77849,1.20,9.45
2018.04.19 13:08:02.796,0.77838,0.77846,1.00,1.00
2018.04.19 13:08:03.377,0.77837,0.77848,1.57,7.95
2018.04.19 13:08:10.807,0.77836,0.77846,3.82,2.06
2018.04.19 13:08:11.369,0.77836,0.77846,4.20,1.31
2018.04.19 13:08:12.272,0.77836,0.77846,4.95,2.06
2018.04.19 13:08:12.611,0.77836,0.77844,4.95,1.00
2018.04.19 13:08:14.851,0.77834,0.77841,1.20,1.50
2018.04.19 13:08:14.945,0.77832,0.77841,3.07,2.62
2018.04.19 13:08:14.997,0.77831,0.77841,1.10,4.31
2018.04.19 13:08:15.203,0.77829,0.77839,1.01,1.87
2018.04.19 13:08:15.678,0.77825,0.77835,4.95,1.00
2018.04.19 13:08:16.221,0.77826,0.77837,1.50,4.01
2018.04.19 13:08:17.461,0.77826,0.77837,1.50,4.01
2018.04.19 13:08:18.006,0.77826,0.77836,1.87,1.07
2018.04.19 13:08:18.733,0.77825,0.77836,4.57,1.95
2018.04.19 13:08:19.252,0.77826,0.77836,1.50,1.57
2018.04.19 13:08:20.102,0.77826,0.77836,1.00,2.32
2018.04.19 13:08:21.265,0.77825,0.77836,2.32,2.89
2018.04.19 13:08:21.786,0.77825,0.77835,1.87,1.20
2018.04.19 13:08:22.804,0.77824,0.77835,1.57,1.57
2018.04.19 13:08:23.347,0.77824,0.77834,3.07,1.00
2018.04.19 13:08:24.788,0.77824,0.77835,1.57,1.57
2018.04.19 13:08:25.544,0.77824,0.77834,2.32,1.00
2018.04.19 13:08:26.143,0.77824,0.77835,1.57,1.57
2018.04.19 13:08:26.691,0.77825,0.77835,1.00,2.32
2018.04.19 13:08:27.254,0.77825,0.77834,1.00,1.00
2018.04.19 13:08:32.582,0.77825,0.77836,1.12,1.45
2018.04.19 13:08:36.408,0.77825,0.77836,2.70,3.07
2018.04.19 13:08:41.419,0.77824,0.77835,2.25,5.14
2018.04.19 13:08:42.012,0.77825,0.77834,1.10,1.20
2018.04.19 13:08:44.791,0.77826,0.77835,1.00,1.20
2018.04.19 13:08:45.163,0.77826,0.77836,1.00,1.76
2018.04.19 13:08:47.779,0.77826,0.77836,1.20,1.39
2018.04.19 13:08:48.464,0.77826,0.77836,1.20,2.51
2018.04.19 13:08:49.124,0.77827,0.77836,1.10,1.95
2018.04.19 13:08:49.654,0.77828,0.77836,1.00,1.57
2018.04.19 13:08:50.195,0.77827,0.77836,1.57,1.57
2018.04.19 13:08:51.046,0.77828,0.77836,1.00,1.10
2018.04.19 13:08:51.897,0.77827,0.77836,1.57,1.10
2018.04.19 13:08:52.404,0.77826,0.77836,2.51,1.57
2018.04.19 13:09:05.710,0.77825,0.77835,1.50,2.51
2018.04.19 13:09:06.337,0.77821,0.77829,1.00,3.37
2018.04.19 13:09:06.698,0.77818,0.77827,5.14,1.37
2018.04.19 13:09:08.597,0.77818,0.77827,1.76,1.37
2018.04.19 13:09:13.676,0.77816,0.77827,1.76,3.07
2018.04.19 13:09:20.180,0.77817,0.77827,1.29,3.00
2018.04.19 13:09:20.233,0.77821,0.77826,1.50,1.00
2018.04.19 13:09:20.286,0.77822,0.77832,1.50,1.29
2018.04.19 13:09:20.441,0.77821,0.77831,4.95,1.00
2018.04.19 13:09:21.017,0.77821,0.77831,5.32,1.00
2018.04.19 13:09:21.828,0.77823,0.77831,1.50,1.12
2018.04.19 13:09:26.353,0.77822,0.77831,1.10,5.62
2018.04.19 13:09:27.189,0.7782,0.77831,2.89,7.95
2018.04.19 13:09:27.548,0.7782,0.77831,2.14,4.01
2018.04.19 13:09:27.933,0.77821,0.77829,1.20,1.87
2018.04.19 13:09:30.241,0.77819,0.77828,3.26,1.00
2018.04.19 13:09:30.750,0.77819,0.77829,4.01,3.00
2018.04.19 13:09:31.275,0.77819,0.77829,4.01,3.37
2018.04.19 13:09:32.368,0.77822,0.77829,2.25,1.50
2018.04.19 13:09:32.420,0.77824,0.77833,1.00,3.00
2018.04.19 13:09:32.573,0.77824,0.77833,5.89,1.00
2018.04.19 13:09:32.625,0.77825,0.77835,1.39,2.89
2018.04.19 13:09:33.146,0.77825,0.77835,1.64,2.81
2018.04.19 13:09:33.703,0.77825,0.77835,1.64,3.19
2018.04.19 13:09:36.136,0.77825,0.77835,5.14,2.81
2018.04.19 13:09:37.008,0.77825,0.77835,4.39,2.81
2018.04.19 13:09:38.601,0.77825,0.77835,3.26,2.89
2018.04.19 13:09:39.382,0.77826,0.77835,1.19,2.70
2018.04.19 13:09:41.396,0.77826,0.77835,1.29,1.95
2018.04.19 13:09:47.451,0.77827,0.77836,1.25,1.50
2018.04.19 13:09:48.728,0.77827,0.77836,1.25,1.95
2018.04.19 13:09:49.245,0.77827,0.77836,1.01,1.57
2018.04.19 13:09:56.401,0.77826,0.77836,1.76,3.07
2018.04.19 13:09:56.985,0.77825,0.77835,1.69,3.07
2018.04.19 13:09:57.091,0.77825,0.77833,1.25,1.45
2018.04.19 13:10:02.316,0.77824,0.77832,1.69,1.95
2018.04.19 13:10:05.986,0.77824,0.77832,2.06,1.00
2018.04.19 13:10:06.605,0.77823,0.77832,2.81,1.00
2018.04.19 13:10:09.091,0.77824,0.77832,1.62,1.00
2018.04.19 13:10:09.672,0.77823,0.77832,3.94,1.00
2018.04.19 13:10:11.835,0.77823,0.77832,1.69,1.95
2018.04.19 13:10:11.992,0.77818,0.77828,3.75,3.26
2018.04.19 13:10:12.098,0.77815,0.77826,2.89,1.50
2018.04.19 13:10:12.262,0.77815,0.77825,1.50,2.32
2018.04.19 13:10:12.572,0.77813,0.77823,3.56,2.32
2018.04.19 13:10:12.727,0.77813,0.77822,1.25,3.45
2018.04.19 13:10:14.877,0.77812,0.77821,2.81,1.95
2018.04.19 13:10:15.709,0.77812,0.77821,2.81,1.95
2018.04.19 13:10:16.610,0.77813,0.77821,1.00,1.20
2018.04.19 13:10:18.198,0.77811,0.7782,1.00,1.20
2018.04.19 13:10:18.431,0.7781,0.77819,1.50,1.95
2018.04.19 13:10:18.890,0.77812,0.7782,1.00,1.20
2018.04.19 13:10:19.189,0.77811,0.77821,3.19,1.20
2018.04.19 13:10:19.740,0.77812,0.77821,1.37,1.95
2018.04.19 13:10:21.109,0.77811,0.77821,2.81,1.20
2018.04.19 13:10:28.784,0.7781,0.77819,2.89,1.00
2018.04.19 13:10:29.312,0.77809,0.7782,4.12,2.32
2018.04.19 13:10:29.835,0.77811,0.7782,1.31,1.95
2018.04.19 13:10:30.338,0.77811,0.7782,1.00,1.45
2018.04.19 13:10:31.619,0.77809,0.77819,1.87,1.57
2018.04.19 13:10:31.773,0.77809,0.77818,1.50,1.20
2018.04.19 13:10:32.420,0.77808,0.77818,3.00,2.70
2018.04.19 13:10:32.983,0.77809,0.77818,1.50,1.95
2018.04.19 13:10:35.123,0.77811,0.77818,1.00,1.20
2018.04.19 13:10:35.177,0.77811,0.77821,1.00,3.26
2018.04.19 13:10:35.713,0.77812,0.77821,1.00,1.95
2018.04.19 13:10:38.174,0.77811,0.77821,3.07,1.45
2018.04.19 13:10:38.430,0.77812,0.77821,3.56,1.45
2018.04.19 13:10:40.238,0.77813,0.77821,1.87,1.95
2018.04.19 13:10:40.958,0.77813,0.77822,1.87,1.95
2018.04.19 13:10:41.841,0.77813,0.77821,1.87,1.00
2018.04.19 13:10:42.356,0.77813,0.77822,1.87,1.95
2018.04.19 13:10:43.102,0.77813,0.77821,1.87,1.00
2018.04.19 13:10:43.755,0.77813,0.77822,1.87,1.95
2018.04.19 13:10:45.226,0.77813,0.77821,1.87,1.00
2018.04.19 13:10:45.974,0.77813,0.77822,1.87,1.95
2018.04.19 13:10:46.958,0.77812,0.77821,1.50,1.20
2018.04.19 13:10:47.580,0.77813,0.77821,1.50,1.45
2018.04.19 13:10:47.810,0.77811,0.77821,5.51,1.45
2018.04.19 13:10:48.054,0.77807,0.77817,3.64,1.00
2018.04.19 13:10:48.108,0.77807,0.77817,3.00,1.95
2018.04.19 13:10:49.021,0.77808,0.77818,1.00,2.70
2018.04.19 13:10:49.563,0.77809,0.77816,1.00,2.06
2018.04.19 13:10:49.615,0.77806,0.77815,2.25,1.20
2018.04.19 13:10:50.114,0.77808,0.77815,1.00,1.20
2018.04.19 13:10:50.216,0.77808,0.77816,1.00,1.76
2018.04.19 13:10:50.738,0.77808,0.77816,1.00,1.76
2018.04.19 13:10:52.259,0.77807,0.77816,2.44,1.45
2018.04.19 13:10:52.802,0.77808,0.77816,1.00,1.45
2018.04.19 13:10:53.057,0.77806,0.77816,4.01,1.45
2018.04.19 13:10:53.602,0.77807,0.77816,3.00,1.45
2018.04.19 13:10:54.707,0.77807,0.77815,1.50,1.45
2018.04.19 13:10:55.236,0.77806,0.77815,1.69,1.45
2018.04.19 13:10:56.685,0.77806,0.77815,2.44,1.95
2018.04.19 13:10:56.934,0.77809,0.77815,1.00,1.95
2018.04.19 13:10:57.088,0.77806,0.77815,3.56,1.95
2018.04.19 13:10:57.525,0.77804,0.77811,1.76,1.50
2018.04.19 13:10:57.577,0.77801,0.77811,1.07,2.51
2018.04.19 13:10:58.124,0.77802,0.77811,2.25,1.57
2018.04.19 13:10:59.033,0.778,0.7781,3.26,2.06
2018.04.19 13:10:59.548,0.77802,0.7781,3.37,1.45
2018.04.19 13:11:00.069,0.77802,0.77811,2.62,1.20
2018.04.19 13:11:00.329,0.77801,0.7781,1.50,1.45
2018.04.19 13:11:00.491,0.77799,0.77809,2.14,2.32
2018.04.19 13:11:01.439,0.77796,0.77807,4.01,1.39
2018.04.19 13:11:02.070,0.77795,0.77806,4.01,1.39
2018.04.19 13:11:02.639,0.77796,0.77806,1.50,1.39
2018.04.19 13:11:03.166,0.77795,0.77806,4.01,1.39
2018.04.19 13:11:03.692,0.77796,0.77806,1.50,1.39
2018.04.19 13:11:04.390,0.77795,0.77806,4.01,1.39
2018.04.19 13:11:05.051,0.77796,0.77806,1.50,1.39
2018.04.19 13:11:05.639,0.77795,0.77806,4.39,1.39
2018.04.19 13:11:05.795,0.77797,0.77806,1.31,1.95
2018.04.19 13:11:06.203,0.77795,0.77804,2.25,1.12
2018.04.19 13:11:06.784,0.77796,0.77804,1.00,1.10
2018.04.19 13:11:07.302,0.77795,0.77804,2.51,1.10
2018.04.19 13:11:07.953,0.77795,0.77805,2.51,2.70
2018.04.19 13:11:08.736,0.77796,0.77805,1.50,2.14
2018.04.19 13:11:08.844,0.77795,0.77804,1.50,1.39
2018.04.19 13:11:09.156,0.77793,0.77802,1.50,1.20
2018.04.19 13:11:09.311,0.77792,0.77801,2.62,1.20
2018.04.19 13:11:09.834,0.77792,0.77802,2.62,3.64
2018.04.19 13:11:11.172,0.77791,0.77802,2.81,2.14
2018.04.19 13:11:11.479,0.77791,0.77802,3.56,2.14
2018.04.19 13:11:12.727,0.77793,0.77802,1.87,1.20
2018.04.19 13:11:13.242,0.77793,0.77802,1.87,1.45
2018.04.19 13:11:13.555,0.77795,0.77804,1.19,1.10
2018.04.19 13:11:14.796,0.77795,0.77804,1.00,1.10
2018.04.19 13:11:15.104,0.77793,0.77804,1.12,4.95
2018.04.19 13:11:15.157,0.77793,0.77802,1.12,1.20
2018.04.19 13:11:18.077,0.77793,0.77803,2.62,1.57
2018.04.19 13:11:18.604,0.77793,0.77803,2.25,1.20
2018.04.19 13:11:19.313,0.77794,0.77802,1.87,1.20
2018.04.19 13:11:19.416,0.77794,0.77803,1.87,1.95
2018.04.19 13:11:21.325,0.77793,0.77803,2.44,1.95
2018.04.19 13:11:21.807,0.77792,0.77802,3.56,1.95
2018.04.19 13:11:23.427,0.77792,0.77801,1.25,1.20
2018.04.19 13:11:25.499,0.7779,0.77798,1.07,4.50
2018.04.19 13:11:25.553,0.77786,0.77797,3.26,3.19
2018.04.19 13:11:25.610,0.77785,0.77794,1.20,1.00
2018.04.19 13:11:25.719,0.77783,0.77794,3.45,3.64
2018.04.19 13:11:26.235,0.77783,0.77791,1.50,1.20
2018.04.19 13:11:27.386,0.77783,0.77791,1.50,1.45
2018.04.19 13:11:31.576,0.77782,0.77791,1.87,1.45
2018.04.19 13:11:32.209,0.77781,0.7779,3.00,1.57
2018.04.19 13:11:32.745,0.77782,0.7779,1.00,1.57
2018.04.19 13:11:33.285,0.77781,0.7779,2.25,1.20
2018.04.19 13:11:34.119,0.77782,0.7779,1.00,1.20
2018.04.19 13:11:34.171,0.77779,0.7779,2.89,3.07
2018.04.19 13:11:34.224,0.77779,0.77789,1.95,1.57
2018.04.19 13:11:34.530,0.77778,0.77787,1.00,4.20
2018.04.19 13:11:35.124,0.77777,0.77787,2.81,3.45
2018.04.19 13:11:35.666,0.77778,0.77787,1.00,4.57
2018.04.19 13:11:36.202,0.77777,0.77787,2.44,3.82
2018.04.19 13:11:36.521,0.77782,0.7779,1.50,1.20
2018.04.19 13:11:37.102,0.77782,0.77791,2.81,1.70
2018.04.19 13:11:43.134,0.77782,0.77791,3.19,1.45
2018.04.19 13:11:43.754,0.77782,0.77791,2.44,1.45
2018.04.19 13:11:44.064,0.77782,0.77791,3.19,1.45
2018.04.19 13:11:44.598,0.77782,0.77791,2.44,1.45
2018.04.19 13:11:45.134,0.77782,0.77792,4.31,1.10
2018.04.19 13:11:46.089,0.77782,0.77792,3.19,2.32
2018.04.19 13:11:46.828,0.77782,0.77791,1.95,1.20
2018.04.19 13:11:47.318,0.77782,0.77792,3.37,1.76
2018.04.19 13:11:48.809,0.77782,0.77791,1.50,1.20
2018.04.19 13:11:49.742,0.77783,0.77791,1.50,1.45
2018.04.19 13:11:50.253,0.77781,0.77791,3.64,1.45
2018.04.19 13:11:53.088,0.77782,0.77791,1.50,1.45
2018.04.19 13:11:53.813,0.77782,0.77791,1.00,1.45
2018.04.19 13:11:54.172,0.77781,0.77792,4.39,1.01
2018.04.19 13:11:55.042,0.77782,0.77792,1.00,1.76
2018.04.19 13:11:56.169,0.77782,0.77792,1.50,3.26
2018.04.19 13:11:57.205,0.77782,0.77792,1.50,1.76
2018.04.19 13:11:59.913,0.77782,0.77792,1.69,1.76
2018.04.19 13:12:00.469,0.77782,0.77792,4.01,2.14
2018.04.19 13:12:01.131,0.77782,0.77792,3.26,2.14
2018.04.19 13:12:01.699,0.77782,0.77792,5.51,2.14
2018.04.19 13:12:03.103,0.77782,0.77792,3.26,2.14
2018.04.19 13:12:06.874,0.77782,0.77792,5.51,2.14
2018.04.19 13:12:07.392,0.77782,0.77792,3.26,2.14
2018.04.19 13:12:08.709,0.77782,0.77792,5.51,2.14
2018.04.19 13:12:09.229,0.77782,0.77792,4.61,2.51
2018.04.19 13:12:09.793,0.77782,0.77792,2.89,2.51
2018.04.19 13:12:10.233,0.77783,0.77792,1.22,2.32
2018.04.19 13:12:11.134,0.77783,0.77792,1.22,1.95
2018.04.19 13:12:11.720,0.77783,0.77792,2.47,2.32
2018.04.19 13:12:12.252,0.77783,0.77792,2.47,2.32
2018.04.19 13:12:13.190,0.77783,0.77792,2.47,2.32
2018.04.19 13:12:13.739,0.77783,0.77792,2.47,2.32
2018.04.19 13:12:14.354,0.77784,0.77793,1.72,2.70
2018.04.19 13:12:15.018,0.77784,0.77793,1.50,1.20
2018.04.19 13:12:16.347,0.77784,0.77794,1.91,3.26
2018.04.19 13:12:16.897,0.77784,0.77794,1.91,3.26
2018.04.19 13:12:18.043,0.77784,0.77794,1.91,4.01
2018.04.19 13:12:19.204,0.77784,0.77794,1.91,2.89
2018.04.19 13:12:19.923,0.77784,0.77793,1.47,1.70
2018.04.19 13:12:21.629,0.77784,0.77794,1.47,2.89
2018.04.19 13:12:22.161,0.77785,0.77795,1.91,4.01
2018.04.19 13:12:22.683,0.77785,0.77795,1.47,4.01
2018.04.19 13:12:23.786,0.77785,0.77793,1.00,2.70
2018.04.19 13:12:23.995,0.77782,0.77792,5.89,1.00
2018.04.19 13:12:26.034,0.77782,0.77792,4.69,1.76
2018.04.19 13:12:26.805,0.77782,0.77793,6.26,2.14
2018.04.19 13:12:27.604,0.77783,0.77793,2.06,1.20
2018.04.19 13:12:28.414,0.77783,0.77793,4.31,1.20
2018.04.19 13:12:30.337,0.77783,0.77792,2.06,1.95
2018.04.19 13:12:30.544,0.77783,0.77792,3.19,1.20
2018.04.19 13:12:31.152,0.77783,0.77793,3.19,3.07
2018.04.19 13:12:31.409,0.77781,0.77791,3.82,1.31
2018.04.19 13:12:32.054,0.77782,0.77791,1.00,2.51
2018.04.19 13:12:32.568,0.77782,0.77791,1.37,1.76
2018.04.19 13:12:34.056,0.77781,0.77792,3.75,4.76
2018.04.19 13:12:35.431,0.77781,0.77792,3.37,3.26
2018.04.19 13:12:36.123,0.77781,0.77792,3.75,3.26
2018.04.19 13:12:36.650,0.77782,0.77791,2.06,1.39
2018.04.19 13:12:37.314,0.77782,0.77792,2.06,3.26
2018.04.19 13:12:37.857,0.77782,0.77792,2.44,3.26
2018.04.19 13:12:38.677,0.77782,0.77792,2.06,3.26
2018.04.19 13:12:39.291,0.77782,0.77791,3.56,1.39
2018.04.19 13:12:39.891,0.77782,0.77791,2.06,1.39
2018.04.19 13:12:40.274,0.77781,0.7779,1.57,2.14
2018.04.19 13:12:40.380,0.77779,0.77789,1.50,2.89
2018.04.19 13:12:40.587,0.77779,0.77787,1.50,1.00
2018.04.19 13:12:41.089,0.77778,0.77787,1.12,1.39
2018.04.19 13:12:42.875,0.77776,0.77787,4.69,2.51
2018.04.19 13:12:45.187,0.77776,0.77787,5.44,2.51
2018.04.19 13:12:46.249,0.77778,0.77787,1.69,1.39
2018.04.19 13:12:47.539,0.77776,0.77787,5.06,1.39
2018.04.19 13:12:48.386,0.7778,0.77787,1.50,1.45
2018.04.19 13:12:48.439,0.77781,0.7779,1.87,2.32
2018.04.19 13:12:49.016,0.77781,0.7779,3.00,2.32
2018.04.19 13:12:49.642,0.77781,0.77789,2.25,1.00
2018.04.19 13:12:50.179,0.77781,0.7779,1.00,2.32
2018.04.19 13:12:50.728,0.77777,0.77787,2.89,2.62
2018.04.19 13:12:51.411,0.77777,0.77786,2.06,1.25
2018.04.19 13:12:56.569,0.77776,0.77785,2.25,1.00
2018.04.19 13:12:57.088,0.77775,0.77785,3.26,3.64
2018.04.19 13:12:59.606,0.77777,0.77784,1.00,1.20
2018.04.19 13:12:59.914,0.77777,0.77786,1.25,1.20
2018.04.19 13:13:00.422,0.77777,0.77785,1.69,1.00
2018.04.19 13:13:01.600,0.77776,0.77784,1.25,1.00
2018.04.19 13:13:02.119,0.77775,0.77785,2.06,2.14
2018.04.19 13:13:02.644,0.77776,0.77785,2.44,1.10
2018.04.19 13:13:03.539,0.77775,0.77785,3.94,1.76
2018.04.19 13:13:03.643,0.77774,0.77782,1.57,1.00
2018.04.19 13:13:04.006,0.77772,0.77781,1.69,1.00
2018.04.19 13:13:04.599,0.77772,0.77781,1.87,1.50
2018.04.19 13:13:05.364,0.77772,0.77781,1.87,1.00
2018.04.19 13:13:05.989,0.77772,0.77781,1.87,1.50
2018.04.19 13:13:06.550,0.77772,0.77781,1.12,1.00
2018.04.19 13:13:06.790,0.77769,0.77777,1.10,2.25
2018.04.19 13:13:06.943,0.77767,0.77776,1.69,1.00
2018.04.19 13:13:07.100,0.77764,0.77775,5.89,1.20
2018.04.19 13:13:07.204,0.77765,0.77774,1.12,1.45
2018.04.19 13:13:07.999,0.77766,0.77774,1.00,1.45
2018.04.19 13:13:08.561,0.77764,0.77774,1.95,1.57
2018.04.19 13:13:10.922,0.77763,0.77772,2.81,1.00
2018.04.19 13:13:11.129,0.77762,0.77772,3.56,1.20
2018.04.19 13:13:11.644,0.77763,0.77772,1.87,1.95
2018.04.19 13:13:12.177,0.77763,0.77773,2.25,2.51
2018.04.19 13:13:12.994,0.77763,0.77771,1.00,1.20
2018.04.19 13:13:13.520,0.77762,0.77772,1.62,1.20
2018.04.19 13:13:15.662,0.77766,0.77772,1.00,1.95
2018.04.19 13:13:15.765,0.77764,0.77774,2.25,2.32
2018.04.19 13:13:16.479,0.77765,0.77774,1.00,1.10
2018.04.19 13:13:17.165,0.77765,0.77773,1.00,1.00
2018.04.19 13:13:19.316,0.77763,0.77774,1.85,2.32
2018.04.19 13:13:19.870,0.77764,0.77773,1.37,1.00
2018.04.19 13:13:20.444,0.77763,0.77774,1.85,2.32
2018.04.19 13:13:21.918,0.77763,0.77774,1.85,2.70
2018.04.19 13:13:22.249,0.77763,0.77772,1.37,1.95
2018.04.19 13:13:22.776,0.77763,0.77773,1.12,2.32
2018.04.19 13:13:23.285,0.77763,0.77772,1.37,1.57
2018.04.19 13:13:23.883,0.77763,0.77772,1.00,1.10
2018.04.19 13:13:25.305,0.77763,0.77772,1.00,1.57
2018.04.19 13:13:28.488,0.77763,0.77772,1.37,1.45
2018.04.19 13:13:29.203,0.77763,0.77772,1.12,1.45
2018.04.19 13:13:29.750,0.77763,0.77772,1.37,1.45
2018.04.19 13:13:30.280,0.77763,0.77773,1.27,1.76
2018.04.19 13:13:30.836,0.77763,0.77773,1.52,1.57
2018.04.19 13:13:31.420,0.77763,0.77773,2.02,2.32
2018.04.19 13:13:32.093,0.77763,0.77773,1.62,1.45
2018.04.19 13:13:32.640,0.77763,0.77773,1.62,1.95
2018.04.19 13:13:33.259,0.77763,0.77773,1.62,1.45
2018.04.19 13:13:33.797,0.77763,0.77773,2.09,1.95
2018.04.19 13:13:35.145,0.77763,0.77773,1.62,1.45
2018.04.19 13:13:35.477,0.7777,0.77777,1.50,4.95
2018.04.19 13:13:35.582,0.77771,0.77779,1.69,1.20
2018.04.19 13:13:35.635,0.77772,0.77781,1.69,1.39
2018.04.19 13:13:35.843,0.77773,0.77782,1.19,1.10
2018.04.19 13:13:36.583,0.77773,0.77784,1.45,2.70
2018.04.19 13:13:37.120,0.77773,0.77784,3.33,1.95
2018.04.19 13:13:37.684,0.77773,0.77784,2.58,1.20
2018.04.19 13:13:38.823,0.77776,0.77784,3.41,1.45
2018.04.19 13:13:38.876,0.77779,0.77785,1.87,1.50
2018.04.19 13:13:38.928,0.77782,0.7779,1.50,2.32
2018.04.19 13:13:39.085,0.77784,0.77794,2.81,1.20
2018.04.19 13:13:39.190,0.77786,0.77796,3.56,2.14
2018.04.19 13:13:39.412,0.77788,0.77797,1.12,1.10
2018.04.19 13:13:39.929,0.77789,0.77799,1.07,1.20
2018.04.19 13:13:40.265,0.77786,0.77797,6.26,1.31
2018.04.19 13:13:41.586,0.77785,0.77796,1.57,3.37
2018.04.19 13:13:41.895,0.77784,0.77793,1.37,2.62
2018.04.19 13:13:43.604,0.77783,0.77792,1.00,2.25
2018.04.19 13:13:44.156,0.77782,0.77793,1.47,2.51
2018.04.19 13:13:44.575,0.77783,0.77793,2.81,1.57
2018.04.19 13:13:44.743,0.77785,0.77796,3.26,3.26
2018.04.19 13:13:45.271,0.77785,0.77795,1.01,2.25
2018.04.19 13:13:47.733,0.77785,0.77795,1.76,2.51
2018.04.19 13:13:47.837,0.77785,0.77796,4.76,2.44
2018.04.19 13:13:48.448,0.77786,0.77796,2.89,1.00
2018.04.19 13:13:48.981,0.77786,0.77797,1.29,1.01
2018.04.19 13:13:49.611,0.77786,0.77796,3.26,1.00
2018.04.19 13:13:50.144,0.77786,0.77796,2.14,2.89
2018.04.19 13:13:50.249,0.77782,0.77793,6.45,3.94
2018.04.19 13:13:50.302,0.77781,0.77792,4.57,3.94
2018.04.19 13:13:50.810,0.77778,0.77789,2.51,1.50
2018.04.19 13:13:50.863,0.77776,0.77786,3.26,1.12
2018.04.19 13:13:51.225,0.77775,0.77785,2.51,3.07
2018.04.19 13:13:51.430,0.77774,0.77784,3.56,1.57
2018.04.19 13:13:51.884,0.77775,0.77781,1.00,1.00
2018.04.19 13:13:51.936,0.77773,0.7778,1.15,1.00
2018.04.19 13:13:52.631,0.77772,0.7778,1.27,1.10
2018.04.19 13:13:53.460,0.77772,0.7778,1.27,1.10
2018.04.19 13:13:53.844,0.77773,0.77782,2.66,1.20
2018.04.19 13:13:53.946,0.77772,0.77783,4.16,1.45
2018.04.19 13:13:54.303,0.77772,0.77783,6.04,2.32
2018.04.19 13:13:54.804,0.77773,0.77783,1.16,1.57
2018.04.19 13:13:55.612,0.77772,0.77782,4.54,1.10
2018.04.19 13:13:55.908,0.77772,0.77783,3.79,3.07
2018.04.19 13:13:56.615,0.77772,0.77782,3.41,1.20
2018.04.19 13:13:57.146,0.77772,0.77781,2.47,1.10
2018.04.19 13:13:57.301,0.77772,0.77782,1.72,1.95
2018.04.19 13:13:57.563,0.77774,0.77784,1.39,1.00
2018.04.19 13:13:57.669,0.77777,0.77786,1.25,1.57
2018.04.19 13:13:58.368,0.77777,0.77785,1.84,1.00
2018.04.19 13:13:59.874,0.77777,0.77786,1.25,1.00
2018.04.19 13:14:00.901,0.77777,0.77785,1.50,1.00
2018.04.19 13:14:01.414,0.77777,0.77786,1.00,1.10
2018.04.19 13:14:02.387,0.77777,0.77785,1.00,1.00
2018.04.19 13:14:03.188,0.77777,0.77786,1.00,1.20
2018.04.19 13:14:03.292,0.77775,0.77785,1.01,2.32
2018.04.19 13:14:03.398,0.77774,0.77784,1.00,3.45
2018.04.19 13:14:03.678,0.77773,0.77781,1.00,1.00
2018.04.19 13:14:04.215,0.77773,0.77782,1.00,1.95
2018.04.19 13:14:05.106,0.77773,0.77782,1.00,2.70
2018.04.19 13:14:07.433,0.77772,0.77782,1.12,3.45
2018.04.19 13:14:10.975,0.77771,0.77781,2.25,2.70
2018.04.19 13:14:11.028,0.77769,0.7778,5.51,2.70
2018.04.19 13:14:11.242,0.77766,0.77774,1.76,1.00
2018.04.19 13:14:11.293,0.77766,0.77774,1.20,1.00
2018.04.19 13:14:11.806,0.77764,0.77774,5.14,1.20
2018.04.19 13:14:15.507,0.77769,0.77776,1.00,3.00
2018.04.19 13:14:15.610,0.77771,0.7778,1.31,1.01
2018.04.19 13:14:16.138,0.77772,0.77781,1.12,2.14
2018.04.19 13:14:16.675,0.7777,0.7778,1.57,1.57
2018.04.19 13:14:17.715,0.7777,0.77781,4.01,2.89
2018.04.19 13:14:18.271,0.7777,0.77781,1.76,2.89
2018.04.19 13:14:21.835,0.77769,0.7778,1.95,3.82
2018.04.19 13:14:22.043,0.77766,0.77777,1.69,2.89
2018.04.19 13:14:25.513,0.77766,0.77777,1.50,5.14
2018.04.19 13:14:28.078,0.77767,0.77777,1.50,1.20
2018.04.19 13:14:28.587,0.77767,0.77778,1.00,4.57
2018.04.19 13:14:35.460,0.77769,0.77778,1.50,2.32
2018.04.19 13:14:36.087,0.77768,0.77779,6.45,1.95
2018.04.19 13:14:39.698,0.77768,0.77778,1.50,1.95
2018.04.19 13:14:40.225,0.77766,0.77778,1.39,6.26
2018.04.19 13:14:43.552,0.77766,0.77777,1.39,1.20
2018.04.19 13:14:44.093,0.77766,0.77777,1.31,1.57
2018.04.19 13:14:45.263,0.77769,0.77778,3.75,3.07
2018.04.19 13:14:45.804,0.77768,0.77778,1.57,3.19
2018.04.19 13:14:48.066,0.77768,0.77778,1.57,5.51
2018.04.19 13:14:48.589,0.77766,0.77777,5.14,2.81
2018.04.19 13:14:52.116,0.77767,0.77777,1.07,1.76
2018.04.19 13:14:52.823,0.77766,0.77777,3.64,1.76
2018.04.19 13:14:54.918,0.77767,0.77776,1.12,1.00
2018.04.19 13:14:55.443,0.77766,0.77777,4.39,3.26
2018.04.19 13:15:01.855,0.77767,0.77776,1.00,2.25
2018.04.19 13:15:02.291,0.77764,0.77774,5.89,1.01
2018.04.19 13:15:05.141,0.77765,0.77775,1.69,2.32
2018.04.19 13:15:06.354,0.77766,0.77776,2.89,1.57
2018.04.19 13:15:06.933,0.77766,0.77777,1.25,2.51
2018.04.19 13:15:07.475,0.77766,0.77777,1.62,1.76
2018.04.19 13:15:09.156,0.77766,0.77777,1.25,3.26
2018.04.19 13:15:11.708,0.77765,0.77776,2.14,1.39
2018.04.19 13:15:12.732,0.77764,0.77773,1.95,1.25
2018.04.19 13:15:13.056,0.77764,0.7777,1.00,1.12
2018.04.19 13:15:13.581,0.77764,0.77771,1.00,1.12
2018.04.19 13:15:14.194,0.77761,0.77772,3.64,5.06
2018.04.19 13:15:16.987,0.77762,0.77772,2.70,3.19
2018.04.19 13:15:19.194,0.77762,0.77771,1.07,1.00
2018.04.19 13:15:19.707,0.77762,0.7777,1.20,1.50
2018.04.19 13:15:20.220,0.77761,0.7777,2.70,1.00
2018.04.19 13:15:22.234,0.77761,0.7777,2.44,1.12
2018.04.19 13:15:22.547,0.77757,0.77766,3.19,1.00
2018.04.19 13:15:23.098,0.77759,0.77767,1.25,2.32
2018.04.19 13:15:23.420,0.77756,0.77767,2.89,3.82
2018.04.19 13:15:23.973,0.77756,0.77767,3.64,3.82
2018.04.19 13:15:26.959,0.7776,0.7777,1.31,1.95
2018.04.19 13:15:27.203,0.77761,0.77771,2.51,3.07
2018.04.19 13:15:27.666,0.7776,0.77769,1.20,4.12
2018.04.19 13:15:27.719,0.77757,0.77768,3.26,1.25
2018.04.19 13:15:28.263,0.77757,0.77767,2.51,1.10
2018.04.19 13:15:28.624,0.7776,0.77768,1.00,4.20
2018.04.19 13:15:29.125,0.77757,0.77768,5.89,2.89
2018.04.19 13:15:29.669,0.77758,0.77769,3.64,4.01
2018.04.19 13:15:30.539,0.77757,0.77767,4.01,1.10
2018.04.19 13:15:35.990,0.77756,0.77766,1.39,3.00
2018.04.19 13:15:36.511,0.77756,0.77766,1.00,2.14
2018.04.19 13:15:39.309,0.77756,0.77766,1.39,1.95
2018.04.19 13:15:40.885,0.77759,0.77766,1.12,1.50
2018.04.19 13:15:41.105,0.77762,0.77773,1.20,5.14
2018.04.19 13:15:41.309,0.77763,0.77773,1.12,3.07
2018.04.19 13:15:41.925,0.77763,0.77772,1.12,1.00
2018.04.19 13:15:42.440,0.77762,0.77772,1.20,2.25
2018.04.19 13:15:42.889,0.77761,0.77769,1.20,1.50
2018.04.19 13:15:43.174,0.77761,0.77771,2.62,2.89
2018.04.19 13:15:43.688,0.77761,0.77771,4.01,1.10
2018.04.19 13:15:45.971,0.7776,0.7777,2.89,1.50
2018.04.19 13:15:46.176,0.77759,0.77769,2.14,2.06
2018.04.19 13:15:46.332,0.77757,0.77768,1.57,3.45
2018.04.19 13:15:46.383,0.77757,0.77766,2.32,1.50
2018.04.19 13:15:46.924,0.77757,0.77767,2.62,1.57
2018.04.19 13:15:47.473,0.77757,0.77767,1.50,3.26
2018.04.19 13:15:47.988,0.7776,0.77766,3.00,1.00
2018.04.19 13:15:48.040,0.77759,0.77769,7.39,1.50
2018.04.19 13:15:48.568,0.77761,0.7777,1.10,3.00
2018.04.19 13:15:48.625,0.7776,0.77768,1.47,1.00
2018.04.19 13:15:48.679,0.7776,0.7777,3.07,1.12
2018.04.19 13:15:49.201,0.7776,0.7777,2.32,2.25
2018.04.19 13:15:49.706,0.7776,0.77766,1.20,1.87
2018.04.19 13:15:49.757,0.77757,0.77766,1.95,1.87
2018.04.19 13:15:50.014,0.77759,0.77767,1.50,1.10
2018.04.19 13:15:50.583,0.77759,0.77768,1.95,1.20
2018.04.19 13:15:51.166,0.77759,0.77767,2.32,1.00
2018.04.19 13:15:51.696,0.77759,0.77769,3.07,5.32
2018.04.19 13:15:51.958,0.77761,0.7777,1.45,1.50
2018.04.19 13:15:54.609,0.77761,0.77767,1.20,1.25
2018.04.19 13:15:54.666,0.77758,0.77766,1.45,1.00
2018.04.19 13:15:54.718,0.77757,0.77766,1.20,2.25
2018.04.19 13:15:54.824,0.77757,0.77764,1.12,1.00
2018.04.19 13:15:54.961,0.77755,0.77764,1.20,1.20
2018.04.19 13:15:55.423,0.77753,0.77763,6.07,1.87
2018.04.19 13:15:55.631,0.77753,0.77761,2.70,1.00
2018.04.19 13:15:56.667,0.77753,0.77762,1.50,1.87
2018.04.19 13:15:59.150,0.77753,0.77761,1.95,1.00
2018.04.19 13:15:59.769,0.77753,0.77762,1.95,1.50
2018.04.19 13:16:00.550,0.77753,0.77763,2.14,1.50
2018.04.19 13:16:01.241,0.77754,0.77764,1.95,1.87
2018.04.19 13:16:01.552,0.77761,0.77771,2.14,1.12
2018.04.19 13:16:02.063,0.77761,0.77772,2.70,2.62
2018.04.19 13:16:02.612,0.77762,0.77772,1.47,1.00
2018.04.19 13:16:04.908,0.77762,0.77771,1.47,2.25
2018.04.19 13:16:06.251,0.77761,0.77771,4.57,4.50
2018.04.19 13:16:07.214,0.77761,0.77771,2.70,3.00
2018.04.19 13:16:08.793,0.77762,0.77771,1.20,2.62
2018.04.19 13:16:11.658,0.77762,0.77771,2.32,1.50
2018.04.19 13:16:13.105,0.77762,0.77771,1.20,1.50
2018.04.19 13:16:13.543,0.77758,0.77767,6.07,1.87
2018.04.19 13:16:13.651,0.77756,0.77766,2.32,1.00
2018.04.19 13:16:14.197,0.77757,0.77765,1.10,1.00
2018.04.19 13:16:14.715,0.77756,0.77766,1.95,1.95
2018.04.19 13:16:15.237,0.77757,0.77767,3.82,2.62
2018.04.19 13:16:15.744,0.77758,0.77768,1.45,3.82
2018.04.19 13:16:17.399,0.77757,0.77766,1.95,1.50
2018.04.19 13:16:19.225,0.77757,0.77765,1.20,1.87
2018.04.19 13:16:19.971,0.77755,0.77766,1.07,5.06
2018.04.19 13:16:21.377,0.77755,0.77765,3.07,1.31
2018.04.19 13:16:22.728,0.77757,0.77766,1.20,1.50
2018.04.19 13:16:23.081,0.77758,0.77768,1.10,3.00
2018.04.19 13:16:24.236,0.77757,0.77767,4.20,1.50
2018.04.19 13:16:24.782,0.77757,0.77768,4.20,1.50
2018.04.19 13:16:25.332,0.77757,0.77767,5.70,1.50
2018.04.19 13:16:25.844,0.77757,0.77768,4.20,2.25
2018.04.19 13:16:26.280,0.77759,0.77768,1.07,1.50
2018.04.19 13:16:26.540,0.77761,0.77771,4.01,1.10
2018.04.19 13:16:27.187,0.77762,0.7777,1.20,1.00
2018.04.19 13:16:27.239,0.77758,0.77767,1.10,1.57
2018.04.19 13:16:27.754,0.77757,0.77767,1.12,2.70
2018.04.19 13:16:28.827,0.77756,0.77765,1.87,1.50
2018.04.19 13:16:30.621,0.77756,0.77765,1.24,1.50
2018.04.19 13:16:31.201,0.77756,0.77765,1.24,1.50
2018.04.19 13:16:31.708,0.77756,0.77765,1.24,1.50
2018.04.19 13:16:32.270,0.77756,0.77766,1.24,1.10
2018.04.19 13:16:32.585,0.77756,0.77766,3.49,1.57
2018.04.19 13:16:33.101,0.77756,0.77766,1.99,1.10
2018.04.19 13:16:33.703,0.77757,0.77767,3.76,1.95
2018.04.19 13:16:33.805,0.77758,0.77768,2.74,1.20
2018.04.19 13:16:34.317,0.77759,0.77769,1.16,1.57
2018.04.19 13:16:34.848,0.77758,0.77769,1.32,2.70
2018.04.19 13:16:35.162,0.77758,0.77767,1.16,1.20
2018.04.19 13:16:35.703,0.77756,0.77765,1.16,1.50
2018.04.19 13:16:37.127,0.77756,0.77765,1.12,2.25
2018.04.19 13:16:37.643,0.77756,0.77765,1.16,2.25
2018.04.19 13:16:38.177,0.77756,0.77765,1.00,2.70
2018.04.19 13:16:39.171,0.77756,0.77765,1.12,2.70
2018.04.19 13:16:40.329,0.77755,0.77765,3.57,2.70
2018.04.19 13:16:40.840,0.77755,0.77765,3.57,2.70
2018.04.19 13:16:41.519,0.77755,0.77763,1.12,1.00
2018.04.19 13:16:41.881,0.77754,0.77764,1.62,1.10
2018.04.19 13:16:44.759,0.77754,0.77765,1.12,4.76
2018.04.19 13:16:45.728,0.77754,0.77765,1.12,4.57
2018.04.19 13:16:46.238,0.77754,0.77765,1.12,3.26
2018.04.19 13:16:46.848,0.77754,0.77765,1.16,3.26
2018.04.19 13:16:48.035,0.77754,0.77765,1.62,4.76
2018.04.19 13:16:48.868,0.77754,0.77765,1.16,1.76
2018.04.19 13:16:49.457,0.77754,0.77765,1.62,3.26
2018.04.19 13:16:50.020,0.77754,0.77765,1.16,1.76
2018.04.19 13:16:58.123,0.77754,0.77765,1.20,4.20
2018.04.19 13:16:58.701,0.77754,0.77763,1.32,1.00
2018.04.19 13:16:59.299,0.77754,0.77765,1.24,2.89
2018.04.19 13:17:00.126,0.77754,0.77764,2.32,1.10
2018.04.19 13:17:01.230,0.77754,0.77765,2.97,1.12
2018.04.19 13:17:01.488,0.77757,0.77766,1.00,1.00
2018.04.19 13:17:02.279,0.77757,0.77767,2.14,4.57
2018.04.19 13:17:02.596,0.77759,0.77768,1.47,1.10
2018.04.19 13:17:03.138,0.77758,0.77768,5.03,1.10
2018.04.19 13:17:03.398,0.77762,0.77771,1.00,1.57
2018.04.19 13:17:03.919,0.77762,0.77772,3.72,1.50
2018.04.19 13:17:03.971,0.77762,0.77772,4.09,1.50
2018.04.19 13:17:05.622,0.77762,0.77772,2.22,1.87
2018.04.19 13:17:06.134,0.77762,0.77772,1.47,4.87
2018.04.19 13:17:06.723,0.77762,0.77771,1.07,2.25
2018.04.19 13:17:07.247,0.77762,0.77771,1.09,2.32
2018.04.19 13:17:08.089,0.77763,0.77773,3.53,2.32
2018.04.19 13:17:08.140,0.77765,0.77775,2.25,2.32
2018.04.19 13:17:08.191,0.77767,0.77776,1.00,3.45
2018.04.19 13:17:08.703,0.77766,0.77776,5.14,2.14
2018.04.19 13:17:10.641,0.77766,0.77776,3.64,2.51
2018.04.19 13:17:12.561,0.77765,0.77774,2.89,1.31
2018.04.19 13:17:12.613,0.77764,0.77773,1.10,1.00
2018.04.19 13:17:13.142,0.77762,0.77772,3.91,1.57
2018.04.19 13:17:13.557,0.77762,0.77771,1.39,1.57
2018.04.19 13:17:13.767,0.77759,0.77769,1.29,3.75
2018.04.19 13:17:13.820,0.77759,0.77768,1.10,2.62
2018.04.19 13:17:14.328,0.77758,0.77767,1.00,6.45
2018.04.19 13:17:14.538,0.77755,0.77765,1.95,1.57
2018.04.19 13:17:14.746,0.77755,0.77764,1.00,1.07
2018.04.19 13:17:15.699,0.77755,0.77764,1.00,1.87
2018.04.19 13:17:19.198,0.77755,0.77763,1.00,2.70
2018.04.19 13:17:19.302,0.77753,0.77763,2.14,3.07
2018.04.19 13:17:19.838,0.77753,0.77763,2.70,3.00
2018.04.19 13:17:20.341,0.77754,0.77763,1.00,1.12
2018.04.19 13:17:20.842,0.77755,0.77764,1.00,1.39
2018.04.19 13:17:21.561,0.77753,0.77763,1.39,2.06
2018.04.19 13:17:22.102,0.77753,0.77762,1.57,1.50
2018.04.19 13:17:23.372,0.77752,0.7776,1.20,1.25
2018.04.19 13:17:23.879,0.77751,0.7776,1.25,4.31
2018.04.19 13:17:24.401,0.77751,0.7776,1.25,4.76
2018.04.19 13:17:26.040,0.77749,0.77759,1.57,5.51
2018.04.19 13:17:26.590,0.77748,0.77758,2.06,1.57
2018.04.19 13:17:30.522,0.77748,0.77758,4.16,1.87
2018.04.19 13:17:30.985,0.77751,0.77761,1.69,3.45
2018.04.19 13:17:31.215,0.77749,0.77758,1.39,1.50
2018.04.19 13:17:31.784,0.77748,0.77757,2.44,1.50
2018.04.19 13:17:32.002,0.77751,0.7776,1.12,4.20
2018.04.19 13:17:32.055,0.77751,0.77761,2.81,1.57
2018.04.19 13:17:32.610,0.7775,0.7776,1.57,4.95
2018.04.19 13:17:32.907,0.77748,0.77758,1.01,3.82
2018.04.19 13:17:33.423,0.77748,0.77757,1.39,1.50
2018.04.19 13:17:33.954,0.77748,0.77758,1.76,3.07
2018.04.19 13:17:34.341,0.77751,0.77759,1.62,1.10
2018.04.19 13:17:34.393,0.77749,0.77758,1.25,1.50
2018.04.19 13:17:34.445,0.77748,0.77758,2.14,2.62
2018.04.19 13:17:34.899,0.7775,0.7776,1.57,2.25
2018.04.19 13:17:35.109,0.77751,0.77761,1.31,3.26
2018.04.19 13:17:35.162,0.7775,0.77758,4.01,1.50
2018.04.19 13:17:35.318,0.77748,0.77759,1.39,3.07
2018.04.19 13:17:35.751,0.77749,0.77759,1.31,1.57
2018.04.19 13:17:36.285,0.77749,0.77758,1.12,1.87
2018.04.19 13:17:36.804,0.77748,0.77758,2.51,2.32
2018.04.19 13:17:37.588,0.77749,0.7776,1.69,6.45
2018.04.19 13:17:37.691,0.7775,0.7776,1.31,4.95
2018.04.19 13:17:37.896,0.77753,0.77762,1.25,4.20
2018.04.19 13:17:38.101,0.7775,0.7776,1.19,3.07
2018.04.19 13:17:38.155,0.77749,0.77758,2.32,2.25
2018.04.19 13:17:39.038,0.77749,0.77758,1.00,1.57
2018.04.19 13:17:40.943,0.7775,0.77759,1.25,1.10
2018.04.19 13:17:41.303,0.77751,0.77761,1.19,4.57
2018.04.19 13:17:42.282,0.77751,0.77759,1.19,2.32
2018.04.19 13:17:42.335,0.7775,0.77758,1.00,2.32
2018.04.19 13:17:46.146,0.77748,0.77759,1.39,4.57
2018.04.19 13:17:47.521,0.77748,0.77759,2.14,3.82
2018.04.19 13:17:50.175,0.77747,0.77758,2.89,2.62
2018.04.19 13:17:54.743,0.77747,0.77757,5.51,1.12
2018.04.19 13:17:58.041,0.77749,0.77757,1.39,1.00
2018.04.19 13:17:58.574,0.77748,0.77757,1.39,2.32
2018.04.19 13:17:59.127,0.77748,0.77757,1.25,3.82
2018.04.19 13:18:00.292,0.77748,0.77757,1.25,1.95
2018.04.19 13:18:02.147,0.77747,0.77755,1.25,1.00
2018.04.19 13:18:02.488,0.77744,0.77751,1.39,1.00
2018.04.19 13:18:02.544,0.7774,0.7775,1.76,5.25
2018.04.19 13:18:02.597,0.77739,0.77748,3.26,1.00
2018.04.19 13:18:02.701,0.77738,0.77747,2.14,1.87
2018.04.19 13:18:03.234,0.77739,0.77749,1.39,1.20
2018.04.19 13:18:04.188,0.77738,0.77749,1.01,2.32
2018.04.19 13:18:04.291,0.77738,0.77748,1.01,1.50
2018.04.19 13:18:05.423,0.77738,0.77748,1.76,1.12
2018.04.19 13:18:05.934,0.77737,0.77748,3.64,1.57
2018.04.19 13:18:06.576,0.77737,0.77748,2.89,1.57
2018.04.19 13:18:07.080,0.77737,0.77748,2.89,1.95
2018.04.19 13:18:07.609,0.77737,0.77748,2.89,1.12
2018.04.19 13:18:08.160,0.77737,0.77748,2.89,1.95
2018.04.19 13:18:08.841,0.77737,0.77748,2.89,1.12
2018.04.19 13:18:09.372,0.77737,0.77748,2.89,1.87
2018.04.19 13:18:09.678,0.7774,0.77749,1.62,1.57
2018.04.19 13:18:09.897,0.77742,0.77752,2.51,1.57
2018.04.19 13:18:10.749,0.77743,0.77751,1.95,1.00
2018.04.19 13:18:11.293,0.77743,0.77752,1.10,1.10
2018.04.19 13:18:13.967,0.77742,0.77752,1.76,1.57
2018.04.19 13:18:15.212,0.77741,0.77751,2.66,1.12
2018.04.19 13:18:15.752,0.77741,0.77751,3.64,1.00
2018.04.19 13:18:18.426,0.77742,0.77751,4.54,1.00
2018.04.19 13:18:18.985,0.77742,0.77752,3.79,1.20
2018.04.19 13:18:19.534,0.77744,0.77753,1.69,1.10
2018.04.19 13:18:19.586,0.77744,0.77753,2.59,1.10
2018.04.19 13:18:20.096,0.77745,0.77755,1.09,1.95
2018.04.19 13:18:20.812,0.77745,0.77755,1.25,1.20
2018.04.19 13:18:21.115,0.77744,0.77754,1.35,2.70
2018.04.19 13:18:21.373,0.77743,0.77754,3.04,2.70
2018.04.19 13:18:21.886,0.77743,0.77754,2.29,1.20
2018.04.19 13:18:23.675,0.77744,0.77754,1.84,1.10
2018.04.19 13:18:24.195,0.77745,0.77755,1.69,1.20
2018.04.19 13:18:24.917,0.77745,0.77755,1.40,1.95
2018.04.19 13:18:25.461,0.77745,0.77755,3.79,1.10
2018.04.19 13:18:25.836,0.77747,0.77756,5.06,1.00
2018.04.19 13:18:26.510,0.77747,0.77757,4.54,1.00
2018.04.19 13:18:27.404,0.77748,0.77757,2.59,1.00
2018.04.19 13:18:27.919,0.77748,0.77757,1.84,1.00
2018.04.19 13:18:28.944,0.77747,0.77757,5.66,1.12
2018.04.19 13:18:29.492,0.77747,0.77757,3.41,1.12
2018.04.19 13:18:30.085,0.77747,0.77757,4.91,1.12
2018.04.19 13:18:30.623,0.77747,0.77757,3.41,1.12
2018.04.19 13:18:31.724,0.77747,0.77757,4.91,1.12
2018.04.19 13:18:32.231,0.77748,0.77757,1.40,1.12
2018.04.19 13:18:32.541,0.77751,0.77761,1.25,3.07
2018.04.19 13:18:32.913,0.77753,0.77761,1.31,1.00
2018.04.19 13:18:33.106,0.77752,0.77763,3.79,3.45
2018.04.19 13:18:33.623,0.77754,0.77763,1.10,1.20
2018.04.19 13:18:34.068,0.77752,0.77761,1.40,2.25
2018.04.19 13:18:34.694,0.77751,0.7776,2.14,1.00
2018.04.19 13:18:35.254,0.77752,0.77762,1.62,1.95
2018.04.19 13:18:35.306,0.77754,0.77763,1.69,1.07
2018.04.19 13:18:35.409,0.77754,0.77764,2.06,1.10
2018.04.19 13:18:35.514,0.77755,0.77766,2.51,1.10
2018.04.19 13:18:35.672,0.77758,0.77767,1.19,1.50
2018.04.19 13:18:36.584,0.77757,0.77764,3.94,1.00
2018.04.19 13:18:39.809,0.77757,0.77766,1.69,1.00
2018.04.19 13:18:40.376,0.77757,0.77768,1.69,6.07
2018.04.19 13:18:41.128,0.77762,0.7777,1.69,2.70
2018.04.19 13:18:41.180,0.77762,0.77771,2.14,1.10
2018.04.19 13:18:41.336,0.77764,0.77773,1.19,1.07
2018.04.19 13:18:41.441,0.77765,0.77775,1.50,1.45
2018.04.19 13:18:41.946,0.77765,0.77774,2.32,1.12
2018.04.19 13:18:42.370,0.77764,0.77773,1.39,1.50
2018.04.19 13:18:42.423,0.77761,0.77769,2.14,2.25
2018.04.19 13:18:42.476,0.7776,0.77769,1.01,2.62
2018.04.19 13:18:42.633,0.77758,0.77767,1.29,1.00
2018.04.19 13:18:42.978,0.77758,0.77769,1.29,2.74
2018.04.19 13:18:43.485,0.77757,0.77769,2.14,1.05
2018.04.19 13:18:44.330,0.77757,0.77768,1.76,1.00
2018.04.19 13:18:45.050,0.77757,0.77769,1.76,1.10
2018.04.19 13:18:45.490,0.77757,0.77768,1.76,1.37
2018.04.19 13:18:46.002,0.77757,0.77766,3.26,1.00
2018.04.19 13:18:46.552,0.77757,0.77767,3.26,1.10
2018.04.19 13:18:47.252,0.77757,0.77766,3.26,1.00
2018.04.19 13:18:47.766,0.77757,0.77767,3.26,1.10
2018.04.19 13:18:49.167,0.77757,0.77768,4.39,1.87
2018.04.19 13:18:52.412,0.77759,0.77768,1.25,2.25
2018.04.19 13:18:52.937,0.77757,0.77768,6.64,2.25
2018.04.19 13:18:54.905,0.77757,0.77767,1.76,1.20
2018.04.19 13:19:01.335,0.77756,0.77768,3.07,1.76
2018.04.19 13:19:01.647,0.77752,0.77761,1.10,3.19
2018.04.19 13:19:01.956,0.7775,0.7776,1.95,3.26
2018.04.19 13:19:02.289,0.7776,0.77764,1.10,1.50
2018.04.19 13:19:02.342,0.77763,0.77771,2.25,1.01
2018.04.19 13:19:02.394,0.77763,0.77775,3.00,4.61
2018.04.19 13:19:02.446,0.77766,0.77775,1.00,1.07
2018.04.19 13:19:02.499,0.77768,0.77777,1.20,1.10
2018.04.19 13:19:02.552,0.7777,0.7778,5.70,1.01
2018.04.19 13:19:02.874,0.77768,0.77778,1.20,1.69
2018.04.19 13:19:03.343,0.77767,0.77776,1.07,1.69
2018.04.19 13:19:03.394,0.77765,0.77775,2.32,1.31
2018.04.19 13:19:03.936,0.77763,0.77774,2.32,2.14
2018.04.19 13:19:05.109,0.77763,0.77771,1.82,1.00
2018.04.19 13:19:05.541,0.7776,0.77768,1.45,1.69
2018.04.19 13:19:05.649,0.7776,0.77767,1.00,3.56
2018.04.19 13:19:05.754,0.77757,0.77767,2.89,2.81
2018.04.19 13:19:05.911,0.77758,0.77768,1.07,2.51
2018.04.19 13:19:06.413,0.77757,0.77767,2.51,1.25
2018.04.19 13:19:06.929,0.77757,0.77766,2.51,1.00
2018.04.19 13:19:07.757,0.77757,0.77767,2.51,1.25
2018.04.19 13:19:11.215,0.77761,0.77768,1.00,1.00
2018.04.19 13:19:11.268,0.77763,0.77772,5.25,1.47
2018.04.19 13:19:11.320,0.77766,0.77775,1.25,1.10
2018.04.19 13:19:11.475,0.77766,0.77777,1.01,2.70
2018.04.19 13:19:11.527,0.77767,0.77777,1.57,1.00
2018.04.19 13:19:12.343,0.77766,0.77777,5.14,1.87
2018.04.19 13:19:12.911,0.77767,0.77778,1.07,3.56
2018.04.19 13:19:13.622,0.77767,0.77778,1.95,3.19
2018.04.19 13:19:15.957,0.77767,0.77777,3.07,2.32
2018.04.19 13:19:16.466,0.77767,0.77776,1.20,2.06
2018.04.19 13:19:16.797,0.77763,0.77774,1.95,4.57
2018.04.19 13:19:18.325,0.77763,0.77773,1.95,2.89
2018.04.19 13:19:18.955,0.77763,0.77773,1.00,1.39
2018.04.19 13:19:19.582,0.77763,0.77772,2.25,1.50
2018.04.19 13:19:20.120,0.77762,0.77771,1.57,1.12
2018.04.19 13:19:20.324,0.77761,0.77771,3.82,1.37
2018.04.19 13:19:20.581,0.77759,0.77768,1.45,2.44
2018.04.19 13:19:20.691,0.77759,0.77767,1.10,1.50
2018.04.19 13:19:20.743,0.77756,0.77766,1.20,3.00
2018.04.19 13:19:21.052,0.77755,0.77764,1.20,3.00
2018.04.19 13:19:22.139,0.77754,0.77764,3.82,2.14
2018.04.19 13:19:22.776,0.77756,0.77766,1.57,1.00
2018.04.19 13:19:22.879,0.77757,0.77767,3.82,1.50
2018.04.19 13:19:23.288,0.77758,0.77767,1.82,1.00
2018.04.19 13:19:23.443,0.7776,0.7777,3.00,3.45
2018.04.19 13:19:24.436,0.77759,0.77768,1.95,1.50
2018.04.19 13:19:24.787,0.77756,0.77764,1.57,1.00
2018.04.19 13:19:25.301,0.77755,0.77765,1.10,3.00
2018.04.19 13:19:26.102,0.77755,0.77764,1.00,1.00
2018.04.19 13:19:26.610,0.77754,0.77763,2.32,1.00
2018.04.19 13:19:27.201,0.77754,0.77764,1.57,1.57
2018.04.19 13:19:27.357,0.77753,0.77762,1.07,1.00
2018.04.19 13:19:27.513,0.77751,0.77761,1.20,2.25
2018.04.19 13:19:27.723,0.7775,0.7776,1.57,2.14
2018.04.19 13:19:28.029,0.77752,0.77762,1.50,4.76
2018.04.19 13:19:30.025,0.77752,0.77762,1.57,2.44
2018.04.19 13:19:30.180,0.77751,0.7776,2.32,1.00
2018.04.19 13:19:30.796,0.77751,0.77761,2.70,3.07
2018.04.19 13:19:31.362,0.77753,0.77761,1.50,1.00
2018.04.19 13:19:31.868,0.77753,0.77762,1.87,2.44
2018.04.19 13:19:32.446,0.77753,0.77761,1.87,1.00
2018.04.19 13:19:33.160,0.77752,0.77762,3.07,1.50
2018.04.19 13:19:35.138,0.77752,0.77761,1.57,1.00
2018.04.19 13:19:35.714,0.77752,0.77762,1.57,1.87
2018.04.19 13:19:36.907,0.77752,0.77761,1.57,1.00
2018.04.19 13:19:37.217,0.77753,0.77763,1.20,1.12
2018.04.19 13:19:37.873,0.77753,0.77762,1.95,1.00
2018.04.19 13:19:38.468,0.77753,0.77764,1.57,2.89
2018.04.19 13:19:39.313,0.77753,0.77763,3.07,1.12
2018.04.19 13:19:41.648,0.77755,0.77764,1.95,1.10
2018.04.19 13:19:42.160,0.77755,0.77763,1.95,1.00
2018.04.19 13:19:42.712,0.77755,0.77765,1.95,2.81
2018.04.19 13:19:43.290,0.77756,0.77764,1.00,1.00
2018.04.19 13:19:43.550,0.77756,0.77766,2.70,2.44
2018.04.19 13:19:43.654,0.77758,0.77767,1.50,1.95
2018.04.19 13:19:44.094,0.77757,0.77765,1.20,1.31
2018.04.19 13:19:44.146,0.77755,0.77764,1.57,1.00
2018.04.19 13:19:44.695,0.77755,0.77765,1.57,4.20
2018.04.19 13:19:45.255,0.77755,0.77765,1.57,3.82
2018.04.19 13:19:46.215,0.77755,0.77764,1.57,1.00
2018.04.19 13:19:46.723,0.77755,0.77765,1.57,3.45
2018.04.19 13:19:47.240,0.77755,0.77764,1.57,1.00
2018.04.19 13:19:47.742,0.77755,0.77765,1.57,4.57
2018.04.19 13:19:48.302,0.77755,0.77764,1.57,2.06
2018.04.19 13:19:48.818,0.77755,0.77764,1.57,2.32
2018.04.19 13:19:49.655,0.77755,0.77763,1.57,1.00
2018.04.19 13:19:50.238,0.77755,0.77764,1.57,1.57
2018.04.19 13:19:50.754,0.77756,0.77765,1.20,1.57
2018.04.19 13:19:52.140,0.77757,0.77765,1.00,1.12
2018.04.19 13:19:52.690,0.77759,0.77768,1.87,1.95
2018.04.19 13:19:53.003,0.77761,0.77769,1.10,1.87
2018.04.19 13:19:53.504,0.7776,0.77769,1.20,1.95
2018.04.19 13:19:54.131,0.77757,0.77767,1.45,2.81
2018.04.19 13:19:54.184,0.77757,0.77766,1.10,1.31
2018.04.19 13:19:54.339,0.77756,0.77764,1.57,1.00
2018.04.19 13:19:54.661,0.77755,0.77765,1.00,5.51
2018.04.19 13:19:58.007,0.77753,0.77763,1.57,3.75
2018.04.19 13:19:58.060,0.77752,0.77762,3.07,3.56
2018.04.19 13:19:58.163,0.77752,0.77759,1.57,1.00
2018.04.19 13:19:58.523,0.77752,0.77761,1.20,1.00
2018.04.19 13:19:59.029,0.77752,0.77761,2.70,1.00
2018.04.19 13:19:59.572,0.77752,0.7776,2.70,1.00
2018.04.19 13:20:00.258,0.77752,0.77761,2.70,1.00
2018.04.19 13:20:00.864,0.77752,0.77762,2.70,1.00
2018.04.19 13:20:01.211,0.7775,0.77759,1.10,1.69
2018.04.19 13:20:01.416,0.77747,0.77757,1.10,1.31
2018.04.19 13:20:01.927,0.77745,0.77756,1.57,1.50
2018.04.19 13:20:02.576,0.77745,0.77756,3.07,2.32
2018.04.19 13:20:02.679,0.77746,0.77756,1.20,2.32
2018.04.19 13:20:03.738,0.77745,0.77754,1.20,1.00
2018.04.19 13:20:04.055,0.77743,0.77752,1.07,1.25
2018.04.19 13:20:04.108,0.77742,0.77752,1.10,2.06
2018.04.19 13:20:04.618,0.77741,0.77751,5.32,1.00
2018.04.19 13:20:05.123,0.77742,0.77752,1.10,2.06
2018.04.19 13:20:05.802,0.77743,0.77753,2.32,1.39
2018.04.19 13:20:05.855,0.77745,0.77753,2.25,1.10
2018.04.19 13:20:06.178,0.77748,0.77755,1.10,1.00
2018.04.19 13:20:06.409,0.77745,0.77755,4.20,1.50
2018.04.19 13:20:07.895,0.77745,0.77755,1.20,3.07
2018.04.19 13:20:08.422,0.77745,0.77755,2.25,1.10
2018.04.19 13:20:09.860,0.77744,0.77753,1.20,1.50
2018.04.19 13:20:10.033,0.77742,0.77752,1.95,1.31
2018.04.19 13:20:10.189,0.77744,0.77753,2.25,1.00
2018.04.19 13:20:11.145,0.77745,0.77752,1.12,1.00
2018.04.19 13:20:11.666,0.77745,0.77752,1.57,1.00
2018.04.19 13:20:12.575,0.77745,0.77753,1.07,1.00
2018.04.19 13:20:13.156,0.77745,0.77752,1.57,1.00
2018.04.19 13:20:13.687,0.77745,0.77753,1.07,1.00
2018.04.19 13:20:14.205,0.77744,0.77754,1.57,1.20
2018.04.19 13:20:14.358,0.77743,0.77753,1.10,3.00
2018.04.19 13:20:14.461,0.77742,0.77749,1.57,1.00
2018.04.19 13:20:14.997,0.77741,0.7775,1.20,1.00
2018.04.19 13:20:15.864,0.77741,0.77749,1.45,1.00
2018.04.19 13:20:16.413,0.77742,0.7775,1.10,1.00
2018.04.19 13:20:16.925,0.77742,0.77749,1.10,1.00
2018.04.19 13:20:17.921,0.77741,0.7775,1.07,1.00
2018.04.19 13:20:18.498,0.77741,0.77749,1.95,1.00
2018.04.19 13:20:19.493,0.77741,0.7775,1.20,1.50
2018.04.19 13:20:20.017,0.77741,0.77749,1.20,1.00
2018.04.19 13:20:20.843,0.77741,0.7775,1.20,1.50
2018.04.19 13:20:21.937,0.77738,0.77749,3.07,1.69
2018.04.19 13:20:22.040,0.77736,0.77747,3.07,1.69
2018.04.19 13:20:22.245,0.77735,0.77746,2.70,4.39
2018.04.19 13:20:22.542,0.77735,0.77744,1.20,1.00
2018.04.19 13:20:23.062,0.77735,0.77743,1.20,1.00
2018.04.19 13:20:23.591,0.77734,0.77744,3.07,1.25
2018.04.19 13:20:23.954,0.77734,0.7774,1.10,3.04
2018.04.19 13:20:24.007,0.7773,0.77741,1.57,5.81
2018.04.19 13:20:24.425,0.77732,0.77739,2.25,1.00
2018.04.19 13:20:24.958,0.77731,0.7774,2.14,1.00
2018.04.19 13:20:25.914,0.77731,0.77739,4.76,1.00
2018.04.19 13:20:26.018,0.77731,0.77742,3.26,3.94
2018.04.19 13:20:28.795,0.77731,0.77742,3.26,4.76
2018.04.19 13:20:31.673,0.77732,0.77742,1.50,1.57
2018.04.19 13:20:33.348,0.77732,0.7774,1.20,1.00
2018.04.19 13:20:33.504,0.77732,0.77742,1.45,2.32
2018.04.19 13:20:33.608,0.77734,0.77746,3.94,7.39
2018.04.19 13:20:33.936,0.77737,0.77746,1.95,1.69
2018.04.19 13:20:34.919,0.77737,0.77746,2.70,1.62
2018.04.19 13:20:35.597,0.77737,0.77747,2.70,1.31
2018.04.19 13:20:36.145,0.77737,0.77748,1.39,4.39
2018.04.19 13:20:39.876,0.77737,0.77747,1.76,2.14
2018.04.19 13:20:40.437,0.77737,0.77747,1.76,2.06
2018.04.19 13:20:40.749,0.77742,0.77752,2.32,2.32
2018.04.19 13:20:41.253,0.77742,0.77752,2.32,1.00
2018.04.19 13:20:42.843,0.77742,0.77752,3.82,1.00
2018.04.19 13:20:45.276,0.77742,0.77752,1.20,3.94
2018.04.19 13:20:45.431,0.77741,0.7775,1.20,2.32
2018.04.19 13:20:45.534,0.77739,0.7775,2.70,3.19
2018.04.19 13:20:45.843,0.77741,0.7775,1.95,2.51
2018.04.19 13:20:45.949,0.77739,0.77748,1.45,1.00
2018.04.19 13:20:46.413,0.77737,0.77747,1.95,1.50
2018.04.19 13:20:47.196,0.7774,0.77747,1.00,1.00
2018.04.19 13:20:47.249,0.7774,0.7775,1.12,1.20
2018.04.19 13:20:47.404,0.77741,0.7775,1.20,1.12
2018.04.19 13:20:48.074,0.77741,0.7775,1.20,1.12
2018.04.19 13:20:48.605,0.77742,0.7775,1.20,1.12
2018.04.19 13:20:49.400,0.77742,0.7775,1.20,1.12
2018.04.19 13:20:50.004,0.77741,0.7775,1.95,1.12
2018.04.19 13:20:51.130,0.77742,0.77752,1.57,3.37
2018.04.19 13:20:51.695,0.77743,0.77752,1.20,1.20
2018.04.19 13:20:54.822,0.77743,0.7775,1.20,1.31
2018.04.19 13:20:54.874,0.77739,0.77749,1.95,1.00
2018.04.19 13:20:55.751,0.77739,0.77747,1.45,1.69
2018.04.19 13:20:55.863,0.77738,0.77746,1.20,2.44
2018.04.19 13:20:55.915,0.77738,0.77745,1.20,1.19
2018.04.19 13:20:55.967,0.77736,0.77744,1.20,1.25
2018.04.19 13:20:56.299,0.77736,0.77746,1.20,3.19
2018.04.19 13:20:56.831,0.77736,0.77745,1.45,1.69
2018.04.19 13:20:57.384,0.77736,0.77744,1.45,1.00
2018.04.19 13:20:59.300,0.77736,0.77743,1.20,1.00
2018.04.19 13:20:59.352,0.77736,0.77742,1.20,1.54
2018.04.19 13:20:59.509,0.77733,0.77742,1.45,3.19
2018.04.19 13:21:00.141,0.77733,0.77743,3.82,1.00
2018.04.19 13:21:00.193,0.77734,0.77744,1.45,1.00
2018.04.19 13:21:00.736,0.77737,0.77747,3.82,1.39
2018.04.19 13:21:01.887,0.77738,0.77747,3.07,1.20
2018.04.19 13:21:02.192,0.77742,0.77751,1.20,2.70
2018.04.19 13:21:02.602,0.77741,0.77748,1.20,2.25
2018.04.19 13:21:02.654,0.77738,0.77747,1.45,1.25
2018.04.19 13:21:02.872,0.77738,0.77747,1.20,6.41
2018.04.19 13:21:02.924,0.77736,0.77746,1.20,2.44
2018.04.19 13:21:03.461,0.77736,0.77745,3.07,1.00
2018.04.19 13:21:03.994,0.77736,0.77746,1.10,4.12
2018.04.19 13:21:04.823,0.77737,0.77746,1.57,1.00
2018.04.19 13:21:05.113,0.77741,0.7775,1.57,1.39
2018.04.19 13:21:06.568,0.7774,0.77749,2.70,1.00
2018.04.19 13:21:07.124,0.7774,0.7775,1.95,3.56
2018.04.19 13:21:07.659,0.7774,0.77749,2.70,1.00
2018.04.19 13:21:07.762,0.77739,0.77747,1.45,1.00
2018.04.19 13:21:08.243,0.77738,0.77748,1.10,3.19
2018.04.19 13:21:09.496,0.77737,0.77746,1.57,1.50
2018.04.19 13:21:09.915,0.77737,0.77744,1.45,1.87
2018.04.19 13:21:10.038,0.77735,0.77744,2.70,1.87
2018.04.19 13:21:10.570,0.77737,0.77746,1.10,1.10
2018.04.19 13:21:11.076,0.77737,0.77747,2.32,2.62
2018.04.19 13:21:15.814,0.77737,0.77746,1.57,1.12
2018.04.19 13:21:16.212,0.77738,0.77746,1.20,1.12
2018.04.19 13:21:17.312,0.77738,0.77746,1.10,1.87
2018.04.19 13:21:17.804,0.77738,0.77744,1.20,1.12
2018.04.19 13:21:17.961,0.77732,0.77742,1.76,1.69
2018.04.19 13:21:18.501,0.77732,0.77743,1.45,6.19
2018.04.19 13:21:20.173,0.77732,0.77743,1.95,5.25
2018.04.19 13:21:21.320,0.77732,0.77742,2.70,1.12
2018.04.19 13:21:22.485,0.77732,0.77743,1.45,4.69
2018.04.19 13:21:23.146,0.77732,0.77742,1.45,1.00
2018.04.19 13:21:26.120,0.77733,0.77741,1.20,2.25
2018.04.19 13:21:26.403,0.77731,0.77738,1.20,3.00
2018.04.19 13:21:26.455,0.77729,0.77737,1.45,1.69
2018.04.19 13:21:26.509,0.77729,0.77736,1.45,2.62
2018.04.19 13:21:26.662,0.77727,0.77736,1.45,1.87
2018.04.19 13:21:27.193,0.77727,0.77736,1.95,1.50
2018.04.19 13:21:28.830,0.7773,0.7774,1.57,1.50
2018.04.19 13:21:28.935,0.77731,0.77741,1.20,1.00
2018.04.19 13:21:32.940,0.7773,0.77739,1.45,1.50
2018.04.19 13:21:33.115,0.77727,0.77736,1.57,1.50
2018.04.19 13:21:33.637,0.77727,0.77736,1.57,2.25
2018.04.19 13:21:34.384,0.77727,0.77737,2.32,1.69
2018.04.19 13:21:34.801,0.7773,0.77741,1.69,5.89
2018.04.19 13:21:35.110,0.77731,0.7774,1.95,1.50
2018.04.19 13:21:36.406,0.77731,0.7774,3.45,1.00
2018.04.19 13:21:36.736,0.77732,0.7774,1.45,1.00
2018.04.19 13:21:38.013,0.77731,0.7774,1.00,1.00
2018.04.19 13:21:38.588,0.7773,0.77741,3.64,1.95
2018.04.19 13:21:39.104,0.7773,0.77741,3.26,1.87
2018.04.19 13:21:39.690,0.7773,0.77742,4.76,3.45
2018.04.19 13:21:40.213,0.77731,0.77743,5.51,1.01
2018.04.19 13:21:41.975,0.77731,0.77741,3.26,1.00
2018.04.19 13:21:52.127,0.77732,0.77741,1.01,1.00
2018.04.19 13:21:53.652,0.77732,0.77741,2.70,1.00
2018.04.19 13:21:53.704,0.77732,0.77743,3.26,1.95
2018.04.19 13:21:53.810,0.77734,0.77745,4.39,1.20
2018.04.19 13:21:54.348,0.77735,0.77746,2.51,1.10
2018.04.19 13:21:54.899,0.77737,0.77747,1.57,3.26
2018.04.19 13:21:55.261,0.77741,0.77749,1.00,3.07
2018.04.19 13:21:55.416,0.77741,0.77751,1.20,1.00
2018.04.19 13:21:55.752,0.77741,0.77751,1.57,1.00
2018.04.19 13:21:57.505,0.77742,0.77751,1.01,2.25
2018.04.19 13:21:58.056,0.77742,0.77751,1.01,1.00
2018.04.19 13:21:58.777,0.77741,0.7775,1.01,1.00
2018.04.19 13:21:59.488,0.77741,0.77751,1.39,1.87
2018.04.19 13:22:00.468,0.77739,0.7775,1.64,4.12
2018.04.19 13:22:00.577,0.77738,0.77749,1.76,1.25
2018.04.19 13:22:02.222,0.77738,0.77748,3.26,1.00
2018.04.19 13:22:02.738,0.77738,0.77748,1.57,1.87
2018.04.19 13:22:03.254,0.77738,0.77747,1.07,1.87
2018.04.19 13:22:03.502,0.77734,0.77746,8.51,4.01
2018.04.19 13:22:03.556,0.77734,0.77744,1.76,3.37
2018.04.19 13:22:04.064,0.77733,0.77743,2.51,1.12
2018.04.19 13:22:05.707,0.77733,0.77743,1.10,1.87
2018.04.19 13:22:06.792,0.77732,0.77743,1.10,3.64
2018.04.19 13:22:07.318,0.77731,0.77742,7.39,1.69
2018.04.19 13:22:11.552,0.77731,0.77741,5.89,1.00
2018.04.19 13:22:16.151,0.77732,0.77741,1.39,1.00
2018.04.19 13:22:16.765,0.77732,0.77742,3.26,1.12
2018.04.19 13:22:22.211,0.77733,0.77742,1.45,1.00
2018.04.19 13:22:23.127,0.77733,0.77741,1.20,1.12
2018.04.19 13:22:23.230,0.77731,0.77741,2.70,2.06
2018.04.19 13:22:24.248,0.77733,0.77741,1.45,1.87
2018.04.19 13:22:24.889,0.77733,0.77741,1.20,1.87
2018.04.19 13:22:27.436,0.77731,0.77741,2.70,1.87
2018.04.19 13:22:29.896,0.77731,0.77741,1.95,1.12
2018.04.19 13:22:30.438,0.77732,0.77741,1.45,1.00
2018.04.19 13:22:31.044,0.77732,0.7774,1.45,1.00
2018.04.19 13:22:34.687,0.77732,0.7774,1.20,1.00
2018.04.19 13:22:36.258,0.77731,0.7774,2.70,1.00
2018.04.19 13:22:36.568,0.77735,0.77743,1.76,1.00
2018.04.19 13:22:37.409,0.77734,0.77743,2.89,1.00
2018.04.19 13:22:40.402,0.77733,0.77742,1.20,2.25
2018.04.19 13:22:40.666,0.77731,0.7774,1.20,1.95
2018.04.19 13:22:44.430,0.7773,0.77738,1.20,1.87
2018.04.19 13:22:44.536,0.77731,0.7774,1.95,1.50
2018.04.19 13:22:47.735,0.77732,0.7774,1.57,1.00
2018.04.19 13:22:48.147,0.77728,0.77738,3.26,1.31
2018.04.19 13:22:48.362,0.7773,0.77738,1.39,1.87
2018.04.19 13:22:48.414,0.7773,0.77737,1.20,1.31
2018.04.19 13:22:48.466,0.77729,0.77739,1.76,1.20
2018.04.19 13:22:48.995,0.7773,0.77738,1.76,1.00
2018.04.19 13:22:49.326,0.7773,0.7774,1.76,2.06
2018.04.19 13:22:49.847,0.7773,0.7774,1.39,1.57
2018.04.19 13:22:50.447,0.77731,0.7774,1.00,1.50
2018.04.19 13:22:54.749,0.7773,0.77738,2.14,1.00
2018.04.19 13:22:55.269,0.77731,0.77739,1.25,1.00
2018.04.19 13:22:55.793,0.77729,0.77739,2.51,2.25
2018.04.19 13:22:55.845,0.77727,0.77736,1.45,1.00
2018.04.19 13:22:56.503,0.77726,0.77735,1.32,1.00
2018.04.19 13:22:57.277,0.7773,0.77738,1.00,1.00
2018.04.19 13:22:58.560,0.7773,0.77738,1.69,1.00
2018.04.19 13:22:59.164,0.77729,0.77738,5.14,1.00
2018.04.19 13:23:01.674,0.7773,0.7774,3.26,1.32
2018.04.19 13:23:02.225,0.7773,0.7774,4.39,1.10
2018.04.19 13:23:02.891,0.77731,0.7774,1.32,1.00
2018.04.19 13:23:08.039,0.77731,0.7774,1.10,1.10
2018.04.19 13:23:08.547,0.77729,0.77738,4.76,1.00
2018.04.19 13:23:09.095,0.77729,0.77738,2.14,1.10
2018.04.19 13:23:10.446,0.77731,0.77738,1.25,1.10
2018.04.19 13:23:10.976,0.7773,0.77739,3.64,1.00
2018.04.19 13:23:11.491,0.7773,0.7774,5.14,1.25
2018.04.19 13:23:12.045,0.77731,0.77741,4.39,2.32
2018.04.19 13:23:13.588,0.77734,0.77741,1.25,1.00
2018.04.19 13:23:13.692,0.77736,0.77745,1.76,1.20
2018.04.19 13:23:14.213,0.77736,0.77747,1.26,3.64
2018.04.19 13:23:14.743,0.77738,0.77747,1.00,1.20
2018.04.19 13:23:15.270,0.77736,0.77747,1.76,2.70
2018.04.19 13:23:19.713,0.77736,0.77746,1.25,1.10
2018.04.19 13:23:19.766,0.77734,0.77743,3.26,1.25
2018.04.19 13:23:19.924,0.77731,0.77741,1.76,1.00
2018.04.19 13:23:24.286,0.77732,0.77741,1.00,1.00
2018.04.19 13:23:24.818,0.77733,0.77742,1.01,2.14
2018.04.19 13:23:25.074,0.77735,0.77744,1.95,1.57
2018.04.19 13:23:25.677,0.77735,0.77745,1.39,3.75
2018.04.19 13:23:26.199,0.77735,0.77744,2.89,1.00
2018.04.19 13:23:28.150,0.77735,0.77745,1.39,3.75
2018.04.19 13:23:28.771,0.77735,0.77745,1.76,3.75
2018.04.19 13:23:29.080,0.77739,0.7775,3.26,2.32
2018.04.19 13:23:29.609,0.7774,0.77751,2.14,2.06
2018.04.19 13:23:31.823,0.7774,0.77749,1.39,1.00
2018.04.19 13:23:32.949,0.7774,0.7775,1.39,1.31
2018.04.19 13:23:36.073,0.7774,0.77749,2.14,1.12
2018.04.19 13:23:42.864,0.77741,0.7775,1.25,1.01
2018.04.19 13:23:46.989,0.77741,0.77751,1.00,4.76
2018.04.19 13:23:50.592,0.7774,0.77751,2.51,1.01
2018.04.19 13:23:52.854,0.7774,0.77751,3.26,1.01
2018.04.19 13:24:03.024,0.77742,0.77751,1.76,1.39
2018.04.19 13:24:03.076,0.77743,0.77754,4.39,1.39
2018.04.19 13:24:03.620,0.77744,0.77755,2.51,1.76
2018.04.19 13:24:04.158,0.77744,0.77754,1.01,5.14
2018.04.19 13:24:15.913,0.77744,0.77755,2.51,1.76
2018.04.19 13:24:15.969,0.77746,0.77755,1.25,1.57
2018.04.19 13:24:16.493,0.77747,0.77756,1.10,2.70
2018.04.19 13:24:17.970,0.7775,0.77759,2.06,1.57
2018.04.19 13:24:18.207,0.77749,0.77759,1.20,1.25
2018.04.19 13:24:18.309,0.7775,0.77759,2.14,1.12
2018.04.19 13:24:20.197,0.77749,0.7776,1.39,1.57
2018.04.19 13:24:21.404,0.77749,0.7776,1.39,4.76
2018.04.19 13:24:21.715,0.77746,0.77756,1.39,1.31
2018.04.19 13:24:23.627,0.77746,0.77755,1.39,1.00
2018.04.19 13:24:24.197,0.77746,0.77755,1.39,1.00
2018.04.19 13:24:24.973,0.77746,0.77756,2.14,1.87
2018.04.19 13:24:25.284,0.77753,0.77761,1.00,1.00
2018.04.19 13:24:25.908,0.77753,0.77763,1.00,4.20
2018.04.19 13:24:26.302,0.77754,0.77764,1.31,1.76
2018.04.19 13:24:26.613,0.77758,0.77767,1.10,2.32
2018.04.19 13:24:27.134,0.77757,0.77767,1.25,3.07
2018.04.19 13:24:30.391,0.77756,0.77766,1.10,2.81
2018.04.19 13:24:30.623,0.77752,0.77763,2.14,2.51
2018.04.19 13:24:31.133,0.77753,0.77763,1.00,2.51
2018.04.19 13:24:31.849,0.77752,0.77763,1.76,1.76
2018.04.19 13:24:34.579,0.77749,0.77761,5.10,5.06
2018.04.19 13:24:34.888,0.77749,0.7776,1.20,1.39
2018.04.19 13:24:35.465,0.77749,0.7776,1.57,1.62
2018.04.19 13:24:36.000,0.77749,0.7776,1.20,2.89
2018.04.19 13:24:37.122,0.77747,0.77756,1.20,1.62
2018.04.19 13:24:37.175,0.77746,0.77756,1.00,4.76
2018.04.19 13:24:37.278,0.77743,0.77753,4.20,2.06
2018.04.19 13:24:37.381,0.77743,0.77752,1.00,1.12
2018.04.19 13:24:37.993,0.77742,0.77752,1.00,1.95
2018.04.19 13:24:40.224,0.77741,0.77751,3.07,3.07
2018.04.19 13:24:40.750,0.77741,0.77752,3.07,1.57
2018.04.19 13:24:41.616,0.7774,0.7775,1.57,1.69
2018.04.19 13:24:42.331,0.77741,0.7775,2.25,1.50
2018.04.19 13:24:42.874,0.7774,0.7775,1.87,1.10
2018.04.19 13:24:43.083,0.77741,0.77751,1.29,1.20
2018.04.19 13:24:43.135,0.77741,0.77752,2.89,1.10
2018.04.19 13:24:43.240,0.77743,0.77752,1.12,1.00
2018.04.19 13:24:43.742,0.77743,0.77753,1.12,2.32
2018.04.19 13:24:44.261,0.77743,0.77752,1.37,1.00
2018.04.19 13:24:44.365,0.77743,0.77754,1.20,3.45
2018.04.19 13:24:45.259,0.77743,0.77753,1.95,1.00
2018.04.19 13:24:46.151,0.77743,0.77754,1.95,2.32
2018.04.19 13:24:46.806,0.77743,0.77754,1.95,2.32
2018.04.19 13:24:47.267,0.77744,0.77753,1.07,1.12
2018.04.19 13:24:47.782,0.77743,0.77754,2.51,1.20
2018.04.19 13:24:48.817,0.77745,0.77756,1.57,1.87
2018.04.19 13:24:49.151,0.77747,0.77757,2.32,3.37
2018.04.19 13:24:49.688,0.77747,0.77757,2.14,1.87
2018.04.19 13:24:49.929,0.77748,0.77758,2.14,1.87
2018.04.19 13:24:50.476,0.77749,0.77758,1.10,1.12
2018.04.19 13:24:50.631,0.77751,0.77759,1.39,1.00
2018.04.19 13:24:50.736,0.77751,0.77761,1.39,2.25
2018.04.19 13:24:50.836,0.77752,0.77761,1.69,1.50
2018.04.19 13:24:51.376,0.77753,0.77763,1.76,4.57
2018.04.19 13:24:53.667,0.77753,0.77763,2.14,3.37
2018.04.19 13:24:54.351,0.77754,0.77764,1.07,1.87
2018.04.19 13:24:56.430,0.77754,0.77764,1.07,1.39
2018.04.19 13:24:57.507,0.77754,0.77764,1.20,1.20
2018.04.19 13:24:58.467,0.77754,0.77763,1.07,1.00
2018.04.19 13:24:59.016,0.77753,0.77763,1.57,2.44
2018.04.19 13:25:00.010,0.77753,0.77763,1.57,2.81
2018.04.19 13:25:00.583,0.77753,0.77763,1.10,2.81
2018.04.19 13:25:01.465,0.77753,0.77763,1.10,2.44
2018.04.19 13:25:05.326,0.77754,0.77763,1.10,1.50
2018.04.19 13:25:07.224,0.77755,0.77763,1.07,1.00
2018.04.19 13:25:13.636,0.77754,0.77763,2.70,1.00
2018.04.19 13:25:14.207,0.77754,0.77762,1.39,1.00
2018.04.19 13:25:14.724,0.77753,0.77762,2.70,1.00
2018.04.19 13:25:21.151,0.77753,0.77763,3.45,2.44
2018.04.19 13:25:22.967,0.77754,0.77764,1.20,1.50
2018.04.19 13:25:23.348,0.77755,0.77766,1.95,8.14
2018.04.19 13:25:24.645,0.77756,0.77764,1.20,1.00
2018.04.19 13:25:24.854,0.77754,0.77763,1.57,1.69
2018.04.19 13:25:29.941,0.77753,0.77763,1.20,2.81
2018.04.19 13:25:33.034,0.77752,0.77762,5.51,1.19
2018.04.19 13:25:33.796,0.7775,0.7776,6.26,3.00
2018.04.19 13:25:33.848,0.77748,0.77758,2.14,1.00
2018.04.19 13:25:33.953,0.77748,0.77758,1.10,2.44
2018.04.19 13:25:34.518,0.77748,0.77757,1.10,1.50
2018.04.19 13:25:34.733,0.77745,0.77755,2.51,1.00
2018.04.19 13:25:34.784,0.77745,0.77755,1.20,1.50
2018.04.19 13:25:35.356,0.77745,0.77755,1.20,1.95
2018.04.19 13:25:35.714,0.77744,0.77754,1.10,4.39
2018.04.19 13:25:36.237,0.77743,0.77752,1.00,1.57
2018.04.19 13:25:36.780,0.77742,0.77752,3.00,1.57
2018.04.19 13:25:37.836,0.77743,0.77753,1.12,2.32
2018.04.19 13:25:38.152,0.77749,0.77756,1.00,1.00
2018.04.19 13:25:38.750,0.77748,0.77756,1.00,1.00
2018.04.19 13:25:39.265,0.77748,0.77757,3.26,1.50
2018.04.19 13:25:39.773,0.77747,0.77756,1.57,3.56
2018.04.19 13:25:40.433,0.77746,0.77755,1.76,1.57
2018.04.19 13:25:42.218,0.77746,0.77755,1.00,2.32
2018.04.19 13:25:42.564,0.77744,0.77753,1.10,1.00
2018.04.19 13:25:42.900,0.77742,0.77752,1.31,3.26
2018.04.19 13:25:46.820,0.77742,0.77753,5.14,1.12
2018.04.19 13:25:47.362,0.77743,0.77754,1.76,3.45
2018.04.19 13:25:47.876,0.77744,0.77754,5.14,1.10
2018.04.19 13:25:48.057,0.77749,0.77758,1.50,2.32
2018.04.19 13:25:48.851,0.77749,0.77757,1.95,1.00
2018.04.19 13:25:49.341,0.77749,0.77759,2.70,2.81
2018.04.19 13:25:49.759,0.77748,0.77756,2.89,1.00
2018.04.19 13:25:51.514,0.77745,0.77755,12.64,1.00
2018.04.19 13:25:54.495,0.77745,0.77755,4.39,1.20
2018.04.19 13:25:55.165,0.77744,0.77755,3.26,1.20
2018.04.19 13:25:55.696,0.77743,0.77753,6.45,1.12
2018.04.19 13:25:57.129,0.77744,0.77754,1.12,3.82
2018.04.19 13:25:57.352,0.77743,0.77753,1.20,2.51
2018.04.19 13:25:59.096,0.77744,0.77754,1.57,7.95
2018.04.19 13:25:59.642,0.77744,0.77754,1.10,1.87
2018.04.19 13:26:01.737,0.77744,0.77754,3.45,1.50
2018.04.19 13:26:02.068,0.77752,0.77762,1.00,1.20
2018.04.19 13:26:02.571,0.77752,0.77762,4.01,2.25
2018.04.19 13:26:03.088,0.77752,0.77761,2.51,1.00
2018.04.19 13:26:03.943,0.77752,0.77762,1.01,1.00
2018.04.19 13:26:07.655,0.77752,0.77762,2.89,1.12
2018.04.19 13:26:10.143,0.77753,0.77763,1.10,1.69
2018.04.19 13:26:10.740,0.77753,0.77764,1.09,5.14
2018.04.19 13:26:11.509,0.77753,0.77763,2.59,1.12
2018.04.19 13:26:11.727,0.77752,0.77764,4.76,4.01
2018.04.19 13:26:11.933,0.77753,0.77763,1.84,1.95
2018.04.19 13:26:12.760,0.77753,0.77763,2.59,1.95
2018.04.19 13:26:13.315,0.77754,0.77762,1.27,1.00
2018.04.19 13:26:13.850,0.77753,0.77763,1.95,3.45
2018.04.19 13:26:14.395,0.77755,0.77764,3.34,1.00
2018.04.19 13:26:14.906,0.77755,0.77764,3.34,1.00
2018.04.19 13:26:15.457,0.77755,0.77765,4.09,2.62
2018.04.19 13:26:16.029,0.77756,0.77765,1.20,2.62
2018.04.19 13:26:16.578,0.77757,0.77765,1.10,1.00
2018.04.19 13:26:17.108,0.77756,0.77767,3.34,4.76
2018.04.19 13:26:17.710,0.7776,0.77769,1.20,1.69
2018.04.19 13:26:18.006,0.77759,0.77767,1.07,1.00
2018.04.19 13:26:18.601,0.77759,0.77767,1.10,1.50
2018.04.19 13:26:19.423,0.77757,0.77767,1.76,1.69
2018.04.19 13:26:20.092,0.77757,0.77766,1.07,2.25
2018.04.19 13:26:20.733,0.77761,0.77767,1.00,1.00
2018.04.19 13:26:20.791,0.77761,0.77771,1.20,4.31
2018.04.19 13:26:21.376,0.77761,0.77771,2.06,2.89
2018.04.19 13:26:21.536,0.77762,0.77773,7.76,3.07
2018.04.19 13:26:21.587,0.77762,0.77773,8.14,2.70
2018.04.19 13:26:33.028,0.77764,0.77774,1.39,4.57
2018.04.19 13:26:33.132,0.77764,0.77775,4.57,1.95
2018.04.19 13:26:33.186,0.77768,0.77777,1.87,3.82
2018.04.19 13:26:33.239,0.77768,0.77777,1.87,1.95
2018.04.19 13:26:33.853,0.77768,0.77777,1.10,1.95
2018.04.19 13:26:34.466,0.77765,0.77776,6.07,1.50
2018.04.19 13:26:34.518,0.77766,0.77775,1.10,1.00
2018.04.19 13:26:36.620,0.77766,0.77775,1.07,1.00
2018.04.19 13:26:41.768,0.77766,0.77775,1.76,1.00
2018.04.19 13:26:42.269,0.77766,0.77776,1.00,4.57
2018.04.19 13:26:43.901,0.77766,0.77777,2.14,1.39
2018.04.19 13:26:44.656,0.77767,0.77777,1.37,2.14
2018.04.19 13:26:47.145,0.77766,0.77777,1.10,4.39
2018.04.19 13:26:47.711,0.77765,0.77775,4.01,1.57
2018.04.19 13:26:48.804,0.77766,0.77776,1.95,1.76
2018.04.19 13:26:54.356,0.77767,0.77777,1.57,1.00
2018.04.19 13:26:54.884,0.77767,0.77777,1.95,1.10
2018.04.19 13:26:55.623,0.77767,0.77777,3.07,1.00
2018.04.19 13:26:58.928,0.77767,0.77777,1.95,1.00
2018.04.19 13:26:59.158,0.7777,0.7778,2.28,3.07
2018.04.19 13:26:59.515,0.77772,0.77781,1.57,2.25
2018.04.19 13:27:00.628,0.77772,0.77781,1.10,2.25
2018.04.19 13:27:01.465,0.77773,0.77782,1.50,1.00
2018.04.19 13:27:01.987,0.77773,0.77783,2.32,3.19
2018.04.19 13:27:02.755,0.77773,0.77783,2.32,4.69
2018.04.19 13:27:03.876,0.77773,0.77783,2.32,2.06
2018.04.19 13:27:08.071,0.77773,0.77783,1.95,2.44
2018.04.19 13:27:09.336,0.77773,0.77783,2.32,2.51
2018.04.19 13:27:09.646,0.77771,0.77778,3.26,1.00
2018.04.19 13:27:09.750,0.77768,0.77778,3.26,1.00
2018.04.19 13:27:10.363,0.77768,0.77779,2.51,3.64
2018.04.19 13:27:10.467,0.77771,0.7778,1.56,1.07
2018.04.19 13:27:10.789,0.7777,0.7778,1.57,3.75
2018.04.19 13:27:11.101,0.77772,0.7778,1.69,1.00
2018.04.19 13:27:11.254,0.77774,0.77784,1.50,3.26
2018.04.19 13:27:11.760,0.77774,0.77784,1.20,1.69
2018.04.19 13:27:13.497,0.77775,0.77783,1.20,1.00
2018.04.19 13:27:13.599,0.77772,0.77782,1.95,2.81
2018.04.19 13:27:14.144,0.77773,0.77782,1.20,4.50
2018.04.19 13:27:14.758,0.77773,0.77781,1.20,4.31
2018.04.19 13:27:14.932,0.77771,0.77781,3.07,4.31
2018.04.19 13:27:14.984,0.77772,0.7778,1.20,5.44
2018.04.19 13:27:15.189,0.77769,0.7778,1.95,5.44
2018.04.19 13:27:16.182,0.77769,0.7778,1.95,6.94
2018.04.19 13:27:18.348,0.77769,0.77777,1.95,1.50
2018.04.19 13:27:18.545,0.77768,0.77778,1.20,3.19
2018.04.19 13:27:18.803,0.77767,0.77776,1.95,3.19
2018.04.19 13:27:19.111,0.77765,0.77774,1.20,2.25
2018.04.19 13:27:19.657,0.77765,0.77774,1.45,3.00
2018.04.19 13:27:20.226,0.77766,0.77776,6.26,1.57
2018.04.19 13:27:20.560,0.77767,0.77777,4.95,1.12
2018.04.19 13:27:21.802,0.77767,0.77777,3.45,1.87
2018.04.19 13:27:22.596,0.77767,0.77777,1.95,2.62
2018.04.19 13:27:24.962,0.77768,0.77777,1.45,2.62
2018.04.19 13:27:26.256,0.77769,0.77774,1.39,1.00
2018.04.19 13:27:26.307,0.77768,0.77776,2.89,1.00
2018.04.19 13:27:26.359,0.77765,0.77776,2.14,2.62
2018.04.19 13:27:26.462,0.77765,0.77774,1.70,2.25
2018.04.19 13:27:27.265,0.77765,0.77773,2.14,1.00
2018.04.19 13:27:27.642,0.77765,0.77775,2.14,4.12
2018.04.19 13:27:28.740,0.77765,0.77774,2.14,1.50
2018.04.19 13:27:29.686,0.77765,0.77775,2.14,5.62
2018.04.19 13:27:30.199,0.77765,0.77774,2.14,1.50
2018.04.19 13:27:31.906,0.77765,0.77775,2.14,4.12
2018.04.19 13:27:32.831,0.77766,0.77775,1.29,2.25
2018.04.19 13:27:33.214,0.77767,0.77776,1.01,1.87
2018.04.19 13:27:35.555,0.77769,0.77777,1.29,2.62
2018.04.19 13:27:38.339,0.77767,0.77775,1.29,1.00
2018.04.19 13:27:38.443,0.77764,0.77774,2.89,1.00
2018.04.19 13:27:38.958,0.77764,0.77774,1.76,1.00
2018.04.19 13:27:39.498,0.77766,0.77774,1.19,1.10
2018.04.19 13:27:39.600,0.77767,0.77776,1.29,3.07
2018.04.19 13:27:40.219,0.77768,0.77778,1.19,2.32
2018.04.19 13:27:40.747,0.77768,0.77778,1.39,1.95
2018.04.19 13:27:41.294,0.77768,0.77778,1.29,2.62
2018.04.19 13:27:50.994,0.77768,0.77778,1.76,1.87
2018.04.19 13:27:51.217,0.77767,0.77777,4.39,1.87
2018.04.19 13:27:51.733,0.77768,0.77777,1.69,1.87
2018.04.19 13:27:54.672,0.77767,0.77777,5.51,1.87
2018.04.19 13:27:55.564,0.77768,0.77777,1.32,1.87
2018.04.19 13:28:00.248,0.77767,0.77777,6.26,3.37
2018.04.19 13:28:09.093,0.77769,0.77778,3.00,2.32
2018.04.19 13:28:09.146,0.7777,0.77779,1.29,3.45
2018.04.19 13:28:09.675,0.77768,0.77777,6.26,1.00
2018.04.19 13:28:09.963,0.77768,0.77779,3.26,3.45
2018.04.19 13:28:13.597,0.77767,0.77777,4.76,2.25
2018.04.19 13:28:13.907,0.77769,0.77777,1.19,3.07
2018.04.19 13:28:15.420,0.77769,0.77778,1.19,1.95
2018.04.19 13:28:17.156,0.77766,0.77776,4.01,1.50
2018.04.19 13:28:17.513,0.77768,0.77776,1.19,1.00
2018.04.19 13:28:21.710,0.77769,0.77776,1.19,1.00
2018.04.19 13:28:22.437,0.77769,0.77777,1.29,1.50
2018.04.19 13:28:38.641,0.77773,0.77779,1.19,1.10
2018.04.19 13:28:38.798,0.77774,0.77781,1.19,1.10
2018.04.19 13:28:39.592,0.77774,0.77782,1.69,1.57
2018.04.19 13:28:41.221,0.77775,0.77783,1.19,2.32
2018.04.19 13:28:41.676,0.77773,0.77783,2.89,2.25
2018.04.19 13:28:41.780,0.77771,0.77779,1.70,1.50
2018.04.19 13:28:41.934,0.77769,0.77778,1.76,1.00
2018.04.19 13:28:42.501,0.77769,0.77777,1.31,1.00
2018.04.19 13:28:50.156,0.77771,0.77779,2.06,1.20
2018.04.19 13:28:50.366,0.77771,0.77781,2.14,2.32
2018.04.19 13:28:51.797,0.77772,0.77781,2.44,1.20
2018.04.19 13:28:51.900,0.77772,0.77782,3.94,1.95
2018.04.19 13:28:58.013,0.77774,0.77782,1.00,1.00
2018.04.19 13:28:58.533,0.77774,0.77783,3.26,1.00
2018.04.19 13:28:59.682,0.77774,0.77783,1.31,1.00
2018.04.19 13:29:03.054,0.77773,0.77783,2.81,3.45
2018.04.19 13:29:03.583,0.77773,0.77783,1.25,1.10
2018.04.19 13:29:04.626,0.77773,0.77782,1.25,1.50
2018.04.19 13:29:07.428,0.77773,0.77781,1.25,1.00
2018.04.19 13:29:07.482,0.77769,0.77777,1.39,1.00
2018.04.19 13:29:08.059,0.77769,0.77777,1.01,1.00
2018.04.19 13:29:08.576,0.77769,0.77777,1.19,1.10
2018.04.19 13:29:21.938,0.77769,0.77778,1.19,1.00
2018.04.19 13:29:28.460,0.77769,0.77777,1.19,1.00
2018.04.19 13:29:29.032,0.77768,0.77776,1.19,1.50
2018.04.19 13:29:29.740,0.77768,0.77777,1.19,2.25
2018.04.19 13:29:30.525,0.77767,0.77777,1.76,3.00
2018.04.19 13:29:30.856,0.77766,0.77775,2.51,1.95
2018.04.19 13:29:32.341,0.77764,0.77773,3.26,1.00
2018.04.19 13:29:32.992,0.77764,0.77773,2.44,1.00
2018.04.19 13:29:33.345,0.77763,0.7777,1.10,2.46
2018.04.19 13:29:33.503,0.77757,0.77765,1.39,1.00
2018.04.19 13:29:33.607,0.77756,0.77765,1.39,1.87
2018.04.19 13:29:34.161,0.77755,0.77764,1.00,2.70
2018.04.19 13:29:36.208,0.77755,0.77763,1.00,1.50
2018.04.19 13:29:37.057,0.77755,0.77763,1.19,1.10
2018.04.19 13:29:37.212,0.77754,0.77763,3.56,1.00
2018.04.19 13:29:38.278,0.77754,0.77763,3.26,1.00
2018.04.19 13:29:38.782,0.77754,0.77764,4.39,1.57
2018.04.19 13:29:39.351,0.77755,0.77765,1.70,3.37
2018.04.19 13:29:39.865,0.77755,0.77764,1.70,1.50
2018.04.19 13:29:40.170,0.77757,0.77766,4.76,1.20
2018.04.19 13:29:40.222,0.7776,0.77768,1.00,1.50
2018.04.19 13:29:40.325,0.77762,0.77771,1.31,2.25
2018.04.19 13:29:40.634,0.77763,0.77772,1.45,1.87
2018.04.19 13:29:41.140,0.77762,0.7777,1.39,1.50
2018.04.19 13:29:41.623,0.7776,0.77768,1.45,1.50
2018.04.19 13:29:41.929,0.77759,0.77767,1.20,2.25
2018.04.19 13:29:43.698,0.77757,0.77766,1.45,2.25
2018.04.19 13:29:44.414,0.77757,0.77766,1.39,3.00
2018.04.19 13:29:45.572,0.77758,0.77767,1.39,4.87
2018.04.19 13:29:49.685,0.7776,0.77768,1.31,1.50
2018.04.19 13:29:52.030,0.7776,0.77768,1.20,2.25
2018.04.19 13:29:52.413,0.77761,0.77768,2.89,1.00
2018.04.19 13:29:52.465,0.77761,0.7777,2.89,1.10
2018.04.19 13:29:52.568,0.77761,0.77767,3.64,1.00
2018.04.19 13:29:52.620,0.77761,0.77771,3.64,2.62
2018.04.19 13:29:53.892,0.77761,0.7777,1.20,1.00
2018.04.19 13:29:54.577,0.77759,0.77769,2.14,1.50
2018.04.19 13:29:54.681,0.77758,0.77768,2.51,1.87
2018.04.19 13:29:55.435,0.77758,0.77768,2.51,1.87
2018.04.19 13:29:56.020,0.77758,0.77768,4.39,1.87
2018.04.19 13:29:56.531,0.77757,0.77767,1.39,2.70
2018.04.19 13:29:56.584,0.77757,0.77766,1.39,1.50
2018.04.19 13:29:57.149,0.77757,0.77764,1.10,1.00
2018.04.19 13:29:57.700,0.77757,0.77765,1.10,1.50
2018.04.19 13:29:58.547,0.77757,0.77765,1.29,1.00
2018.04.19 13:30:00.200,0.77756,0.77765,2.14,1.00
2018.04.19 13:30:00.867,0.77756,0.77765,3.26,1.00
2018.04.19 13:30:01.386,0.77756,0.77766,4.39,1.00
2018.04.19 13:30:02.021,0.77757,0.77766,1.39,1.10
2018.04.19 13:30:03.342,0.77756,0.77766,2.89,1.00
2018.04.19 13:30:03.515,0.77756,0.77764,1.10,1.00
2018.04.19 13:30:05.717,0.77759,0.77764,2.25,1.00
2018.04.19 13:30:05.769,0.77762,0.77769,1.25,1.00
2018.04.19 13:30:05.822,0.77764,0.77772,1.00,1.45
2018.04.19 13:30:05.980,0.77763,0.77773,2.89,1.20
2018.04.19 13:30:06.350,0.77764,0.77773,1.31,1.12
2018.04.19 13:30:06.403,0.77766,0.77776,2.51,1.87
2018.04.19 13:30:06.782,0.7777,0.77778,1.00,1.00
2018.04.19 13:30:07.135,0.77767,0.77778,4.01,1.50
2018.04.19 13:30:07.495,0.77767,0.77776,1.20,1.00
2018.04.19 13:30:08.040,0.77768,0.77776,1.95,1.00
2018.04.19 13:30:09.386,0.77767,0.77777,3.45,1.50
2018.04.19 13:30:09.762,0.77769,0.77778,4.20,1.12
2018.04.19 13:30:09.865,0.77769,0.77778,1.76,1.12
2018.04.19 13:30:10.400,0.77768,0.77777,1.01,1.00
2018.04.19 13:30:11.376,0.77769,0.77778,1.10,1.57
2018.04.19 13:30:11.545,0.77771,0.77779,1.00,1.00
2018.04.19 13:30:11.912,0.77768,0.77776,1.57,1.00
2018.04.19 13:30:12.422,0.77768,0.77776,1.57,1.00
2018.04.19 13:30:12.941,0.77768,0.77776,1.45,1.00
2018.04.19 13:30:13.164,0.77768,0.77776,1.10,1.00
2018.04.19 13:30:14.310,0.77765,0.77774,1.57,3.00
2018.04.19 13:30:14.479,0.77763,0.77773,1.95,1.12
2018.04.19 13:30:14.923,0.77761,0.7777,2.51,1.00
2018.04.19 13:30:14.975,0.7776,0.7777,1.95,1.50
2018.04.19 13:30:15.128,0.77759,0.77767,1.10,1.87
2018.04.19 13:30:15.282,0.77756,0.77766,2.89,3.00
2018.04.19 13:30:15.810,0.77756,0.77766,1.76,3.75
2018.04.19 13:30:16.810,0.77754,0.77762,1.57,1.00
2018.04.19 13:30:18.295,0.77755,0.77763,1.00,1.57
2018.04.19 13:30:18.736,0.77756,0.77766,3.26,1.10
2018.04.19 13:30:19.935,0.77757,0.77767,1.39,4.20
2018.04.19 13:30:20.479,0.77758,0.77767,2.51,1.57
2018.04.19 13:30:21.221,0.77757,0.77767,4.76,3.07
2018.04.19 13:30:24.866,0.77757,0.77767,2.51,1.57
2018.04.19 13:30:26.652,0.77757,0.77765,1.39,1.00
2018.04.19 13:30:27.505,0.77757,0.77766,1.39,1.50
2018.04.19 13:30:30.951,0.77757,0.77767,4.01,3.07
2018.04.19 13:30:31.930,0.77759,0.77767,1.25,1.50
2018.04.19 13:30:32.443,0.77758,0.77766,1.00,1.00
2018.04.19 13:30:35.754,0.77758,0.77767,2.32,1.10
2018.04.19 13:30:37.399,0.77758,0.77766,1.20,1.00
2018.04.19 13:30:37.908,0.77758,0.77768,2.62,1.10
2018.04.19 13:30:38.013,0.77761,0.7777,1.10,1.87
2018.04.19 13:30:38.401,0.77759,0.77767,1.39,1.00
2018.04.19 13:30:39.828,0.77757,0.77767,5.14,1.50
2018.04.19 13:30:40.365,0.77758,0.77767,1.00,1.50
2018.04.19 13:30:41.689,0.77757,0.77767,5.51,1.50
2018.04.19 13:30:42.543,0.77757,0.77767,6.26,1.50
2018.04.19 13:30:43.085,0.77757,0.77767,3.64,1.50
2018.04.19 13:30:44.255,0.77759,0.77767,1.50,1.00
2018.04.19 13:30:44.359,0.77761,0.7777,1.20,1.57
2018.04.19 13:30:44.410,0.77759,0.77769,1.70,1.19
2018.04.19 13:30:44.700,0.77759,0.77767,1.00,1.00
2018.04.19 13:30:45.119,0.77762,0.77769,1.00,1.95
2018.04.19 13:30:45.410,0.77768,0.77776,1.00,1.50
2018.04.19 13:30:45.938,0.77768,0.77777,1.20,1.50
2018.04.19 13:30:46.477,0.77768,0.77776,1.12,1.00
2018.04.19 13:30:47.056,0.77767,0.77777,3.07,1.00
2018.04.19 13:30:50.665,0.77765,0.77775,1.57,4.69
2018.04.19 13:30:50.887,0.77764,0.77774,1.20,5.51
2018.04.19 13:30:51.417,0.77763,0.77774,4.72,4.76
2018.04.19 13:30:51.986,0.77763,0.77772,3.00,1.00
2018.04.19 13:30:53.040,0.77764,0.77772,1.00,1.00
2018.04.19 13:30:53.501,0.77765,0.77774,1.87,1.10
2018.04.19 13:30:55.093,0.77765,0.77775,2.44,1.10
2018.04.19 13:30:57.227,0.77766,0.77776,2.62,3.82
2018.04.19 13:30:57.739,0.77767,0.77775,1.00,1.00
2018.04.19 13:30:58.073,0.77769,0.77778,1.00,1.95
2018.04.19 13:30:58.176,0.77769,0.77779,5.70,1.57
2018.04.19 13:30:58.694,0.7777,0.7778,3.07,1.95
2018.04.19 13:30:58.999,0.77773,0.77782,1.50,1.20
2018.04.19 13:30:59.103,0.77773,0.77782,1.50,1.00
2018.04.19 13:30:59.210,0.77771,0.7778,3.04,1.00
2018.04.19 13:30:59.522,0.7777,0.77778,1.07,1.00
2018.04.19 13:30:59.796,0.77769,0.77779,4.57,3.19
2018.04.19 13:30:59.899,0.7777,0.77779,1.07,1.00
2018.04.19 13:31:00.402,0.77768,0.77777,1.57,1.12
2018.04.19 13:31:00.609,0.77773,0.77782,1.50,1.50
2018.04.19 13:31:01.218,0.77773,0.77782,2.70,1.00
2018.04.19 13:31:01.826,0.77775,0.77784,1.20,1.39
2018.04.19 13:31:02.401,0.77774,0.77784,1.57,1.31
2018.04.19 13:31:02.932,0.77773,0.7778,1.45,3.56
2018.04.19 13:31:02.984,0.77771,0.77779,1.45,1.00
2018.04.19 13:31:03.137,0.7777,0.77779,1.20,2.44
2018.04.19 13:31:03.705,0.7777,0.77777,1.20,1.00
2018.04.19 13:31:03.809,0.7777,0.7778,4.36,1.10
2018.04.19 13:31:04.359,0.77773,0.7778,1.45,1.00
2018.04.19 13:31:04.593,0.77771,0.77778,1.45,1.00
2018.04.19 13:31:04.988,0.7777,0.77776,1.20,1.00
2018.04.19 13:31:05.039,0.77768,0.77776,2.32,1.00
2018.04.19 13:31:05.545,0.77769,0.77777,1.20,1.50
2018.04.19 13:31:06.876,0.77769,0.77777,1.95,1.50
2018.04.19 13:31:09.536,0.77772,0.77782,4.95,1.00
2018.04.19 13:31:09.591,0.77776,0.77784,1.00,1.87
2018.04.19 13:31:09.847,0.77776,0.77786,3.07,2.06
2018.04.19 13:31:10.837,0.77776,0.77784,4.39,1.00
2018.04.19 13:31:11.178,0.77777,0.77786,1.07,1.25
2018.04.19 13:31:11.438,0.77777,0.77784,1.07,1.00
2018.04.19 13:31:11.972,0.77777,0.77785,1.57,1.00
2018.04.19 13:31:12.889,0.77777,0.77785,1.00,1.00
2018.04.19 13:31:19.546,0.77775,0.77785,1.95,1.00
2018.04.19 13:31:19.855,0.77773,0.77783,3.45,6.19
2018.04.19 13:31:20.063,0.7777,0.77778,1.57,1.00
2018.04.19 13:31:20.705,0.77768,0.77778,4.01,2.25
2018.04.19 13:31:21.232,0.77768,0.77778,2.14,2.32
2018.04.19 13:31:21.532,0.77772,0.77779,1.87,1.10
2018.04.19 13:31:21.685,0.77772,0.77782,3.82,1.25
2018.04.19 13:31:22.236,0.77773,0.7778,1.20,1.12
2018.04.19 13:31:22.548,0.77769,0.77777,1.20,1.00
2018.04.19 13:31:23.103,0.77768,0.77775,1.10,2.25
2018.04.19 13:31:23.686,0.77766,0.77776,1.95,1.10
2018.04.19 13:31:24.256,0.77768,0.77776,1.00,1.10
2018.04.19 13:31:25.099,0.77769,0.77777,1.00,1.50
2018.04.19 13:31:25.429,0.77772,0.77782,3.82,2.70
2018.04.19 13:31:25.959,0.77772,0.77782,4.20,1.76
2018.04.19 13:31:27.250,0.77772,0.7778,1.95,1.00
2018.04.19 13:31:27.602,0.77773,0.77782,1.00,1.69
2018.04.19 13:31:28.121,0.77773,0.77783,1.20,1.29
2018.04.19 13:31:28.737,0.77772,0.77781,1.45,6.00
2018.04.19 13:31:28.840,0.77771,0.7778,1.12,1.00
2018.04.19 13:31:31.811,0.7777,0.77778,1.00,1.00
2018.04.19 13:31:32.087,0.77768,0.77778,3.82,1.50
2018.04.19 13:31:32.674,0.77769,0.77778,1.12,1.50
2018.04.19 13:31:33.531,0.7777,0.77778,1.00,1.00
2018.04.19 13:31:34.039,0.7777,0.77779,1.50,1.57
2018.04.19 13:31:34.246,0.77773,0.77781,2.25,1.50
2018.04.19 13:31:34.787,0.77774,0.77782,1.00,1.00
2018.04.19 13:31:35.318,0.77772,0.77782,4.39,1.00
2018.04.19 13:31:35.820,0.77773,0.77783,1.95,3.19
2018.04.19 13:31:37.018,0.77772,0.7778,1.47,1.50
2018.04.19 13:31:37.121,0.77774,0.77782,1.00,1.00
2018.04.19 13:31:37.822,0.77774,0.77783,1.00,1.50
2018.04.19 13:31:38.395,0.77773,0.77781,1.95,1.00
2018.04.19 13:31:38.550,0.7777,0.77779,1.10,3.19
2018.04.19 13:31:38.706,0.77769,0.77777,1.07,1.00
2018.04.19 13:31:38.814,0.77767,0.77777,3.45,1.10
2018.04.19 13:31:39.347,0.77767,0.77776,2.70,1.50
2018.04.19 13:31:39.992,0.77768,0.77777,2.25,1.00
2018.04.19 13:31:40.514,0.77768,0.77778,1.95,1.25
2018.04.19 13:31:41.330,0.77768,0.77778,2.32,1.57
2018.04.19 13:31:41.670,0.77768,0.77776,1.20,1.00
2018.04.19 13:31:41.998,0.77775,0.77779,1.00,1.10
2018.04.19 13:31:42.051,0.77775,0.77783,1.12,1.10
2018.04.19 13:31:42.158,0.77776,0.77784,1.50,2.44
2018.04.19 13:31:42.210,0.77775,0.77784,1.12,2.44
2018.04.19 13:31:42.350,0.77775,0.77784,1.75,2.44
2018.04.19 13:31:42.879,0.77777,0.77785,1.12,1.25
2018.04.19 13:31:43.556,0.77776,0.77784,3.45,1.00
2018.04.19 13:31:43.975,0.77774,0.77784,2.32,2.32
2018.04.19 13:31:44.028,0.77774,0.77782,1.95,1.00
2018.04.19 13:31:44.719,0.77775,0.77783,1.57,1.00
2018.04.19 13:31:45.221,0.77775,0.77783,4.50,1.00
2018.04.19 13:31:45.834,0.77775,0.77784,4.50,1.00
2018.04.19 13:31:48.632,0.77775,0.77779,4.12,1.00
2018.04.19 13:31:48.684,0.77769,0.77778,1.10,2.44
2018.04.19 13:31:48.736,0.77768,0.77776,1.76,1.00
2018.04.19 13:31:49.248,0.77768,0.77776,1.25,1.00
2018.04.19 13:31:53.747,0.77769,0.77776,1.57,1.00
2018.04.19 13:31:55.003,0.77769,0.77777,1.10,1.00
2018.04.19 13:31:55.352,0.77774,0.77782,1.20,1.00
2018.04.19 13:31:55.902,0.77774,0.77784,1.20,1.87
2018.04.19 13:31:56.502,0.77773,0.77783,4.57,3.00
2018.04.19 13:31:57.201,0.77773,0.77783,3.82,2.25
2018.04.19 13:31:57.748,0.77773,0.77783,2.32,1.12
2018.04.19 13:31:58.300,0.77773,0.77783,2.70,1.12
2018.04.19 13:31:59.543,0.77774,0.77783,2.32,1.87
2018.04.19 13:32:00.048,0.77773,0.77783,4.95,1.12
2018.04.19 13:32:03.519,0.77774,0.77783,2.32,1.00
2018.04.19 13:32:06.319,0.77775,0.77784,1.45,1.12
2018.04.19 13:32:07.918,0.77774,0.77783,1.45,1.87
2018.04.19 13:32:09.288,0.77774,0.77783,1.45,2.62
2018.04.19 13:32:10.204,0.77774,0.77783,1.45,1.87
2018.04.19 13:32:12.244,0.77774,0.77784,3.82,1.50
2018.04.19 13:32:12.766,0.77774,0.77784,1.95,2.25
2018.04.19 13:32:17.137,0.77774,0.77781,1.45,3.00
2018.04.19 13:32:17.191,0.77772,0.77779,1.20,1.50
2018.04.19 13:32:17.296,0.77769,0.77777,1.95,1.50
2018.04.19 13:32:17.660,0.77769,0.77778,1.20,3.37
2018.04.19 13:32:19.860,0.77771,0.77778,4.12,1.50
2018.04.19 13:32:19.912,0.77773,0.77782,1.50,2.32
2018.04.19 13:32:20.469,0.77773,0.77782,1.95,1.00
2018.04.19 13:32:23.215,0.77774,0.77782,1.45,1.00
2018.04.19 13:32:23.720,0.77775,0.77782,1.45,1.00
2018.04.19 13:32:27.739,0.77775,0.77783,1.95,1.00
2018.04.19 13:32:28.306,0.77775,0.77783,1.95,1.00
2018.04.19 13:32:30.089,0.77776,0.77784,1.10,1.00
2018.04.19 13:32:30.690,0.77775,0.77783,1.10,1.00
2018.04.19 13:32:33.505,0.77775,0.77783,3.07,1.00
2018.04.19 13:32:34.039,0.77775,0.77783,3.07,1.00
2018.04.19 13:32:35.970,0.77777,0.77783,1.00,1.00
2018.04.19 13:32:36.350,0.77776,0.77785,2.14,1.00
2018.04.19 13:32:39.376,0.77776,0.77786,3.64,2.70
2018.04.19 13:32:40.054,0.77776,0.77786,1.76,1.87
2018.04.19 13:32:40.572,0.77776,0.77786,2.89,1.00
2018.04.19 13:32:42.128,0.77775,0.77785,5.89,3.37
2018.04.19 13:32:42.661,0.77775,0.77785,4.01,4.87
2018.04.19 13:32:44.251,0.77775,0.77783,1.57,1.00
2018.04.19 13:32:44.793,0.77773,0.77783,3.26,1.57
2018.04.19 13:32:47.307,0.77775,0.77783,1.19,1.00
2018.04.19 13:32:47.854,0.77775,0.77783,1.25,1.00
2018.04.19 13:32:51.031,0.77773,0.77783,2.51,1.57
2018.04.19 13:32:54.201,0.77772,0.77782,4.39,2.25
2018.04.19 13:32:54.358,0.77772,0.7778,1.00,1.00
2018.04.19 13:32:54.461,0.77769,0.77778,2.89,1.00
2018.04.19 13:32:56.204,0.77772,0.77779,2.44,1.50
2018.04.19 13:32:56.363,0.77774,0.77783,1.19,1.57
2018.04.19 13:32:56.886,0.77775,0.77784,1.76,1.95
2018.04.19 13:33:00.438,0.77774,0.77781,1.39,1.00
2018.04.19 13:33:00.490,0.77773,0.77781,4.57,1.00
2018.04.19 13:33:01.381,0.77773,0.7778,1.10,1.00
2018.04.19 13:33:01.949,0.77772,0.7778,1.01,1.00
2018.04.19 13:33:02.104,0.77769,0.77776,3.64,1.00
2018.04.19 13:33:02.208,0.77769,0.77776,2.14,1.00
2018.04.19 13:33:02.465,0.77772,0.77779,1.00,1.00
2018.04.19 13:33:02.606,0.77772,0.77781,3.26,1.00
2018.04.19 13:33:06.484,0.77772,0.77777,1.29,1.00
2018.04.19 13:33:06.598,0.77769,0.77777,1.01,1.00
2018.04.19 13:33:07.130,0.77769,0.77775,1.01,1.00
2018.04.19 13:33:07.810,0.77771,0.77779,5.81,1.00
2018.04.19 13:33:07.870,0.77772,0.77781,1.25,2.32
2018.04.19 13:33:08.079,0.77772,0.77779,1.39,1.00
2018.04.19 13:33:08.637,0.77771,0.77779,4.01,1.00
2018.04.19 13:33:08.950,0.7777,0.77777,1.76,1.00
2018.04.19 13:33:11.116,0.77769,0.77778,2.51,2.25
2018.04.19 13:33:11.521,0.77771,0.77778,3.56,1.00
2018.04.19 13:33:12.101,0.77773,0.77779,1.76,1.00
2018.04.19 13:33:13.697,0.77773,0.77779,1.76,1.00
2018.04.19 13:33:14.601,0.77772,0.7778,1.95,1.50
2018.04.19 13:33:14.913,0.77768,0.77776,4.39,1.00
2018.04.19 13:33:15.418,0.77767,0.77775,1.70,1.00
2018.04.19 13:33:15.728,0.77766,0.77772,1.95,1.00
2018.04.19 13:33:15.892,0.77764,0.77771,2.89,1.00
2018.04.19 13:33:16.496,0.77764,0.77771,2.14,1.00
2018.04.19 13:33:17.038,0.77764,0.77772,1.20,1.00
2018.04.19 13:33:18.777,0.77764,0.77772,2.14,1.50
2018.04.19 13:33:20.747,0.77764,0.77772,1.39,1.00
2018.04.19 13:33:24.792,0.77762,0.77771,5.14,1.00
2018.04.19 13:33:25.395,0.77762,0.77771,4.39,1.00
2018.04.19 13:33:26.239,0.77762,0.77771,4.76,1.00
2018.04.19 13:33:26.827,0.77762,0.77771,4.76,1.00
2018.04.19 13:33:27.712,0.77763,0.77771,1.70,1.00
2018.04.19 13:33:28.246,0.77763,0.77772,2.51,1.00
2018.04.19 13:33:31.019,0.77767,0.77773,1.25,1.00
2018.04.19 13:33:31.070,0.77767,0.77775,3.94,1.50
2018.04.19 13:33:31.377,0.77766,0.77775,7.01,1.00
2018.04.19 13:33:31.927,0.77766,0.77775,4.39,1.00
2018.04.19 13:33:36.043,0.77766,0.77775,2.32,1.10
2018.04.19 13:33:36.095,0.77768,0.77776,2.06,1.20
2018.04.19 13:33:36.458,0.77766,0.77775,1.57,1.00
2018.04.19 13:33:36.715,0.77765,0.77772,2.89,1.00
2018.04.19 13:33:37.274,0.77763,0.77772,4.39,1.00
2018.04.19 13:33:40.410,0.77763,0.77769,1.76,1.00
2018.04.19 13:33:40.616,0.7776,0.77769,7.76,1.00
2018.04.19 13:33:40.753,0.7776,0.77766,1.50,1.00
2018.04.19 13:33:40.856,0.77757,0.77765,1.29,1.00
2018.04.19 13:33:41.357,0.77756,0.77765,2.89,1.12
2018.04.19 13:33:41.863,0.77757,0.77765,1.39,1.00
2018.04.19 13:33:42.716,0.77757,0.77765,1.01,1.00
2018.04.19 13:33:44.381,0.77756,0.77764,4.76,1.00
2018.04.19 13:33:45.545,0.77756,0.77762,2.06,1.00
2018.04.19 13:33:46.085,0.77756,0.77763,1.12,1.00
2018.04.19 13:33:46.294,0.77752,0.77761,4.39,1.00
2018.04.19 13:33:46.822,0.77752,0.77761,5.14,1.00
2018.04.19 13:33:47.595,0.77756,0.77764,1.76,3.00
2018.04.19 13:33:47.954,0.77756,0.77766,5.89,1.00
2018.04.19 13:33:48.674,0.7776,0.77769,2.25,1.57
2018.04.19 13:33:48.726,0.7776,0.77769,2.44,1.10
2018.04.19 13:33:49.039,0.7776,0.77767,1.00,1.00
2018.04.19 13:33:49.195,0.77757,0.77766,3.26,1.00
2018.04.19 13:33:49.718,0.77757,0.77765,4.01,1.00
2018.04.19 13:33:50.231,0.77758,0.77765,1.70,1.00
2018.04.19 13:33:50.966,0.77757,0.77766,6.26,1.50
2018.04.19 13:33:51.516,0.77757,0.77765,1.39,1.50
2018.04.19 13:33:52.019,0.77757,0.77764,1.01,1.00
2018.04.19 13:33:54.129,0.77757,0.77762,1.00,1.00
2018.04.19 13:33:55.239,0.77756,0.77762,2.89,1.00
2018.04.19 13:33:55.424,0.77753,0.7776,3.26,1.00
2018.04.19 13:33:55.956,0.77753,0.7776,2.89,1.00
2018.04.19 13:34:00.537,0.77753,0.77758,1.39,1.00
2018.04.19 13:34:00.693,0.77752,0.77761,3.19,1.50
2018.04.19 13:34:01.235,0.77753,0.77761,1.01,1.00
2018.04.19 13:34:01.914,0.77754,0.77761,1.00,1.00
2018.04.19 13:34:03.802,0.77753,0.77763,3.64,1.00
2018.04.19 13:34:04.286,0.77755,0.77762,1.69,1.00
2018.04.19 13:34:04.515,0.77756,0.77765,1.76,1.95
2018.04.19 13:34:05.449,0.77756,0.77763,1.76,1.00
2018.04.19 13:34:05.989,0.77756,0.77763,1.25,1.00
2018.04.19 13:34:06.493,0.77754,0.77762,2.51,1.00
2018.04.19 13:34:07.017,0.77754,0.77762,1.57,1.00
2018.04.19 13:34:07.556,0.77753,0.77762,6.26,1.00
2018.04.19 13:34:08.105,0.77753,0.77762,4.76,1.00
2018.04.19 13:34:08.465,0.77753,0.7776,2.14,1.00
2018.04.19 13:34:16.339,0.77752,0.77756,1.20,1.12
2018.04.19 13:34:16.444,0.77747,0.77755,1.25,1.00
2018.04.19 13:34:16.495,0.77746,0.77754,2.89,1.00
2018.04.19 13:34:16.599,0.77745,0.77753,1.39,1.50
2018.04.19 13:34:16.702,0.77747,0.77754,1.19,1.12
2018.04.19 13:34:17.158,0.7775,0.77758,1.00,1.95
2018.04.19 13:34:17.210,0.7775,0.77758,2.14,1.00
2018.04.19 13:34:17.522,0.77748,0.77755,4.39,1.00
2018.04.19 13:34:19.409,0.77746,0.77753,5.51,1.00
2018.04.19 13:34:19.520,0.77744,0.77752,1.39,1.00
2018.04.19 13:34:20.802,0.77743,0.7775,3.19,1.00
2018.04.19 13:34:21.316,0.77743,0.7775,3.64,1.00
2018.04.19 13:34:23.533,0.77743,0.7775,3.56,1.00
2018.04.19 13:34:24.075,0.77744,0.7775,1.25,1.00
2018.04.19 13:34:24.664,0.77748,0.77755,1.31,1.00
2018.04.19 13:34:24.977,0.77747,0.77753,1.39,1.00
2018.04.19 13:34:25.294,0.77746,0.77753,3.26,1.00
2018.04.19 13:34:25.503,0.77749,0.77755,1.25,1.00
2018.04.19 13:34:26.039,0.77748,0.77754,1.31,1.00
2018.04.19 13:34:26.541,0.77748,0.77754,1.31,1.00
2018.04.19 13:34:27.265,0.77748,0.77754,1.31,1.00
2018.04.19 13:34:27.809,0.77748,0.77754,1.69,1.00
2018.04.19 13:34:28.138,0.77747,0.77752,1.57,1.00
2018.04.19 13:34:28.191,0.77745,0.77753,1.69,1.00
2018.04.19 13:34:28.504,0.77747,0.77753,1.00,1.50
2018.04.19 13:34:29.041,0.77746,0.77753,1.25,1.00
2018.04.19 13:34:29.731,0.77747,0.77753,1.00,1.00
2018.04.19 13:34:30.582,0.77749,0.77753,1.25,1.00
2018.04.19 13:34:30.635,0.7775,0.77756,1.50,1.00
2018.04.19 13:34:30.689,0.77753,0.77758,1.69,1.00
2018.04.19 13:34:30.742,0.77756,0.7776,1.35,1.00
2018.04.19 13:34:30.848,0.77756,0.77763,4.31,1.10
2018.04.19 13:34:31.278,0.77761,0.77767,3.45,1.00
2018.04.19 13:34:31.615,0.77759,0.77765,1.76,1.00
2018.04.19 13:34:31.724,0.77758,0.77765,1.31,1.00
2018.04.19 13:34:32.481,0.77758,0.77762,1.00,1.00
2018.04.19 13:34:33.020,0.77757,0.77762,1.00,1.00
2018.04.19 13:34:35.652,0.77754,0.77758,1.25,1.00
2018.04.19 13:34:35.756,0.77749,0.77755,1.95,1.00
2018.04.19 13:34:35.940,0.77747,0.77754,1.95,1.50
2018.04.19 13:34:36.196,0.77747,0.77752,1.50,1.00
2018.04.19 13:34:36.778,0.77746,0.77751,1.50,1.00
2018.04.19 13:34:38.039,0.77747,0.77752,1.37,1.00
2018.04.19 13:34:38.090,0.77747,0.77754,1.37,1.57
2018.04.19 13:34:38.630,0.77747,0.77754,1.12,1.50
2018.04.19 13:34:39.314,0.77747,0.77753,1.12,1.00
2018.04.19 13:34:40.531,0.77747,0.77754,1.12,1.50
2018.04.19 13:34:41.133,0.77746,0.77753,1.47,1.00
2018.04.19 13:34:41.337,0.77747,0.77755,1.12,2.25
2018.04.19 13:34:41.884,0.77747,0.77755,2.06,1.10
2018.04.19 13:34:42.564,0.77748,0.77755,3.64,1.00
2018.04.19 13:34:43.532,0.77748,0.77755,2.32,1.00
2018.04.19 13:34:44.202,0.77746,0.77753,2.51,1.00
2018.04.19 13:34:45.086,0.77746,0.77753,2.06,1.00
2018.04.19 13:34:45.842,0.77747,0.77754,1.00,1.00
2018.04.19 13:34:46.153,0.77744,0.77752,1.31,1.50
2018.04.19 13:34:47.050,0.77745,0.77753,1.39,1.00
2018.04.19 13:34:50.690,0.77745,0.77754,2.89,1.00
2018.04.19 13:34:51.101,0.77748,0.77755,1.31,1.00
2018.04.19 13:34:51.156,0.77748,0.77757,1.01,1.57
2018.04.19 13:34:52.113,0.77749,0.77757,1.00,1.50
2018.04.19 13:34:52.518,0.77753,0.77759,1.12,1.00
2018.04.19 13:34:52.729,0.77749,0.77758,2.89,1.00
2018.04.19 13:34:52.782,0.77749,0.77756,2.89,1.00
2018.04.19 13:34:53.414,0.77747,0.77755,3.64,1.00
2018.04.19 13:34:53.857,0.77745,0.77753,2.89,1.00
2018.04.19 13:34:54.112,0.77745,0.77752,2.51,1.00
2018.04.19 13:34:56.008,0.77745,0.77754,1.57,2.32
2018.04.19 13:34:56.272,0.77744,0.77751,1.50,1.00
2018.04.19 13:34:56.446,0.7774,0.77748,1.39,1.00
2018.04.19 13:34:56.760,0.77738,0.77747,2.89,1.00
2018.04.19 13:34:57.271,0.77739,0.77747,1.00,1.00
2018.04.19 13:34:57.598,0.77741,0.77749,2.25,1.10
2018.04.19 13:34:57.906,0.77744,0.77752,1.25,1.00
2018.04.19 13:34:58.448,0.77744,0.77752,2.32,1.00
2018.04.19 13:34:59.006,0.77744,0.77751,1.57,1.00
2018.04.19 13:35:00.157,0.77742,0.7775,2.70,1.00
2018.04.19 13:35:00.311,0.77741,0.77749,1.01,1.50
2018.04.19 13:35:00.363,0.7774,0.77747,1.20,1.00
2018.04.19 13:35:00.830,0.77743,0.77752,1.50,1.57
2018.04.19 13:35:01.249,0.77743,0.7775,1.50,1.00
2018.04.19 13:35:01.768,0.77742,0.77751,1.39,3.00
2018.04.19 13:35:02.368,0.77741,0.77748,1.20,1.00
2018.04.19 13:35:02.522,0.77739,0.77748,2.89,1.50
2018.04.19 13:35:03.832,0.7774,0.77748,1.39,1.00
2018.04.19 13:35:04.400,0.77739,0.77747,1.57,1.00
2018.04.19 13:35:04.933,0.7774,0.77749,5.89,1.00
2018.04.19 13:35:05.267,0.7774,0.77747,3.64,1.00
2018.04.19 13:35:05.378,0.7774,0.77749,3.26,1.00
2018.04.19 13:35:05.906,0.77741,0.77748,1.20,1.00
2018.04.19 13:35:06.416,0.7774,0.77747,2.32,1.00
2018.04.19 13:35:06.955,0.7774,0.77747,1.20,1.00
2018.04.19 13:35:07.504,0.77739,0.77747,3.19,1.00
2018.04.19 13:35:08.135,0.77741,0.77747,1.19,1.50
2018.04.19 13:35:08.188,0.77742,0.77749,1.25,1.00
2018.04.19 13:35:08.344,0.7774,0.77748,1.10,1.50
2018.04.19 13:35:08.920,0.77739,0.77748,3.19,1.00
2018.04.19 13:35:09.478,0.7774,0.77748,2.25,1.00
2018.04.19 13:35:10.527,0.7774,0.77748,3.94,1.00
2018.04.19 13:35:11.215,0.7774,0.77748,1.25,1.00
2018.04.19 13:35:11.719,0.7774,0.77747,1.25,1.00
2018.04.19 13:35:12.161,0.77742,0.77748,1.50,1.00
2018.04.19 13:35:12.212,0.77743,0.7775,1.12,1.00
2018.04.19 13:35:12.756,0.77743,0.77751,1.01,1.00
2018.04.19 13:35:12.808,0.77742,0.77749,1.12,1.00
2018.04.19 13:35:12.912,0.7774,0.77748,1.50,1.50
2018.04.19 13:35:13.117,0.77742,0.77749,1.76,1.00
2018.04.19 13:35:13.423,0.77742,0.77751,2.51,1.95
2018.04.19 13:35:13.957,0.77742,0.7775,2.89,1.50
2018.04.19 13:35:14.505,0.77743,0.77749,1.76,1.00
2018.04.19 13:35:14.753,0.77741,0.77748,1.10,1.00
2018.04.19 13:35:15.408,0.7774,0.77748,1.00,1.00
2018.04.19 13:35:15.795,0.77742,0.77751,6.19,1.20
2018.04.19 13:35:16.302,0.77742,0.77751,5.14,1.00
2018.04.19 13:35:16.507,0.77743,0.77753,3.56,1.57
2018.04.19 13:35:16.610,0.77745,0.77753,1.31,1.50
2018.04.19 13:35:17.409,0.77745,0.77753,1.12,1.50
2018.04.19 13:35:18.271,0.77744,0.77751,2.44,1.00
2018.04.19 13:35:18.326,0.77743,0.7775,1.50,1.00
2018.04.19 13:35:18.775,0.77741,0.77749,1.00,1.00
2018.04.19 13:35:18.828,0.7774,0.77747,1.57,1.00
2018.04.19 13:35:18.986,0.7774,0.77749,5.14,1.50
2018.04.19 13:35:19.501,0.7774,0.77749,3.26,1.50
2018.04.19 13:35:20.749,0.7774,0.77748,1.32,1.00
2018.04.19 13:35:21.218,0.77739,0.77748,1.12,1.50
2018.04.19 13:35:21.270,0.77739,0.77746,1.87,1.00
2018.04.19 13:35:21.785,0.77739,0.77745,1.12,1.00
2018.04.19 13:35:22.404,0.77739,0.77746,1.87,1.00
2018.04.19 13:35:22.458,0.7774,0.77748,3.75,1.00
2018.04.19 13:35:23.005,0.7774,0.77748,4.69,1.00
2018.04.19 13:35:23.403,0.7774,0.77748,5.14,1.00
2018.04.19 13:35:23.507,0.77743,0.77751,1.25,1.57
2018.04.19 13:35:23.987,0.77741,0.77748,1.20,1.00
2018.04.19 13:35:24.095,0.77738,0.77747,2.14,1.00
2018.04.19 13:35:24.613,0.77739,0.77746,1.69,1.00
2018.04.19 13:35:24.894,0.7774,0.77747,3.75,1.00
2018.04.19 13:35:25.102,0.77739,0.77746,2.62,1.00
2018.04.19 13:35:25.630,0.7774,0.77746,1.00,1.00
2018.04.19 13:35:26.153,0.77739,0.77746,1.87,1.00
2018.04.19 13:35:27.306,0.7774,0.77746,1.25,1.00
2018.04.19 13:35:30.577,0.77738,0.77746,3.26,1.00
2018.04.19 13:35:31.091,0.77738,0.77747,3.26,1.00
2018.04.19 13:35:31.195,0.77739,0.77747,1.50,1.10
2018.04.19 13:35:31.350,0.77742,0.77751,2.44,2.70
2018.04.19 13:35:31.726,0.77743,0.77752,1.87,1.00
2018.04.19 13:35:31.983,0.77745,0.77752,1.19,1.00
2018.04.19 13:35:32.537,0.77746,0.77753,2.51,1.00
2018.04.19 13:35:33.382,0.77746,0.77755,4.39,1.00
2018.04.19 13:35:38.263,0.77746,0.77755,3.56,1.00
2018.04.19 13:35:38.814,0.77746,0.77754,2.44,1.00
2018.04.19 13:35:39.155,0.77743,0.7775,5.14,1.00
2018.04.19 13:35:39.261,0.77743,0.7775,3.56,1.00
2018.04.19 13:35:39.576,0.7774,0.77748,4.01,1.00
2018.04.19 13:35:39.757,0.77739,0.77747,1.39,1.00
2018.04.19 13:35:39.912,0.77742,0.7775,1.19,1.00
2018.04.19 13:35:41.112,0.77743,0.77752,2.62,1.00
2018.04.19 13:35:41.613,0.77744,0.77751,1.00,1.00
2018.04.19 13:35:42.003,0.77745,0.77753,2.06,1.00
2018.04.19 13:35:42.157,0.77746,0.77755,1.69,1.20
2018.04.19 13:35:42.414,0.77748,0.77754,1.19,1.00
2018.04.19 13:35:42.466,0.77748,0.77756,1.69,1.00
2018.04.19 13:35:43.534,0.77748,0.77756,1.00,1.50
2018.04.19 13:35:43.586,0.77746,0.77754,1.31,1.00
2018.04.19 13:35:43.743,0.77745,0.77753,1.10,1.00
2018.04.19 13:35:43.897,0.77744,0.77751,2.44,1.00
2018.04.19 13:35:45.000,0.77745,0.77751,1.00,1.00
2018.04.19 13:35:45.210,0.77745,0.77753,2.51,1.00
2018.04.19 13:35:50.129,0.77745,0.77753,1.76,1.00
2018.04.19 13:35:51.477,0.77744,0.77751,1.20,1.00
2018.04.19 13:35:51.530,0.77742,0.77751,4.01,1.50
2018.04.19 13:35:52.136,0.77742,0.77751,1.39,1.10
2018.04.19 13:35:52.858,0.77743,0.7775,1.00,1.00
2018.04.19 13:35:53.387,0.77745,0.7775,1.00,1.00
2018.04.19 13:35:53.491,0.77745,0.77752,1.00,1.00
2018.04.19 13:35:53.542,0.77745,0.77752,1.12,1.00
2018.04.19 13:35:54.069,0.77745,0.77752,1.37,1.00
2018.04.19 13:35:55.069,0.77744,0.77752,2.25,1.00
2018.04.19 13:36:00.238,0.77743,0.7775,1.69,1.00
2018.04.19 13:36:00.291,0.77742,0.77751,1.01,1.00
2018.04.19 13:36:00.343,0.77741,0.77748,2.51,1.00
2018.04.19 13:36:00.395,0.77742,0.7775,1.10,1.00
2018.04.19 13:36:00.936,0.77742,0.77752,3.26,3.00
2018.04.19 13:36:00.988,0.77743,0.77752,1.19,2.25
2018.04.19 13:36:01.685,0.77745,0.77752,1.12,1.00
2018.04.19 13:36:01.792,0.77745,0.77754,3.26,2.32
2018.04.19 13:36:02.299,0.77746,0.77754,1.39,1.00
2018.04.19 13:36:02.841,0.77746,0.77755,1.39,1.10
2018.04.19 13:36:03.699,0.77747,0.77756,1.69,4.95
2018.04.19 13:36:04.240,0.77747,0.77756,1.25,2.70
2018.04.19 13:36:06.116,0.77746,0.77755,1.20,1.10
2018.04.19 13:36:06.549,0.77743,0.77752,3.64,1.00
2018.04.19 13:36:09.716,0.77745,0.77752,1.00,2.62
2018.04.19 13:36:10.229,0.77743,0.77752,3.19,1.87
2018.04.19 13:36:11.120,0.77743,0.77751,1.69,1.00
2018.04.19 13:36:12.198,0.77743,0.77751,1.00,1.50
2018.04.19 13:36:12.550,0.7774,0.77748,2.32,1.00
2018.04.19 13:36:13.081,0.7774,0.77749,1.20,1.57
2018.04.19 13:36:16.029,0.77741,0.77749,1.10,1.50
2018.04.19 13:36:16.350,0.77742,0.77751,3.56,1.00
2018.04.19 13:36:16.402,0.77741,0.7775,4.39,1.50
2018.04.19 13:36:16.506,0.77743,0.77751,1.00,1.20
2018.04.19 13:36:17.066,0.77743,0.77751,1.10,1.00
2018.04.19 13:36:17.577,0.77741,0.7775,2.70,1.00
2018.04.19 13:36:17.840,0.7774,0.77749,3.45,1.00
2018.04.19 13:36:18.632,0.77743,0.7775,1.00,1.57
2018.04.19 13:36:19.764,0.7774,0.77747,1.20,1.50
2018.04.19 13:36:19.867,0.77744,0.77751,1.00,1.50
2018.04.19 13:36:20.407,0.77743,0.77751,1.00,1.00
2018.04.19 13:36:21.198,0.77743,0.7775,1.12,1.00
2018.04.19 13:36:22.773,0.77742,0.77751,3.37,1.00
2018.04.19 13:36:26.422,0.77742,0.77749,1.37,1.19
2018.04.19 13:36:26.476,0.77738,0.77747,2.70,1.57
2018.04.19 13:36:26.839,0.77737,0.77746,4.12,1.50
2018.04.19 13:36:27.857,0.77741,0.77746,1.00,1.00
2018.04.19 13:36:28.417,0.7774,0.77747,1.50,1.00
2018.04.19 13:36:29.767,0.77738,0.77746,1.01,1.00
2018.04.19 13:36:30.784,0.77738,0.77746,4.12,1.10
2018.04.19 13:36:34.678,0.77739,0.77746,1.87,1.50
2018.04.19 13:36:34.731,0.77742,0.77748,1.12,1.10
2018.04.19 13:36:37.116,0.77742,0.7775,1.12,1.50
2018.04.19 13:36:39.235,0.77741,0.77747,2.25,1.00
2018.04.19 13:36:39.288,0.77741,0.77749,1.87,1.00
2018.04.19 13:36:39.496,0.77742,0.7775,1.31,1.50
2018.04.19 13:36:39.832,0.77741,0.77746,1.69,1.00
2018.04.19 13:36:39.884,0.77739,0.77745,1.29,1.00
2018.04.19 13:36:40.536,0.77739,0.77747,3.56,1.00
2018.04.19 13:36:41.841,0.77742,0.77748,1.00,1.00
2018.04.19 13:36:42.571,0.7774,0.77748,4.76,1.00
2018.04.19 13:36:42.996,0.77739,0.77746,2.51,1.00
2018.04.19 13:36:43.306,0.77739,0.77744,1.00,1.00
2018.04.19 13:36:47.208,0.77741,0.77748,1.69,1.10
2018.04.19 13:36:47.558,0.77739,0.77746,1.39,1.00
2018.04.19 13:36:48.081,0.77738,0.77746,1.47,1.00
2018.04.19 13:36:53.743,0.77739,0.77745,1.12,1.00
2018.04.19 13:36:54.532,0.77739,0.77746,1.12,1.50
2018.04.19 13:37:03.599,0.77739,0.77747,1.87,1.10
2018.04.19 13:37:04.147,0.7774,0.77747,1.00,1.57
2018.04.19 13:37:04.796,0.77739,0.77746,1.00,1.50
2018.04.19 13:37:05.437,0.77739,0.77745,1.00,1.00
2018.04.19 13:37:05.987,0.77739,0.77746,1.00,1.50
2018.04.19 13:37:08.051,0.77739,0.77745,1.00,1.00
2018.04.19 13:37:08.154,0.77738,0.77747,3.56,1.10
2018.04.19 13:37:08.687,0.77738,0.77746,1.31,1.00
2018.04.19 13:37:09.411,0.77739,0.77746,1.00,1.00
2018.04.19 13:37:12.349,0.77742,0.77747,1.00,1.00
2018.04.19 13:37:12.710,0.77743,0.7775,2.25,1.00
2018.04.19 13:37:13.228,0.77744,0.7775,2.81,1.00
2018.04.19 13:37:13.671,0.77747,0.77752,1.00,1.20
2018.04.19 13:37:13.902,0.77747,0.77754,1.00,1.00
2018.04.19 13:37:14.109,0.77747,0.77756,1.19,1.57
2018.04.19 13:37:17.715,0.77749,0.77756,1.00,1.00
2018.04.19 13:37:22.305,0.77749,0.77754,1.00,1.00
2018.04.19 13:37:22.825,0.77748,0.77754,1.00,1.00
2018.04.19 13:37:23.335,0.77749,0.77756,1.00,1.07
2018.04.19 13:37:23.876,0.77749,0.77756,1.50,1.00
2018.04.19 13:37:25.121,0.77751,0.77756,1.00,1.00
2018.04.19 13:37:26.407,0.7775,0.77756,1.00,1.00
2018.04.19 13:37:27.079,0.77748,0.77756,1.50,1.00
2018.04.19 13:37:27.896,0.77748,0.77755,1.00,1.00
2018.04.19 13:37:28.439,0.7775,0.77755,1.00,1.00
2018.04.19 13:37:28.763,0.77751,0.77758,1.00,4.12
2018.04.19 13:37:32.323,0.77749,0.77758,2.51,1.57
2018.04.19 13:37:32.775,0.77749,0.77758,4.76,1.57
2018.04.19 13:37:33.035,0.77754,0.77762,1.00,1.10
2018.04.19 13:37:33.478,0.77756,0.77763,1.00,1.00
2018.04.19 13:37:36.140,0.77756,0.77765,1.00,1.07
2018.04.19 13:37:51.108,0.77755,0.77764,1.12,1.00
2018.04.19 13:37:51.546,0.77754,0.77761,1.95,1.00
2018.04.19 13:37:51.701,0.77756,0.77764,1.00,1.50
2018.04.19 13:37:53.120,0.77755,0.77764,2.25,1.50
2018.04.19 13:37:58.608,0.77755,0.77764,1.12,1.76
2018.04.19 13:37:59.355,0.77755,0.77764,1.12,1.69
2018.04.19 13:38:00.205,0.77754,0.77763,4.95,1.25
2018.04.19 13:38:00.427,0.77752,0.77759,3.45,1.00
2018.04.19 13:38:00.584,0.77749,0.77758,1.95,1.31
2018.04.19 13:38:01.094,0.77749,0.77758,1.00,4.31
2018.04.19 13:38:01.499,0.77748,0.77755,1.10,1.00
2018.04.19 13:38:03.757,0.77747,0.77755,1.20,1.00
2018.04.19 13:38:04.767,0.77748,0.77755,1.00,1.50
2018.04.19 13:38:10.126,0.77749,0.77756,1.00,1.31
2018.04.19 13:38:15.931,0.77748,0.77757,1.50,1.50
2018.04.19 13:38:18.142,0.77747,0.77756,1.95,1.00
2018.04.19 13:38:19.751,0.77748,0.77757,1.10,4.01
2018.04.19 13:38:21.921,0.77747,0.77756,1.95,1.00
2018.04.19 13:38:27.177,0.77748,0.77757,1.12,1.50
2018.04.19 13:38:28.575,0.77749,0.77757,1.00,1.10
2018.04.19 13:38:29.193,0.77749,0.77756,1.00,1.10
2018.04.19 13:38:31.275,0.77749,0.77756,1.00,1.69
2018.04.19 13:38:32.947,0.77747,0.77756,1.00,2.14
2018.04.19 13:38:33.533,0.77748,0.77756,1.00,1.39
2018.04.19 13:38:34.119,0.77747,0.77754,1.00,1.00
2018.04.19 13:38:34.769,0.77748,0.77756,1.00,2.89
2018.04.19 13:38:35.295,0.77746,0.77755,1.20,1.00
2018.04.19 13:38:35.948,0.77748,0.77755,1.00,1.00
2018.04.19 13:38:37.735,0.77748,0.77756,1.00,1.20
2018.04.19 13:38:40.544,0.77748,0.77757,1.00,2.51
2018.04.19 13:38:41.263,0.77748,0.77757,1.00,2.14
2018.04.19 13:38:41.815,0.77748,0.77756,1.00,1.19
2018.04.19 13:38:42.327,0.77747,0.77756,1.87,2.44
2018.04.19 13:38:42.532,0.77749,0.77756,1.00,1.19
2018.04.19 13:38:48.885,0.77747,0.77756,1.50,1.69
2018.04.19 13:38:53.527,0.77746,0.77753,2.44,1.00
2018.04.19 13:38:53.836,0.7774,0.77749,3.45,2.14
2018.04.19 13:38:54.005,0.77738,0.77745,1.00,1.00
2018.04.19 13:38:54.636,0.77737,0.77746,1.50,1.20
2018.04.19 13:38:55.369,0.77737,0.77746,1.00,1.95
2018.04.19 13:39:00.650,0.77737,0.77746,2.44,1.50
2018.04.19 13:39:01.153,0.77738,0.77746,1.31,1.10
2018.04.19 13:39:01.796,0.7774,0.77747,1.00,1.07
2018.04.19 13:39:02.341,0.77739,0.77747,1.31,1.00
2018.04.19 13:39:04.461,0.77738,0.77747,2.06,1.00
2018.04.19 13:39:05.766,0.77739,0.77747,1.00,1.57
2018.04.19 13:39:06.025,0.77744,0.7775,1.00,1.20
2018.04.19 13:39:06.626,0.77742,0.7775,1.00,1.10
2018.04.19 13:39:06.859,0.77739,0.77746,1.69,1.00
2018.04.19 13:39:13.624,0.77738,0.77745,1.00,1.10
2018.04.19 13:39:13.939,0.77736,0.77743,2.44,1.00
2018.04.19 13:39:14.251,0.77735,0.77741,1.00,1.00
2018.04.19 13:39:14.802,0.77736,0.77743,1.00,1.07
2018.04.19 13:39:18.003,0.77736,0.77743,1.00,1.00
2018.04.19 13:39:20.316,0.77736,0.77742,1.00,1.00
2018.04.19 13:39:20.572,0.77734,0.77743,1.12,1.10
2018.04.19 13:39:20.676,0.77734,0.77743,1.12,1.45
2018.04.19 13:39:24.819,0.77734,0.77743,1.12,1.48
2018.04.19 13:39:25.127,0.7773,0.77737,1.00,1.10
2018.04.19 13:39:25.946,0.7773,0.77737,1.00,2.70
2018.04.19 13:39:26.909,0.7773,0.77737,1.00,2.32
2018.04.19 13:39:27.433,0.77729,0.77736,1.69,1.00
2018.04.19 13:39:28.129,0.77729,0.77736,1.25,1.00
2018.04.19 13:39:30.952,0.77728,0.77735,1.69,1.00
2018.04.19 13:39:31.460,0.77728,0.77735,1.25,1.00
2018.04.19 13:39:34.416,0.77728,0.77735,1.00,2.70
2018.04.19 13:39:34.521,0.77726,0.77733,1.50,1.50
2018.04.19 13:39:37.410,0.77727,0.77736,1.12,1.57
2018.04.19 13:39:37.929,0.7773,0.77736,1.19,1.00
2018.04.19 13:39:38.515,0.77729,0.77736,2.14,1.00
2018.04.19 13:39:38.700,0.77735,0.77742,1.00,1.10
2018.04.19 13:39:38.836,0.77739,0.77744,1.19,1.20
2018.04.19 13:39:38.890,0.77738,0.77747,3.19,1.57
2018.04.19 13:39:39.413,0.7774,0.77747,1.00,1.00
2018.04.19 13:39:40.145,0.7774,0.77747,2.89,1.00
2018.04.19 13:39:40.197,0.77742,0.77749,1.25,1.50
2018.04.19 13:39:40.249,0.77744,0.77751,1.31,1.00
2018.04.19 13:39:40.559,0.77746,0.77754,1.19,2.62
2018.04.19 13:39:42.359,0.77743,0.7775,1.00,1.12
2018.04.19 13:39:42.686,0.77741,0.77748,2.14,1.00
2018.04.19 13:39:42.876,0.7774,0.77748,2.89,1.00
2018.04.19 13:39:42.981,0.77739,0.77746,2.89,1.00
2018.04.19 13:39:43.789,0.77739,0.77746,1.25,1.00
2018.04.19 13:39:44.149,0.7774,0.77747,1.69,1.00
2018.04.19 13:39:44.463,0.77739,0.77747,1.39,1.00
2018.04.19 13:39:45.207,0.77739,0.77746,1.25,1.50
2018.04.19 13:39:47.753,0.77737,0.77746,4.39,1.00
2018.04.19 13:39:47.861,0.77736,0.77743,2.14,1.00
2018.04.19 13:39:52.058,0.77735,0.77743,1.20,2.25
2018.04.19 13:39:52.559,0.77735,0.77744,1.01,1.10
2018.04.19 13:39:53.089,0.77736,0.77744,1.69,1.50
2018.04.19 13:39:58.592,0.77737,0.77744,1.20,1.00
2018.04.19 13:40:00.071,0.77737,0.77744,1.10,1.00
2018.04.19 13:40:00.459,0.77737,0.77745,2.70,1.00
2018.04.19 13:40:00.510,0.77737,0.77743,1.10,1.00
2018.04.19 13:40:01.022,0.77736,0.77743,1.95,1.00
2018.04.19 13:40:02.186,0.77736,0.77745,2.32,1.00
2018.04.19 13:40:02.708,0.77736,0.77745,2.70,1.00
2018.04.19 13:40:03.226,0.77736,0.77745,1.57,3.00
2018.04.19 13:40:03.735,0.77736,0.77744,1.10,3.75
2018.04.19 13:40:04.053,0.77737,0.77746,1.95,1.20
2018.04.19 13:40:05.548,0.77737,0.77746,5.89,1.00
2018.04.19 13:40:06.821,0.77738,0.77747,1.45,1.50
2018.04.19 13:40:08.702,0.77738,0.77745,1.95,1.00
2018.04.19 13:40:09.234,0.77738,0.77745,1.95,1.00
2018.04.19 13:40:10.188,0.77737,0.77744,1.95,1.00
2018.04.19 13:40:15.715,0.77739,0.77745,1.00,1.00
2018.04.19 13:40:16.573,0.77739,0.77747,1.00,1.00
2018.04.19 13:40:19.874,0.77738,0.77747,1.20,1.87
2018.04.19 13:40:21.801,0.77737,0.77746,2.14,1.00
2018.04.19 13:40:23.037,0.77739,0.77746,1.00,1.00
2018.04.19 13:40:24.717,0.77745,0.77752,1.25,1.50
2018.04.19 13:40:25.270,0.77746,0.77753,1.31,1.00
2018.04.19 13:40:25.814,0.77747,0.77754,1.00,1.00
2018.04.19 13:40:26.375,0.77746,0.77754,1.10,1.50
2018.04.19 13:40:26.891,0.77746,0.77754,1.20,1.00
2018.04.19 13:40:27.993,0.77747,0.77754,1.39,1.00
2018.04.19 13:40:28.177,0.77746,0.77754,1.70,1.00
2018.04.19 13:40:28.883,0.77747,0.77754,1.76,1.00
2018.04.19 13:40:30.056,0.77747,0.77754,1.20,1.00
2018.04.19 13:40:30.828,0.77746,0.77753,1.45,1.00
2018.04.19 13:40:31.060,0.77744,0.77753,3.26,1.00
2018.04.19 13:40:31.585,0.77745,0.77754,2.89,1.50
2018.04.19 13:40:32.128,0.77745,0.77754,2.14,1.00
2018.04.19 13:40:34.499,0.77746,0.77755,3.64,1.50
2018.04.19 13:40:35.170,0.77748,0.77755,1.00,1.50
2018.04.19 13:40:35.712,0.77747,0.77755,1.25,1.50
2018.04.19 13:40:36.217,0.77747,0.77754,1.00,1.00
2018.04.19 13:40:37.142,0.77746,0.77753,2.32,1.00
2018.04.19 13:40:37.194,0.77746,0.77753,1.95,1.00
2018.04.19 13:40:38.054,0.77746,0.77754,2.14,1.00
2018.04.19 13:40:47.564,0.77748,0.77755,1.00,1.00
2018.04.19 13:40:48.155,0.77748,0.77756,1.00,1.57
2018.04.19 13:40:48.673,0.77749,0.77756,1.00,1.00
2018.04.19 13:40:49.213,0.77749,0.77757,1.50,1.50
2018.04.19 13:40:56.345,0.77749,0.77758,1.00,4.39
2018.04.19 13:41:00.034,0.77751,0.77758,1.00,3.45
2018.04.19 13:41:01.559,0.77751,0.77757,1.00,1.00
2018.04.19 13:41:01.611,0.77749,0.77758,1.10,4.76
2018.04.19 13:41:02.898,0.77749,0.77758,1.10,2.14
2018.04.19 13:41:07.315,0.77749,0.77759,1.50,5.32
2018.04.19 13:41:07.942,0.77749,0.77758,2.32,1.00
2018.04.19 13:41:10.691,0.77749,0.77759,1.20,5.32
2018.04.19 13:41:11.257,0.77749,0.77758,1.95,1.00
2018.04.19 13:41:11.943,0.77749,0.77759,1.20,5.32
2018.04.19 13:41:12.547,0.77749,0.77758,1.20,3.82
2018.04.19 13:41:13.215,0.77749,0.77757,1.95,1.00
2018.04.19 13:41:13.723,0.77749,0.77758,1.20,3.82
2018.04.19 13:41:14.670,0.77749,0.77757,1.95,1.00
2018.04.19 13:41:15.687,0.77749,0.77758,1.95,3.82
2018.04.19 13:41:19.371,0.77751,0.77758,1.00,1.50
2018.04.19 13:41:19.686,0.7776,0.77767,1.00,2.62
2018.04.19 13:41:20.371,0.77762,0.77768,1.00,1.37
2018.04.19 13:41:21.292,0.77763,0.77768,1.00,1.37
2018.04.19 13:41:21.398,0.77761,0.77768,1.00,1.47
2018.04.19 13:41:21.939,0.77761,0.77769,1.00,3.07
2018.04.19 13:41:22.096,0.77763,0.77769,1.00,3.07
2018.04.19 13:41:25.421,0.77763,0.77769,1.00,1.50
2018.04.19 13:41:26.136,0.77763,0.7777,1.00,6.07
2018.04.19 13:41:27.057,0.77763,0.77769,1.00,1.50
2018.04.19 13:41:28.974,0.77763,0.7777,1.00,2.32
2018.04.19 13:41:29.326,0.77766,0.77772,1.00,1.20
2018.04.19 13:41:29.430,0.77767,0.77775,1.00,3.82
2018.04.19 13:41:29.483,0.77764,0.77771,1.00,2.63
2018.04.19 13:41:29.795,0.77762,0.77769,1.00,2.32
2018.04.19 13:41:30.356,0.77763,0.77771,1.00,3.07
2018.04.19 13:41:30.683,0.77767,0.77773,1.00,1.07
2018.04.19 13:41:30.941,0.77769,0.77776,1.00,5.70
2018.04.19 13:41:31.447,0.7777,0.77775,1.00,1.57
2018.04.19 13:41:32.695,0.77769,0.77775,1.00,1.87
2018.04.19 13:41:32.846,0.77768,0.77772,1.00,1.69
2018.04.19 13:41:32.899,0.77763,0.77769,1.00,1.50
2018.04.19 13:41:33.437,0.77763,0.77768,1.00,1.50
2018.04.19 13:41:33.970,0.77762,0.77769,1.00,2.25
2018.04.19 13:41:34.509,0.77761,0.77768,1.00,1.95
2018.04.19 13:41:35.015,0.77762,0.77767,1.00,1.50
2018.04.19 13:41:35.566,0.77762,0.77769,1.00,3.45
2018.04.19 13:41:36.117,0.77766,0.77771,1.00,4.95
2018.04.19 13:41:36.170,0.77767,0.77773,1.00,1.20
2018.04.19 13:41:36.237,0.77769,0.77775,1.00,2.32
2018.04.19 13:41:36.290,0.77767,0.77774,1.00,3.07
2018.04.19 13:41:36.397,0.77771,0.77776,1.00,2.70
2018.04.19 13:41:36.502,0.77771,0.77779,1.00,1.39
2018.04.19 13:41:36.836,0.77771,0.7778,1.00,3.82
2018.04.19 13:41:37.423,0.77772,0.7778,1.00,3.82
2018.04.19 13:41:39.770,0.77771,0.77779,1.00,1.31
2018.04.19 13:41:39.823,0.7777,0.77776,1.00,1.37
2018.04.19 13:41:39.877,0.77766,0.77773,1.00,2.44
2018.04.19 13:41:39.930,0.77768,0.77775,1.00,1.50
2018.04.19 13:41:40.033,0.7777,0.77776,1.00,6.45
2018.04.19 13:41:40.183,0.77771,0.77777,1.00,3.07
2018.04.19 13:41:40.698,0.77772,0.77778,1.00,2.51
2018.04.19 13:41:42.139,0.77772,0.77779,1.00,3.37
2018.04.19 13:41:43.304,0.77773,0.77779,1.00,3.00
2018.04.19 13:41:44.862,0.77773,0.77778,1.00,1.00
2018.04.19 13:41:45.612,0.77773,0.77779,1.00,3.00
2018.04.19 13:41:46.183,0.77773,0.77778,1.00,1.00
2018.04.19 13:41:47.353,0.77773,0.77779,1.00,3.75
2018.04.19 13:41:52.253,0.77773,0.77779,1.00,3.00
2018.04.19 13:41:54.192,0.77773,0.77779,1.00,2.62
2018.04.19 13:41:56.085,0.7777,0.77778,1.20,1.50
2018.04.19 13:41:56.242,0.77772,0.77779,1.00,1.87
2018.04.19 13:42:00.206,0.7777,0.77779,1.95,1.37
2018.04.19 13:42:04.617,0.77771,0.77777,1.20,1.00
2018.04.19 13:42:05.134,0.77771,0.77779,1.95,1.50
2018.04.19 13:42:06.295,0.77771,0.77779,1.20,2.62
2018.04.19 13:42:06.621,0.77773,0.77779,1.00,1.12
2018.04.19 13:42:07.450,0.77773,0.7778,1.00,3.00
2018.04.19 13:42:09.718,0.77773,0.7778,1.00,2.62
2018.04.19 13:42:10.267,0.77773,0.7778,1.00,4.12
2018.04.19 13:42:14.516,0.77774,0.7778,1.00,4.87
2018.04.19 13:42:19.396,0.77772,0.77779,1.10,3.00
2018.04.19 13:42:19.451,0.77772,0.77777,1.00,1.50
2018.04.19 13:42:19.758,0.77773,0.77779,1.00,4.87
2018.04.19 13:42:21.672,0.77771,0.77778,1.20,1.00
2018.04.19 13:42:26.967,0.77771,0.77777,1.20,1.00
2018.04.19 13:42:27.385,0.7777,0.77775,1.45,1.00
2018.04.19 13:42:27.682,0.77761,0.77767,1.95,1.00
2018.04.19 13:42:28.266,0.7776,0.77767,2.89,1.00
2018.04.19 13:42:31.268,0.77761,0.77769,1.01,2.25
2018.04.19 13:42:31.372,0.77765,0.77772,1.00,1.10
2018.04.19 13:42:31.425,0.77764,0.77774,2.89,4.20
2018.04.19 13:42:31.551,0.77767,0.77775,2.04,3.00
2018.04.19 13:42:31.655,0.77767,0.77777,4.01,1.00
2018.04.19 13:42:32.485,0.77768,0.77776,1.95,1.00
2018.04.19 13:42:34.545,0.77769,0.77776,1.20,1.00
2018.04.19 13:42:35.110,0.77769,0.77776,1.20,3.00
2018.04.19 13:42:35.164,0.77769,0.77774,1.20,1.50
2018.04.19 13:42:35.216,0.77767,0.77774,1.20,1.50
2018.04.19 13:42:36.496,0.77768,0.77774,1.20,1.00
2018.04.19 13:42:38.126,0.77768,0.77774,1.45,1.00
2018.04.19 13:42:38.801,0.77768,0.77775,2.51,1.00
2018.04.19 13:42:38.853,0.77769,0.77775,1.20,1.00
2018.04.19 13:42:39.796,0.77769,0.77775,1.20,1.00
2018.04.19 13:42:41.490,0.7777,0.77775,1.20,1.00
2018.04.19 13:42:43.689,0.77769,0.77774,1.20,1.00
2018.04.19 13:42:43.894,0.77767,0.77774,2.14,1.00
2018.04.19 13:42:44.406,0.77768,0.77774,1.20,1.00
2018.04.19 13:42:44.458,0.77762,0.77769,1.39,1.00
2018.04.19 13:42:47.315,0.77761,0.77768,3.26,1.00
2018.04.19 13:42:47.855,0.7776,0.77768,1.39,2.25
2018.04.19 13:42:48.489,0.77759,0.77768,2.89,3.75
2018.04.19 13:42:54.822,0.7776,0.77765,1.20,1.50
2018.04.19 13:42:54.873,0.77757,0.77764,1.95,3.00
2018.04.19 13:42:55.232,0.77751,0.77758,2.14,1.00
2018.04.19 13:42:55.751,0.77751,0.77758,1.00,1.00
2018.04.19 13:42:59.019,0.77751,0.77757,1.20,1.00
2018.04.19 13:42:59.537,0.77749,0.77757,2.14,1.50
2018.04.19 13:43:00.008,0.77752,0.77759,1.19,3.75
2018.04.19 13:43:00.423,0.7775,0.77759,1.39,3.75
2018.04.19 13:43:01.595,0.77751,0.77758,1.20,1.00
2018.04.19 13:43:01.647,0.77751,0.77756,1.20,1.00
2018.04.19 13:43:01.699,0.77748,0.77756,2.89,1.00
2018.04.19 13:43:05.040,0.77749,0.77756,2.32,1.00
2018.04.19 13:43:07.107,0.77749,0.77757,3.26,1.00
2018.04.19 13:43:12.938,0.77749,0.77756,1.76,1.00
2018.04.19 13:43:14.694,0.77748,0.77755,1.39,1.00
2018.04.19 13:43:15.345,0.77747,0.77755,3.26,1.00
2018.04.19 13:43:19.741,0.77747,0.77755,1.39,1.50
2018.04.19 13:43:19.845,0.77743,0.77748,1.10,1.00
2018.04.19 13:43:19.952,0.7774,0.77747,2.89,1.00
2018.04.19 13:43:20.351,0.77744,0.77751,1.12,1.12
2018.04.19 13:43:20.761,0.77745,0.77754,1.25,1.20
2018.04.19 13:43:20.813,0.77745,0.77755,1.31,1.10
2018.04.19 13:43:20.864,0.77747,0.77754,1.25,1.00
2018.04.19 13:43:21.392,0.77747,0.77754,2.51,1.00
2018.04.19 13:43:21.714,0.77749,0.77757,1.19,1.50
2018.04.19 13:43:24.397,0.77748,0.77757,4.39,1.00
2018.04.19 13:43:24.906,0.77749,0.77757,2.14,1.00
2018.04.19 13:43:32.190,0.77749,0.77758,2.51,3.00
2018.04.19 13:43:32.706,0.7775,0.77758,1.29,1.00
2018.04.19 13:43:33.785,0.77749,0.77758,4.76,1.50
2018.04.19 13:43:35.755,0.77749,0.77758,3.64,1.00
2018.04.19 13:43:43.512,0.77756,0.77762,1.00,1.10
2018.04.19 13:43:43.619,0.77757,0.77764,2.44,1.57
2018.04.19 13:43:43.677,0.77757,0.77766,2.51,1.10
2018.04.19 13:43:43.832,0.77758,0.77766,1.69,1.00
2018.04.19 13:43:44.334,0.77758,0.77767,1.76,1.50
2018.04.19 13:43:47.490,0.7776,0.77769,2.81,1.07
2018.04.19 13:43:47.696,0.77767,0.77775,1.25,1.50
2018.04.19 13:43:47.784,0.77766,0.77774,4.31,1.00
2018.04.19 13:43:47.837,0.77769,0.77776,1.50,1.00
2018.04.19 13:43:48.476,0.77767,0.77776,1.39,1.87
2018.04.19 13:43:49.016,0.77767,0.77776,1.31,1.87
2018.04.19 13:43:49.477,0.77765,0.77769,1.10,1.00
2018.04.19 13:43:49.669,0.7776,0.77768,2.14,1.00
2018.04.19 13:43:50.223,0.77759,0.77768,1.39,1.12
2018.04.19 13:43:51.748,0.7776,0.77768,1.29,1.00
2018.04.19 13:43:51.966,0.77765,0.77771,1.00,1.20
2018.04.19 13:43:52.071,0.77764,0.77773,2.89,1.57
2018.04.19 13:43:52.877,0.77761,0.7777,3.07,3.00
2018.04.19 13:43:52.930,0.7776,0.77769,2.89,2.25
2018.04.19 13:43:52.984,0.7776,0.77767,2.14,1.00
2018.04.19 13:43:53.508,0.7776,0.77767,1.01,1.00
2018.04.19 13:43:54.161,0.7776,0.77769,1.01,1.10
2018.04.19 13:43:54.213,0.7776,0.77769,5.14,1.10
2018.04.19 13:43:54.797,0.7776,0.77769,1.76,1.87
2018.04.19 13:43:55.110,0.7776,0.77767,1.01,1.00
2018.04.19 13:43:56.943,0.77759,0.77767,1.12,1.00
2018.04.19 13:43:58.426,0.7776,0.77768,1.00,1.12
2018.04.19 13:43:58.841,0.77762,0.7777,3.26,1.00
2018.04.19 13:43:59.166,0.77764,0.77772,1.19,1.00
2018.04.19 13:43:59.481,0.77767,0.77774,1.25,1.00
2018.04.19 13:43:59.791,0.77765,0.77774,1.76,2.25
2018.04.19 13:44:00.208,0.77762,0.7777,1.70,1.50
2018.04.19 13:44:00.262,0.7776,0.77768,1.57,1.00
2018.04.19 13:44:00.469,0.77759,0.77768,2.51,1.00
2018.04.19 13:44:02.672,0.77761,0.77768,1.69,1.00
2018.04.19 13:44:04.373,0.77759,0.77768,4.39,1.00
2018.04.19 13:44:07.134,0.77759,0.77767,1.76,1.00
2018.04.19 13:44:07.340,0.77758,0.77766,2.14,1.00
2018.04.19 13:44:07.776,0.77759,0.77768,1.12,2.25
2018.04.19 13:44:08.325,0.77759,0.77768,2.14,1.00
2018.04.19 13:44:10.036,0.77759,0.77768,1.76,1.57
2018.04.19 13:44:11.567,0.77759,0.77768,2.89,1.50
2018.04.19 13:44:11.623,0.77759,0.77768,1.76,1.00
2018.04.19 13:44:16.448,0.77759,0.77768,1.76,1.00
2018.04.19 13:44:17.565,0.77759,0.77768,1.69,1.00
2018.04.19 13:44:20.516,0.77759,0.77767,1.25,1.50
2018.04.19 13:44:21.054,0.77759,0.77768,1.76,1.10
2018.04.19 13:44:24.402,0.77759,0.77767,1.76,1.00
2018.04.19 13:44:30.942,0.77759,0.77767,2.44,1.00
2018.04.19 13:44:33.607,0.77759,0.77766,1.69,1.00
2018.04.19 13:44:34.158,0.77759,0.77766,1.25,1.00
2018.04.19 13:44:34.945,0.77759,0.77766,2.14,1.00
2018.04.19 13:44:36.087,0.7776,0.77767,1.25,1.50
2018.04.19 13:44:47.091,0.77758,0.77763,1.39,1.00
2018.04.19 13:44:47.194,0.77756,0.77762,1.10,1.50
2018.04.19 13:44:47.350,0.77753,0.77758,1.50,1.00
2018.04.19 13:44:47.599,0.77751,0.77758,1.00,1.95
2018.04.19 13:44:48.116,0.77748,0.77756,3.56,1.00
2018.04.19 13:44:49.167,0.77748,0.77757,2.89,1.10
2018.04.19 13:44:52.519,0.77749,0.77757,1.39,1.00
2018.04.19 13:44:56.228,0.77748,0.77757,2.14,1.00
2018.04.19 13:44:58.426,0.77752,0.77758,1.56,1.00
2018.04.19 13:44:58.479,0.77754,0.7776,1.00,1.00
2018.04.19 13:44:58.532,0.77754,0.77762,1.12,1.00
2018.04.19 13:44:59.128,0.77753,0.77761,2.14,1.00
2018.04.19 13:44:59.706,0.77751,0.77759,1.29,2.25
2018.04.19 13:44:59.759,0.77749,0.77757,1.10,1.00
2018.04.19 13:45:02.032,0.77751,0.77758,1.69,1.10
2018.04.19 13:45:02.506,0.77749,0.77758,1.01,1.50
2018.04.19 13:45:02.609,0.7775,0.77758,1.29,1.00
2018.04.19 13:45:06.034,0.77748,0.77757,2.32,1.00
2018.04.19 13:45:06.182,0.77748,0.77755,1.10,1.00
2018.04.19 13:45:07.867,0.77746,0.77755,1.57,2.89
2018.04.19 13:45:07.919,0.77742,0.77749,1.39,2.25
2018.04.19 13:45:08.022,0.77739,0.77746,1.01,1.00
2018.04.19 13:45:08.563,0.77739,0.77746,2.06,1.00
2018.04.19 13:45:10.576,0.7774,0.77746,1.19,1.00
2018.04.19 13:45:11.223,0.77739,0.77746,2.06,1.00
2018.04.19 13:45:13.196,0.77738,0.77746,1.19,1.00
2018.04.19 13:45:15.848,0.7774,0.77747,1.00,1.50
2018.04.19 13:45:17.649,0.7774,0.77747,1.69,1.00
2018.04.19 13:45:21.926,0.77738,0.77747,3.19,1.00
2018.04.19 13:45:22.306,0.77738,0.77745,1.76,1.00
2018.04.19 13:45:22.959,0.77738,0.77745,1.01,1.00
2018.04.19 13:45:23.264,0.77739,0.77745,1.19,1.00
2018.04.19 13:45:23.539,0.77739,0.77747,1.19,3.07
2018.04.19 13:45:24.103,0.77739,0.77745,1.19,1.00
2018.04.19 13:45:24.205,0.77738,0.77745,1.25,1.00
2018.04.19 13:45:24.788,0.77739,0.77747,1.19,5.32
2018.04.19 13:45:25.484,0.77739,0.77748,1.69,2.32
2018.04.19 13:45:27.786,0.77739,0.77748,1.69,1.57
2018.04.19 13:45:28.344,0.77738,0.77747,1.76,2.70
2018.04.19 13:45:29.108,0.77738,0.77747,1.01,3.45
2018.04.19 13:45:29.622,0.77738,0.77747,1.25,2.32
2018.04.19 13:45:30.075,0.77737,0.77744,1.76,1.50
2018.04.19 13:45:33.532,0.77739,0.77746,1.19,1.20
2018.04.19 13:45:34.049,0.77739,0.77747,1.31,2.32
2018.04.19 13:45:34.582,0.7774,0.77747,1.19,1.00
2018.04.19 13:45:34.735,0.77738,0.77747,1.31,2.25
2018.04.19 13:45:35.323,0.77737,0.77746,2.51,1.57
2018.04.19 13:45:35.630,0.77739,0.77747,1.19,1.95
2018.04.19 13:45:36.449,0.77738,0.77747,1.25,1.00
2018.04.19 13:45:36.994,0.77738,0.77747,1.25,1.20
2018.04.19 13:45:37.796,0.77738,0.77747,2.44,1.95
2018.04.19 13:45:39.042,0.77738,0.77747,2.89,1.10
2018.04.19 13:45:40.434,0.77738,0.77747,3.56,1.20
2018.04.19 13:45:41.410,0.77738,0.77747,5.06,1.00
2018.04.19 13:45:43.059,0.77738,0.77745,1.31,1.00
2018.04.19 13:45:43.599,0.77737,0.77746,1.69,1.00
2018.04.19 13:45:44.110,0.77737,0.77746,1.01,2.32
2018.04.19 13:45:44.995,0.77737,0.77746,1.25,1.20
2018.04.19 13:45:47.363,0.77737,0.77746,1.69,1.20
2018.04.19 13:45:47.899,0.77737,0.77746,2.51,1.10
2018.04.19 13:45:48.651,0.77738,0.77746,1.19,1.57
2018.04.19 13:45:52.544,0.77738,0.77747,3.56,1.50
2018.04.19 13:45:54.100,0.77738,0.77746,4.31,1.00
2018.04.19 13:45:54.931,0.77738,0.77747,3.56,1.50
2018.04.19 13:45:55.443,0.77738,0.77746,4.31,1.00
2018.04.19 13:45:56.003,0.77738,0.77747,3.56,1.50
2018.04.19 13:45:56.588,0.7774,0.77748,1.31,1.00
2018.04.19 13:45:57.091,0.7774,0.77749,2.06,1.57
2018.04.19 13:46:00.263,0.77739,0.77748,1.69,4.20
2018.04.19 13:46:00.592,0.77738,0.77745,1.00,1.95
2018.04.19 13:46:00.800,0.77736,0.77745,2.25,6.82
2018.04.19 13:46:00.855,0.77735,0.77741,1.25,1.00
2018.04.19 13:46:00.907,0.77732,0.77741,1.01,5.44
2018.04.19 13:46:01.046,0.77731,0.7774,1.50,5.32
2018.04.19 13:46:01.654,0.7773,0.77739,1.25,4.20
2018.04.19 13:46:02.185,0.7773,0.77739,1.25,5.70
2018.04.19 13:46:02.804,0.77731,0.77739,1.00,1.10
2018.04.19 13:46:03.117,0.77733,0.7774,1.00,1.20
2018.04.19 13:46:03.424,0.77731,0.7774,1.69,2.89
2018.04.19 13:46:03.943,0.77731,0.77738,1.00,1.00
2018.04.19 13:46:04.319,0.77733,0.77741,1.00,2.32
2018.04.19 13:46:04.795,0.77731,0.77738,1.57,1.00
2018.04.19 13:46:04.847,0.77729,0.77738,2.14,1.95
2018.04.19 13:46:05.398,0.7773,0.77737,1.25,1.10
2018.04.19 13:46:06.654,0.7773,0.77737,1.69,1.00
2018.04.19 13:46:06.758,0.77735,0.77739,1.00,1.20
2018.04.19 13:46:06.809,0.77735,0.77742,1.00,1.20
2018.04.19 13:46:07.370,0.77734,0.77742,1.50,1.10
2018.04.19 13:46:07.421,0.77732,0.77741,1.25,1.10
2018.04.19 13:46:07.959,0.77731,0.7774,1.00,3.07
2018.04.19 13:46:08.126,0.77732,0.7774,1.00,1.95
2018.04.19 13:46:08.178,0.77732,0.7774,1.12,1.10
2018.04.19 13:46:08.382,0.77734,0.7774,1.00,1.95
2018.04.19 13:46:08.903,0.77733,0.7774,1.25,1.10
2018.04.19 13:46:10.149,0.77732,0.77739,1.12,1.00
2018.04.19 13:46:10.594,0.77734,0.77741,1.00,1.10
2018.04.19 13:46:11.120,0.77735,0.77742,1.00,2.32
2018.04.19 13:46:11.465,0.77732,0.77737,1.19,1.00
2018.04.19 13:46:11.623,0.7773,0.77737,1.69,1.00
2018.04.19 13:46:12.173,0.7773,0.77737,1.00,1.10
2018.04.19 13:46:12.716,0.7773,0.77736,1.00,1.50
2018.04.19 13:46:13.236,0.77729,0.77736,1.31,1.00
2018.04.19 13:46:16.226,0.77729,0.77737,1.12,1.57
2018.04.19 13:46:16.751,0.77729,0.77737,1.12,3.07
2018.04.19 13:46:17.211,0.77729,0.77738,1.31,1.10
2018.04.19 13:46:17.404,0.77731,0.77738,1.00,1.20
2018.04.19 13:46:17.712,0.77734,0.77741,1.00,1.00
2018.04.19 13:46:18.521,0.77733,0.7774,1.31,1.00
2018.04.19 13:46:20.297,0.77734,0.77742,1.00,1.95
2018.04.19 13:46:20.903,0.77733,0.77741,1.50,1.57
2018.04.19 13:46:21.432,0.77734,0.77742,1.25,2.70
2018.04.19 13:46:21.641,0.77732,0.77739,1.69,1.00
2018.04.19 13:46:22.146,0.77732,0.77739,1.00,1.00
2018.04.19 13:46:22.835,0.77732,0.77741,1.00,4.20
2018.04.19 13:46:25.309,0.77732,0.77741,1.00,4.20
2018.04.19 13:46:25.840,0.77731,0.7774,4.12,1.00
2018.04.19 13:46:26.184,0.77734,0.77742,1.00,2.32
2018.04.19 13:46:26.492,0.77731,0.77738,1.00,1.12
2018.04.19 13:46:26.543,0.77729,0.77738,1.00,1.12
2018.04.19 13:46:27.077,0.77728,0.77737,1.50,1.20
2018.04.19 13:46:27.438,0.7773,0.77737,1.00,2.70
2018.04.19 13:46:28.468,0.7773,0.77738,1.00,1.20
2018.04.19 13:46:29.000,0.77731,0.77738,1.00,1.20
2018.04.19 13:46:29.536,0.7773,0.77738,1.50,1.95
2018.04.19 13:46:29.883,0.77732,0.77738,1.00,1.00
2018.04.19 13:46:31.300,0.77732,0.77739,1.00,1.20
2018.04.19 13:46:31.504,0.7773,0.77739,1.50,2.62
2018.04.19 13:46:31.751,0.7773,0.77737,1.00,1.00
2018.04.19 13:46:33.901,0.7773,0.77739,1.01,1.20
2018.04.19 13:46:33.962,0.77732,0.77739,1.00,1.10
2018.04.19 13:46:34.130,0.7773,0.77739,2.32,3.45
2018.04.19 13:46:34.627,0.77732,0.77739,1.00,1.95
2018.04.19 13:46:34.832,0.7773,0.77739,2.32,1.95
2018.04.19 13:46:35.339,0.77731,0.7774,1.10,1.95
2018.04.19 13:46:35.854,0.7773,0.77739,2.25,1.87
2018.04.19 13:46:36.167,0.77732,0.77739,1.00,1.20
2018.04.19 13:46:37.050,0.77732,0.77739,1.00,1.57
2018.04.19 13:46:37.551,0.7773,0.77739,2.32,1.20
2018.04.19 13:46:38.092,0.77729,0.77738,1.00,1.00
2018.04.19 13:46:39.292,0.77729,0.77736,1.50,1.00
2018.04.19 13:46:43.979,0.77729,0.77737,1.00,1.57
2018.04.19 13:46:44.528,0.77728,0.77737,2.81,2.32
2018.04.19 13:46:44.847,0.7773,0.77737,1.00,1.95
2018.04.19 13:46:46.602,0.7773,0.77737,1.00,1.95
2018.04.19 13:46:50.559,0.7773,0.77737,1.00,1.20
2018.04.19 13:46:50.868,0.77735,0.77738,1.00,1.12
2018.04.19 13:46:50.921,0.77733,0.77741,1.69,1.20
2018.04.19 13:46:51.468,0.77732,0.77739,1.00,1.00
2018.04.19 13:46:51.520,0.7773,0.77739,2.51,1.87
2018.04.19 13:46:51.984,0.7773,0.77737,1.25,1.00
2018.04.19 13:46:53.409,0.77731,0.77739,3.37,1.20
2018.04.19 13:46:55.278,0.77731,0.77739,1.00,1.20
2018.04.19 13:46:55.827,0.77731,0.77738,1.00,1.57
2018.04.19 13:46:56.376,0.77732,0.77739,1.00,1.95
2018.04.19 13:46:57.101,0.77731,0.77739,1.00,1.95
2018.04.19 13:46:59.017,0.77732,0.77739,1.00,1.20
2018.04.19 13:46:59.328,0.77734,0.77741,1.00,2.70
2018.04.19 13:46:59.486,0.77731,0.7774,2.51,1.57
2018.04.19 13:46:59.833,0.77731,0.77739,1.69,1.20
2018.04.19 13:47:00.382,0.77731,0.7774,1.25,3.07
2018.04.19 13:47:02.270,0.77733,0.7774,1.00,1.57
2018.04.19 13:47:02.819,0.77732,0.7774,1.31,1.57
2018.04.19 13:47:03.414,0.7773,0.77739,1.69,2.62
2018.04.19 13:47:03.620,0.7773,0.77738,1.69,1.20
2018.04.19 13:47:04.762,0.77729,0.77738,1.50,2.32
2018.04.19 13:47:06.983,0.77729,0.77738,1.25,1.95
2018.04.19 13:47:07.346,0.77731,0.77738,1.00,1.10
2018.04.19 13:47:08.202,0.77731,0.77738,1.00,2.62
2018.04.19 13:47:13.519,0.77732,0.77739,1.25,1.20
2018.04.19 13:47:14.196,0.77732,0.77741,1.00,4.20
2018.04.19 13:47:14.705,0.77732,0.77739,1.00,2.62
2018.04.19 13:47:15.185,0.77736,0.7774,1.00,1.57
2018.04.19 13:47:15.447,0.77733,0.7774,1.00,1.50
2018.04.19 13:47:15.676,0.77735,0.7774,1.00,1.50
2018.04.19 13:47:17.047,0.77733,0.7774,1.50,1.50
2018.04.19 13:47:17.264,0.77735,0.7774,1.00,1.50
2018.04.19 13:47:17.592,0.77732,0.7774,1.31,1.50
2018.04.19 13:47:18.116,0.77735,0.7774,1.00,1.50
2018.04.19 13:47:18.638,0.77734,0.7774,1.00,1.50
2018.04.19 13:47:19.121,0.77732,0.7774,1.25,1.50
2018.04.19 13:47:19.174,0.77734,0.7774,1.00,1.50
2018.04.19 13:47:19.632,0.77732,0.77741,1.69,4.20
2018.04.19 13:47:20.114,0.77734,0.77741,1.00,2.70
2018.04.19 13:47:20.616,0.77735,0.77741,1.00,1.87
2018.04.19 13:47:23.417,0.77734,0.77741,1.50,1.87
2018.04.19 13:47:23.910,0.77732,0.77741,1.50,4.12
2018.04.19 13:47:24.727,0.77731,0.7774,1.10,4.12
2018.04.19 13:47:25.307,0.7773,0.77739,1.95,2.62
2018.04.19 13:47:37.527,0.77734,0.7774,1.00,1.20
2018.04.19 13:47:37.837,0.77736,0.77741,1.00,1.00
2018.04.19 13:47:38.044,0.77734,0.77741,1.50,1.50
2018.04.19 13:47:39.760,0.77735,0.77741,1.00,1.00
2018.04.19 13:47:40.559,0.77733,0.7774,1.57,1.00
2018.04.19 13:47:40.662,0.77736,0.77741,1.00,1.00
2018.04.19 13:47:41.365,0.77734,0.77741,1.00,1.50
2018.04.19 13:47:41.759,0.77732,0.7774,1.25,1.87
2018.04.19 13:47:42.290,0.77731,0.7774,1.00,3.37
2018.04.19 13:47:43.747,0.77732,0.77739,1.00,1.12
2018.04.19 13:47:48.347,0.77731,0.77739,1.50,1.12
2018.04.19 13:47:49.715,0.77731,0.77738,1.00,1.00
2018.04.19 13:47:52.624,0.77731,0.77737,1.00,1.00
2018.04.19 13:47:53.160,0.7773,0.77737,1.50,1.00
2018.04.19 13:47:54.231,0.77729,0.77737,1.25,1.00
2018.04.19 13:47:57.881,0.77729,0.77737,2.44,1.00
2018.04.19 13:48:02.524,0.77729,0.77737,1.76,1.00
2018.04.19 13:48:03.587,0.77729,0.77734,1.00,1.00
2018.04.19 13:48:03.692,0.77727,0.77734,1.69,1.00
2018.04.19 13:48:03.942,0.77725,0.77733,1.50,1.87
2018.04.19 13:48:04.262,0.77722,0.77729,3.64,1.00
2018.04.19 13:48:04.793,0.77723,0.77731,1.25,1.87
2018.04.19 13:48:04.845,0.77724,0.77731,1.19,1.12
2018.04.19 13:48:07.272,0.77724,0.77731,1.01,1.00
2018.04.19 13:48:07.787,0.77723,0.7773,2.51,1.00
2018.04.19 13:48:08.322,0.77724,0.77731,1.01,1.00
2018.04.19 13:48:09.478,0.77722,0.7773,3.26,1.00
2018.04.19 13:48:09.533,0.77723,0.77732,1.01,1.20
2018.04.19 13:48:09.695,0.77721,0.7773,7.76,1.00
2018.04.19 13:48:10.490,0.77722,0.77729,2.14,1.00
2018.04.19 13:48:10.919,0.7772,0.77726,1.39,1.00
2018.04.19 13:48:10.971,0.77718,0.77726,1.29,1.00
2018.04.19 13:48:11.126,0.77718,0.77724,1.25,1.00
2018.04.19 13:48:11.706,0.77717,0.77724,4.01,1.00
2018.04.19 13:48:12.292,0.77717,0.77724,2.89,1.00
2018.04.19 13:48:12.829,0.77716,0.77724,6.64,1.50
2018.04.19 13:48:13.280,0.77716,0.77722,2.51,1.00
2018.04.19 13:48:15.062,0.77717,0.77723,1.76,1.00
2018.04.19 13:48:15.574,0.77717,0.77723,2.51,1.00
2018.04.19 13:48:16.902,0.77717,0.77725,3.26,1.50
2018.04.19 13:48:17.420,0.77718,0.77725,2.14,1.00
2018.04.19 13:48:19.710,0.77718,0.77727,2.14,1.57
2018.04.19 13:48:20.597,0.77724,0.7773,1.00,1.07
2018.04.19 13:48:20.649,0.77724,0.77732,1.25,1.12
2018.04.19 13:48:21.100,0.77728,0.77734,1.00,1.57
2018.04.19 13:48:22.712,0.77727,0.77733,1.00,1.00
2018.04.19 13:48:22.918,0.77725,0.77732,1.20,1.00
2018.04.19 13:48:24.413,0.77724,0.77731,1.69,1.00
2018.04.19 13:48:28.915,0.77724,0.77733,1.00,2.32
2018.04.19 13:48:31.196,0.77724,0.77733,1.69,1.57
2018.04.19 13:48:31.247,0.77724,0.77733,1.00,1.10
2018.04.19 13:48:32.462,0.77725,0.77734,1.00,1.20
2018.04.19 13:48:32.996,0.77725,0.77734,1.00,1.12
2018.04.19 13:48:35.507,0.77725,0.77734,1.00,1.57
2018.04.19 13:48:36.059,0.77723,0.77732,1.25,1.20
2018.04.19 13:48:36.725,0.77723,0.77732,1.19,1.20
2018.04.19 13:48:37.263,0.77723,0.77732,1.69,1.95
2018.04.19 13:48:39.333,0.77724,0.77733,1.00,1.57
2018.04.19 13:48:39.881,0.77724,0.77733,1.00,1.20
2018.04.19 13:48:41.312,0.77724,0.77733,2.44,1.00
2018.04.19 13:48:41.873,0.77726,0.77733,1.00,1.00
2018.04.19 13:48:47.031,0.77724,0.77733,4.01,2.25
2018.04.19 13:48:47.241,0.77724,0.77731,1.00,1.87
2018.04.19 13:48:47.775,0.77723,0.77731,1.50,1.00
2018.04.19 13:48:48.325,0.77723,0.77732,1.07,1.12
2018.04.19 13:48:48.839,0.77725,0.77732,1.00,1.00
2018.04.19 13:48:49.536,0.77726,0.77733,1.00,1.00
2018.04.19 13:48:51.005,0.77725,0.77733,1.00,1.50
2018.04.19 13:48:52.456,0.77725,0.77731,1.00,1.00
2018.04.19 13:48:53.045,0.77723,0.77732,2.32,2.25
2018.04.19 13:48:55.353,0.77725,0.77732,1.50,1.00
2018.04.19 13:48:58.032,0.77726,0.77735,1.00,5.89
2018.04.19 13:48:58.254,0.77728,0.77735,1.00,1.00
2018.04.19 13:49:00.865,0.77728,0.77737,1.01,1.95
2018.04.19 13:49:02.997,0.77728,0.77737,1.76,1.95
2018.04.19 13:49:03.533,0.77728,0.77737,1.10,1.95
2018.04.19 13:49:06.799,0.7773,0.77737,1.69,1.50
2018.04.19 13:49:07.066,0.77733,0.7774,1.00,1.10
2018.04.19 13:49:07.173,0.77731,0.77736,1.10,1.00
2018.04.19 13:49:07.276,0.77729,0.77736,1.12,1.00
2018.04.19 13:49:09.027,0.7773,0.77737,1.00,1.00
2018.04.19 13:49:09.542,0.7773,0.77738,4.57,1.12
2018.04.19 13:49:10.628,0.77731,0.77738,1.00,1.12
2018.04.19 13:49:11.947,0.7773,0.77737,3.00,1.00
2018.04.19 13:49:13.703,0.7773,0.77737,1.07,1.12
2018.04.19 13:49:16.910,0.7773,0.77737,1.00,1.12
2018.04.19 13:49:21.753,0.7773,0.77738,1.00,1.87
2018.04.19 13:49:24.920,0.77732,0.77741,1.00,4.01
2018.04.19 13:49:25.252,0.77734,0.77741,1.10,1.12
2018.04.19 13:49:26.048,0.77734,0.77741,1.32,1.00
2018.04.19 13:49:26.663,0.77734,0.77741,1.01,1.00
2018.04.19 13:49:27.500,0.77732,0.7774,3.26,1.00
2018.04.19 13:49:28.081,0.77734,0.77741,1.10,1.00
2018.04.19 13:49:29.109,0.77733,0.7774,1.20,1.00
2018.04.19 13:49:31.863,0.77731,0.77737,1.64,1.00
2018.04.19 13:49:31.969,0.7773,0.77737,1.76,1.00
2018.04.19 13:49:32.509,0.7773,0.77739,1.76,1.12
2018.04.19 13:49:33.122,0.77732,0.77741,2.51,2.32
2018.04.19 13:49:33.181,0.77732,0.77741,3.64,1.50
2018.04.19 13:49:33.677,0.77731,0.77737,1.70,1.00
2018.04.19 13:49:33.729,0.7773,0.77739,1.07,3.00
2018.04.19 13:49:34.440,0.7773,0.77739,1.10,3.00
2018.04.19 13:49:35.060,0.7773,0.77739,3.45,1.50
2018.04.19 13:49:36.687,0.77732,0.77739,1.10,1.00
2018.04.19 13:49:36.950,0.77729,0.77737,2.14,1.00
2018.04.19 13:49:37.601,0.77729,0.77737,1.39,1.00
2018.04.19 13:49:38.762,0.77728,0.77737,1.76,1.00
2018.04.19 13:49:38.925,0.77728,0.77737,2.89,1.00
2018.04.19 13:49:39.460,0.77729,0.77738,1.07,1.87
2018.04.19 13:49:39.881,0.77729,0.77738,1.10,5.50
2018.04.19 13:49:53.232,0.77729,0.77736,1.07,1.00
2018.04.19 13:49:54.634,0.77729,0.77736,1.00,1.00
2018.04.19 13:50:00.586,0.7773,0.77737,1.00,1.00
2018.04.19 13:50:01.511,0.77729,0.77736,1.10,1.00
2018.04.19 13:50:03.235,0.77729,0.77736,1.69,1.00
2018.04.19 13:50:03.954,0.77728,0.77737,1.01,1.00
2018.04.19 13:50:04.457,0.77727,0.77736,4.76,1.00
2018.04.19 13:50:04.962,0.77728,0.77737,3.26,1.87
2018.04.19 13:50:06.659,0.77724,0.77731,1.10,1.12
2018.04.19 13:50:06.972,0.77726,0.77733,1.00,1.12
2018.04.19 13:50:07.774,0.77726,0.77735,2.51,2.25
2018.04.19 13:50:08.244,0.77728,0.77736,1.29,1.50
2018.04.19 13:50:08.606,0.77729,0.77737,1.31,1.12
2018.04.19 13:50:09.680,0.77729,0.77738,1.39,4.87
2018.04.19 13:50:10.195,0.77729,0.77738,2.14,3.37
2018.04.19 13:50:11.758,0.77729,0.77738,1.39,2.62
2018.04.19 13:50:12.524,0.77731,0.77738,1.00,1.12
2018.04.19 13:50:13.079,0.7773,0.77737,1.10,1.00
2018.04.19 13:50:13.595,0.77731,0.77738,1.00,1.12
2018.04.19 13:50:14.062,0.77732,0.7774,1.25,2.32
2018.04.19 13:50:14.624,0.77732,0.7774,1.32,1.50
2018.04.19 13:50:15.489,0.7773,0.77738,2.89,1.87
2018.04.19 13:50:15.850,0.7773,0.77738,1.01,2.62
2018.04.19 13:50:29.054,0.77729,0.77738,1.00,1.12
2018.04.19 13:50:30.688,0.77729,0.77738,3.56,1.00
2018.04.19 13:50:31.344,0.77729,0.77738,1.76,1.57
2018.04.19 13:50:32.038,0.7773,0.77738,1.19,1.20
2018.04.19 13:50:32.549,0.7773,0.77739,2.14,2.70
2018.04.19 13:50:32.938,0.77733,0.7774,1.00,5.32
2018.04.19 13:50:33.043,0.77731,0.7774,1.31,1.50
2018.04.19 13:50:33.298,0.77732,0.7774,1.19,4.20
2018.04.19 13:50:33.611,0.77731,0.77738,1.25,1.50
2018.04.19 13:50:34.946,0.77729,0.77737,1.01,1.00
2018.04.19 13:50:37.544,0.77729,0.77737,1.76,1.00
2018.04.19 13:50:39.492,0.77729,0.77737,1.01,1.00
2018.04.19 13:50:41.215,0.77729,0.77737,1.29,1.00
2018.04.19 13:50:41.762,0.77729,0.77738,2.51,1.95
2018.04.19 13:50:43.543,0.77729,0.77738,1.76,1.95
2018.04.19 13:50:44.858,0.77729,0.77737,1.76,1.00
2018.04.19 13:51:02.452,0.77729,0.77737,1.19,1.00
2018.04.19 13:51:03.035,0.7773,0.77737,1.69,1.00
2018.04.19 13:51:03.570,0.77731,0.77737,1.69,1.00
2018.04.19 13:51:03.624,0.77732,0.7774,1.69,1.57
2018.04.19 13:51:04.142,0.77732,0.77741,1.69,2.51
2018.04.19 13:51:07.421,0.77732,0.7774,1.69,1.50
2018.04.19 13:51:08.877,0.77732,0.77741,1.25,5.89
2018.04.19 13:51:09.420,0.77731,0.7774,2.44,1.87
2018.04.19 13:51:14.120,0.77736,0.77742,1.00,1.47
2018.04.19 13:51:14.480,0.77735,0.77743,1.00,2.32
2018.04.19 13:51:15.018,0.77736,0.77743,1.00,1.95
2018.04.19 13:51:15.970,0.77734,0.77743,2.44,2.70
2018.04.19 13:51:17.400,0.77737,0.77744,1.00,6.07
2018.04.19 13:51:17.609,0.77735,0.77744,1.00,4.57
2018.04.19 13:51:18.427,0.77735,0.77742,1.00,1.45
2018.04.19 13:51:19.059,0.77734,0.77743,1.69,2.32
2018.04.19 13:51:19.603,0.77734,0.77741,1.69,1.00
2018.04.19 13:51:20.003,0.77733,0.7774,1.00,3.37
2018.04.19 13:51:20.556,0.77731,0.77738,1.19,1.20
2018.04.19 13:51:20.866,0.77731,0.77739,1.19,2.32
2018.04.19 13:51:21.074,0.7773,0.77738,1.25,1.95
2018.04.19 13:51:21.612,0.77729,0.77737,1.25,1.20
2018.04.19 13:51:25.280,0.77729,0.77737,1.25,1.20
2018.04.19 13:51:25.386,0.7773,0.77739,2.06,2.70
2018.04.19 13:51:25.950,0.7773,0.77738,2.44,1.20
2018.04.19 13:51:26.459,0.7773,0.77737,1.69,1.00
2018.04.19 13:51:32.536,0.77729,0.77737,1.69,1.95
2018.04.19 13:51:32.943,0.77729,0.77735,1.19,1.00
2018.04.19 13:51:33.046,0.77728,0.77735,1.00,1.00
2018.04.19 13:51:35.577,0.77729,0.77736,1.00,1.10
2018.04.19 13:51:36.119,0.77729,0.77738,3.56,1.95
2018.04.19 13:51:36.997,0.7773,0.77739,1.12,4.95
2018.04.19 13:51:37.100,0.7773,0.77739,1.31,3.07
2018.04.19 13:51:37.694,0.77731,0.77739,1.00,1.95
2018.04.19 13:51:38.359,0.77731,0.77739,1.00,1.57
2018.04.19 13:51:41.041,0.7773,0.77739,1.69,1.10
2018.04.19 13:51:41.776,0.7773,0.77737,1.25,1.00
2018.04.19 13:51:49.856,0.77736,0.7774,1.00,1.00
2018.04.19 13:51:49.907,0.77734,0.77743,1.00,2.70
2018.04.19 13:51:50.519,0.77733,0.77742,1.69,1.00
2018.04.19 13:51:50.571,0.77732,0.77739,1.00,1.50
2018.04.19 13:51:54.014,0.77731,0.77738,1.25,1.00
2018.04.19 13:51:54.483,0.77731,0.7774,1.25,5.70
2018.04.19 13:51:54.639,0.77731,0.77738,1.25,1.00
2018.04.19 13:51:55.155,0.77732,0.77739,1.00,1.00
2018.04.19 13:51:57.894,0.7773,0.77736,1.01,1.00
2018.04.19 13:51:59.508,0.77729,0.77738,3.64,1.00
2018.04.19 13:51:59.613,0.77731,0.77738,1.76,1.00
2018.04.19 13:51:59.718,0.77734,0.77741,1.00,1.50
2018.04.19 13:51:59.954,0.77731,0.77738,1.76,1.00
2018.04.19 13:52:00.473,0.77731,0.77738,1.01,1.00
2018.04.19 13:52:01.217,0.7773,0.77737,2.89,1.00
2018.04.19 13:52:01.765,0.7773,0.77737,1.01,1.00
2018.04.19 13:52:03.588,0.77729,0.77736,2.14,1.00
2018.04.19 13:52:05.343,0.7773,0.77736,1.19,1.00
2018.04.19 13:52:06.111,0.77729,0.77736,1.77,1.00
2018.04.19 13:52:18.269,0.77729,0.77737,2.14,1.50
2018.04.19 13:52:20.162,0.77729,0.77737,1.01,1.00
2018.04.19 13:52:21.364,0.77727,0.77733,3.64,1.00
2018.04.19 13:52:21.469,0.77724,0.77731,1.39,1.00
2018.04.19 13:52:21.522,0.77722,0.77729,1.76,1.00
2018.04.19 13:52:21.581,0.77722,0.77731,1.76,2.25
2018.04.19 13:52:21.633,0.77721,0.77727,1.29,1.00
2018.04.19 13:52:22.141,0.7772,0.77728,1.19,1.57
2018.04.19 13:52:22.452,0.77726,0.77733,1.00,1.10
2018.04.19 13:52:24.036,0.77726,0.77735,1.25,2.32
2018.04.19 13:52:25.338,0.77726,0.77735,1.25,1.20
2018.04.19 13:52:25.646,0.77727,0.77736,2.81,1.50
2018.04.19 13:52:31.227,0.7773,0.77736,1.19,1.00
2018.04.19 13:52:31.331,0.7773,0.77738,3.19,1.10
2018.04.19 13:52:31.863,0.77731,0.77739,2.44,1.00
2018.04.19 13:52:33.935,0.7773,0.77739,3.26,1.10
2018.04.19 13:52:34.437,0.77731,0.77739,2.06,1.00
2018.04.19 13:52:34.955,0.77731,0.7774,4.31,1.00
2018.04.19 13:52:36.069,0.77735,0.77742,1.31,1.10
2018.04.19 13:52:36.407,0.77737,0.77745,1.25,1.00
2018.04.19 13:52:36.716,0.77738,0.77745,2.14,1.00
2018.04.19 13:52:36.894,0.77739,0.77747,1.25,1.10
2018.04.19 13:52:39.414,0.77738,0.77746,2.81,1.00
2018.04.19 13:52:41.580,0.77737,0.77746,2.89,1.00
2018.04.19 13:52:44.674,0.77737,0.77746,1.69,1.50
2018.04.19 13:52:46.557,0.77737,0.77746,3.07,1.10
2018.04.19 13:52:47.073,0.77737,0.77746,1.10,1.10
2018.04.19 13:52:48.454,0.77737,0.77746,3.37,1.00
2018.04.19 13:52:48.986,0.77738,0.77747,1.10,1.10
2018.04.19 13:52:50.461,0.77738,0.77745,1.00,1.00
2018.04.19 13:52:51.008,0.77737,0.77744,1.12,1.10
2018.04.19 13:52:52.232,0.77736,0.77743,1.50,1.00
2018.04.19 13:52:52.781,0.77736,0.77743,1.00,1.10
2018.04.19 13:52:56.170,0.77736,0.77745,1.57,1.10
2018.04.19 13:52:57.002,0.77738,0.77745,1.00,1.00
2018.04.19 13:52:59.063,0.77737,0.77744,1.12,1.00
2018.04.19 13:53:00.297,0.77736,0.77743,1.50,1.00
2018.04.19 13:53:00.848,0.77735,0.77742,2.25,1.00
2018.04.19 13:53:01.382,0.77736,0.77743,1.00,1.00
2018.04.19 13:53:03.323,0.77737,0.77744,1.00,1.00
2018.04.19 13:53:06.356,0.77737,0.77746,1.00,1.00
2018.04.19 13:53:08.269,0.77737,0.77746,1.95,1.00
2018.04.19 13:53:08.836,0.77738,0.77747,3.45,1.57
2018.04.19 13:53:09.538,0.77738,0.77747,1.87,1.00
2018.04.19 13:53:10.049,0.77738,0.77747,1.95,1.00
2018.04.19 13:53:10.946,0.77738,0.77747,1.12,1.00
2018.04.19 13:53:13.645,0.77737,0.77746,3.45,1.00
2018.04.19 13:53:14.241,0.77737,0.77746,3.37,1.00
2018.04.19 13:53:15.319,0.77737,0.77746,3.45,1.00
2018.04.19 13:53:15.937,0.77738,0.77747,1.20,1.57
2018.04.19 13:53:16.274,0.7774,0.77749,1.00,2.14
2018.04.19 13:53:19.694,0.7774,0.77749,1.00,2.89
2018.04.19 13:53:24.506,0.77739,0.77748,3.00,1.87
2018.04.19 13:53:25.618,0.77739,0.77748,2.62,1.50
2018.04.19 13:53:26.157,0.77739,0.77748,1.50,1.50
2018.04.19 13:53:26.470,0.77744,0.77752,1.50,1.57
2018.04.19 13:53:27.015,0.77744,0.77752,1.00,1.00
2018.04.19 13:53:27.551,0.77743,0.77752,1.95,1.00
2018.04.19 13:53:28.280,0.77743,0.77751,2.70,1.00
2018.04.19 13:53:28.590,0.77742,0.77749,1.10,1.00
2018.04.19 13:53:28.901,0.77738,0.77745,1.57,1.00
2018.04.19 13:53:29.657,0.77737,0.77745,1.10,1.00
2018.04.19 13:53:30.083,0.77736,0.77743,1.10,1.00
2018.04.19 13:53:30.615,0.77735,0.77743,1.57,1.00
2018.04.19 13:53:31.493,0.77734,0.77742,4.95,1.00
2018.04.19 13:53:33.001,0.77734,0.77743,2.70,1.00
2018.04.19 13:53:34.267,0.77734,0.77743,3.07,1.00
2018.04.19 13:53:34.793,0.77734,0.77743,3.82,1.50
2018.04.19 13:53:45.360,0.77735,0.77744,3.19,1.00
2018.04.19 13:53:45.672,0.77738,0.77745,1.12,1.00
2018.04.19 13:53:46.186,0.77739,0.77746,1.00,1.00
2018.04.19 13:53:46.527,0.77742,0.77751,5.51,1.10
2018.04.19 13:53:46.780,0.77745,0.77752,1.00,1.00
2018.04.19 13:53:47.298,0.77746,0.77753,1.00,1.00
2018.04.19 13:53:49.281,0.77746,0.77755,1.00,4.76
2018.04.19 13:53:49.815,0.77746,0.77755,1.00,3.19
2018.04.19 13:53:51.857,0.77748,0.77755,1.00,1.25
2018.04.19 13:53:56.621,0.77747,0.77756,1.10,3.19
2018.04.19 13:53:57.169,0.77747,0.77756,1.00,3.26
2018.04.19 13:53:57.696,0.77747,0.77756,1.57,1.10
2018.04.19 13:53:58.045,0.7775,0.77757,1.00,1.10
2018.04.19 13:53:58.588,0.77749,0.77756,1.00,1.00
2018.04.19 13:53:59.321,0.77747,0.77756,1.00,1.00
2018.04.19 13:54:00.200,0.77747,0.77754,1.10,1.00
2018.04.19 13:54:00.744,0.77747,0.77755,1.10,1.00
2018.04.19 13:54:01.264,0.77747,0.77756,1.10,1.76
2018.04.19 13:54:02.404,0.77749,0.77756,1.00,1.00
2018.04.19 13:54:05.965,0.77749,0.77755,1.00,1.00
2018.04.19 13:54:06.016,0.77747,0.77754,1.00,1.00
2018.04.19 13:54:06.822,0.77748,0.77755,1.00,1.00
2018.04.19 13:54:08.751,0.77748,0.77757,2.62,1.87
2018.04.19 13:54:16.206,0.77755,0.77761,1.00,1.12
2018.04.19 13:54:16.647,0.77756,0.77765,2.25,1.50
2018.04.19 13:54:16.908,0.77758,0.77765,1.00,1.50
2018.04.19 13:54:18.248,0.77758,0.77765,1.00,1.00
2018.04.19 13:54:21.415,0.77756,0.77765,4.57,1.00
2018.04.19 13:54:22.896,0.77756,0.77763,1.00,1.00
2018.04.19 13:54:23.464,0.77755,0.77762,1.00,1.00
2018.04.19 13:54:23.678,0.7775,0.77759,1.00,4.12
2018.04.19 13:54:23.730,0.77749,0.77756,1.10,1.00
2018.04.19 13:54:23.836,0.77746,0.77755,2.51,1.50
2018.04.19 13:54:23.940,0.77746,0.77753,1.50,1.50
2018.04.19 13:54:25.083,0.77744,0.77753,1.10,2.70
2018.04.19 13:54:30.051,0.77744,0.77753,3.00,1.00
2018.04.19 13:54:30.577,0.77746,0.77754,2.25,1.10
2018.04.19 13:54:31.227,0.77747,0.77754,1.00,1.00
2018.04.19 13:54:31.739,0.77747,0.77755,1.00,1.95
2018.04.19 13:54:35.371,0.77746,0.77755,1.12,2.70
2018.04.19 13:54:37.365,0.77746,0.77754,1.00,1.95
2018.04.19 13:54:38.524,0.77744,0.77749,1.00,1.00
2018.04.19 13:54:38.576,0.77741,0.7775,1.57,2.14
2018.04.19 13:54:38.629,0.77744,0.77751,1.00,1.20
2018.04.19 13:54:38.734,0.77741,0.77749,1.00,1.20
2018.04.19 13:54:38.787,0.7774,0.77746,1.10,1.00
2018.04.19 13:54:39.054,0.77737,0.77747,3.82,1.00
2018.04.19 13:54:39.158,0.77739,0.77746,1.00,1.00
2018.04.19 13:54:39.655,0.7774,0.77748,1.50,2.32
2018.04.19 13:54:40.034,0.77741,0.7775,1.00,3.45
2018.04.19 13:54:40.676,0.77743,0.77753,1.25,2.70
2018.04.19 13:54:40.934,0.77745,0.77754,1.00,1.10
2018.04.19 13:54:41.481,0.77746,0.77755,1.00,6.45
2018.04.19 13:54:41.982,0.77746,0.77755,1.00,4.20
2018.04.19 13:54:42.865,0.77745,0.77754,1.01,1.10
2018.04.19 13:54:43.373,0.77745,0.77754,1.00,2.32
2018.04.19 13:54:43.883,0.77745,0.77754,1.00,1.87
2018.04.19 13:54:44.492,0.77746,0.77755,1.00,1.95
2018.04.19 13:54:45.980,0.77745,0.77754,1.00,2.25
2018.04.19 13:54:46.032,0.77745,0.77752,1.00,1.00
2018.04.19 13:54:46.356,0.77742,0.77749,1.00,1.12
2018.04.19 13:54:46.718,0.77744,0.77751,1.00,1.10
2018.04.19 13:54:47.064,0.77747,0.77754,1.00,1.12
2018.04.19 13:54:48.011,0.77747,0.77755,1.00,1.00
2018.04.19 13:54:48.559,0.77747,0.77756,1.00,4.57
2018.04.19 13:54:49.124,0.77747,0.77755,1.00,1.00
2018.04.19 13:54:49.666,0.77747,0.77756,1.00,3.82
2018.04.19 13:54:51.059,0.77749,0.77756,1.50,1.12
2018.04.19 13:54:51.300,0.77757,0.77765,1.00,1.57
2018.04.19 13:54:51.408,0.77758,0.77767,1.00,3.45
2018.04.19 13:54:51.923,0.77759,0.77767,1.00,2.62
2018.04.19 13:54:55.889,0.77758,0.77767,1.00,1.00
2018.04.19 13:54:55.941,0.77761,0.77768,1.00,1.07
2018.04.19 13:54:56.491,0.77761,0.77768,1.00,1.00
2018.04.19 13:54:56.998,0.7776,0.77767,1.00,1.00
2018.04.19 13:55:00.215,0.7776,0.77767,1.00,1.95
2018.04.19 13:55:00.725,0.7776,0.77767,1.00,1.00
2018.04.19 13:55:01.940,0.77758,0.77767,3.45,1.57
2018.04.19 13:55:02.492,0.77759,0.77767,1.25,1.00
2018.04.19 13:55:03.130,0.77759,0.77768,1.25,1.57
2018.04.19 13:55:03.401,0.77764,0.7777,1.25,1.10
2018.04.19 13:55:03.504,0.77766,0.77774,1.00,1.07
2018.04.19 13:55:04.044,0.77766,0.77775,1.25,1.87
2018.04.19 13:55:05.537,0.77765,0.77772,1.00,1.00
2018.04.19 13:55:05.845,0.77762,0.77769,1.00,1.00
2018.04.19 13:55:06.819,0.7776,0.77769,1.57,1.00
2018.04.19 13:55:07.356,0.7776,0.77769,1.10,1.00
2018.04.19 13:55:08.124,0.77761,0.77771,2.70,2.25
2018.04.19 13:55:08.425,0.77763,0.77772,1.57,2.51
2018.04.19 13:55:08.689,0.77761,0.7777,3.45,1.25
2018.04.19 13:55:09.258,0.7776,0.7777,3.82,1.50
2018.04.19 13:55:09.311,0.7776,0.7777,4.20,2.25
2018.04.19 13:55:09.820,0.7776,0.7777,3.45,1.57
2018.04.19 13:55:10.479,0.77762,0.7777,1.00,1.50
2018.04.19 13:55:11.273,0.7776,0.77769,1.20,1.69
2018.04.19 13:55:11.798,0.7776,0.77769,1.10,1.76
2018.04.19 13:55:12.306,0.7776,0.77767,1.57,1.00
2018.04.19 13:55:14.745,0.77762,0.77769,1.00,1.00
2018.04.19 13:55:15.110,0.77761,0.77771,1.00,2.32
2018.04.19 13:55:15.701,0.77761,0.7777,1.07,1.00
2018.04.19 13:55:16.662,0.77761,0.7777,1.87,1.00
2018.04.19 13:55:17.185,0.77761,0.77769,1.12,1.00
2018.04.19 13:55:18.386,0.77762,0.77771,1.20,1.10
2018.04.19 13:55:18.490,0.77761,0.77768,1.00,1.00
2018.04.19 13:55:22.339,0.77759,0.77768,3.00,1.00
2018.04.19 13:55:22.544,0.77762,0.77769,2.25,1.10
2018.04.19 13:55:22.753,0.77762,0.77771,1.50,1.10
2018.04.19 13:55:23.258,0.77762,0.7777,2.32,1.00
2018.04.19 13:55:23.991,0.77764,0.77772,1.00,1.10
2018.04.19 13:55:24.988,0.77764,0.77773,1.00,1.00
2018.04.19 13:55:25.629,0.77765,0.77772,1.10,1.00
2018.04.19 13:55:27.107,0.77764,0.77774,6.26,1.57
2018.04.19 13:55:27.668,0.77766,0.77773,1.00,1.00
2018.04.19 13:55:30.697,0.77767,0.77774,2.10,1.10
2018.04.19 13:55:30.750,0.77767,0.77776,5.66,1.10
2018.04.19 13:55:30.980,0.77769,0.77778,1.00,2.32
2018.04.19 13:55:31.497,0.77768,0.77777,1.12,1.00
2018.04.19 13:55:36.761,0.77768,0.77776,1.31,1.00
2018.04.19 13:55:38.739,0.77768,0.77777,1.00,1.00
2018.04.19 13:55:39.667,0.77768,0.77775,1.00,1.00
2018.04.19 13:55:39.724,0.77765,0.77773,1.10,1.00
2018.04.19 13:55:40.043,0.77763,0.77772,2.32,1.50
2018.04.19 13:55:40.557,0.77764,0.77773,2.06,1.50
2018.04.19 13:55:43.528,0.77766,0.77773,1.50,1.00
2018.04.19 13:55:46.266,0.77765,0.77773,2.32,1.00
2018.04.19 13:55:49.604,0.77763,0.77771,6.64,1.00
2018.04.19 13:55:50.147,0.77763,0.7777,1.20,1.00
2018.04.19 13:55:54.287,0.77767,0.77775,1.00,1.25
2018.04.19 13:55:54.802,0.77767,0.77776,1.57,2.70
2018.04.19 13:56:02.032,0.77768,0.77776,1.00,1.50
2018.04.19 13:56:04.047,0.77768,0.77776,1.07,1.00
2018.04.19 13:56:14.639,0.77768,0.77774,1.10,1.00
2018.04.19 13:56:15.166,0.77767,0.77774,1.50,1.00
2018.04.19 13:56:16.434,0.77767,0.77776,2.32,1.00
2018.04.19 13:56:17.180,0.77768,0.77776,1.00,1.00
2018.04.19 13:56:20.799,0.77768,0.77777,1.00,2.25
2018.04.19 13:56:21.186,0.77773,0.7778,1.50,1.50
2018.04.19 13:56:21.445,0.7777,0.77779,2.70,1.00
2018.04.19 13:56:21.601,0.77769,0.77777,1.76,1.00
2018.04.19 13:56:22.521,0.7777,0.77778,2.25,1.10
2018.04.19 13:56:22.831,0.77772,0.77779,1.00,1.00
2018.04.19 13:56:23.960,0.77773,0.77782,1.95,1.57
2018.04.19 13:56:24.624,0.77773,0.77778,1.95,1.00
2018.04.19 13:56:24.676,0.77771,0.77778,2.25,1.00
2018.04.19 13:56:28.055,0.7777,0.77777,1.57,1.00
2018.04.19 13:56:28.682,0.7777,0.77778,1.07,1.50
2018.04.19 13:56:29.210,0.77769,0.77779,4.57,3.82
2018.04.19 13:56:29.791,0.77769,0.77778,2.32,1.12
2018.04.19 13:56:30.859,0.77773,0.7778,1.12,1.57
2018.04.19 13:56:30.962,0.77773,0.77782,2.62,1.00
2018.04.19 13:56:31.272,0.77771,0.77778,3.64,1.00
2018.04.19 13:56:32.357,0.77772,0.7778,1.76,1.00
2018.04.19 13:56:32.408,0.77772,0.77778,1.76,1.00
2018.04.19 13:56:34.238,0.7777,0.77775,1.10,1.00
2018.04.19 13:56:34.290,0.77768,0.77775,4.39,1.00
2018.04.19 13:56:37.331,0.77767,0.77774,2.51,1.00
2018.04.19 13:56:37.883,0.77767,0.77773,3.07,1.00
2018.04.19 13:56:38.387,0.77766,0.77774,2.89,1.00
2018.04.19 13:56:45.555,0.77768,0.77774,1.50,1.00
2018.04.19 13:56:55.120,0.77767,0.77772,2.14,1.00
2018.04.19 13:56:55.732,0.77767,0.77771,1.01,1.00
2018.04.19 13:56:55.991,0.77767,0.77774,1.39,1.00
2018.04.19 13:56:56.538,0.77766,0.77774,6.07,1.00
2018.04.19 13:56:57.260,0.77766,0.77775,6.07,1.00
2018.04.19 13:56:59.119,0.77767,0.77775,5.32,1.50
2018.04.19 13:57:00.262,0.77772,0.77777,1.00,1.10
2018.04.19 13:57:00.314,0.77772,0.7778,1.12,1.10
2018.04.19 13:57:00.819,0.77772,0.7778,5.51,1.00
2018.04.19 13:57:02.775,0.77771,0.77777,1.57,1.00
2018.04.19 13:57:02.877,0.7777,0.77777,2.14,1.00
2018.04.19 13:57:03.691,0.7777,0.77776,1.31,1.00
2018.04.19 13:57:04.175,0.77771,0.77778,2.81,1.00
2018.04.19 13:57:04.229,0.77772,0.7778,2.25,1.57
2018.04.19 13:57:04.282,0.77772,0.77777,1.00,1.00
2018.04.19 13:57:04.805,0.7777,0.77777,6.64,1.00
2018.04.19 13:57:04.911,0.7777,0.7778,10.20,1.50
2018.04.19 13:57:05.178,0.7777,0.77777,2.14,1.00
2018.04.19 13:57:05.598,0.77769,0.77775,4.01,1.00
2018.04.19 13:57:09.051,0.77767,0.77776,6.26,1.00
2018.04.19 13:57:09.104,0.77767,0.77773,3.07,1.00
2018.04.19 13:57:09.588,0.77767,0.77775,4.20,1.50
2018.04.19 13:57:09.752,0.77767,0.77773,4.39,1.00
2018.04.19 13:57:10.459,0.77767,0.77773,2.89,1.00
2018.04.19 13:57:11.399,0.77767,0.77773,3.45,1.00
2018.04.19 13:57:12.029,0.77768,0.77773,1.00,1.00
2018.04.19 13:57:12.757,0.77767,0.77773,2.14,1.00
2018.04.19 13:57:14.716,0.77768,0.77773,1.00,1.00
2018.04.19 13:57:15.564,0.77767,0.77773,2.14,1.00
2018.04.19 13:57:18.725,0.77768,0.77773,1.50,1.00
2018.04.19 13:57:23.128,0.77767,0.77773,1.01,1.00
2018.04.19 13:57:26.491,0.77767,0.77775,4.39,1.50
2018.04.19 13:57:27.079,0.77767,0.77774,4.39,1.00
2018.04.19 13:57:32.980,0.77771,0.77776,1.00,1.00
2018.04.19 13:57:33.032,0.77773,0.77782,1.50,1.10
2018.04.19 13:57:33.445,0.77773,0.77779,1.57,1.00
2018.04.19 13:57:34.198,0.77773,0.77782,1.57,1.50
2018.04.19 13:57:34.837,0.77773,0.77779,1.50,1.00
2018.04.19 13:57:36.844,0.77773,0.77782,1.50,2.25
2018.04.19 13:57:37.511,0.77773,0.77778,1.50,1.00
2018.04.19 13:57:37.818,0.77771,0.77778,1.10,1.00
2018.04.19 13:57:38.052,0.77772,0.77782,5.14,4.57
2018.04.19 13:57:38.589,0.77772,0.77782,3.26,2.25
2018.04.19 13:57:39.986,0.77771,0.77778,4.57,1.00
2018.04.19 13:57:40.457,0.7777,0.77776,3.64,1.00
2018.04.19 13:57:42.420,0.77769,0.77775,3.26,1.00
2018.04.19 13:57:43.067,0.77768,0.77774,2.32,1.00
2018.04.19 13:57:44.309,0.77767,0.77774,3.26,1.00
2018.04.19 13:57:44.997,0.77767,0.77774,1.76,1.00
2018.04.19 13:57:55.319,0.77768,0.77774,1.00,1.00
2018.04.19 13:58:19.510,0.77768,0.77773,1.00,1.00
2018.04.19 13:58:20.190,0.77768,0.77773,1.07,1.00
2018.04.19 13:58:21.407,0.77768,0.77773,1.10,1.00
2018.04.19 13:58:21.914,0.77768,0.77772,1.10,1.00
2018.04.19 13:58:22.720,0.77768,0.77776,1.10,1.12
2018.04.19 13:58:23.709,0.77769,0.77776,1.00,1.87
2018.04.19 13:58:49.001,0.77768,0.77775,1.57,1.00
2018.04.19 13:58:53.190,0.77768,0.77775,1.57,1.00
2018.04.19 13:59:15.145,0.77768,0.77774,1.00,1.00
2018.04.19 13:59:15.249,0.77766,0.77773,1.87,1.00
2018.04.19 13:59:17.119,0.77765,0.77773,2.25,1.00
2018.04.19 13:59:22.123,0.77764,0.77773,3.82,1.00
2018.04.19 13:59:24.226,0.77765,0.77774,1.00,1.00
2018.04.19 13:59:31.463,0.77767,0.77774,1.00,1.57
2018.04.19 13:59:32.386,0.77765,0.77774,3.07,1.00
2018.04.19 13:59:36.026,0.77766,0.77774,1.00,1.00
2018.04.19 13:59:36.544,0.77766,0.77775,1.50,2.44
2018.04.19 13:59:40.846,0.77765,0.77774,2.32,1.00
2018.04.19 13:59:41.676,0.77766,0.77774,1.50,1.10
2018.04.19 13:59:43.390,0.77764,0.77773,1.10,2.06
2018.04.19 13:59:43.927,0.77763,0.77772,3.75,1.31
2018.04.19 13:59:45.969,0.77764,0.77772,1.00,2.44
2018.04.19 13:59:46.315,0.77766,0.77773,1.00,1.10
2018.04.19 13:59:47.060,0.77764,0.77773,1.57,1.10
2018.04.19 13:59:47.112,0.77763,0.77772,1.76,3.94
2018.04.19 13:59:47.442,0.77762,0.77769,1.50,1.00
2018.04.19 13:59:49.487,0.7776,0.77768,2.32,1.00
2018.04.19 13:59:49.718,0.77758,0.77767,2.70,1.10
2018.04.19 13:59:50.527,0.77759,0.77768,1.00,1.57
2018.04.19 13:59:50.810,0.77759,0.77769,3.56,1.95
2018.04.19 13:59:51.167,0.77759,0.77769,3.07,2.62
2018.04.19 13:59:56.639,0.77759,0.77768,1.12,1.00
