2012.03.14 08:00:00.105,1.05182,1.05193,3.45,1.69
2012.03.14 08:00:00.384,1.05182,1.05193,3.45,1.69
2012.03.14 08:00:01.225,1.05182,1.05193,2.70,1.50
2012.03.14 08:00:01.732,1.05183,1.05193,1.50,1.50
2012.03.14 08:00:02.154,1.05183,1.05193,3.00,1.50
2012.03.14 08:00:02.229,1.05187,1.05199,2.10,6.00
2012.03.14 08:00:02.303,1.05189,1.05199,1.50,4.50
2012.03.14 08:00:02.376,1.05189,1.05201,2.25,3.94
2012.03.14 08:00:02.784,1.05193,1.05202,1.50,2.14
2012.03.14 08:00:03.253,1.05191,1.05201,1.50,1.69
2012.03.14 08:00:05.143,1.05188,1.052,3.00,2.25
2012.03.14 08:00:06.051,1.05188,1.052,4.50,2.25
2012.03.14 08:00:06.694,1.05188,1.052,3.00,2.25
2012.03.14 08:00:08.138,1.05188,1.052,1.50,3.00
2012.03.14 08:00:08.666,1.05186,1.05195,3.64,1.50
2012.03.14 08:00:09.017,1.05182,1.05191,1.20,1.50
2012.03.14 08:00:09.170,1.0518,1.05191,1.13,1.50
2012.03.14 08:00:09.250,1.05177,1.05186,1.50,1.50
2012.03.14 08:00:09.326,1.05178,1.05188,1.50,3.00
2012.03.14 08:00:10.995,1.05178,1.05186,1.50,1.20
2012.03.14 08:00:11.211,1.05175,1.05186,2.44,1.20
2012.03.14 08:00:11.496,1.05172,1.05183,1.95,1.50
2012.03.14 08:00:12.102,1.05172,1.05181,2.70,1.50
2012.03.14 08:00:12.176,1.05173,1.05185,1.50,1.88
2012.03.14 08:00:13.094,1.05174,1.05184,1.50,1.50
2012.03.14 08:00:13.163,1.05172,1.05183,1.95,1.50
2012.03.14 08:00:13.691,1.05173,1.05184,1.50,1.50
2012.03.14 08:00:14.427,1.05173,1.05185,1.50,2.25
2012.03.14 08:00:15.073,1.05172,1.05182,2.70,1.50
2012.03.14 08:00:15.415,1.0517,1.0518,1.50,1.50
2012.03.14 08:00:15.832,1.05172,1.05182,1.50,4.95
2012.03.14 08:00:16.891,1.0517,1.05181,1.50,1.50
2012.03.14 08:00:16.982,1.05168,1.05178,1.50,1.50
2012.03.14 08:00:17.473,1.05166,1.05174,2.44,1.50
2012.03.14 08:00:18.004,1.05164,1.05174,3.00,1.50
2012.03.14 08:00:18.133,1.05165,1.05177,2.25,4.20
2012.03.14 08:00:19.254,1.05165,1.05177,2.25,2.70
2012.03.14 08:00:20.344,1.05165,1.05177,2.25,3.08
2012.03.14 08:00:20.555,1.05162,1.05172,1.88,1.50
2012.03.14 08:00:20.751,1.05161,1.05172,2.33,1.50
2012.03.14 08:00:20.942,1.05163,1.05173,1.50,1.50
2012.03.14 08:00:24.411,1.05165,1.05176,1.50,1.50
2012.03.14 08:00:24.922,1.05165,1.05177,1.50,2.70
2012.03.14 08:00:25.772,1.05165,1.05174,1.50,1.50
2012.03.14 08:00:25.840,1.05162,1.05172,1.50,1.50
2012.03.14 08:00:26.352,1.05162,1.05171,1.50,1.20
2012.03.14 08:00:26.483,1.0516,1.0517,1.50,1.50
2012.03.14 08:00:26.625,1.05159,1.05168,1.50,1.50
2012.03.14 08:00:26.968,1.05158,1.05167,1.50,2.70
2012.03.14 08:00:27.695,1.05154,1.05166,3.00,3.00
2012.03.14 08:00:27.765,1.05154,1.05166,2.25,3.00
2012.03.14 08:00:28.390,1.05156,1.05166,1.50,1.50
2012.03.14 08:00:29.858,1.05156,1.05164,1.50,1.50
2012.03.14 08:00:30.411,1.05156,1.05166,1.50,1.50
2012.03.14 08:00:31.452,1.05156,1.05165,1.50,1.50
2012.03.14 08:00:31.581,1.05154,1.05165,1.50,1.50
2012.03.14 08:00:32.102,1.05153,1.05163,2.25,2.25
2012.03.14 08:00:35.740,1.05153,1.05163,1.50,2.25
2012.03.14 08:00:36.883,1.05153,1.05163,1.50,3.00
2012.03.14 08:00:37.437,1.05153,1.05162,1.50,1.50
2012.03.14 08:00:38.830,1.05151,1.05161,3.45,1.50
2012.03.14 08:00:39.475,1.05153,1.05163,1.50,2.25
2012.03.14 08:00:40.012,1.05153,1.05163,1.50,2.25
2012.03.14 08:00:41.132,1.05153,1.05163,1.50,3.00
2012.03.14 08:00:41.915,1.05154,1.05163,1.50,1.50
2012.03.14 08:00:43.543,1.05151,1.05163,2.70,2.25
2012.03.14 08:00:45.675,1.05151,1.05163,2.70,2.25
2012.03.14 08:00:45.929,1.05155,1.05164,1.50,1.50
2012.03.14 08:00:46.430,1.05157,1.05163,1.50,1.50
2012.03.14 08:00:46.511,1.05151,1.05161,2.25,1.20
2012.03.14 08:00:46.583,1.05151,1.05161,2.25,1.95
2012.03.14 08:00:46.941,1.05153,1.05161,1.50,1.95
2012.03.14 08:00:47.417,1.05153,1.05161,1.50,2.70
2012.03.14 08:00:47.771,1.05153,1.05161,3.60,1.95
2012.03.14 08:00:48.054,1.05159,1.05166,1.50,1.50
2012.03.14 08:00:48.181,1.05159,1.05168,1.50,1.50
2012.03.14 08:00:48.735,1.0516,1.05166,1.50,1.20
2012.03.14 08:00:48.795,1.05157,1.05166,1.50,1.20
2012.03.14 08:00:48.873,1.05152,1.05163,3.08,1.50
2012.03.14 08:00:49.435,1.05152,1.05163,4.58,2.25
2012.03.14 08:00:49.941,1.05154,1.05164,1.50,1.50
2012.03.14 08:00:50.440,1.05154,1.05166,2.25,4.20
2012.03.14 08:00:51.602,1.05154,1.05164,2.25,1.50
2012.03.14 08:00:51.923,1.05156,1.05167,2.70,1.88
2012.03.14 08:00:52.854,1.05159,1.05171,1.50,1.69
2012.03.14 08:00:53.135,1.05157,1.05169,2.25,1.50
2012.03.14 08:00:53.471,1.05152,1.05164,2.85,1.50
2012.03.14 08:00:53.982,1.05154,1.05165,1.50,1.50
2012.03.14 08:00:54.600,1.05154,1.05165,1.50,1.50
2012.03.14 08:00:56.753,1.05152,1.05162,2.25,2.25
2012.03.14 08:00:57.086,1.05156,1.05165,1.50,1.69
2012.03.14 08:00:57.632,1.05153,1.05164,2.70,1.50
2012.03.14 08:01:01.005,1.05151,1.0516,2.25,1.50
2012.03.14 08:01:01.215,1.05148,1.05158,4.20,1.69
2012.03.14 08:01:01.638,1.05148,1.05156,1.20,1.50
2012.03.14 08:01:01.855,1.05148,1.05158,2.70,2.44
2012.03.14 08:01:01.922,1.05148,1.05157,1.50,2.15
2012.03.14 08:01:02.530,1.05142,1.05151,3.30,1.50
2012.03.14 08:01:02.882,1.05142,1.05154,4.43,3.19
2012.03.14 08:01:03.412,1.05142,1.05154,4.05,3.19
2012.03.14 08:01:03.784,1.05142,1.05154,4.43,2.44
2012.03.14 08:01:04.042,1.05142,1.05154,4.05,2.44
2012.03.14 08:01:04.591,1.05142,1.05154,4.05,3.00
2012.03.14 08:01:04.922,1.05146,1.05155,1.50,1.69
2012.03.14 08:01:05.124,1.05144,1.05154,1.50,3.00
2012.03.14 08:01:05.648,1.05144,1.05154,1.50,1.50
2012.03.14 08:01:07.333,1.05144,1.05154,2.25,2.25
2012.03.14 08:01:08.128,1.05142,1.05153,3.30,1.50
2012.03.14 08:01:08.215,1.05142,1.05153,1.95,3.00
2012.03.14 08:01:08.431,1.0514,1.05151,4.35,3.19
2012.03.14 08:01:08.578,1.0514,1.05149,3.75,2.25
2012.03.14 08:01:08.935,1.05143,1.05151,1.20,1.69
2012.03.14 08:01:09.201,1.05139,1.05151,3.75,1.69
2012.03.14 08:01:09.275,1.05139,1.05148,2.25,1.50
2012.03.14 08:01:09.801,1.05139,1.05149,1.50,4.50
2012.03.14 08:01:10.224,1.05139,1.05149,1.50,2.25
2012.03.14 08:01:10.780,1.05139,1.05149,1.50,2.25
2012.03.14 08:01:11.244,1.05139,1.05149,1.50,2.25
2012.03.14 08:01:12.102,1.0514,1.05149,1.50,1.50
2012.03.14 08:01:12.238,1.05142,1.05149,1.20,1.50
2012.03.14 08:01:12.316,1.05142,1.05152,2.70,2.25
2012.03.14 08:01:13.653,1.05142,1.05154,2.70,2.63
2012.03.14 08:01:14.213,1.05142,1.05153,1.95,2.25
2012.03.14 08:01:15.423,1.05144,1.05153,1.50,2.25
2012.03.14 08:01:16.084,1.05149,1.05157,1.50,2.25
2012.03.14 08:01:16.372,1.05152,1.05161,1.20,2.25
2012.03.14 08:01:18.002,1.05152,1.05158,1.20,1.50
2012.03.14 08:01:18.132,1.05148,1.05158,5.33,1.50
2012.03.14 08:01:18.274,1.05148,1.05157,1.50,1.95
2012.03.14 08:01:18.683,1.05146,1.05156,3.00,2.25
2012.03.14 08:01:18.771,1.05143,1.05155,3.45,2.25
2012.03.14 08:01:19.123,1.05143,1.0515,1.95,1.50
2012.03.14 08:01:19.332,1.05143,1.05152,3.30,2.25
2012.03.14 08:01:19.471,1.05143,1.05155,3.30,2.25
2012.03.14 08:01:19.818,1.05145,1.05156,1.50,2.44
2012.03.14 08:01:21.112,1.05143,1.05155,4.05,2.25
2012.03.14 08:01:22.202,1.05143,1.05155,4.05,1.50
2012.03.14 08:01:22.275,1.05147,1.05157,2.33,3.75
2012.03.14 08:01:22.623,1.05149,1.05157,1.50,1.50
2012.03.14 08:01:23.075,1.05153,1.05157,1.20,1.50
2012.03.14 08:01:23.149,1.05153,1.05165,2.70,3.00
2012.03.14 08:01:23.685,1.05153,1.05161,1.20,1.50
2012.03.14 08:01:27.652,1.05151,1.05161,1.50,2.25
2012.03.14 08:01:27.853,1.05148,1.05159,2.33,2.25
2012.03.14 08:01:36.429,1.05148,1.05159,1.20,2.25
2012.03.14 08:01:38.451,1.05146,1.05157,3.00,3.45
2012.03.14 08:01:38.584,1.05145,1.05154,1.50,1.50
2012.03.14 08:01:39.041,1.05143,1.05153,1.20,1.50
2012.03.14 08:01:39.602,1.05144,1.05154,1.50,2.25
2012.03.14 08:01:39.813,1.05143,1.05151,1.20,2.25
2012.03.14 08:01:40.331,1.05143,1.05151,1.20,2.25
2012.03.14 08:01:40.999,1.0514,1.05151,3.00,2.25
2012.03.14 08:01:41.522,1.05139,1.05144,1.50,1.20
2012.03.14 08:01:41.603,1.05132,1.05139,1.13,1.50
2012.03.14 08:01:41.891,1.05134,1.05143,2.25,3.75
2012.03.14 08:01:42.105,1.05132,1.05141,1.50,1.50
2012.03.14 08:01:42.587,1.05129,1.05141,3.19,2.25
2012.03.14 08:01:42.995,1.05129,1.0514,2.63,1.50
2012.03.14 08:01:43.511,1.05127,1.05136,1.95,1.50
2012.03.14 08:01:43.962,1.05124,1.05133,2.03,1.50
2012.03.14 08:01:44.288,1.05124,1.05135,2.03,2.25
2012.03.14 08:01:44.842,1.05125,1.05137,2.25,4.20
2012.03.14 08:01:45.351,1.05125,1.05137,2.25,4.20
2012.03.14 08:01:45.423,1.05125,1.05136,2.25,1.50
2012.03.14 08:01:45.565,1.05125,1.05136,1.50,1.50
2012.03.14 08:01:45.770,1.05125,1.05133,1.50,2.25
2012.03.14 08:01:46.292,1.05123,1.05135,4.95,2.25
2012.03.14 08:01:46.494,1.05128,1.05136,1.20,3.00
2012.03.14 08:01:46.565,1.05128,1.05136,2.70,1.50
2012.03.14 08:01:46.632,1.05128,1.05138,2.70,2.25
2012.03.14 08:01:47.376,1.05128,1.05138,2.70,2.63
2012.03.14 08:01:47.517,1.05128,1.05138,2.70,2.25
2012.03.14 08:01:47.653,1.05128,1.05136,1.20,1.50
2012.03.14 08:01:48.403,1.05126,1.05136,1.50,2.25
2012.03.14 08:01:48.563,1.0512,1.0513,4.50,1.50
2012.03.14 08:01:49.066,1.05121,1.05133,1.50,6.64
2012.03.14 08:01:50.224,1.05122,1.05133,1.95,4.69
2012.03.14 08:01:50.427,1.05123,1.05135,1.50,3.75
2012.03.14 08:01:50.505,1.05127,1.05135,1.20,3.75
2012.03.14 08:01:51.051,1.05128,1.05137,1.50,2.70
2012.03.14 08:01:51.132,1.05123,1.05134,1.95,1.50
2012.03.14 08:01:51.692,1.05125,1.05135,1.50,2.25
2012.03.14 08:01:52.703,1.05125,1.05135,1.50,2.25
2012.03.14 08:01:53.242,1.05125,1.05135,1.50,2.25
2012.03.14 08:01:53.771,1.05125,1.05135,1.50,2.25
2012.03.14 08:01:54.363,1.05127,1.05138,3.45,2.25
2012.03.14 08:01:54.434,1.05127,1.05138,3.45,2.25
2012.03.14 08:01:54.562,1.05127,1.05136,4.20,1.50
2012.03.14 08:01:54.972,1.05127,1.05138,3.45,2.25
2012.03.14 08:01:55.235,1.05127,1.05136,4.20,1.50
2012.03.14 08:01:55.432,1.05129,1.05139,1.50,1.50
2012.03.14 08:01:55.643,1.05133,1.05139,1.20,2.25
2012.03.14 08:01:55.842,1.05133,1.05139,1.20,1.50
2012.03.14 08:01:55.912,1.05129,1.05139,2.25,1.50
2012.03.14 08:01:56.050,1.0513,1.05139,2.25,2.25
2012.03.14 08:01:56.382,1.05126,1.05137,4.13,3.45
2012.03.14 08:01:56.522,1.05125,1.05134,1.13,1.50
2012.03.14 08:01:57.078,1.05125,1.05137,1.50,3.45
2012.03.14 08:01:57.156,1.05125,1.05136,1.50,1.50
2012.03.14 08:01:57.707,1.05125,1.05134,1.50,1.50
2012.03.14 08:01:57.923,1.05119,1.05129,5.70,1.50
2012.03.14 08:01:58.652,1.05121,1.05131,1.50,1.50
2012.03.14 08:01:59.154,1.05127,1.05131,1.20,1.50
2012.03.14 08:01:59.604,1.05127,1.05137,2.70,2.63
2012.03.14 08:01:59.681,1.05129,1.0514,1.50,2.44
2012.03.14 08:01:59.880,1.05127,1.05139,2.70,1.69
2012.03.14 08:02:00.261,1.05128,1.05137,1.39,1.50
2012.03.14 08:02:00.728,1.05128,1.05135,1.20,1.13
2012.03.14 08:02:00.805,1.05126,1.05134,2.25,3.45
2012.03.14 08:02:00.948,1.05121,1.05132,1.88,1.50
2012.03.14 08:02:01.036,1.0512,1.05129,1.39,1.50
2012.03.14 08:02:01.791,1.05118,1.05128,1.20,3.00
2012.03.14 08:02:02.290,1.05116,1.05127,3.75,2.70
2012.03.14 08:02:02.845,1.05116,1.05126,1.50,1.50
2012.03.14 08:02:03.605,1.0511,1.05122,1.95,1.50
2012.03.14 08:02:04.038,1.05117,1.05125,1.20,3.00
2012.03.14 08:02:04.396,1.05113,1.05123,2.25,1.50
2012.03.14 08:02:04.474,1.05117,1.05125,1.20,1.50
2012.03.14 08:02:05.013,1.05117,1.05126,1.20,1.50
2012.03.14 08:02:06.232,1.05118,1.05128,1.50,4.50
2012.03.14 08:02:06.795,1.05117,1.05127,1.20,1.50
2012.03.14 08:02:07.445,1.05115,1.05125,1.88,2.70
2012.03.14 08:02:07.655,1.0511,1.05122,3.75,3.75
2012.03.14 08:02:07.879,1.0511,1.05119,1.50,1.50
2012.03.14 08:02:08.295,1.0511,1.05122,3.00,3.75
2012.03.14 08:02:09.029,1.05113,1.05123,1.50,1.50
2012.03.14 08:02:10.259,1.05112,1.05122,2.14,1.50
2012.03.14 08:02:11.307,1.0511,1.05122,1.50,3.45
2012.03.14 08:02:11.457,1.05109,1.05119,1.50,1.50
2012.03.14 08:02:12.013,1.0511,1.0512,1.50,2.25
2012.03.14 08:02:12.542,1.0511,1.05119,1.50,1.50
2012.03.14 08:02:13.234,1.0511,1.0512,1.50,3.75
2012.03.14 08:02:13.874,1.05108,1.05119,1.20,4.13
2012.03.14 08:02:14.423,1.05108,1.05116,1.20,1.50
2012.03.14 08:02:14.753,1.05106,1.05116,2.44,2.25
2012.03.14 08:02:15.290,1.05106,1.05116,1.69,1.50
2012.03.14 08:02:15.373,1.05107,1.05118,1.50,4.95
2012.03.14 08:02:15.946,1.05107,1.05114,1.50,1.95
2012.03.14 08:02:16.366,1.051,1.05113,1.50,6.00
2012.03.14 08:02:16.500,1.051,1.0511,2.89,1.50
2012.03.14 08:02:16.571,1.05103,1.05113,1.50,4.50
2012.03.14 08:02:16.983,1.051,1.05112,1.50,1.50
2012.03.14 08:02:17.517,1.051,1.05112,1.50,1.69
2012.03.14 08:02:19.082,1.05099,1.05109,1.73,1.50
2012.03.14 08:02:19.644,1.05102,1.05109,1.50,1.50
2012.03.14 08:02:20.009,1.05107,1.05113,1.50,1.50
2012.03.14 08:02:20.454,1.05106,1.05116,1.50,1.50
2012.03.14 08:02:20.537,1.05108,1.05116,1.20,1.50
2012.03.14 08:02:21.370,1.05112,1.05116,1.20,1.50
2012.03.14 08:02:21.445,1.05112,1.05118,1.20,1.50
2012.03.14 08:02:21.991,1.05111,1.0512,1.20,1.88
2012.03.14 08:02:22.504,1.05111,1.0512,1.20,1.50
2012.03.14 08:02:23.438,1.05114,1.05123,1.50,3.75
2012.03.14 08:02:23.783,1.05116,1.05123,2.25,1.50
2012.03.14 08:02:24.084,1.05111,1.0512,1.89,1.50
2012.03.14 08:02:24.159,1.0511,1.0512,1.69,1.50
2012.03.14 08:02:24.444,1.05108,1.05116,1.50,1.50
2012.03.14 08:02:24.644,1.05108,1.05118,2.25,1.50
2012.03.14 08:02:25.174,1.05108,1.05119,1.50,1.50
2012.03.14 08:02:26.311,1.05107,1.05116,2.15,1.50
2012.03.14 08:02:27.408,1.05109,1.05119,1.69,3.75
2012.03.14 08:02:27.611,1.05107,1.05118,2.15,1.50
2012.03.14 08:02:27.931,1.05114,1.05118,1.20,2.25
2012.03.14 08:02:28.287,1.05115,1.0512,1.50,1.20
2012.03.14 08:02:28.505,1.0511,1.0512,2.89,2.25
2012.03.14 08:02:29.366,1.0511,1.0512,2.89,1.50
2012.03.14 08:02:29.471,1.05108,1.05118,2.25,1.50
2012.03.14 08:02:30.039,1.05108,1.05118,1.69,1.50
2012.03.14 08:02:31.001,1.05106,1.05117,3.23,1.50
2012.03.14 08:02:31.099,1.05106,1.05115,2.25,1.13
2012.03.14 08:02:31.447,1.051,1.0511,7.62,1.50
2012.03.14 08:02:32.731,1.051,1.0511,6.45,1.50
2012.03.14 08:02:32.873,1.05101,1.05113,1.50,2.25
2012.03.14 08:02:33.999,1.05107,1.05113,2.25,1.50
2012.03.14 08:02:34.337,1.05101,1.05113,4.58,3.00
2012.03.14 08:02:34.411,1.05101,1.05111,3.08,1.50
2012.03.14 08:02:37.099,1.05101,1.05111,2.70,2.03
2012.03.14 08:02:37.387,1.05096,1.05105,4.20,1.50
2012.03.14 08:02:37.474,1.05096,1.05105,3.45,2.25
2012.03.14 08:02:37.806,1.05096,1.051,2.25,1.50
2012.03.14 08:02:37.873,1.0509,1.051,1.50,1.50
2012.03.14 08:02:37.948,1.0509,1.051,7.32,2.25
2012.03.14 08:02:38.097,1.05089,1.05098,1.32,1.50
2012.03.14 08:02:38.750,1.05088,1.05099,3.00,2.25
2012.03.14 08:02:38.895,1.05088,1.05095,3.00,1.20
2012.03.14 08:02:39.173,1.05086,1.05093,1.50,1.50
2012.03.14 08:02:39.248,1.05086,1.05095,1.50,1.20
2012.03.14 08:02:39.807,1.05087,1.05096,1.13,2.70
2012.03.14 08:02:40.157,1.05087,1.05098,4.58,1.50
2012.03.14 08:02:40.236,1.05087,1.05095,3.38,1.50
2012.03.14 08:02:40.756,1.05086,1.05095,1.13,1.50
2012.03.14 08:02:41.646,1.05085,1.05092,2.07,1.50
2012.03.14 08:02:41.797,1.05085,1.05094,1.69,1.50
2012.03.14 08:02:42.085,1.05086,1.05096,2.44,2.70
2012.03.14 08:02:42.629,1.0509,1.05099,2.25,1.50
2012.03.14 08:02:42.844,1.05092,1.05101,1.50,1.20
2012.03.14 08:02:43.407,1.05096,1.05102,1.95,2.25
2012.03.14 08:02:43.630,1.05097,1.05105,1.50,2.25
2012.03.14 08:02:43.709,1.05099,1.0511,1.50,1.95
2012.03.14 08:02:44.473,1.05096,1.05105,2.25,1.20
2012.03.14 08:02:44.757,1.05094,1.05104,2.63,1.50
2012.03.14 08:02:45.285,1.05094,1.05104,3.00,1.50
2012.03.14 08:02:45.832,1.05095,1.05105,2.63,1.20
2012.03.14 08:02:46.672,1.05098,1.05105,1.50,1.20
2012.03.14 08:02:47.153,1.05096,1.05105,1.50,1.20
2012.03.14 08:02:47.696,1.05096,1.05108,3.83,2.25
2012.03.14 08:02:47.833,1.05096,1.05106,3.83,1.50
2012.03.14 08:02:49.370,1.05097,1.05107,3.00,3.00
2012.03.14 08:02:49.462,1.051,1.0511,2.63,2.70
2012.03.14 08:02:49.676,1.05104,1.05112,1.50,1.50
2012.03.14 08:02:49.819,1.05105,1.05116,2.25,1.20
2012.03.14 08:02:49.904,1.05108,1.05116,1.50,1.20
2012.03.14 08:02:50.129,1.05108,1.05118,1.50,1.50
2012.03.14 08:02:50.948,1.05106,1.05117,3.83,1.50
2012.03.14 08:02:52.356,1.05106,1.05117,4.58,1.50
2012.03.14 08:02:52.993,1.05106,1.05116,3.00,1.20
2012.03.14 08:02:53.496,1.05105,1.05116,2.25,3.04
2012.03.14 08:02:53.571,1.05105,1.05112,2.25,1.20
2012.03.14 08:02:53.704,1.05102,1.0511,1.50,1.50
2012.03.14 08:02:54.208,1.05106,1.05114,1.20,3.75
2012.03.14 08:02:54.353,1.05107,1.05118,2.25,3.00
2012.03.14 08:02:54.962,1.05106,1.05118,2.70,3.75
2012.03.14 08:02:55.042,1.05104,1.05115,1.50,1.20
2012.03.14 08:02:56.146,1.05103,1.05113,2.25,1.50
2012.03.14 08:02:56.538,1.05106,1.05115,1.50,1.20
2012.03.14 08:02:57.120,1.05106,1.05117,1.88,2.25
2012.03.14 08:02:57.642,1.05107,1.05118,2.25,2.25
2012.03.14 08:02:58.161,1.05108,1.05119,1.50,1.50
2012.03.14 08:02:58.291,1.05108,1.0512,2.25,3.75
2012.03.14 08:02:58.811,1.05108,1.0512,2.25,4.50
2012.03.14 08:02:59.481,1.05108,1.0512,2.25,4.50
2012.03.14 08:03:00.030,1.05108,1.05119,2.25,1.50
2012.03.14 08:03:00.763,1.05108,1.05119,2.55,2.25
2012.03.14 08:03:01.293,1.05107,1.05117,4.05,1.50
2012.03.14 08:03:01.827,1.05105,1.05115,1.99,1.50
2012.03.14 08:03:02.052,1.05105,1.05113,1.50,1.20
2012.03.14 08:03:02.143,1.05102,1.05109,5.25,1.50
2012.03.14 08:03:02.225,1.05102,1.05109,2.25,1.50
2012.03.14 08:03:02.595,1.05099,1.05109,3.75,1.50
2012.03.14 08:03:03.778,1.05101,1.05109,1.20,1.50
2012.03.14 08:03:04.003,1.05103,1.05112,1.50,1.50
2012.03.14 08:03:04.433,1.05106,1.05113,1.13,1.50
2012.03.14 08:03:04.655,1.0511,1.05118,1.50,1.50
2012.03.14 08:03:04.794,1.0511,1.0512,1.50,4.95
2012.03.14 08:03:04.863,1.05107,1.05119,4.50,1.50
2012.03.14 08:03:05.413,1.05107,1.05119,4.50,2.25
2012.03.14 08:03:05.581,1.05106,1.05116,1.95,1.50
2012.03.14 08:03:06.132,1.05101,1.05105,1.13,1.20
2012.03.14 08:03:06.222,1.05098,1.05105,1.13,2.70
2012.03.14 08:03:06.366,1.05095,1.05105,1.88,2.70
2012.03.14 08:03:06.436,1.05094,1.05103,3.23,1.50
2012.03.14 08:03:06.577,1.05095,1.05106,3.68,1.50
2012.03.14 08:03:06.730,1.05097,1.05108,2.63,3.75
2012.03.14 08:03:06.871,1.05099,1.05109,1.50,3.75
2012.03.14 08:03:07.336,1.05101,1.05111,1.50,3.45
2012.03.14 08:03:08.537,1.05102,1.05111,2.25,1.50
2012.03.14 08:03:09.394,1.05103,1.05111,4.50,1.50
2012.03.14 08:03:09.532,1.05105,1.05116,1.95,3.75
2012.03.14 08:03:10.103,1.05107,1.05116,2.25,1.50
2012.03.14 08:03:10.810,1.05107,1.05112,2.25,1.50
2012.03.14 08:03:10.901,1.05101,1.05111,4.58,1.50
2012.03.14 08:03:11.447,1.05099,1.0511,4.13,1.20
2012.03.14 08:03:11.824,1.05098,1.05108,1.95,1.50
2012.03.14 08:03:12.435,1.05098,1.05106,1.95,1.50
2012.03.14 08:03:12.517,1.05099,1.05109,1.50,3.00
2012.03.14 08:03:13.082,1.05098,1.05108,1.20,3.00
2012.03.14 08:03:13.643,1.05098,1.0511,3.45,1.50
2012.03.14 08:03:14.123,1.05098,1.0511,3.45,3.75
2012.03.14 08:03:14.467,1.05095,1.05105,1.88,1.50
2012.03.14 08:03:14.815,1.05093,1.05101,2.25,1.50
2012.03.14 08:03:15.154,1.05096,1.05101,1.13,1.50
2012.03.14 08:03:15.364,1.05097,1.05106,1.20,1.50
2012.03.14 08:03:16.117,1.05097,1.05108,1.20,3.00
2012.03.14 08:03:16.201,1.05097,1.05105,1.20,1.50
2012.03.14 08:03:17.215,1.05096,1.05105,2.63,1.50
2012.03.14 08:03:17.569,1.05097,1.05103,4.20,1.50
2012.03.14 08:03:17.645,1.05097,1.05108,4.20,3.00
2012.03.14 08:03:18.051,1.05097,1.05105,3.00,1.50
2012.03.14 08:03:18.122,1.05096,1.05105,1.13,1.50
2012.03.14 08:03:18.888,1.05095,1.05104,1.50,2.25
2012.03.14 08:03:19.021,1.05093,1.05102,1.50,1.50
2012.03.14 08:03:19.271,1.05093,1.05105,3.38,2.25
2012.03.14 08:03:19.870,1.05093,1.05105,1.50,2.25
2012.03.14 08:03:19.949,1.05092,1.051,1.80,1.50
2012.03.14 08:03:20.168,1.0509,1.051,3.75,1.50
2012.03.14 08:03:20.383,1.0509,1.05098,2.25,1.50
2012.03.14 08:03:21.003,1.05089,1.05098,1.50,1.50
2012.03.14 08:03:21.322,1.05097,1.05105,1.20,3.75
2012.03.14 08:03:21.681,1.05097,1.05107,1.20,1.50
2012.03.14 08:03:21.905,1.05097,1.05105,1.20,1.50
2012.03.14 08:03:21.977,1.05095,1.05105,2.25,1.50
2012.03.14 08:03:22.548,1.05097,1.05105,1.95,1.50
2012.03.14 08:03:22.643,1.05101,1.05111,1.50,2.25
2012.03.14 08:03:22.933,1.05098,1.05108,2.25,1.50
2012.03.14 08:03:23.491,1.05099,1.05109,1.50,1.50
2012.03.14 08:03:24.332,1.05097,1.05108,3.45,1.50
2012.03.14 08:03:25.386,1.05097,1.05108,3.45,1.50
2012.03.14 08:03:25.664,1.05098,1.0511,3.00,3.00
2012.03.14 08:03:26.213,1.05098,1.0511,2.25,1.50
2012.03.14 08:03:26.408,1.05097,1.05108,3.45,1.50
2012.03.14 08:03:26.941,1.05097,1.05108,1.95,2.25
2012.03.14 08:03:31.773,1.05097,1.05108,1.95,2.25
2012.03.14 08:03:32.605,1.05097,1.05108,1.95,1.50
2012.03.14 08:03:33.191,1.05097,1.05105,1.95,1.50
2012.03.14 08:03:34.047,1.05097,1.05107,3.45,1.50
2012.03.14 08:03:35.305,1.05096,1.05106,2.25,1.50
2012.03.14 08:03:35.422,1.05094,1.05104,1.50,1.50
2012.03.14 08:03:35.942,1.05093,1.05104,1.20,2.25
2012.03.14 08:03:36.303,1.05093,1.051,1.20,1.50
2012.03.14 08:03:36.495,1.05093,1.05104,1.20,2.25
2012.03.14 08:03:37.199,1.05096,1.05106,1.50,3.75
2012.03.14 08:03:37.278,1.05093,1.05105,4.58,2.25
2012.03.14 08:03:37.914,1.05093,1.05102,3.08,1.50
2012.03.14 08:03:38.000,1.05098,1.05107,1.20,1.50
2012.03.14 08:03:38.523,1.05098,1.05108,2.70,1.50
2012.03.14 08:03:38.720,1.05098,1.0511,4.20,1.69
2012.03.14 08:03:39.236,1.05098,1.05108,3.45,1.50
2012.03.14 08:03:39.782,1.05098,1.05108,1.95,1.50
2012.03.14 08:03:40.444,1.05098,1.05108,1.20,2.55
2012.03.14 08:03:40.847,1.05098,1.05103,1.20,1.50
2012.03.14 08:03:40.952,1.05093,1.05101,1.13,3.00
2012.03.14 08:03:41.962,1.05097,1.05107,1.50,4.39
2012.03.14 08:03:42.164,1.05093,1.05105,4.20,1.50
2012.03.14 08:03:47.999,1.05101,1.05106,1.50,1.50
2012.03.14 08:03:48.087,1.05103,1.05109,1.50,2.25
2012.03.14 08:03:48.373,1.05103,1.05111,1.50,3.19
2012.03.14 08:03:48.589,1.051,1.05112,1.50,5.89
2012.03.14 08:03:48.740,1.05098,1.0511,4.95,1.50
2012.03.14 08:03:48.823,1.05098,1.0511,2.70,2.25
2012.03.14 08:03:48.893,1.05098,1.0511,2.70,1.50
2012.03.14 08:03:48.964,1.05101,1.05111,1.50,2.44
2012.03.14 08:03:49.941,1.05101,1.0511,1.50,1.50
2012.03.14 08:03:50.465,1.05101,1.05111,1.50,3.19
2012.03.14 08:03:50.784,1.05099,1.05109,1.50,1.50
2012.03.14 08:03:52.697,1.051,1.05109,1.50,1.50
2012.03.14 08:03:52.997,1.05107,1.05113,1.20,2.25
2012.03.14 08:03:53.284,1.05112,1.05121,1.50,1.13
2012.03.14 08:03:53.838,1.05111,1.05122,1.50,3.00
2012.03.14 08:03:53.910,1.05109,1.05121,2.25,1.50
2012.03.14 08:03:54.452,1.05109,1.0512,1.50,1.50
2012.03.14 08:03:54.942,1.05108,1.05118,1.50,1.50
2012.03.14 08:03:55.489,1.05108,1.05118,1.50,4.95
2012.03.14 08:03:55.944,1.05105,1.05116,1.50,2.25
2012.03.14 08:03:56.163,1.05107,1.05117,1.50,3.75
2012.03.14 08:03:58.595,1.05107,1.05116,1.50,1.50
2012.03.14 08:03:59.284,1.05107,1.05117,1.50,3.75
2012.03.14 08:03:59.351,1.05104,1.05116,3.45,3.00
2012.03.14 08:03:59.939,1.05108,1.05115,1.20,1.50
2012.03.14 08:04:00.017,1.05108,1.05117,2.70,1.50
2012.03.14 08:04:00.095,1.05112,1.05117,1.50,1.50
2012.03.14 08:04:00.371,1.05114,1.05121,1.50,1.50
2012.03.14 08:04:00.903,1.05114,1.05124,1.50,2.25
2012.03.14 08:04:01.421,1.05114,1.05123,1.20,1.50
2012.03.14 08:04:03.329,1.05114,1.05125,1.20,2.63
2012.03.14 08:04:03.404,1.05114,1.05123,1.20,1.50
2012.03.14 08:04:04.722,1.0511,1.0512,5.44,1.50
2012.03.14 08:04:05.412,1.05109,1.05119,1.20,1.50
2012.03.14 08:04:05.558,1.05109,1.05121,2.70,2.25
2012.03.14 08:04:06.103,1.05113,1.05121,1.20,1.50
2012.03.14 08:04:06.315,1.05114,1.05126,1.50,4.40
2012.03.14 08:04:06.525,1.05113,1.05122,2.70,1.50
2012.03.14 08:04:09.389,1.05119,1.05124,1.20,1.50
2012.03.14 08:04:09.466,1.05119,1.05127,1.20,1.69
2012.03.14 08:04:09.676,1.05119,1.05128,1.20,3.00
2012.03.14 08:04:10.262,1.05121,1.05131,1.50,1.88
2012.03.14 08:04:10.351,1.05123,1.05133,1.20,3.00
2012.03.14 08:04:10.968,1.05123,1.05134,1.20,1.50
2012.03.14 08:04:11.747,1.05125,1.05135,1.50,2.25
2012.03.14 08:04:14.556,1.05123,1.0513,1.20,1.50
2012.03.14 08:04:14.774,1.0512,1.05129,2.25,1.50
2012.03.14 08:04:15.321,1.05119,1.05129,1.20,1.50
2012.03.14 08:04:15.774,1.05124,1.05129,1.20,1.50
2012.03.14 08:04:15.842,1.05124,1.05132,1.20,1.69
2012.03.14 08:04:16.181,1.05124,1.05135,2.70,1.50
2012.03.14 08:04:16.710,1.05124,1.05133,1.20,1.50
2012.03.14 08:04:17.791,1.05124,1.05136,3.45,2.25
2012.03.14 08:04:19.464,1.05124,1.05136,4.20,1.50
2012.03.14 08:04:19.532,1.05128,1.05137,1.20,1.50
2012.03.14 08:04:19.878,1.05129,1.05139,1.50,5.25
2012.03.14 08:04:20.094,1.05128,1.05137,1.20,1.50
2012.03.14 08:04:20.644,1.05127,1.05137,1.50,1.50
2012.03.14 08:04:20.863,1.05124,1.05135,1.20,1.50
2012.03.14 08:04:21.002,1.05124,1.05133,1.20,1.50
2012.03.14 08:04:21.790,1.05124,1.05134,1.20,1.50
2012.03.14 08:04:22.302,1.05124,1.05135,1.20,1.50
2012.03.14 08:04:26.123,1.05124,1.05135,1.95,1.50
2012.03.14 08:04:26.446,1.05129,1.05138,1.20,2.44
2012.03.14 08:04:27.986,1.0513,1.05137,1.80,1.50
2012.03.14 08:04:28.329,1.05134,1.05138,1.50,1.50
2012.03.14 08:04:28.406,1.05134,1.05143,1.50,2.90
2012.03.14 08:04:28.689,1.05134,1.05145,1.50,3.00
2012.03.14 08:04:28.841,1.05136,1.05146,1.88,2.40
2012.03.14 08:04:29.451,1.05144,1.05152,2.70,2.25
2012.03.14 08:04:29.533,1.05144,1.05153,1.20,1.50
2012.03.14 08:04:29.821,1.05144,1.05151,1.20,1.50
2012.03.14 08:04:36.973,1.05147,1.05153,1.20,1.50
2012.03.14 08:04:37.044,1.05147,1.05155,1.20,1.50
2012.03.14 08:04:37.186,1.05149,1.05156,1.50,1.50
2012.03.14 08:04:37.327,1.05151,1.05159,1.50,1.50
2012.03.14 08:04:37.617,1.05152,1.05162,1.50,4.50
2012.03.14 08:04:37.896,1.05148,1.05158,1.50,1.50
2012.03.14 08:04:39.525,1.0515,1.0516,1.50,1.50
2012.03.14 08:04:40.250,1.05148,1.05159,3.45,1.50
2012.03.14 08:04:40.392,1.0515,1.0516,1.50,1.50
2012.03.14 08:04:40.957,1.05148,1.05159,2.70,1.50
2012.03.14 08:04:41.103,1.05145,1.05157,2.63,1.50
2012.03.14 08:04:41.492,1.05147,1.05158,1.50,4.20
2012.03.14 08:04:43.438,1.05148,1.05159,1.20,2.25
2012.03.14 08:04:43.796,1.05154,1.05163,1.50,2.25
2012.03.14 08:04:44.354,1.05151,1.05163,1.50,3.75
2012.03.14 08:04:45.363,1.05153,1.05163,1.50,2.25
2012.03.14 08:04:45.762,1.05149,1.0516,1.50,1.50
2012.03.14 08:04:45.833,1.05148,1.05158,4.20,1.50
2012.03.14 08:04:46.223,1.05149,1.05161,1.50,3.75
2012.03.14 08:04:46.416,1.05149,1.05161,1.50,4.50
2012.03.14 08:04:46.940,1.05148,1.05159,1.20,2.25
2012.03.14 08:04:47.276,1.05149,1.05159,1.50,1.95
2012.03.14 08:04:47.709,1.05145,1.05155,2.25,1.50
2012.03.14 08:04:48.122,1.05146,1.05158,1.50,2.25
2012.03.14 08:04:50.333,1.05144,1.05156,1.50,1.50
2012.03.14 08:04:51.112,1.05147,1.05157,1.50,3.75
2012.03.14 08:04:52.283,1.05149,1.05158,1.50,3.00
2012.03.14 08:04:52.471,1.05147,1.05157,1.50,3.75
2012.03.14 08:04:52.753,1.05149,1.05157,1.20,1.50
2012.03.14 08:04:53.403,1.05155,1.0516,1.50,1.69
2012.03.14 08:04:53.476,1.05153,1.05161,1.50,2.44
2012.03.14 08:04:53.616,1.05151,1.0516,1.50,2.44
2012.03.14 08:04:53.769,1.05149,1.0516,1.20,2.44
2012.03.14 08:04:53.986,1.05151,1.05161,1.50,2.25
2012.03.14 08:04:54.611,1.05151,1.05161,2.25,3.00
2012.03.14 08:04:55.214,1.05151,1.0516,1.50,1.50
2012.03.14 08:04:55.562,1.05154,1.05161,1.50,1.50
2012.03.14 08:04:55.775,1.05154,1.05163,2.70,2.25
2012.03.14 08:04:56.337,1.05155,1.05166,1.50,2.25
2012.03.14 08:04:57.039,1.05156,1.05166,2.25,2.25
2012.03.14 08:04:57.245,1.05157,1.05168,2.25,2.33
2012.03.14 08:04:57.805,1.05156,1.05166,1.50,1.50
2012.03.14 08:04:58.894,1.05156,1.05166,1.50,3.75
2012.03.14 08:04:58.966,1.05154,1.05164,3.45,1.50
2012.03.14 08:04:59.492,1.05154,1.05163,1.20,1.50
2012.03.14 08:04:59.938,1.05154,1.05165,1.20,1.50
2012.03.14 08:05:00.020,1.05154,1.05163,1.20,1.50
2012.03.14 08:05:00.549,1.05152,1.05162,5.25,1.50
2012.03.14 08:05:01.026,1.05154,1.0516,1.20,1.50
2012.03.14 08:05:01.092,1.05154,1.05163,1.20,3.75
2012.03.14 08:05:01.578,1.05151,1.05161,1.13,1.50
2012.03.14 08:05:01.795,1.05153,1.05161,1.95,1.50
2012.03.14 08:05:02.335,1.05154,1.05163,1.20,3.75
2012.03.14 08:05:02.972,1.05154,1.05161,1.20,1.50
2012.03.14 08:05:03.173,1.05154,1.05163,1.20,1.50
2012.03.14 08:05:03.985,1.05155,1.05165,1.50,1.50
2012.03.14 08:05:05.088,1.05154,1.05163,1.20,1.50
2012.03.14 08:05:08.501,1.05154,1.05162,1.20,1.50
2012.03.14 08:05:08.912,1.05154,1.05164,1.20,1.50
2012.03.14 08:05:08.988,1.05152,1.05163,1.50,1.20
2012.03.14 08:05:09.134,1.05151,1.0516,1.50,1.50
2012.03.14 08:05:09.613,1.05149,1.0516,1.20,1.50
2012.03.14 08:05:09.827,1.05149,1.05158,1.20,1.50
2012.03.14 08:05:10.192,1.05144,1.05153,1.20,1.50
2012.03.14 08:05:10.958,1.05144,1.05152,1.20,1.50
2012.03.14 08:05:11.040,1.05144,1.05154,1.20,2.44
2012.03.14 08:05:14.034,1.05142,1.05154,1.50,5.33
2012.03.14 08:05:14.259,1.05144,1.05154,1.50,2.63
2012.03.14 08:05:14.592,1.05148,1.05157,1.50,3.94
2012.03.14 08:05:14.722,1.05146,1.05156,1.50,3.75
2012.03.14 08:05:15.195,1.05143,1.05152,2.70,1.50
2012.03.14 08:05:15.478,1.05136,1.05147,3.19,1.50
2012.03.14 08:05:16.008,1.05134,1.05142,3.08,1.50
2012.03.14 08:05:16.108,1.0513,1.05142,6.65,2.25
2012.03.14 08:05:16.195,1.0513,1.05142,2.25,3.00
2012.03.14 08:05:16.582,1.05129,1.05139,3.45,1.50
2012.03.14 08:05:16.773,1.0513,1.05141,2.25,1.50
2012.03.14 08:05:17.301,1.0513,1.05142,1.50,4.50
2012.03.14 08:05:18.331,1.0513,1.05142,1.50,4.50
2012.03.14 08:05:18.842,1.0513,1.05142,1.50,3.75
2012.03.14 08:05:19.438,1.0513,1.05138,1.50,1.50
2012.03.14 08:05:20.087,1.05124,1.05132,1.20,1.50
2012.03.14 08:05:20.649,1.05124,1.05133,1.20,2.25
2012.03.14 08:05:21.009,1.05129,1.05138,1.50,2.70
2012.03.14 08:05:21.367,1.05127,1.05138,1.50,2.70
2012.03.14 08:05:21.884,1.05127,1.05138,1.50,1.95
2012.03.14 08:05:22.393,1.05127,1.05138,1.50,1.95
2012.03.14 08:05:22.472,1.05125,1.05137,1.50,1.50
2012.03.14 08:05:25.602,1.05128,1.05138,1.50,1.50
2012.03.14 08:05:26.130,1.05126,1.05136,3.00,1.50
2012.03.14 08:05:26.752,1.05127,1.05136,1.50,1.50
2012.03.14 08:05:26.824,1.05129,1.05139,1.50,4.20
2012.03.14 08:05:30.452,1.05127,1.05138,1.50,1.50
2012.03.14 08:05:31.246,1.05126,1.05138,1.50,1.50
2012.03.14 08:05:35.395,1.05129,1.05139,1.50,4.20
2012.03.14 08:05:35.743,1.05131,1.05141,1.50,1.50
2012.03.14 08:05:36.024,1.05131,1.05143,1.50,4.69
2012.03.14 08:05:37.496,1.0513,1.0514,3.00,1.50
2012.03.14 08:05:38.254,1.05131,1.05143,1.50,8.44
2012.03.14 08:05:41.394,1.05131,1.05143,2.25,4.50
2012.03.14 08:05:41.910,1.05134,1.05144,2.70,3.19
2012.03.14 08:05:44.141,1.05134,1.05142,1.20,1.50
2012.03.14 08:05:48.962,1.05132,1.05142,1.50,1.50
2012.03.14 08:05:49.596,1.05133,1.05143,1.50,4.88
2012.03.14 08:05:49.808,1.05131,1.05141,3.00,1.50
2012.03.14 08:05:50.226,1.05132,1.05143,1.50,4.13
2012.03.14 08:05:50.433,1.05135,1.05143,1.20,1.88
2012.03.14 08:05:51.131,1.05135,1.05142,1.20,1.50
2012.03.14 08:05:51.841,1.05135,1.05143,1.20,3.00
2012.03.14 08:05:55.318,1.05136,1.05145,1.50,1.69
2012.03.14 08:05:55.466,1.05138,1.05148,1.50,1.50
2012.03.14 08:05:55.533,1.0514,1.05148,1.20,1.50
2012.03.14 08:05:55.665,1.0514,1.0515,1.20,3.00
2012.03.14 08:05:55.947,1.0514,1.05152,2.70,4.13
2012.03.14 08:05:56.283,1.0514,1.05149,1.20,1.50
2012.03.14 08:05:56.626,1.05141,1.05151,1.50,1.50
2012.03.14 08:05:56.697,1.05144,1.05151,1.20,1.50
2012.03.14 08:05:57.174,1.05141,1.05151,1.50,1.50
2012.03.14 08:05:57.256,1.05145,1.05151,1.20,1.50
2012.03.14 08:05:57.554,1.05145,1.05153,1.20,3.00
2012.03.14 08:05:57.629,1.05147,1.05153,1.50,1.50
2012.03.14 08:05:57.919,1.05145,1.05156,1.20,2.25
2012.03.14 08:05:59.143,1.05145,1.05153,1.20,1.50
2012.03.14 08:06:02.819,1.05146,1.05156,1.50,1.50
2012.03.14 08:06:04.229,1.0515,1.05156,1.20,1.50
2012.03.14 08:06:04.306,1.0515,1.05158,1.20,1.50
2012.03.14 08:06:04.737,1.05152,1.05158,1.50,1.50
2012.03.14 08:06:04.820,1.05154,1.05163,1.20,3.00
2012.03.14 08:06:05.033,1.05154,1.05163,1.20,1.50
2012.03.14 08:06:05.682,1.05151,1.05162,2.25,1.50
2012.03.14 08:06:06.204,1.05151,1.05161,1.50,1.50
2012.03.14 08:06:06.973,1.05151,1.05161,3.00,1.50
2012.03.14 08:06:07.680,1.05155,1.05161,1.20,1.50
2012.03.14 08:06:08.383,1.05155,1.05163,1.20,1.50
2012.03.14 08:06:09.805,1.05155,1.05161,1.20,1.50
2012.03.14 08:06:10.988,1.05151,1.05161,2.25,1.50
2012.03.14 08:06:11.204,1.05149,1.0516,1.95,1.50
2012.03.14 08:06:11.345,1.05147,1.05157,3.75,1.50
2012.03.14 08:06:11.694,1.05144,1.05152,1.20,1.50
2012.03.14 08:06:12.304,1.05144,1.0515,1.20,1.50
2012.03.14 08:06:12.407,1.05142,1.05152,1.50,1.50
2012.03.14 08:06:13.010,1.05145,1.05152,1.20,1.50
2012.03.14 08:06:13.092,1.05145,1.05155,2.70,4.13
2012.03.14 08:06:13.722,1.05145,1.05155,2.70,5.63
2012.03.14 08:06:14.101,1.05143,1.05153,3.00,2.25
2012.03.14 08:06:14.725,1.05144,1.05153,1.20,4.50
2012.03.14 08:06:15.375,1.05144,1.05154,2.70,1.50
2012.03.14 08:06:16.021,1.05144,1.05153,1.95,1.50
2012.03.14 08:06:16.755,1.05143,1.05153,2.25,1.50
2012.03.14 08:06:16.897,1.0514,1.05152,1.50,1.69
2012.03.14 08:06:17.377,1.05143,1.05154,1.50,1.50
2012.03.14 08:06:18.151,1.05141,1.05151,1.50,1.50
2012.03.14 08:06:18.672,1.05142,1.05154,1.50,4.50
2012.03.14 08:06:19.871,1.05142,1.05154,1.50,2.63
2012.03.14 08:06:21.121,1.05142,1.05152,1.50,1.50
2012.03.14 08:06:21.473,1.05134,1.05145,1.13,4.50
2012.03.14 08:06:21.842,1.05131,1.05143,3.75,1.50
2012.03.14 08:06:22.191,1.0513,1.0514,2.70,1.50
2012.03.14 08:06:22.512,1.05133,1.05144,1.50,1.95
2012.03.14 08:06:23.092,1.05133,1.05144,1.50,2.70
2012.03.14 08:06:23.420,1.05131,1.05141,1.50,1.50
2012.03.14 08:06:23.823,1.05133,1.05143,1.50,4.50
2012.03.14 08:06:27.442,1.05136,1.05143,1.13,1.50
2012.03.14 08:06:27.664,1.05139,1.05145,1.20,1.50
2012.03.14 08:06:27.814,1.05141,1.05146,1.50,1.50
2012.03.14 08:06:28.349,1.05143,1.05152,1.50,1.69
2012.03.14 08:06:28.467,1.05143,1.0515,2.90,1.50
2012.03.14 08:06:28.806,1.05149,1.05153,1.95,1.50
2012.03.14 08:06:29.135,1.05149,1.05156,2.89,1.50
2012.03.14 08:06:29.212,1.05155,1.05161,1.20,3.00
2012.03.14 08:06:29.490,1.05152,1.05162,4.50,1.50
2012.03.14 08:06:30.159,1.0515,1.0516,3.45,1.50
2012.03.14 08:06:32.173,1.0515,1.05155,1.50,1.95
2012.03.14 08:06:32.255,1.05143,1.05153,1.50,1.50
2012.03.14 08:06:32.481,1.05143,1.05153,3.65,1.50
2012.03.14 08:06:32.836,1.05149,1.05156,1.95,1.50
2012.03.14 08:06:33.154,1.05151,1.05155,4.50,1.50
2012.03.14 08:06:33.235,1.05155,1.05162,1.20,2.15
2012.03.14 08:06:33.626,1.05155,1.05163,1.20,2.44
2012.03.14 08:06:33.716,1.0515,1.05162,3.38,1.69
2012.03.14 08:06:33.928,1.05152,1.05162,1.50,1.69
2012.03.14 08:06:34.265,1.05155,1.05163,1.20,2.44
2012.03.14 08:06:34.984,1.05155,1.05163,1.95,2.25
2012.03.14 08:06:36.276,1.05155,1.05161,1.20,1.50
2012.03.14 08:06:36.482,1.05152,1.05161,3.75,1.50
2012.03.14 08:06:36.555,1.05152,1.05159,3.75,1.50
2012.03.14 08:06:36.623,1.0515,1.05159,1.50,1.50
2012.03.14 08:06:36.824,1.05149,1.05159,4.95,1.50
2012.03.14 08:06:37.376,1.05146,1.05158,2.25,2.25
2012.03.14 08:06:38.020,1.05146,1.05157,1.50,1.13
2012.03.14 08:06:38.511,1.05146,1.05158,2.25,3.23
2012.03.14 08:06:40.049,1.05146,1.05158,2.25,2.25
2012.03.14 08:06:40.595,1.05147,1.05158,1.50,2.25
2012.03.14 08:06:41.107,1.05149,1.05159,1.20,1.50
2012.03.14 08:06:41.643,1.05149,1.0516,1.95,1.50
2012.03.14 08:06:41.982,1.05153,1.05161,1.95,1.50
2012.03.14 08:06:42.491,1.05153,1.05162,1.95,1.50
2012.03.14 08:06:43.064,1.05153,1.05162,2.70,1.50
2012.03.14 08:06:44.066,1.05153,1.05162,1.95,1.50
2012.03.14 08:06:44.452,1.05153,1.05162,2.70,1.50
2012.03.14 08:06:45.000,1.05153,1.05162,2.70,1.50
2012.03.14 08:06:47.439,1.05153,1.05162,1.95,1.50
2012.03.14 08:06:47.610,1.05151,1.05162,3.57,3.75
2012.03.14 08:06:47.687,1.05149,1.0516,2.25,1.50
2012.03.14 08:06:48.543,1.05151,1.05161,1.50,1.50
2012.03.14 08:06:48.752,1.05151,1.05161,2.25,1.50
2012.03.14 08:06:49.513,1.05151,1.05161,2.25,1.50
2012.03.14 08:06:49.854,1.05152,1.05161,1.50,1.50
2012.03.14 08:06:51.176,1.05152,1.05164,3.00,5.14
2012.03.14 08:06:51.686,1.05154,1.05164,1.20,2.25
2012.03.14 08:06:52.168,1.05154,1.05165,3.45,1.50
2012.03.14 08:06:52.735,1.05154,1.05166,3.45,2.63
2012.03.14 08:06:53.595,1.05154,1.05166,3.45,2.25
2012.03.14 08:06:54.146,1.05154,1.05166,3.45,2.25
2012.03.14 08:06:54.283,1.05154,1.05163,1.95,1.50
2012.03.14 08:06:54.822,1.05154,1.05163,1.95,1.50
2012.03.14 08:06:55.797,1.05155,1.05165,1.50,1.50
2012.03.14 08:06:55.886,1.05155,1.05165,2.25,1.50
2012.03.14 08:06:56.243,1.05164,1.0517,3.75,3.00
2012.03.14 08:06:56.353,1.05164,1.05168,3.75,1.50
2012.03.14 08:06:56.475,1.05167,1.05174,2.70,1.50
2012.03.14 08:06:56.568,1.05174,1.05183,1.20,3.00
2012.03.14 08:06:56.660,1.05172,1.05181,1.50,1.13
2012.03.14 08:06:56.800,1.05174,1.05183,1.20,1.50
2012.03.14 08:06:57.223,1.05174,1.05185,1.95,2.25
2012.03.14 08:06:57.341,1.05174,1.05185,1.95,1.88
2012.03.14 08:06:57.509,1.0518,1.05188,1.50,3.45
2012.03.14 08:06:57.593,1.0518,1.05188,2.25,1.95
2012.03.14 08:06:57.815,1.0518,1.0519,2.63,1.50
2012.03.14 08:06:59.042,1.0518,1.0519,1.50,1.50
2012.03.14 08:06:59.253,1.0518,1.0519,2.25,1.50
2012.03.14 08:06:59.746,1.0518,1.05188,1.95,1.50
2012.03.14 08:07:00.506,1.0518,1.05189,1.20,2.25
2012.03.14 08:07:00.712,1.05177,1.05187,2.25,1.50
2012.03.14 08:07:00.784,1.05177,1.05184,2.25,1.50
2012.03.14 08:07:00.926,1.05175,1.05184,1.95,1.50
2012.03.14 08:07:01.605,1.05175,1.05183,1.20,1.50
2012.03.14 08:07:01.946,1.05175,1.05181,1.20,1.50
2012.03.14 08:07:02.156,1.0517,1.05182,1.69,1.50
2012.03.14 08:07:02.222,1.05169,1.0518,2.14,1.50
2012.03.14 08:07:02.778,1.05169,1.0518,1.95,2.25
2012.03.14 08:07:03.135,1.05168,1.05177,2.25,1.50
2012.03.14 08:07:03.488,1.05165,1.05175,3.45,1.50
2012.03.14 08:07:03.844,1.05166,1.05178,2.25,3.00
2012.03.14 08:07:04.310,1.0517,1.0518,1.20,2.25
2012.03.14 08:07:04.861,1.0517,1.05179,1.20,1.50
2012.03.14 08:07:06.610,1.05166,1.05173,1.13,1.50
2012.03.14 08:07:06.687,1.05165,1.05173,1.50,1.50
2012.03.14 08:07:07.014,1.05163,1.05173,1.50,1.50
2012.03.14 08:07:07.371,1.05163,1.05175,1.50,4.50
2012.03.14 08:07:07.590,1.05165,1.05175,1.20,3.75
2012.03.14 08:07:08.272,1.05171,1.05183,2.25,1.69
2012.03.14 08:07:08.803,1.0517,1.05182,4.20,1.50
2012.03.14 08:07:10.530,1.0517,1.05182,3.45,1.50
2012.03.14 08:07:11.032,1.05173,1.05183,1.50,1.69
2012.03.14 08:07:11.458,1.05171,1.05181,3.00,1.50
2012.03.14 08:07:12.128,1.05172,1.05184,1.50,5.14
2012.03.14 08:07:12.637,1.0517,1.05182,3.45,1.50
2012.03.14 08:07:13.151,1.0517,1.05182,4.20,1.50
2012.03.14 08:07:13.712,1.05171,1.05182,1.50,1.50
2012.03.14 08:07:14.492,1.05174,1.05183,1.95,1.50
2012.03.14 08:07:14.569,1.05176,1.05184,1.50,2.25
2012.03.14 08:07:14.645,1.05176,1.05188,1.50,6.27
2012.03.14 08:07:14.717,1.0518,1.05188,1.20,3.75
2012.03.14 08:07:15.288,1.0518,1.05189,1.95,1.50
2012.03.14 08:07:16.335,1.0518,1.05189,1.95,1.50
2012.03.14 08:07:16.682,1.05185,1.05193,1.20,1.69
2012.03.14 08:07:19.163,1.05183,1.05193,1.50,1.50
2012.03.14 08:07:19.433,1.0518,1.0519,3.45,1.50
2012.03.14 08:07:19.576,1.0518,1.0519,3.45,1.50
2012.03.14 08:07:20.305,1.05181,1.05193,2.25,3.75
2012.03.14 08:07:20.663,1.0518,1.0519,3.45,3.65
2012.03.14 08:07:21.028,1.05179,1.05183,1.20,2.25
2012.03.14 08:07:21.189,1.05179,1.05185,1.20,1.50
2012.03.14 08:07:21.344,1.05177,1.05184,2.25,2.89
2012.03.14 08:07:21.754,1.05172,1.05183,2.25,1.35
2012.03.14 08:07:21.847,1.05171,1.05179,2.25,1.20
2012.03.14 08:07:22.074,1.05169,1.05179,1.88,1.20
2012.03.14 08:07:23.025,1.05168,1.05179,2.25,1.20
2012.03.14 08:07:24.323,1.05168,1.05179,3.00,1.20
2012.03.14 08:07:24.931,1.05168,1.05179,2.25,1.20
2012.03.14 08:07:25.134,1.05167,1.05177,2.25,1.50
2012.03.14 08:07:25.989,1.0517,1.05177,1.95,1.50
2012.03.14 08:07:26.081,1.05171,1.05179,1.50,1.50
2012.03.14 08:07:26.285,1.05171,1.05181,1.50,3.00
2012.03.14 08:07:26.430,1.05171,1.05181,3.00,3.00
2012.03.14 08:07:28.203,1.05171,1.05181,1.50,1.50
2012.03.14 08:07:28.884,1.05172,1.05183,1.50,1.13
2012.03.14 08:07:29.026,1.05172,1.05184,2.25,2.70
2012.03.14 08:07:29.377,1.05179,1.05187,1.50,1.50
2012.03.14 08:07:29.531,1.05176,1.05187,1.50,2.85
2012.03.14 08:07:30.030,1.05174,1.05181,1.95,1.50
2012.03.14 08:07:30.458,1.05172,1.0518,3.00,1.20
2012.03.14 08:07:30.955,1.05169,1.05179,1.50,1.50
2012.03.14 08:07:32.507,1.05167,1.0518,3.94,1.95
2012.03.14 08:07:36.022,1.05169,1.05179,1.50,2.44
2012.03.14 08:07:36.485,1.05174,1.05179,1.20,1.50
2012.03.14 08:07:36.625,1.05175,1.05181,2.25,1.50
2012.03.14 08:07:36.693,1.05175,1.05185,2.25,5.52
2012.03.14 08:07:37.498,1.05174,1.05182,1.95,1.50
2012.03.14 08:07:38.041,1.05174,1.05183,1.20,1.50
2012.03.14 08:07:38.573,1.05174,1.05184,1.20,1.50
2012.03.14 08:07:39.749,1.05174,1.05182,1.20,1.50
2012.03.14 08:07:39.895,1.05174,1.05184,1.20,1.50
2012.03.14 08:07:40.036,1.05174,1.05184,1.95,1.50
2012.03.14 08:07:40.112,1.05176,1.05186,2.25,4.13
2012.03.14 08:07:40.336,1.05179,1.05187,2.25,1.50
2012.03.14 08:07:40.406,1.05179,1.05189,2.25,2.25
2012.03.14 08:07:40.476,1.05184,1.05189,1.20,2.25
2012.03.14 08:07:40.762,1.05184,1.05192,1.95,3.38
2012.03.14 08:07:41.304,1.05183,1.05193,1.50,1.88
2012.03.14 08:07:41.525,1.05181,1.05191,3.00,1.50
2012.03.14 08:07:42.061,1.05181,1.05191,2.25,1.50
2012.03.14 08:07:42.617,1.05181,1.05191,2.25,1.50
2012.03.14 08:07:42.954,1.05184,1.05191,1.20,1.50
2012.03.14 08:07:43.023,1.05184,1.05194,1.95,2.25
2012.03.14 08:07:43.575,1.05184,1.05192,1.20,1.50
2012.03.14 08:07:44.223,1.05184,1.05193,1.20,1.50
2012.03.14 08:07:45.135,1.05183,1.05193,2.25,1.50
2012.03.14 08:07:45.416,1.0518,1.05192,4.20,1.50
2012.03.14 08:07:45.944,1.05185,1.05192,1.20,1.50
2012.03.14 08:07:46.863,1.05185,1.05194,1.20,1.50
2012.03.14 08:07:47.834,1.05188,1.05194,2.25,1.50
2012.03.14 08:07:47.922,1.05189,1.05197,1.95,1.50
2012.03.14 08:07:48.010,1.05189,1.05199,3.45,2.25
2012.03.14 08:07:48.587,1.05189,1.05199,1.95,1.50
2012.03.14 08:07:49.123,1.0519,1.052,2.25,1.50
2012.03.14 08:07:49.733,1.0519,1.052,1.50,2.25
2012.03.14 08:07:50.538,1.05189,1.05198,1.20,1.50
2012.03.14 08:07:52.398,1.05189,1.05198,1.95,1.50
2012.03.14 08:07:52.941,1.05189,1.05198,1.20,1.50
2012.03.14 08:07:55.035,1.05189,1.05198,1.95,1.50
2012.03.14 08:07:55.767,1.05189,1.05198,1.20,3.00
2012.03.14 08:07:55.928,1.05189,1.05197,1.20,3.75
2012.03.14 08:07:56.149,1.05184,1.05196,2.25,4.13
2012.03.14 08:07:56.227,1.05184,1.05193,1.20,1.50
2012.03.14 08:07:56.634,1.05184,1.0519,1.95,1.50
2012.03.14 08:07:56.809,1.05182,1.0519,3.75,1.50
2012.03.14 08:07:56.991,1.0518,1.0519,2.25,1.50
2012.03.14 08:07:57.536,1.05179,1.05191,4.20,1.50
2012.03.14 08:07:57.815,1.05181,1.05193,2.25,2.44
2012.03.14 08:07:58.324,1.05181,1.05193,3.00,2.44
2012.03.14 08:07:58.903,1.05182,1.05194,3.00,1.69
2012.03.14 08:07:59.999,1.05182,1.05192,6.00,1.50
2012.03.14 08:08:00.356,1.05187,1.05197,5.25,3.00
2012.03.14 08:08:01.815,1.05188,1.05195,1.95,1.50
2012.03.14 08:08:02.024,1.05187,1.05195,3.00,1.50
2012.03.14 08:08:02.373,1.05188,1.05195,4.95,1.50
2012.03.14 08:08:02.585,1.05188,1.05198,3.00,1.50
2012.03.14 08:08:03.302,1.05188,1.05198,2.25,1.50
2012.03.14 08:08:03.386,1.05188,1.05195,3.75,1.50
2012.03.14 08:08:04.055,1.05187,1.05195,1.95,1.50
2012.03.14 08:08:04.193,1.05184,1.05194,1.50,1.50
2012.03.14 08:08:04.735,1.05185,1.05195,2.25,1.50
2012.03.14 08:08:08.652,1.05187,1.05195,1.20,1.50
2012.03.14 08:08:08.936,1.05187,1.05197,5.70,1.50
2012.03.14 08:08:09.206,1.05187,1.05195,4.50,1.20
2012.03.14 08:08:09.793,1.05183,1.05195,1.50,6.45
2012.03.14 08:08:09.879,1.05179,1.05189,2.89,1.50
2012.03.14 08:08:09.958,1.0518,1.05189,1.50,1.50
2012.03.14 08:08:10.038,1.0518,1.05191,2.25,1.50
2012.03.14 08:08:10.397,1.05182,1.05192,3.00,2.70
2012.03.14 08:08:10.965,1.05182,1.05187,2.25,1.20
2012.03.14 08:08:11.107,1.05178,1.05187,2.63,1.20
2012.03.14 08:08:11.507,1.05178,1.05187,2.63,1.20
2012.03.14 08:08:11.590,1.05179,1.05189,2.25,1.50
2012.03.14 08:08:11.743,1.05183,1.05189,1.20,1.50
2012.03.14 08:08:11.963,1.05183,1.05192,1.50,1.20
2012.03.14 08:08:12.529,1.0518,1.05192,3.00,2.70
2012.03.14 08:08:12.792,1.05183,1.05192,1.50,1.20
2012.03.14 08:08:13.356,1.05181,1.05191,2.25,1.50
2012.03.14 08:08:13.914,1.05181,1.05188,1.50,1.20
2012.03.14 08:08:15.808,1.05178,1.05182,1.50,1.20
2012.03.14 08:08:15.887,1.05173,1.05182,1.50,1.20
2012.03.14 08:08:15.967,1.05171,1.0518,2.25,1.50
2012.03.14 08:08:16.122,1.0517,1.05182,3.00,1.20
2012.03.14 08:08:16.338,1.05172,1.05182,1.50,1.95
2012.03.14 08:08:16.688,1.05168,1.05177,2.25,1.20
2012.03.14 08:08:17.415,1.05167,1.05177,3.19,1.20
2012.03.14 08:08:17.504,1.05161,1.05172,1.50,2.70
2012.03.14 08:08:18.134,1.05161,1.05172,3.00,1.20
2012.03.14 08:08:18.344,1.05162,1.05172,2.25,1.20
2012.03.14 08:08:18.481,1.05163,1.05176,3.00,2.25
2012.03.14 08:08:18.566,1.05163,1.05177,3.00,2.25
2012.03.14 08:08:18.643,1.05168,1.05177,1.50,2.25
2012.03.14 08:08:19.383,1.05168,1.05178,1.50,1.95
2012.03.14 08:08:20.685,1.05166,1.05178,1.50,3.83
2012.03.14 08:08:21.316,1.05166,1.05178,1.50,3.83
2012.03.14 08:08:21.824,1.05166,1.05178,2.25,3.83
2012.03.14 08:08:22.342,1.05166,1.05178,2.25,3.45
2012.03.14 08:08:22.866,1.05166,1.05178,2.25,3.45
2012.03.14 08:08:23.607,1.05166,1.05176,2.25,2.15
2012.03.14 08:08:23.908,1.05165,1.05172,1.50,1.20
2012.03.14 08:08:23.988,1.05165,1.05175,1.50,2.25
2012.03.14 08:08:24.142,1.0517,1.05177,1.50,1.13
2012.03.14 08:08:24.682,1.0517,1.05178,1.50,1.20
2012.03.14 08:08:25.409,1.05172,1.0518,1.50,1.50
2012.03.14 08:08:25.686,1.05169,1.05181,1.69,1.88
2012.03.14 08:08:26.242,1.05168,1.05178,2.25,1.50
2012.03.14 08:08:26.449,1.05168,1.05178,1.50,1.50
2012.03.14 08:08:26.999,1.05168,1.05177,1.50,1.20
2012.03.14 08:08:27.075,1.0517,1.05177,1.50,1.20
2012.03.14 08:08:27.528,1.0517,1.0518,1.50,1.50
2012.03.14 08:08:27.888,1.0517,1.05178,1.50,1.20
2012.03.14 08:08:28.181,1.0517,1.0518,1.50,2.25
2012.03.14 08:08:28.679,1.05172,1.0518,1.20,1.50
2012.03.14 08:08:29.215,1.05176,1.05185,1.50,1.50
2012.03.14 08:08:29.424,1.05173,1.05185,2.25,1.50
2012.03.14 08:08:29.626,1.05176,1.05186,1.50,1.69
2012.03.14 08:08:29.952,1.05173,1.05183,2.25,1.20
2012.03.14 08:08:30.758,1.05173,1.05185,3.00,3.75
2012.03.14 08:08:31.361,1.05175,1.05186,2.25,3.75
2012.03.14 08:08:31.446,1.05178,1.05187,2.25,1.50
2012.03.14 08:08:31.798,1.0518,1.0519,1.50,3.00
2012.03.14 08:08:31.951,1.05182,1.0519,1.50,1.50
2012.03.14 08:08:32.296,1.05179,1.05191,4.13,1.50
2012.03.14 08:08:32.442,1.05183,1.05194,1.95,3.00
2012.03.14 08:08:32.822,1.05183,1.05192,2.70,1.50
2012.03.14 08:08:32.875,1.05187,1.05196,1.50,3.19
2012.03.14 08:08:33.264,1.05185,1.05195,2.25,1.50
2012.03.14 08:08:37.643,1.05186,1.05197,1.50,1.95
2012.03.14 08:08:37.851,1.05184,1.05196,2.25,2.85
2012.03.14 08:08:38.457,1.05184,1.05193,2.25,1.20
2012.03.14 08:08:39.218,1.05183,1.05193,1.50,5.70
2012.03.14 08:08:39.517,1.05177,1.05187,1.50,1.50
2012.03.14 08:08:39.871,1.05173,1.05183,4.69,1.50
2012.03.14 08:08:40.429,1.05176,1.05183,1.50,2.25
2012.03.14 08:08:40.831,1.05176,1.05186,1.50,4.13
2012.03.14 08:08:41.931,1.05176,1.05183,1.50,1.20
2012.03.14 08:08:42.082,1.05173,1.05183,2.25,1.58
2012.03.14 08:08:42.160,1.05172,1.05183,1.13,6.08
2012.03.14 08:08:42.306,1.0517,1.05179,2.63,2.25
2012.03.14 08:08:42.766,1.05169,1.05177,1.88,1.20
2012.03.14 08:08:42.849,1.05166,1.05176,1.50,1.50
2012.03.14 08:08:43.349,1.05168,1.05177,1.50,2.70
2012.03.14 08:08:43.707,1.0517,1.05177,1.50,1.20
2012.03.14 08:08:44.389,1.05172,1.05179,1.50,1.50
2012.03.14 08:08:44.537,1.05172,1.05182,1.50,4.95
2012.03.14 08:08:45.789,1.05172,1.05182,2.25,2.70
2012.03.14 08:08:46.328,1.05172,1.05182,2.25,2.70
2012.03.14 08:08:46.544,1.0517,1.05181,1.50,1.50
2012.03.14 08:08:46.683,1.05172,1.05182,1.50,3.45
2012.03.14 08:08:47.273,1.05172,1.05182,1.50,3.45
2012.03.14 08:08:47.614,1.05169,1.05181,1.50,2.70
2012.03.14 08:08:48.267,1.05168,1.05179,1.95,1.50
2012.03.14 08:08:48.338,1.05169,1.05181,2.25,1.50
2012.03.14 08:08:48.885,1.05169,1.05181,1.50,5.25
2012.03.14 08:08:48.960,1.05169,1.05178,1.50,1.58
2012.03.14 08:08:49.040,1.05166,1.05178,2.25,2.70
2012.03.14 08:08:49.184,1.05166,1.05175,2.25,1.20
2012.03.14 08:08:49.327,1.05165,1.05175,1.50,1.39
2012.03.14 08:08:49.678,1.05163,1.05173,1.50,3.75
2012.03.14 08:08:50.342,1.05164,1.05176,2.25,3.75
2012.03.14 08:08:50.424,1.05166,1.05176,1.50,2.25
2012.03.14 08:08:50.497,1.05166,1.05177,1.50,2.70
2012.03.14 08:08:51.064,1.05166,1.05177,1.50,4.20
2012.03.14 08:08:51.624,1.05165,1.05175,1.50,1.50
2012.03.14 08:08:54.625,1.05163,1.05174,1.20,1.50
2012.03.14 08:08:55.299,1.05164,1.05176,1.50,1.50
2012.03.14 08:08:55.864,1.05164,1.05176,3.00,1.50
2012.03.14 08:08:56.382,1.05166,1.05176,1.50,1.50
2012.03.14 08:08:57.016,1.05165,1.05177,2.25,2.70
2012.03.14 08:08:58.569,1.05164,1.05175,1.50,1.50
2012.03.14 08:08:58.869,1.05165,1.05177,2.25,2.70
2012.03.14 08:08:59.402,1.05165,1.05177,2.25,2.70
2012.03.14 08:08:59.941,1.05165,1.05177,2.25,1.50
2012.03.14 08:09:00.741,1.05164,1.05174,4.95,1.50
2012.03.14 08:09:00.891,1.05164,1.05174,2.70,1.50
2012.03.14 08:09:00.966,1.05164,1.05169,1.20,1.50
2012.03.14 08:09:01.162,1.05162,1.05169,1.50,1.50
2012.03.14 08:09:01.308,1.0516,1.05171,1.50,1.50
2012.03.14 08:09:01.849,1.05164,1.05171,1.20,1.50
2012.03.14 08:09:03.273,1.0516,1.05171,3.38,1.50
2012.03.14 08:09:03.821,1.05159,1.05171,1.50,1.50
2012.03.14 08:09:04.457,1.05159,1.05171,3.60,1.50
2012.03.14 08:09:04.953,1.0516,1.05171,1.50,1.50
2012.03.14 08:09:06.140,1.05159,1.05171,2.25,1.50
2012.03.14 08:09:08.171,1.05159,1.05171,2.25,1.50
2012.03.14 08:09:09.074,1.05158,1.05168,4.39,1.50
2012.03.14 08:09:09.645,1.05158,1.05167,2.25,2.29
2012.03.14 08:09:09.936,1.05154,1.05161,1.20,1.50
2012.03.14 08:09:10.462,1.05154,1.05162,1.20,1.50
2012.03.14 08:09:10.728,1.05154,1.05164,2.70,1.50
2012.03.14 08:09:12.467,1.05154,1.05162,1.20,1.50
2012.03.14 08:09:14.364,1.05154,1.05164,3.45,1.69
2012.03.14 08:09:15.502,1.05156,1.05166,1.50,1.50
2012.03.14 08:09:15.785,1.05157,1.05168,1.50,1.20
2012.03.14 08:09:16.840,1.05156,1.05166,1.50,1.50
2012.03.14 08:09:20.990,1.05158,1.05166,1.39,1.50
2012.03.14 08:09:21.072,1.05159,1.05169,1.69,1.50
2012.03.14 08:09:21.429,1.05159,1.05171,1.69,3.00
2012.03.14 08:09:21.575,1.05158,1.05168,4.39,1.50
2012.03.14 08:09:23.045,1.05158,1.05168,4.20,1.50
2012.03.14 08:09:23.407,1.05162,1.05172,2.10,3.00
2012.03.14 08:09:23.769,1.05167,1.05175,1.50,1.50
2012.03.14 08:09:23.990,1.05166,1.05175,3.00,1.50
2012.03.14 08:09:24.358,1.05166,1.05178,5.25,2.70
2012.03.14 08:09:24.439,1.05169,1.0518,1.50,1.50
2012.03.14 08:09:24.527,1.05168,1.05176,2.70,1.50
2012.03.14 08:09:24.600,1.05168,1.05179,2.70,1.50
2012.03.14 08:09:25.346,1.05168,1.05176,2.70,1.50
2012.03.14 08:09:26.273,1.05168,1.05176,1.95,1.50
2012.03.14 08:09:26.834,1.05168,1.05176,1.95,1.50
2012.03.14 08:09:28.530,1.05168,1.05176,3.45,1.50
2012.03.14 08:09:28.745,1.05168,1.05179,4.58,1.50
2012.03.14 08:09:29.885,1.0517,1.05179,1.88,1.50
2012.03.14 08:09:30.376,1.05174,1.05185,3.00,1.69
2012.03.14 08:09:30.519,1.05176,1.05186,1.50,3.00
2012.03.14 08:09:31.087,1.05175,1.05185,2.25,1.50
2012.03.14 08:09:32.534,1.05175,1.05185,2.25,1.50
2012.03.14 08:09:33.432,1.05175,1.05185,2.25,1.50
2012.03.14 08:09:34.843,1.05179,1.05189,2.63,1.50
2012.03.14 08:09:35.341,1.05178,1.05188,2.70,1.50
2012.03.14 08:09:36.197,1.05178,1.05188,1.95,1.50
2012.03.14 08:09:36.745,1.05179,1.05189,1.50,1.50
2012.03.14 08:09:37.286,1.05179,1.05189,2.25,1.50
2012.03.14 08:09:38.080,1.0518,1.05192,2.25,2.70
2012.03.14 08:09:38.165,1.05179,1.05189,2.25,1.50
2012.03.14 08:09:38.886,1.05179,1.05189,2.25,1.50
2012.03.14 08:09:39.233,1.05178,1.05187,1.95,1.50
2012.03.14 08:09:40.472,1.05178,1.05187,1.95,1.50
2012.03.14 08:09:41.012,1.05178,1.05187,1.95,1.50
2012.03.14 08:09:42.240,1.05178,1.05187,1.95,1.50
2012.03.14 08:09:42.595,1.05178,1.05185,1.20,1.50
2012.03.14 08:09:43.105,1.05175,1.05185,3.00,1.50
2012.03.14 08:09:43.642,1.05175,1.05185,3.00,1.50
2012.03.14 08:09:44.616,1.05177,1.05187,2.44,1.50
2012.03.14 08:09:45.712,1.05177,1.05187,1.50,1.50
2012.03.14 08:09:46.063,1.05174,1.05185,1.50,1.50
2012.03.14 08:09:46.622,1.05176,1.05186,1.50,1.50
2012.03.14 08:09:47.437,1.05177,1.05188,1.50,1.20
2012.03.14 08:09:47.516,1.05175,1.05185,2.25,1.50
2012.03.14 08:09:47.843,1.05178,1.05188,1.50,2.70
2012.03.14 08:09:48.749,1.05176,1.05186,2.25,1.50
2012.03.14 08:09:49.856,1.05174,1.05184,1.50,1.50
2012.03.14 08:09:53.837,1.05174,1.05184,2.25,2.25
2012.03.14 08:09:54.246,1.0517,1.05182,1.50,3.00
2012.03.14 08:09:54.320,1.0517,1.05179,1.50,1.50
2012.03.14 08:09:54.819,1.05168,1.05178,1.50,1.50
2012.03.14 08:09:55.316,1.0517,1.05177,1.50,1.20
2012.03.14 08:09:55.656,1.05167,1.05177,3.75,1.20
2012.03.14 08:09:55.725,1.05167,1.05174,2.25,1.50
2012.03.14 08:09:56.075,1.05163,1.0517,1.20,1.50
2012.03.14 08:09:56.146,1.05161,1.0517,1.50,1.50
2012.03.14 08:09:56.636,1.05164,1.05174,1.50,1.50
2012.03.14 08:09:57.438,1.05162,1.05173,1.95,1.50
2012.03.14 08:10:00.513,1.05162,1.05173,2.70,1.50
2012.03.14 08:10:01.408,1.05162,1.05173,3.45,1.50
2012.03.14 08:10:01.946,1.05163,1.05175,2.25,1.50
2012.03.14 08:10:02.702,1.05165,1.05175,3.00,1.50
2012.03.14 08:10:02.787,1.05168,1.05178,1.50,4.95
2012.03.14 08:10:02.863,1.05164,1.05174,5.25,1.50
2012.03.14 08:10:03.076,1.05166,1.05176,2.25,3.00
2012.03.14 08:10:03.295,1.05163,1.05175,2.25,1.50
2012.03.14 08:10:03.573,1.05165,1.05177,1.50,2.25
2012.03.14 08:10:03.766,1.05166,1.05177,1.13,2.25
2012.03.14 08:10:04.769,1.05167,1.05174,2.25,1.50
2012.03.14 08:10:04.903,1.05165,1.05174,1.50,1.50
2012.03.14 08:10:05.042,1.05166,1.05174,1.50,1.50
2012.03.14 08:10:05.315,1.05165,1.05176,1.88,1.88
2012.03.14 08:10:05.384,1.05165,1.0517,1.50,1.50
2012.03.14 08:10:05.527,1.05163,1.0517,1.13,1.50
2012.03.14 08:10:06.094,1.05162,1.0517,2.70,1.50
2012.03.14 08:10:06.647,1.05162,1.0517,3.08,1.50
2012.03.14 08:10:06.788,1.05163,1.0517,1.13,1.50
2012.03.14 08:10:07.343,1.05163,1.0517,1.13,1.50
2012.03.14 08:10:07.855,1.05165,1.05173,1.13,1.50
2012.03.14 08:10:08.556,1.05165,1.0517,1.13,1.50
2012.03.14 08:10:08.625,1.05167,1.05173,1.58,3.00
2012.03.14 08:10:08.773,1.05167,1.05175,3.83,1.50
2012.03.14 08:10:09.056,1.05167,1.05177,4.20,3.00
2012.03.14 08:10:09.600,1.05167,1.05176,4.20,1.50
2012.03.14 08:10:10.105,1.05167,1.05172,4.13,1.50
2012.03.14 08:10:10.466,1.05162,1.05167,1.50,1.50
2012.03.14 08:10:10.537,1.05162,1.05167,2.25,1.50
2012.03.14 08:10:10.878,1.0516,1.05169,2.44,3.00
2012.03.14 08:10:11.165,1.0516,1.05171,2.25,1.69
2012.03.14 08:10:11.726,1.0516,1.05171,1.50,1.69
2012.03.14 08:10:11.796,1.05158,1.05171,1.95,1.69
2012.03.14 08:10:12.274,1.05158,1.05168,1.95,1.50
2012.03.14 08:10:12.650,1.05159,1.05168,1.50,1.50
2012.03.14 08:10:13.443,1.0516,1.05168,1.50,1.50
2012.03.14 08:10:14.216,1.05161,1.0517,1.50,1.50
2012.03.14 08:10:14.560,1.0516,1.05167,1.50,3.00
2012.03.14 08:10:14.838,1.05158,1.05165,2.70,1.50
2012.03.14 08:10:15.375,1.05158,1.05165,1.95,1.50
2012.03.14 08:10:15.443,1.05158,1.05167,1.95,1.50
2012.03.14 08:10:16.856,1.05158,1.05168,1.95,1.50
2012.03.14 08:10:17.402,1.05158,1.05168,1.95,1.50
2012.03.14 08:10:17.604,1.05158,1.05168,2.70,1.50
2012.03.14 08:10:18.515,1.05158,1.05168,1.20,1.50
2012.03.14 08:10:19.072,1.05158,1.05168,1.95,1.50
2012.03.14 08:10:20.090,1.05158,1.05168,1.20,1.50
2012.03.14 08:10:21.308,1.05159,1.05169,1.50,1.50
2012.03.14 08:10:22.000,1.05162,1.05171,1.20,1.50
2012.03.14 08:10:22.763,1.05162,1.05171,1.95,1.50
2012.03.14 08:10:23.127,1.05162,1.05174,3.45,1.50
2012.03.14 08:10:23.336,1.05165,1.05177,1.50,2.44
2012.03.14 08:10:23.778,1.05165,1.05173,1.50,3.45
2012.03.14 08:10:24.135,1.0516,1.0517,2.25,1.50
2012.03.14 08:10:24.577,1.05164,1.05173,1.13,3.45
2012.03.14 08:10:24.773,1.05161,1.05172,2.63,1.50
2012.03.14 08:10:25.273,1.05159,1.05171,2.63,1.50
2012.03.14 08:10:25.805,1.05159,1.05171,2.25,1.50
2012.03.14 08:10:26.475,1.05158,1.05172,2.48,1.50
2012.03.14 08:10:27.789,1.05158,1.05172,1.88,1.50
2012.03.14 08:10:28.007,1.05158,1.05165,2.25,1.50
2012.03.14 08:10:28.637,1.05153,1.05161,1.95,1.50
2012.03.14 08:10:28.704,1.05153,1.05161,1.95,1.50
2012.03.14 08:10:29.984,1.0515,1.05161,4.13,1.69
2012.03.14 08:10:30.065,1.0515,1.05158,3.38,1.50
2012.03.14 08:10:30.663,1.05149,1.05155,1.50,1.50
2012.03.14 08:10:30.739,1.05148,1.05155,1.95,1.50
2012.03.14 08:10:31.063,1.05148,1.05157,1.95,1.50
2012.03.14 08:10:32.445,1.05148,1.05156,1.20,1.50
2012.03.14 08:10:33.144,1.05138,1.05146,1.05,1.50
2012.03.14 08:10:33.242,1.05133,1.0514,1.80,1.50
2012.03.14 08:10:33.325,1.05132,1.0514,2.64,1.50
2012.03.14 08:10:33.469,1.05129,1.0514,1.50,1.50
2012.03.14 08:10:33.756,1.05126,1.05136,1.50,1.50
2012.03.14 08:10:33.970,1.05126,1.05138,3.00,1.50
2012.03.14 08:10:34.723,1.05127,1.05136,1.13,1.50
2012.03.14 08:10:36.090,1.05127,1.05138,1.13,2.25
2012.03.14 08:10:36.621,1.05127,1.05138,1.13,2.25
2012.03.14 08:10:37.426,1.05129,1.0514,1.50,1.50
2012.03.14 08:10:37.495,1.05129,1.05142,2.25,1.50
2012.03.14 08:10:37.773,1.05131,1.05142,3.75,1.50
2012.03.14 08:10:38.056,1.05132,1.05146,1.50,1.50
2012.03.14 08:10:39.282,1.05133,1.05146,1.73,1.50
2012.03.14 08:10:40.233,1.05133,1.05145,1.13,1.20
2012.03.14 08:10:41.495,1.05132,1.05143,2.07,1.50
2012.03.14 08:10:41.563,1.05131,1.05143,5.14,1.50
2012.03.14 08:10:41.955,1.05131,1.05141,1.50,1.20
2012.03.14 08:10:42.267,1.05129,1.05139,1.13,1.50
2012.03.14 08:10:42.883,1.05128,1.05141,3.00,2.89
2012.03.14 08:10:43.966,1.0513,1.05141,4.95,1.50
2012.03.14 08:10:45.118,1.05128,1.05139,1.88,1.50
2012.03.14 08:10:45.195,1.05128,1.05139,1.50,1.50
2012.03.14 08:10:45.405,1.05127,1.05136,2.33,1.50
2012.03.14 08:10:46.835,1.05126,1.05138,4.58,1.50
2012.03.14 08:10:47.032,1.05127,1.05136,1.95,1.50
2012.03.14 08:10:47.355,1.05122,1.05133,4.58,1.50
2012.03.14 08:10:47.892,1.05122,1.05132,1.20,1.50
2012.03.14 08:10:51.666,1.0512,1.05131,4.50,1.20
2012.03.14 08:10:51.767,1.05117,1.05129,3.45,1.50
2012.03.14 08:10:52.114,1.05116,1.05126,2.63,1.20
2012.03.14 08:10:54.205,1.05117,1.05126,1.13,1.20
2012.03.14 08:10:56.035,1.05116,1.05126,2.63,1.20
2012.03.14 08:10:56.664,1.05119,1.05129,2.25,1.50
2012.03.14 08:10:57.224,1.05119,1.05129,2.25,1.50
2012.03.14 08:10:57.760,1.05119,1.05129,3.00,1.50
2012.03.14 08:10:58.674,1.05119,1.05129,3.00,1.50
2012.03.14 08:10:59.352,1.05117,1.05128,1.13,1.50
2012.03.14 08:10:59.888,1.05119,1.05129,2.25,3.00
2012.03.14 08:11:01.254,1.05119,1.05129,2.25,1.50
2012.03.14 08:11:01.595,1.05117,1.05127,4.13,1.50
2012.03.14 08:11:03.382,1.05117,1.05127,3.38,1.50
2012.03.14 08:11:04.013,1.05119,1.05129,1.88,1.50
2012.03.14 08:11:04.532,1.05119,1.0513,1.50,1.69
2012.03.14 08:11:08.344,1.0512,1.0513,2.64,1.50
2012.03.14 08:11:08.949,1.05119,1.0513,1.50,1.50
2012.03.14 08:11:09.042,1.05125,1.05135,1.50,1.50
2012.03.14 08:11:11.386,1.05123,1.05133,3.00,1.50
2012.03.14 08:11:11.723,1.05123,1.0513,1.50,1.50
2012.03.14 08:11:11.916,1.05123,1.05135,1.50,1.50
2012.03.14 08:11:13.054,1.05124,1.05135,1.20,1.50
2012.03.14 08:11:13.752,1.05124,1.05132,1.20,1.50
2012.03.14 08:11:14.423,1.05129,1.05139,2.70,2.25
2012.03.14 08:11:14.511,1.05131,1.05141,1.50,4.40
2012.03.14 08:11:14.793,1.05131,1.05141,1.50,2.44
2012.03.14 08:11:15.332,1.0513,1.05142,2.25,2.25
2012.03.14 08:11:16.531,1.05129,1.0514,1.20,1.69
2012.03.14 08:11:18.682,1.05129,1.0514,2.70,1.69
2012.03.14 08:11:19.133,1.05133,1.05142,1.20,1.50
2012.03.14 08:11:20.373,1.05133,1.05144,1.20,2.25
2012.03.14 08:11:20.915,1.05133,1.0514,1.20,1.50
2012.03.14 08:11:21.127,1.05133,1.05144,1.20,2.25
2012.03.14 08:11:22.308,1.05133,1.05144,1.95,2.25
2012.03.14 08:11:22.883,1.05134,1.05144,1.35,1.50
2012.03.14 08:11:22.959,1.05139,1.05144,1.20,1.50
2012.03.14 08:11:23.355,1.05139,1.05146,1.20,1.50
2012.03.14 08:11:23.435,1.0514,1.0515,1.50,3.00
2012.03.14 08:11:23.855,1.05139,1.05146,1.20,1.50
2012.03.14 08:11:24.950,1.05137,1.05146,3.38,1.50
2012.03.14 08:11:25.492,1.05136,1.05146,1.50,3.00
2012.03.14 08:11:25.578,1.05134,1.0514,1.95,1.50
2012.03.14 08:11:25.657,1.05134,1.05142,1.95,1.50
2012.03.14 08:11:25.866,1.05134,1.05145,1.95,1.50
2012.03.14 08:11:29.809,1.05135,1.05145,1.50,1.50
2012.03.14 08:11:29.885,1.05137,1.05147,1.50,3.00
2012.03.14 08:11:30.030,1.05134,1.05145,1.20,1.50
2012.03.14 08:11:30.181,1.05134,1.05143,1.20,1.50
2012.03.14 08:11:30.676,1.05127,1.05138,3.19,1.50
2012.03.14 08:11:30.755,1.05128,1.05138,2.44,1.50
2012.03.14 08:11:31.374,1.05126,1.05139,3.38,1.95
2012.03.14 08:11:32.212,1.05126,1.05139,3.38,1.95
2012.03.14 08:11:32.774,1.05126,1.05139,3.00,1.95
2012.03.14 08:11:33.925,1.05129,1.0514,1.20,3.00
2012.03.14 08:11:34.897,1.05129,1.05142,1.20,2.25
2012.03.14 08:11:35.190,1.05129,1.05142,2.70,2.25
2012.03.14 08:11:35.534,1.05134,1.05145,1.20,4.50
2012.03.14 08:11:35.602,1.05134,1.05141,1.20,1.50
2012.03.14 08:11:35.749,1.05134,1.05143,1.20,1.50
2012.03.14 08:11:36.542,1.05134,1.05145,1.20,2.25
2012.03.14 08:11:36.618,1.05134,1.05143,1.20,1.50
2012.03.14 08:11:37.674,1.05133,1.05143,2.78,1.50
2012.03.14 08:11:42.272,1.05133,1.05143,3.53,1.50
2012.03.14 08:11:42.781,1.05133,1.05143,2.78,1.50
2012.03.14 08:11:45.113,1.05135,1.05145,1.50,3.00
2012.03.14 08:11:45.686,1.05136,1.05147,1.50,1.20
2012.03.14 08:11:45.896,1.05139,1.05149,1.50,2.25
2012.03.14 08:11:46.695,1.05139,1.05149,1.50,1.50
2012.03.14 08:11:47.044,1.05141,1.05151,1.50,2.44
2012.03.14 08:11:47.865,1.05138,1.0515,3.53,1.50
2012.03.14 08:11:48.972,1.05138,1.05147,2.25,1.20
2012.03.14 08:11:49.175,1.05135,1.05146,2.25,1.50
2012.03.14 08:11:49.697,1.05134,1.05146,2.44,1.50
2012.03.14 08:11:49.774,1.05136,1.05146,1.50,1.50
2012.03.14 08:11:49.987,1.05138,1.05149,1.28,1.50
2012.03.14 08:11:50.247,1.0514,1.0515,1.50,3.75
2012.03.14 08:11:50.708,1.05138,1.05149,2.78,1.50
2012.03.14 08:11:50.915,1.0514,1.0515,1.50,2.25
2012.03.14 08:11:51.476,1.05138,1.05149,1.28,1.50
2012.03.14 08:11:52.611,1.05137,1.05149,2.70,1.50
2012.03.14 08:11:54.513,1.05139,1.05151,1.50,3.75
2012.03.14 08:11:55.108,1.05137,1.05149,3.27,1.50
2012.03.14 08:11:56.016,1.05137,1.05149,4.02,1.50
2012.03.14 08:11:56.298,1.0514,1.0515,1.50,1.50
2012.03.14 08:11:56.834,1.05142,1.05153,1.50,3.08
2012.03.14 08:11:57.308,1.05142,1.05154,2.70,3.19
2012.03.14 08:11:57.375,1.05146,1.05154,1.50,1.69
2012.03.14 08:11:57.835,1.05142,1.05153,1.20,1.50
2012.03.14 08:11:58.502,1.05144,1.05154,1.50,1.50
2012.03.14 08:11:58.777,1.05141,1.05153,3.00,2.70
2012.03.14 08:11:59.115,1.0514,1.05151,2.25,1.50
2012.03.14 08:11:59.726,1.05142,1.05153,1.50,2.70
2012.03.14 08:12:00.232,1.05143,1.05154,1.20,1.50
2012.03.14 08:12:02.289,1.05141,1.05151,1.50,1.50
2012.03.14 08:12:03.066,1.05139,1.05149,1.88,1.50
2012.03.14 08:12:05.405,1.0514,1.05151,1.50,1.50
2012.03.14 08:12:05.944,1.0514,1.05152,2.25,1.50
2012.03.14 08:12:09.692,1.05142,1.05153,1.50,1.58
2012.03.14 08:12:10.035,1.05147,1.05154,1.20,6.00
2012.03.14 08:12:10.304,1.05148,1.05157,1.50,1.50
2012.03.14 08:12:10.505,1.05148,1.0516,1.50,1.69
2012.03.14 08:12:11.020,1.05147,1.05161,4.20,6.08
2012.03.14 08:12:11.233,1.05147,1.05161,9.08,5.33
2012.03.14 08:12:11.447,1.05152,1.05162,1.20,1.50
2012.03.14 08:12:11.787,1.05152,1.05165,1.20,2.63
2012.03.14 08:12:13.081,1.05152,1.05166,1.20,3.00
2012.03.14 08:12:14.629,1.05152,1.05167,1.95,3.38
2012.03.14 08:12:15.346,1.05157,1.05166,1.95,1.50
2012.03.14 08:12:15.432,1.05157,1.05173,5.33,4.39
2012.03.14 08:12:15.962,1.05158,1.05173,1.50,5.89
2012.03.14 08:12:16.486,1.05161,1.05173,1.13,3.64
2012.03.14 08:12:17.077,1.05167,1.05173,1.20,2.25
2012.03.14 08:12:17.234,1.05165,1.05177,1.50,1.95
2012.03.14 08:12:17.796,1.05167,1.05177,1.13,1.20
2012.03.14 08:12:18.300,1.05167,1.05177,1.13,1.20
2012.03.14 08:12:18.831,1.05167,1.05177,1.13,1.20
2012.03.14 08:12:19.336,1.05164,1.05177,1.50,1.20
2012.03.14 08:12:19.865,1.05163,1.05177,2.70,1.95
2012.03.14 08:12:21.225,1.05163,1.05176,1.95,3.00
2012.03.14 08:12:21.430,1.05163,1.05172,1.20,2.25
2012.03.14 08:12:22.035,1.05163,1.05173,1.20,2.29
2012.03.14 08:12:22.247,1.05158,1.05172,1.50,3.94
2012.03.14 08:12:22.777,1.05158,1.05172,1.50,4.69
2012.03.14 08:12:22.976,1.05157,1.05168,1.13,1.20
2012.03.14 08:12:23.854,1.0516,1.0517,2.25,1.50
2012.03.14 08:12:23.927,1.0516,1.05172,1.50,2.44
2012.03.14 08:12:24.465,1.0516,1.05172,2.25,2.25
2012.03.14 08:12:25.754,1.0516,1.05172,1.50,2.25
2012.03.14 08:12:31.277,1.0516,1.05172,3.00,2.25
2012.03.14 08:12:31.756,1.05163,1.05174,2.70,1.50
2012.03.14 08:12:31.965,1.05163,1.05174,2.70,2.15
2012.03.14 08:12:32.248,1.0516,1.05172,1.50,2.63
2012.03.14 08:12:33.205,1.05162,1.05172,1.50,2.25
2012.03.14 08:12:33.345,1.05162,1.05174,2.70,3.75
2012.03.14 08:12:33.916,1.05162,1.05173,1.50,3.45
2012.03.14 08:12:34.453,1.05162,1.05173,1.50,3.64
2012.03.14 08:12:35.002,1.05162,1.05173,1.50,4.95
2012.03.14 08:12:35.839,1.05164,1.05173,1.50,3.45
2012.03.14 08:12:36.118,1.05167,1.05176,1.50,2.25
2012.03.14 08:12:36.475,1.05169,1.05177,1.50,1.20
2012.03.14 08:12:38.483,1.05169,1.05179,1.50,3.75
2012.03.14 08:12:38.622,1.05169,1.05181,1.50,3.00
2012.03.14 08:12:40.993,1.05169,1.05181,2.25,1.50
2012.03.14 08:12:41.534,1.05169,1.05181,1.50,1.50
2012.03.14 08:12:42.706,1.05169,1.05181,3.00,1.50
2012.03.14 08:12:42.779,1.05172,1.05181,1.20,1.50
2012.03.14 08:12:42.927,1.05172,1.05184,2.70,3.94
2012.03.14 08:12:43.604,1.05172,1.05184,3.45,1.50
2012.03.14 08:12:44.444,1.05172,1.05184,2.70,1.50
2012.03.14 08:12:44.994,1.05172,1.05184,5.70,1.50
2012.03.14 08:12:45.532,1.05175,1.05185,1.50,1.50
2012.03.14 08:12:47.277,1.05177,1.05187,1.50,1.50
2012.03.14 08:12:48.205,1.05174,1.05186,2.25,1.50
2012.03.14 08:12:48.393,1.05178,1.05186,1.58,1.50
2012.03.14 08:12:48.598,1.05178,1.05188,3.08,1.50
2012.03.14 08:12:49.155,1.05176,1.05187,1.50,1.20
2012.03.14 08:12:49.672,1.05175,1.05187,1.50,2.70
2012.03.14 08:12:50.168,1.05175,1.05186,1.50,1.32
2012.03.14 08:12:50.471,1.05173,1.05182,2.70,1.50
2012.03.14 08:12:50.825,1.05174,1.05186,1.69,1.50
2012.03.14 08:12:50.895,1.05176,1.05187,1.50,1.50
2012.03.14 08:12:51.536,1.05175,1.05185,1.50,1.50
2012.03.14 08:12:53.936,1.05177,1.05185,1.20,1.50
2012.03.14 08:12:54.373,1.05182,1.05188,1.50,1.50
2012.03.14 08:12:54.457,1.05182,1.05191,1.50,1.13
2012.03.14 08:12:54.737,1.05178,1.05188,1.88,1.50
2012.03.14 08:12:56.857,1.05174,1.05183,1.13,1.50
2012.03.14 08:12:57.304,1.05174,1.05186,2.63,1.50
2012.03.14 08:12:57.812,1.05174,1.05186,1.50,1.50
2012.03.14 08:12:59.314,1.05176,1.05188,1.50,3.45
2012.03.14 08:12:59.815,1.05176,1.05188,1.50,5.33
2012.03.14 08:13:00.144,1.05172,1.05181,2.70,1.50
2012.03.14 08:13:00.279,1.05173,1.05184,1.50,1.50
2012.03.14 08:13:00.621,1.05172,1.05182,1.50,1.50
2012.03.14 08:13:01.357,1.05172,1.05182,1.50,2.44
2012.03.14 08:13:01.431,1.0517,1.05181,3.45,3.00
2012.03.14 08:13:01.585,1.05169,1.0518,1.50,2.15
2012.03.14 08:13:01.938,1.05167,1.05173,1.50,1.95
2012.03.14 08:13:02.157,1.0516,1.05172,2.25,1.50
2012.03.14 08:13:02.648,1.05162,1.05173,1.50,4.95
2012.03.14 08:13:03.203,1.05162,1.05173,1.50,5.33
2012.03.14 08:13:04.054,1.05162,1.05173,1.50,5.33
2012.03.14 08:13:04.582,1.05162,1.05173,1.50,4.20
2012.03.14 08:13:05.140,1.05162,1.05173,1.50,1.20
2012.03.14 08:13:05.953,1.05163,1.05174,1.20,5.25
2012.03.14 08:13:06.156,1.05164,1.05176,1.50,3.94
2012.03.14 08:13:12.246,1.05166,1.05177,1.50,2.70
2012.03.14 08:13:12.793,1.05168,1.05178,1.50,1.50
2012.03.14 08:13:12.874,1.05168,1.0518,1.50,2.25
2012.03.14 08:13:12.945,1.05168,1.05177,1.50,1.20
2012.03.14 08:13:13.229,1.05165,1.05175,1.69,1.50
2012.03.14 08:13:13.377,1.05166,1.05177,1.50,2.70
2012.03.14 08:13:13.788,1.05169,1.05177,1.50,1.20
2012.03.14 08:13:14.804,1.05167,1.05177,1.50,2.70
2012.03.14 08:13:15.290,1.05167,1.05175,1.50,1.20
2012.03.14 08:13:15.377,1.05164,1.05174,1.69,2.25
2012.03.14 08:13:16.384,1.05164,1.05176,3.64,1.50
2012.03.14 08:13:16.521,1.05171,1.05177,1.50,1.50
2012.03.14 08:13:16.797,1.0517,1.0518,1.50,2.25
2012.03.14 08:13:16.933,1.0517,1.05177,1.50,1.20
2012.03.14 08:13:17.377,1.05167,1.05177,1.50,2.70
2012.03.14 08:13:17.706,1.05167,1.05174,1.50,1.20
2012.03.14 08:13:17.782,1.05165,1.05174,1.50,1.20
2012.03.14 08:13:17.855,1.05163,1.05173,2.25,3.75
2012.03.14 08:13:18.345,1.0516,1.05172,3.83,1.50
2012.03.14 08:13:19.224,1.0516,1.05172,1.88,2.25
2012.03.14 08:13:20.105,1.05162,1.05173,1.50,2.70
2012.03.14 08:13:21.058,1.05162,1.05171,1.50,1.50
2012.03.14 08:13:21.581,1.05157,1.05167,3.00,1.20
2012.03.14 08:13:22.126,1.05158,1.05167,1.50,1.20
2012.03.14 08:13:22.394,1.05156,1.05166,2.63,1.50
2012.03.14 08:13:22.854,1.05159,1.05167,1.50,1.20
2012.03.14 08:13:25.524,1.05157,1.05167,2.44,2.70
2012.03.14 08:13:26.055,1.05157,1.05167,2.63,2.70
2012.03.14 08:13:26.712,1.0516,1.05167,1.50,1.20
2012.03.14 08:13:27.407,1.05157,1.05167,2.25,1.20
2012.03.14 08:13:27.943,1.05158,1.05167,1.50,1.20
2012.03.14 08:13:28.990,1.05156,1.05162,1.50,1.95
2012.03.14 08:13:29.139,1.05148,1.05161,1.95,2.25
2012.03.14 08:13:29.685,1.05148,1.05161,1.95,4.13
2012.03.14 08:13:30.104,1.05148,1.0516,1.20,4.13
2012.03.14 08:13:30.759,1.05148,1.05155,1.20,2.25
2012.03.14 08:13:31.046,1.05147,1.05156,2.25,1.88
2012.03.14 08:13:31.115,1.05143,1.05156,2.63,1.13
2012.03.14 08:13:31.185,1.05142,1.05155,2.89,1.50
2012.03.14 08:13:31.573,1.05142,1.05155,2.89,1.50
2012.03.14 08:13:32.113,1.05145,1.05155,1.50,1.50
2012.03.14 08:13:36.417,1.05143,1.05153,1.50,1.50
2012.03.14 08:13:36.825,1.05144,1.05155,1.50,1.50
2012.03.14 08:13:37.036,1.05146,1.05158,1.50,3.45
2012.03.14 08:13:37.570,1.05146,1.05157,1.50,1.50
2012.03.14 08:13:37.651,1.05144,1.05154,2.85,1.50
2012.03.14 08:13:38.208,1.05143,1.05155,3.98,1.50
2012.03.14 08:13:38.724,1.05143,1.05155,2.85,1.50
2012.03.14 08:13:39.243,1.05144,1.05154,1.50,1.50
2012.03.14 08:13:40.305,1.05144,1.05154,2.63,1.50
2012.03.14 08:13:40.831,1.05144,1.05154,1.50,1.50
2012.03.14 08:13:42.226,1.05147,1.05154,1.20,1.50
2012.03.14 08:13:42.707,1.05147,1.05159,4.95,1.50
2012.03.14 08:13:42.777,1.05147,1.05157,3.45,1.50
2012.03.14 08:13:43.943,1.05148,1.05157,1.50,2.15
2012.03.14 08:13:44.089,1.05145,1.05155,3.75,1.13
2012.03.14 08:13:44.168,1.05145,1.05151,2.25,1.50
2012.03.14 08:13:44.249,1.05142,1.05151,1.73,1.50
2012.03.14 08:13:44.327,1.05142,1.05148,1.13,1.50
2012.03.14 08:13:44.605,1.05138,1.05148,1.88,3.00
2012.03.14 08:13:45.160,1.05137,1.05149,3.45,1.50
2012.03.14 08:13:48.557,1.05137,1.05149,3.83,1.50
2012.03.14 08:13:51.361,1.05137,1.05149,5.70,1.50
2012.03.14 08:13:52.643,1.05138,1.05149,1.50,1.50
2012.03.14 08:13:52.724,1.05139,1.05151,1.50,1.69
2012.03.14 08:13:54.092,1.05139,1.0515,1.50,1.50
2012.03.14 08:13:54.168,1.05138,1.05147,1.50,1.50
2012.03.14 08:13:54.847,1.0513,1.05141,3.75,1.69
2012.03.14 08:13:55.136,1.05128,1.05142,3.60,1.69
2012.03.14 08:13:57.063,1.05129,1.05143,2.25,2.70
2012.03.14 08:13:57.782,1.05128,1.05142,3.00,3.19
2012.03.14 08:14:00.490,1.05128,1.0514,2.25,2.25
2012.03.14 08:14:00.704,1.05128,1.05139,2.25,1.50
2012.03.14 08:14:01.110,1.05128,1.05136,2.25,1.50
2012.03.14 08:14:01.467,1.05122,1.05135,5.33,1.50
2012.03.14 08:14:02.122,1.05122,1.05134,3.45,2.25
2012.03.14 08:14:03.409,1.05122,1.05134,4.20,1.50
2012.03.14 08:14:04.001,1.05122,1.05135,4.20,1.50
2012.03.14 08:14:04.506,1.05122,1.05135,5.70,1.50
2012.03.14 08:14:04.574,1.05122,1.05135,6.30,1.50
2012.03.14 08:14:05.107,1.05125,1.05138,1.50,2.14
2012.03.14 08:14:05.484,1.05123,1.05137,3.00,1.69
2012.03.14 08:14:06.004,1.05123,1.05138,2.25,3.64
2012.03.14 08:14:06.523,1.05122,1.05138,6.45,3.64
2012.03.14 08:14:06.593,1.05122,1.05136,6.45,1.50
2012.03.14 08:14:07.353,1.05122,1.05138,7.20,2.70
2012.03.14 08:14:07.749,1.05123,1.05138,2.25,3.45
2012.03.14 08:14:08.274,1.05122,1.05137,7.58,1.50
2012.03.14 08:14:08.612,1.05123,1.05137,1.50,1.50
2012.03.14 08:14:08.975,1.05118,1.05131,2.07,2.25
2012.03.14 08:14:09.432,1.05117,1.0513,4.20,1.13
2012.03.14 08:14:09.574,1.05117,1.0513,4.58,1.13
2012.03.14 08:14:10.127,1.05117,1.05129,3.83,1.50
2012.03.14 08:14:10.344,1.05115,1.05127,1.69,1.95
2012.03.14 08:14:10.421,1.05113,1.05123,1.20,2.25
2012.03.14 08:14:11.250,1.05113,1.05126,1.80,3.00
2012.03.14 08:14:11.792,1.05113,1.05126,2.55,1.50
2012.03.14 08:14:12.294,1.05114,1.05127,1.13,2.70
2012.03.14 08:14:16.091,1.05114,1.05127,1.50,2.70
2012.03.14 08:14:16.232,1.05113,1.05127,1.95,3.45
2012.03.14 08:14:16.504,1.05113,1.05127,1.95,4.20
2012.03.14 08:14:17.092,1.05113,1.05127,1.95,3.45
2012.03.14 08:14:17.632,1.05114,1.05127,2.63,1.95
2012.03.14 08:14:18.143,1.05114,1.05127,2.63,1.20
2012.03.14 08:14:19.610,1.05117,1.0513,1.20,1.50
2012.03.14 08:14:19.696,1.05118,1.05128,1.50,1.50
2012.03.14 08:14:20.203,1.05118,1.05127,1.50,1.95
2012.03.14 08:14:20.274,1.05115,1.05127,2.25,3.45
2012.03.14 08:14:20.821,1.05115,1.05127,2.25,3.45
2012.03.14 08:14:20.967,1.05118,1.05127,1.50,1.95
2012.03.14 08:14:23.574,1.05118,1.05127,1.50,2.70
2012.03.14 08:14:23.967,1.05118,1.05127,1.50,1.50
2012.03.14 08:14:24.038,1.0512,1.0513,1.50,1.50
2012.03.14 08:14:24.117,1.0512,1.05132,1.50,3.00
2012.03.14 08:14:24.681,1.0512,1.05132,2.25,2.63
2012.03.14 08:14:25.222,1.0512,1.05132,2.25,3.38
2012.03.14 08:14:26.662,1.05118,1.05132,4.50,3.23
2012.03.14 08:14:26.930,1.05118,1.0513,2.25,2.25
2012.03.14 08:14:27.677,1.05116,1.05128,2.82,4.20
2012.03.14 08:14:29.024,1.05116,1.05127,2.44,1.50
2012.03.14 08:14:30.342,1.05118,1.05128,4.20,2.25
2012.03.14 08:14:30.693,1.05119,1.0513,2.25,1.50
2012.03.14 08:14:30.763,1.05119,1.0513,2.63,1.50
2012.03.14 08:14:30.956,1.05119,1.0513,2.25,1.50
2012.03.14 08:14:31.505,1.05119,1.0513,1.50,2.25
2012.03.14 08:14:32.023,1.05119,1.05131,1.50,2.25
2012.03.14 08:14:33.584,1.05119,1.05129,1.50,1.50
2012.03.14 08:14:33.914,1.0512,1.0513,1.13,1.50
2012.03.14 08:14:34.116,1.05119,1.05131,3.00,3.00
2012.03.14 08:14:34.535,1.05122,1.05131,1.50,1.50
2012.03.14 08:14:34.876,1.05124,1.05131,1.50,1.50
2012.03.14 08:14:35.088,1.05126,1.05134,1.95,1.50
2012.03.14 08:14:35.236,1.05129,1.05135,1.50,2.25
2012.03.14 08:14:35.715,1.05129,1.05138,1.50,1.20
2012.03.14 08:14:36.051,1.05125,1.05138,2.25,1.95
2012.03.14 08:14:36.261,1.05123,1.05132,2.25,1.95
2012.03.14 08:14:36.339,1.05121,1.05131,4.50,1.50
2012.03.14 08:14:36.826,1.05121,1.05131,1.50,2.25
2012.03.14 08:14:36.969,1.05119,1.05128,1.50,3.45
2012.03.14 08:14:37.046,1.05116,1.05128,2.82,4.95
2012.03.14 08:14:37.487,1.05116,1.05128,2.82,3.45
2012.03.14 08:14:38.035,1.05118,1.05128,2.63,1.95
2012.03.14 08:14:38.181,1.05121,1.05128,1.50,1.95
2012.03.14 08:14:38.396,1.05121,1.05131,1.50,2.25
2012.03.14 08:14:38.607,1.05121,1.0513,1.50,1.50
2012.03.14 08:14:38.737,1.05118,1.05127,5.25,1.95
2012.03.14 08:14:39.458,1.05118,1.0513,3.45,1.50
2012.03.14 08:14:39.609,1.0512,1.05132,1.50,2.70
2012.03.14 08:14:39.967,1.05124,1.05135,1.50,2.44
2012.03.14 08:14:40.483,1.05123,1.05135,2.25,2.44
2012.03.14 08:14:41.951,1.05125,1.05135,1.50,3.75
2012.03.14 08:14:42.024,1.05125,1.05135,1.50,3.75
2012.03.14 08:14:42.525,1.05124,1.05135,1.13,1.50
2012.03.14 08:14:42.663,1.0513,1.05138,1.50,1.95
2012.03.14 08:14:43.117,1.05129,1.05141,1.50,1.50
2012.03.14 08:14:43.258,1.05129,1.05137,1.50,1.20
2012.03.14 08:14:44.976,1.0513,1.05137,2.15,1.20
2012.03.14 08:14:45.122,1.05138,1.05145,3.00,3.38
2012.03.14 08:14:45.201,1.05139,1.0515,1.50,2.25
2012.03.14 08:14:45.718,1.05139,1.0515,1.50,3.00
2012.03.14 08:14:45.864,1.05139,1.05146,1.50,1.50
2012.03.14 08:14:46.499,1.05138,1.05146,3.00,1.50
2012.03.14 08:14:46.574,1.05138,1.05149,3.00,1.50
2012.03.14 08:14:51.476,1.05138,1.05148,2.25,1.20
2012.03.14 08:14:51.547,1.05136,1.05146,2.07,1.50
2012.03.14 08:14:52.482,1.05138,1.05148,1.50,2.70
2012.03.14 08:14:54.468,1.05138,1.05147,1.50,2.10
2012.03.14 08:14:55.031,1.05129,1.05138,2.52,1.50
2012.03.14 08:14:55.565,1.05129,1.05138,1.20,1.50
2012.03.14 08:14:56.432,1.05128,1.05138,5.70,1.50
2012.03.14 08:14:59.465,1.05128,1.05138,7.20,1.50
2012.03.14 08:14:59.536,1.05129,1.0514,2.85,1.50
2012.03.14 08:15:00.061,1.05129,1.05141,2.85,1.50
2012.03.14 08:15:01.465,1.05128,1.05139,4.20,1.50
2012.03.14 08:15:02.674,1.05128,1.05138,3.00,1.20
2012.03.14 08:15:03.214,1.05128,1.05139,2.25,1.50
2012.03.14 08:15:03.555,1.05133,1.05143,1.20,1.50
2012.03.14 08:15:03.873,1.05133,1.0514,1.20,1.50
2012.03.14 08:15:04.927,1.05131,1.05137,2.25,1.50
2012.03.14 08:15:05.274,1.05128,1.05137,1.92,1.50
2012.03.14 08:15:05.778,1.05127,1.05137,2.25,1.50
2012.03.14 08:15:07.153,1.05127,1.05137,2.25,1.50
2012.03.14 08:15:08.833,1.05127,1.05137,1.88,1.50
2012.03.14 08:15:10.274,1.05126,1.05135,1.13,1.50
2012.03.14 08:15:10.778,1.05124,1.05135,1.13,1.50
2012.03.14 08:15:11.231,1.05122,1.05131,4.95,1.50
2012.03.14 08:15:12.073,1.05122,1.0513,3.45,1.50
2012.03.14 08:15:12.606,1.0512,1.0513,2.25,1.50
2012.03.14 08:15:12.885,1.05118,1.05126,4.20,1.50
2012.03.14 08:15:13.740,1.05115,1.05126,1.13,1.50
2012.03.14 08:15:13.822,1.05114,1.05126,3.00,1.50
2012.03.14 08:15:13.907,1.05114,1.05126,3.00,1.50
2012.03.14 08:15:14.120,1.05113,1.05126,3.08,1.50
2012.03.14 08:15:16.221,1.05113,1.05123,1.50,1.50
2012.03.14 08:15:16.925,1.05106,1.05116,1.13,1.50
2012.03.14 08:15:17.275,1.05109,1.05118,1.50,1.20
2012.03.14 08:15:18.075,1.05106,1.05118,4.13,2.70
2012.03.14 08:15:18.813,1.05106,1.05118,2.63,2.70
2012.03.14 08:15:20.449,1.05106,1.05118,3.75,2.70
2012.03.14 08:15:21.053,1.05111,1.0512,2.25,1.69
2012.03.14 08:15:21.410,1.05111,1.05121,2.25,1.50
2012.03.14 08:15:21.916,1.0511,1.05122,1.50,2.70
2012.03.14 08:15:22.820,1.05108,1.0512,5.33,1.50
2012.03.14 08:15:23.234,1.05108,1.05118,3.38,1.20
2012.03.14 08:15:23.796,1.05108,1.0512,3.45,1.69
2012.03.14 08:15:23.986,1.0511,1.05122,1.50,3.45
2012.03.14 08:15:24.243,1.0511,1.05122,1.50,2.70
2012.03.14 08:15:24.889,1.0511,1.05122,1.50,2.70
2012.03.14 08:15:25.365,1.05112,1.05122,1.20,1.50
2012.03.14 08:15:25.506,1.05109,1.05122,2.25,2.25
2012.03.14 08:15:26.018,1.05108,1.05122,2.25,3.75
2012.03.14 08:15:26.544,1.05108,1.05117,2.25,1.20
2012.03.14 08:15:26.690,1.05106,1.05117,1.13,1.95
2012.03.14 08:15:26.907,1.05108,1.05117,1.50,1.20
2012.03.14 08:15:27.432,1.0511,1.05117,1.50,1.20
2012.03.14 08:15:27.514,1.05108,1.05117,1.50,1.20
2012.03.14 08:15:27.806,1.05106,1.05116,1.13,1.50
2012.03.14 08:15:28.364,1.05106,1.05117,1.13,2.70
2012.03.14 08:15:31.583,1.05106,1.05115,2.63,1.50
2012.03.14 08:15:32.145,1.05107,1.05117,1.50,2.70
2012.03.14 08:15:34.011,1.05109,1.05119,1.50,4.20
2012.03.14 08:15:34.228,1.05106,1.05119,4.13,1.20
2012.03.14 08:15:34.506,1.05106,1.05118,2.63,1.50
2012.03.14 08:15:34.862,1.05106,1.05116,1.13,1.50
2012.03.14 08:15:35.132,1.05106,1.05116,2.63,1.50
2012.03.14 08:15:35.427,1.05105,1.05112,1.58,1.50
2012.03.14 08:15:35.818,1.05102,1.05112,1.35,1.50
2012.03.14 08:15:35.913,1.051,1.05109,1.95,1.50
2012.03.14 08:15:36.117,1.051,1.05109,1.95,1.50
2012.03.14 08:15:40.173,1.05099,1.05107,1.50,1.50
2012.03.14 08:15:40.297,1.05096,1.05106,2.25,3.38
2012.03.14 08:15:40.379,1.05094,1.05104,1.50,3.00
2012.03.14 08:15:40.805,1.05087,1.051,3.27,2.25
2012.03.14 08:15:41.573,1.05087,1.05099,1.20,2.63
2012.03.14 08:15:41.719,1.05087,1.05097,1.20,1.40
2012.03.14 08:15:42.008,1.05081,1.05093,1.20,3.00
2012.03.14 08:15:42.357,1.05078,1.05091,5.55,2.25
2012.03.14 08:15:44.071,1.0508,1.05093,1.50,7.66
2012.03.14 08:15:44.550,1.05077,1.05089,1.95,2.25
2012.03.14 08:15:45.185,1.05076,1.05087,3.38,3.75
2012.03.14 08:15:45.532,1.05073,1.05077,1.50,1.20
2012.03.14 08:15:45.682,1.05071,1.05077,1.50,2.70
2012.03.14 08:15:45.764,1.05068,1.05077,1.50,3.45
2012.03.14 08:15:45.844,1.05067,1.05077,2.07,2.70
2012.03.14 08:15:45.923,1.05067,1.05077,1.32,2.70
2012.03.14 08:15:46.404,1.05065,1.05074,1.50,3.00
2012.03.14 08:15:46.632,1.05062,1.05074,1.69,2.25
2012.03.14 08:15:47.260,1.05063,1.05074,1.95,2.25
2012.03.14 08:15:47.342,1.05064,1.05077,1.13,2.89
2012.03.14 08:15:47.784,1.05066,1.05077,1.13,2.14
2012.03.14 08:15:47.874,1.05065,1.05077,1.13,1.95
2012.03.14 08:15:48.429,1.05063,1.05076,2.14,1.50
2012.03.14 08:15:48.716,1.05063,1.05077,1.95,2.89
2012.03.14 08:15:49.429,1.05063,1.05077,1.95,2.14
2012.03.14 08:15:49.645,1.05063,1.05076,1.95,1.69
2012.03.14 08:15:49.857,1.05064,1.05077,1.13,1.95
2012.03.14 08:15:50.196,1.05066,1.05076,1.13,1.05
2012.03.14 08:15:50.335,1.05063,1.05076,3.23,1.05
2012.03.14 08:15:50.747,1.05068,1.05076,1.20,1.05
2012.03.14 08:15:50.887,1.05068,1.05078,1.20,2.59
2012.03.14 08:15:51.239,1.05068,1.05078,1.20,2.44
2012.03.14 08:15:51.750,1.05068,1.0508,1.20,4.50
2012.03.14 08:15:52.156,1.05066,1.05074,3.75,1.20
2012.03.14 08:15:53.020,1.05068,1.05077,1.20,1.50
2012.03.14 08:15:53.101,1.05065,1.05077,1.50,3.45
2012.03.14 08:15:53.623,1.05067,1.05077,1.50,3.45
2012.03.14 08:15:54.864,1.05065,1.05077,1.50,3.45
2012.03.14 08:15:55.614,1.05065,1.05075,1.50,2.25
2012.03.14 08:15:56.016,1.05067,1.05075,1.20,1.50
2012.03.14 08:15:56.091,1.05067,1.05077,1.20,2.25
2012.03.14 08:15:56.517,1.05068,1.05079,1.50,1.50
2012.03.14 08:15:57.354,1.05068,1.05079,1.50,2.25
2012.03.14 08:15:57.726,1.05067,1.05077,4.02,1.50
2012.03.14 08:16:00.635,1.05071,1.05079,4.50,2.25
2012.03.14 08:16:00.987,1.05082,1.0509,1.50,1.58
2012.03.14 08:16:01.057,1.05081,1.05091,1.50,2.25
2012.03.14 08:16:01.126,1.05081,1.05091,1.50,1.50
2012.03.14 08:16:01.549,1.05084,1.05092,1.50,2.70
2012.03.14 08:16:01.786,1.05084,1.05094,1.50,2.25
2012.03.14 08:16:02.126,1.05084,1.05097,1.50,3.19
2012.03.14 08:16:02.268,1.05086,1.05097,1.50,1.69
2012.03.14 08:16:02.349,1.05083,1.05096,1.50,1.50
2012.03.14 08:16:03.229,1.05084,1.05096,1.50,2.25
2012.03.14 08:16:03.368,1.05084,1.05096,1.50,2.25
2012.03.14 08:16:03.917,1.05084,1.05095,1.50,1.50
2012.03.14 08:16:04.125,1.05082,1.0509,1.20,1.50
2012.03.14 08:16:05.606,1.05082,1.05092,2.70,1.50
2012.03.14 08:16:06.086,1.05082,1.0509,1.95,1.50
2012.03.14 08:16:06.683,1.05089,1.05098,1.50,1.50
2012.03.14 08:16:06.779,1.05089,1.05099,1.50,2.63
2012.03.14 08:16:07.000,1.05087,1.05097,6.45,1.50
2012.03.14 08:16:07.755,1.05088,1.05099,1.50,3.38
2012.03.14 08:16:08.297,1.05087,1.05098,3.45,3.00
2012.03.14 08:16:08.808,1.05087,1.05098,3.45,2.25
2012.03.14 08:16:09.135,1.05083,1.05093,2.33,1.50
2012.03.14 08:16:09.689,1.05088,1.05094,1.20,1.50
2012.03.14 08:16:09.842,1.05088,1.05097,2.70,1.50
2012.03.14 08:16:10.036,1.05088,1.051,2.70,3.19
2012.03.14 08:16:10.106,1.0509,1.051,1.50,1.69
2012.03.14 08:16:10.306,1.05088,1.051,2.70,2.44
2012.03.14 08:16:10.671,1.05091,1.05101,1.50,3.19
2012.03.14 08:16:10.762,1.05088,1.051,3.45,1.69
2012.03.14 08:16:11.255,1.05088,1.051,2.70,1.69
2012.03.14 08:16:11.866,1.05088,1.051,2.70,2.44
2012.03.14 08:16:12.596,1.05088,1.05098,1.20,1.50
2012.03.14 08:16:12.802,1.05089,1.05101,1.50,1.69
2012.03.14 08:16:13.054,1.05089,1.05101,1.50,2.44
2012.03.14 08:16:13.246,1.05087,1.05097,2.25,1.95
2012.03.14 08:16:13.753,1.05086,1.05097,2.25,2.70
2012.03.14 08:16:13.997,1.05085,1.05094,3.00,1.39
2012.03.14 08:16:14.676,1.05087,1.05098,5.70,1.50
2012.03.14 08:16:14.758,1.0509,1.051,1.50,1.69
2012.03.14 08:16:15.190,1.05092,1.051,1.20,1.50
2012.03.14 08:16:15.339,1.05092,1.05102,1.20,1.50
2012.03.14 08:16:15.619,1.05089,1.05101,1.95,1.50
2012.03.14 08:16:15.903,1.05088,1.05099,2.25,1.50
2012.03.14 08:16:16.439,1.0509,1.051,1.50,3.00
2012.03.14 08:16:17.395,1.05088,1.05098,1.50,1.50
2012.03.14 08:16:17.607,1.05085,1.05097,2.63,2.25
2012.03.14 08:16:17.816,1.05088,1.051,1.50,5.07
2012.03.14 08:16:18.169,1.05092,1.05102,2.10,2.25
2012.03.14 08:16:18.578,1.05094,1.05102,3.60,1.50
2012.03.14 08:16:18.678,1.051,1.0511,1.50,1.69
2012.03.14 08:16:18.829,1.05098,1.05109,1.95,1.69
2012.03.14 08:16:19.575,1.05102,1.05109,1.20,1.50
2012.03.14 08:16:20.147,1.05102,1.05111,1.20,1.69
2012.03.14 08:16:20.648,1.05101,1.05109,2.25,1.50
2012.03.14 08:16:20.985,1.05099,1.05109,1.50,1.50
2012.03.14 08:16:24.724,1.05102,1.05109,2.85,1.50
2012.03.14 08:16:24.796,1.05107,1.05113,2.25,1.50
2012.03.14 08:16:24.938,1.05107,1.05117,3.75,3.38
2012.03.14 08:16:25.485,1.05107,1.05115,2.25,1.50
2012.03.14 08:16:26.664,1.05107,1.05117,4.35,1.50
2012.03.14 08:16:26.732,1.05108,1.0512,1.50,5.14
2012.03.14 08:16:27.843,1.05107,1.05117,3.45,1.50
2012.03.14 08:16:28.732,1.05116,1.05121,1.20,2.25
2012.03.14 08:16:28.807,1.05116,1.05124,3.45,2.25
2012.03.14 08:16:28.875,1.05116,1.05126,3.45,2.63
2012.03.14 08:16:29.368,1.05113,1.05121,1.80,1.50
2012.03.14 08:16:29.884,1.05113,1.05121,1.20,1.50
2012.03.14 08:16:31.540,1.05109,1.05119,3.38,1.50
2012.03.14 08:16:32.044,1.05107,1.05119,7.95,1.50
2012.03.14 08:16:32.115,1.05111,1.05121,1.50,1.50
2012.03.14 08:16:32.441,1.05108,1.05118,2.25,1.50
2012.03.14 08:16:33.304,1.0511,1.0512,1.50,3.75
2012.03.14 08:16:33.361,1.05108,1.05118,1.50,1.50
2012.03.14 08:16:34.202,1.05108,1.05117,1.50,1.13
2012.03.14 08:16:34.557,1.05107,1.05111,2.25,1.50
2012.03.14 08:16:34.629,1.05102,1.05111,2.33,1.50
2012.03.14 08:16:34.779,1.05101,1.05111,1.88,1.50
2012.03.14 08:16:35.352,1.05099,1.05108,1.88,1.50
2012.03.14 08:16:35.425,1.05098,1.0511,3.08,1.50
2012.03.14 08:16:35.776,1.05101,1.05111,1.50,1.50
2012.03.14 08:16:37.647,1.05102,1.05111,1.20,1.50
2012.03.14 08:16:38.698,1.05101,1.05111,1.50,1.50
2012.03.14 08:16:39.253,1.05097,1.05107,2.55,2.07
2012.03.14 08:16:39.586,1.05093,1.05101,1.20,1.50
2012.03.14 08:16:40.937,1.05093,1.05101,1.20,3.23
2012.03.14 08:16:41.038,1.05087,1.05095,2.25,1.50
2012.03.14 08:16:41.416,1.05085,1.05095,1.50,1.50
2012.03.14 08:16:41.613,1.05087,1.05097,1.50,3.00
2012.03.14 08:16:41.691,1.05084,1.05095,1.13,1.50
2012.03.14 08:16:42.111,1.05085,1.05097,1.50,3.00
2012.03.14 08:16:42.605,1.05084,1.05094,3.00,1.50
2012.03.14 08:16:43.035,1.05082,1.05091,2.74,1.50
2012.03.14 08:16:43.244,1.05082,1.05093,3.30,1.50
2012.03.14 08:16:43.727,1.05082,1.05091,1.80,1.50
2012.03.14 08:16:44.556,1.05082,1.05093,1.80,1.50
2012.03.14 08:16:44.627,1.05084,1.05095,1.50,2.25
2012.03.14 08:16:44.958,1.05082,1.05091,1.20,1.50
2012.03.14 08:16:45.239,1.05083,1.05093,1.50,1.50
2012.03.14 08:16:45.680,1.05086,1.05097,1.50,1.50
2012.03.14 08:16:46.235,1.05088,1.051,1.50,3.00
2012.03.14 08:16:46.373,1.05087,1.05098,3.45,1.50
2012.03.14 08:16:46.894,1.05086,1.05098,1.50,2.70
2012.03.14 08:16:47.880,1.05086,1.05097,1.50,1.50
2012.03.14 08:16:48.317,1.05086,1.05093,1.50,1.50
2012.03.14 08:16:48.391,1.05082,1.05092,1.20,1.50
2012.03.14 08:16:48.897,1.05083,1.05093,1.50,1.50
2012.03.14 08:16:51.631,1.05082,1.05092,1.20,1.50
2012.03.14 08:16:53.265,1.0508,1.05092,2.25,4.20
2012.03.14 08:16:53.337,1.05079,1.0509,3.38,1.50
2012.03.14 08:16:53.617,1.0508,1.05092,1.50,2.70
2012.03.14 08:16:54.987,1.05083,1.05092,1.20,1.50
2012.03.14 08:16:56.638,1.05083,1.05093,2.70,1.50
2012.03.14 08:16:57.024,1.05085,1.05097,1.50,2.70
2012.03.14 08:16:57.703,1.05083,1.05095,2.70,1.50
2012.03.14 08:16:58.636,1.05083,1.05094,2.70,1.50
2012.03.14 08:16:58.987,1.05083,1.0509,1.50,1.50
2012.03.14 08:16:59.057,1.05078,1.05089,2.63,1.50
2012.03.14 08:16:59.127,1.05079,1.05091,1.88,1.50
2012.03.14 08:17:00.661,1.05079,1.05091,2.63,1.50
2012.03.14 08:17:00.732,1.05082,1.05091,1.20,1.50
2012.03.14 08:17:01.265,1.05082,1.05092,2.70,3.00
2012.03.14 08:17:01.897,1.05082,1.05091,1.20,1.50
2012.03.14 08:17:02.425,1.05082,1.05092,2.70,1.50
2012.03.14 08:17:03.094,1.05082,1.0509,1.20,1.50
2012.03.14 08:17:04.069,1.05084,1.05096,1.50,2.63
2012.03.14 08:17:04.505,1.05087,1.05097,2.70,2.25
2012.03.14 08:17:04.999,1.05086,1.05096,1.50,1.50
2012.03.14 08:17:05.337,1.05084,1.05096,1.50,1.50
2012.03.14 08:17:10.468,1.05087,1.05097,3.75,1.50
2012.03.14 08:17:15.338,1.05089,1.05099,1.50,1.50
2012.03.14 08:17:19.747,1.05087,1.05097,3.00,1.20
2012.03.14 08:17:20.383,1.05089,1.05097,1.50,1.20
2012.03.14 08:17:21.904,1.05087,1.05097,1.50,2.70
2012.03.14 08:17:21.980,1.05084,1.05096,1.50,2.25
2012.03.14 08:17:22.060,1.05084,1.05095,1.50,2.90
2012.03.14 08:17:22.738,1.05083,1.05091,1.20,1.50
2012.03.14 08:17:23.240,1.05083,1.05092,1.20,3.19
2012.03.14 08:17:23.805,1.05084,1.05096,1.50,1.69
2012.03.14 08:17:24.248,1.05083,1.05093,3.45,1.50
2012.03.14 08:17:25.787,1.05083,1.05093,3.08,1.50
2012.03.14 08:17:26.129,1.05084,1.05095,1.88,1.50
2012.03.14 08:17:26.282,1.05087,1.05096,1.20,1.50
2012.03.14 08:17:26.827,1.05087,1.05097,4.95,1.50
2012.03.14 08:17:27.273,1.05087,1.05095,3.45,1.50
2012.03.14 08:17:27.843,1.05087,1.05097,4.95,1.50
2012.03.14 08:17:29.038,1.05088,1.05097,1.35,1.50
2012.03.14 08:17:29.337,1.05088,1.051,2.85,1.69
2012.03.14 08:17:29.464,1.05088,1.051,4.35,1.69
2012.03.14 08:17:29.804,1.05092,1.05101,1.20,2.25
2012.03.14 08:17:30.077,1.05094,1.05105,3.30,1.50
2012.03.14 08:17:30.149,1.05097,1.05106,2.25,3.75
2012.03.14 08:17:30.298,1.05097,1.05106,3.45,2.25
2012.03.14 08:17:31.037,1.05097,1.05107,6.30,1.50
2012.03.14 08:17:31.552,1.05097,1.05108,5.55,1.50
2012.03.14 08:17:32.029,1.05097,1.05108,4.20,1.88
2012.03.14 08:17:32.330,1.05097,1.05101,2.25,2.70
2012.03.14 08:17:32.618,1.05088,1.05099,1.13,1.50
2012.03.14 08:17:33.058,1.05087,1.05097,5.14,1.50
2012.03.14 08:17:33.667,1.05087,1.05096,2.25,1.20
2012.03.14 08:17:33.880,1.05087,1.05094,2.25,1.50
2012.03.14 08:17:34.027,1.05082,1.0509,1.58,1.50
2012.03.14 08:17:34.171,1.05082,1.05093,1.58,3.00
2012.03.14 08:17:34.728,1.05082,1.05092,2.70,1.50
2012.03.14 08:17:35.477,1.05082,1.05091,1.20,1.50
2012.03.14 08:17:37.194,1.05082,1.05091,1.80,1.50
2012.03.14 08:17:38.937,1.05082,1.05092,4.05,1.69
2012.03.14 08:17:39.155,1.05086,1.05096,1.50,2.70
2012.03.14 08:17:39.695,1.05087,1.05096,2.25,1.50
2012.03.14 08:17:41.558,1.05085,1.05095,1.50,1.50
2012.03.14 08:17:42.057,1.05082,1.05093,2.70,1.50
2012.03.14 08:17:42.607,1.05083,1.05095,2.25,2.25
2012.03.14 08:17:43.098,1.05082,1.05092,4.05,1.50
2012.03.14 08:17:44.513,1.05082,1.05092,3.00,2.70
2012.03.14 08:17:45.162,1.05081,1.05091,1.50,1.50
2012.03.14 08:17:46.958,1.05081,1.05092,2.25,2.70
2012.03.14 08:17:47.435,1.05081,1.05092,2.25,1.20
2012.03.14 08:17:47.520,1.05088,1.05096,2.25,1.13
2012.03.14 08:17:47.876,1.05082,1.05092,2.25,1.50
2012.03.14 08:17:48.239,1.05087,1.05096,3.00,1.50
2012.03.14 08:17:48.544,1.05095,1.05103,1.95,1.50
2012.03.14 08:17:49.064,1.05097,1.05106,2.25,1.88
2012.03.14 08:17:49.144,1.05098,1.05109,1.50,1.50
2012.03.14 08:17:49.358,1.05096,1.05106,1.50,1.20
2012.03.14 08:17:49.718,1.05098,1.05107,2.25,1.50
2012.03.14 08:17:49.848,1.05098,1.0511,2.25,3.00
2012.03.14 08:17:49.930,1.05098,1.05107,2.25,1.20
2012.03.14 08:17:50.150,1.05094,1.05107,2.25,1.20
2012.03.14 08:17:50.682,1.05093,1.05107,2.25,2.70
2012.03.14 08:17:51.420,1.05093,1.05107,2.25,3.45
2012.03.14 08:17:51.780,1.05092,1.051,3.00,1.50
2012.03.14 08:17:52.433,1.05088,1.051,2.63,1.50
2012.03.14 08:17:52.507,1.05092,1.05102,2.25,4.39
2012.03.14 08:17:53.429,1.0509,1.05097,1.50,1.20
2012.03.14 08:17:53.575,1.05088,1.05096,1.13,1.50
2012.03.14 08:17:53.786,1.05086,1.05096,1.50,1.50
2012.03.14 08:17:54.302,1.05086,1.05097,2.25,1.20
2012.03.14 08:17:56.100,1.05085,1.05095,2.44,1.50
2012.03.14 08:17:56.835,1.05083,1.05093,4.20,1.50
2012.03.14 08:17:56.903,1.05084,1.05096,1.50,1.50
2012.03.14 08:17:59.522,1.05084,1.05096,3.00,1.50
2012.03.14 08:17:59.931,1.05088,1.05098,1.20,3.00
2012.03.14 08:18:01.418,1.05093,1.051,1.20,2.25
2012.03.14 08:18:02.117,1.05093,1.051,1.20,1.50
2012.03.14 08:18:02.199,1.05089,1.05101,1.50,1.50
2012.03.14 08:18:03.982,1.05092,1.05101,3.45,1.50
2012.03.14 08:18:05.552,1.05092,1.051,2.25,3.00
2012.03.14 08:18:05.699,1.05088,1.05098,1.20,1.50
2012.03.14 08:18:06.829,1.05088,1.05097,1.95,1.50
2012.03.14 08:18:06.918,1.05088,1.05099,1.20,1.50
2012.03.14 08:18:10.136,1.05089,1.05101,1.50,1.50
2012.03.14 08:18:12.546,1.05088,1.05098,4.39,1.50
2012.03.14 08:18:15.196,1.05088,1.05098,5.52,1.50
2012.03.14 08:18:15.283,1.05093,1.05104,1.50,2.25
2012.03.14 08:18:15.848,1.05093,1.05105,1.50,2.63
2012.03.14 08:18:15.920,1.05092,1.05102,1.20,1.50
2012.03.14 08:18:16.124,1.05092,1.05104,2.70,1.50
2012.03.14 08:18:16.256,1.05092,1.05101,1.20,1.50
2012.03.14 08:18:17.234,1.05091,1.05101,3.75,1.50
2012.03.14 08:18:17.448,1.05088,1.051,2.25,1.50
2012.03.14 08:18:18.908,1.05088,1.051,2.25,1.50
2012.03.14 08:18:19.496,1.05093,1.05102,1.20,3.00
2012.03.14 08:18:19.835,1.05093,1.05104,1.20,2.44
2012.03.14 08:18:20.588,1.05093,1.05103,2.70,1.50
2012.03.14 08:18:21.033,1.05098,1.05107,1.20,2.25
2012.03.14 08:18:21.316,1.05099,1.05109,1.50,1.50
2012.03.14 08:18:21.396,1.051,1.05112,1.50,3.45
2012.03.14 08:18:21.683,1.05098,1.0511,7.20,1.50
2012.03.14 08:18:22.395,1.05109,1.05116,1.50,2.25
2012.03.14 08:18:22.477,1.05112,1.05118,1.20,1.50
2012.03.14 08:18:22.618,1.05112,1.05121,1.20,1.50
2012.03.14 08:18:22.894,1.05112,1.05121,1.20,2.63
2012.03.14 08:18:23.167,1.05108,1.05116,1.20,1.50
2012.03.14 08:18:24.032,1.05108,1.05117,1.20,1.50
2012.03.14 08:18:24.592,1.05107,1.05115,2.25,1.88
2012.03.14 08:18:24.948,1.05107,1.05118,2.25,3.00
2012.03.14 08:18:25.022,1.05107,1.05115,2.25,1.50
2012.03.14 08:18:25.593,1.05106,1.05116,2.25,2.70
2012.03.14 08:18:26.127,1.05105,1.05116,1.50,1.20
2012.03.14 08:18:27.484,1.05103,1.05115,1.50,1.50
2012.03.14 08:18:30.207,1.05102,1.0511,4.95,1.50
2012.03.14 08:18:30.545,1.05098,1.05108,1.88,1.50
2012.03.14 08:18:30.954,1.051,1.0511,1.50,1.50
2012.03.14 08:18:31.514,1.05102,1.0511,1.20,1.50
2012.03.14 08:18:31.937,1.05102,1.05112,2.70,1.69
2012.03.14 08:18:32.496,1.05102,1.05112,6.30,1.50
2012.03.14 08:18:33.916,1.05104,1.05114,2.25,1.50
2012.03.14 08:18:35.341,1.05104,1.05114,4.13,1.50
2012.03.14 08:18:35.416,1.05107,1.05114,1.20,1.50
2012.03.14 08:18:35.490,1.05108,1.05119,2.25,1.50
2012.03.14 08:18:35.705,1.05109,1.05121,1.50,3.64
2012.03.14 08:18:36.145,1.05108,1.05118,3.75,1.50
2012.03.14 08:18:42.532,1.05109,1.05121,1.50,2.70
2012.03.14 08:18:43.459,1.05111,1.05121,2.25,2.70
2012.03.14 08:18:43.820,1.05118,1.05126,2.25,1.13
2012.03.14 08:18:43.963,1.05118,1.05127,2.25,2.63
2012.03.14 08:18:44.553,1.05118,1.05128,3.75,1.50
2012.03.14 08:18:45.095,1.05118,1.05127,2.25,2.25
2012.03.14 08:18:45.726,1.05118,1.05127,3.38,1.50
2012.03.14 08:18:46.398,1.05125,1.0513,1.20,1.50
2012.03.14 08:18:46.483,1.05125,1.05137,1.50,5.55
2012.03.14 08:18:46.567,1.05123,1.05134,1.95,1.50
2012.03.14 08:18:46.640,1.05124,1.05134,1.50,1.69
2012.03.14 08:18:47.000,1.05124,1.05131,1.50,1.50
2012.03.14 08:18:47.517,1.05123,1.05134,2.70,1.69
2012.03.14 08:18:48.258,1.05125,1.05134,1.50,1.50
2012.03.14 08:18:49.468,1.05122,1.05129,2.25,1.05
2012.03.14 08:18:49.616,1.05117,1.05123,1.52,1.20
2012.03.14 08:18:49.759,1.05112,1.05123,4.88,1.20
2012.03.14 08:18:50.308,1.05112,1.05123,4.13,1.20
2012.03.14 08:18:50.376,1.05112,1.05123,3.00,1.95
2012.03.14 08:18:50.713,1.0511,1.05122,3.00,1.69
2012.03.14 08:18:51.205,1.05109,1.05119,4.50,1.50
2012.03.14 08:18:51.758,1.05109,1.05119,2.25,1.50
2012.03.14 08:18:52.283,1.05111,1.05121,1.50,1.69
2012.03.14 08:18:52.835,1.05111,1.05121,4.88,1.69
2012.03.14 08:18:53.187,1.05119,1.05127,2.25,1.77
2012.03.14 08:18:53.997,1.05122,1.05132,1.50,2.25
2012.03.14 08:18:54.535,1.05123,1.05132,1.20,1.50
2012.03.14 08:18:54.876,1.05123,1.0513,1.95,1.50
2012.03.14 08:18:55.836,1.0512,1.0513,2.25,1.50
2012.03.14 08:18:56.307,1.05119,1.05128,2.44,1.50
2012.03.14 08:18:56.590,1.0512,1.0513,2.25,1.50
2012.03.14 08:18:57.806,1.05122,1.05132,2.25,2.70
2012.03.14 08:18:58.148,1.05124,1.05134,1.50,1.69
2012.03.14 08:18:58.889,1.05122,1.05133,4.95,1.50
2012.03.14 08:18:59.968,1.05122,1.05133,4.95,1.50
2012.03.14 08:19:00.337,1.05118,1.05123,1.20,1.20
2012.03.14 08:19:00.412,1.05116,1.05123,1.50,2.70
2012.03.14 08:19:00.564,1.05112,1.05123,1.13,2.70
2012.03.14 08:19:01.060,1.05114,1.05122,1.50,1.50
2012.03.14 08:19:01.146,1.05116,1.05125,1.50,2.25
2012.03.14 08:19:01.347,1.05116,1.05123,1.50,1.50
2012.03.14 08:19:01.492,1.05118,1.05128,1.50,2.89
2012.03.14 08:19:02.068,1.05116,1.05127,1.50,1.50
2012.03.14 08:19:02.843,1.05115,1.05127,2.25,1.50
2012.03.14 08:19:02.920,1.05115,1.05126,2.25,1.13
2012.03.14 08:19:03.279,1.05115,1.05122,1.50,1.50
2012.03.14 08:19:03.359,1.05113,1.05122,1.50,1.50
2012.03.14 08:19:03.442,1.05109,1.05121,2.25,1.50
2012.03.14 08:19:03.518,1.05111,1.05123,1.50,2.70
2012.03.14 08:19:03.856,1.0511,1.0512,1.50,1.50
2012.03.14 08:19:05.449,1.0511,1.0512,1.50,2.25
2012.03.14 08:19:06.736,1.0511,1.0512,1.50,1.50
2012.03.14 08:19:09.779,1.05107,1.05112,3.75,1.20
2012.03.14 08:19:09.870,1.05102,1.05112,2.25,1.20
2012.03.14 08:19:09.949,1.05099,1.05111,3.19,1.50
2012.03.14 08:19:10.565,1.05101,1.05112,1.50,1.20
2012.03.14 08:19:11.115,1.05101,1.05112,1.50,2.70
2012.03.14 08:19:11.323,1.05099,1.05111,2.25,1.50
2012.03.14 08:19:14.985,1.05099,1.05111,1.50,3.75
2012.03.14 08:19:15.493,1.05099,1.05111,1.50,2.25
2012.03.14 08:19:16.515,1.05099,1.05111,1.50,1.50
2012.03.14 08:19:16.925,1.05099,1.05107,1.50,1.20
2012.03.14 08:19:17.017,1.05095,1.05106,2.15,1.50
2012.03.14 08:19:17.459,1.05094,1.05104,1.50,2.25
2012.03.14 08:19:17.545,1.05092,1.05103,1.50,3.45
2012.03.14 08:19:17.693,1.05089,1.051,1.95,1.50
2012.03.14 08:19:17.836,1.0509,1.05102,1.50,3.75
2012.03.14 08:19:18.898,1.05093,1.05103,1.50,4.95
2012.03.14 08:19:23.495,1.05095,1.05105,1.50,3.94
2012.03.14 08:19:23.916,1.05092,1.05102,1.20,1.50
2012.03.14 08:19:24.433,1.05093,1.05103,1.50,1.50
2012.03.14 08:19:25.726,1.05096,1.05105,1.20,1.88
2012.03.14 08:19:25.874,1.05097,1.05107,1.50,1.50
2012.03.14 08:19:26.527,1.05098,1.05107,2.25,1.50
2012.03.14 08:19:27.399,1.05098,1.05107,3.45,2.25
2012.03.14 08:19:27.616,1.05093,1.05102,1.50,1.50
2012.03.14 08:19:27.744,1.0509,1.05102,3.00,1.50
2012.03.14 08:19:28.195,1.0509,1.05098,1.50,1.20
2012.03.14 08:19:28.812,1.05091,1.05101,1.50,1.50
2012.03.14 08:19:29.173,1.05088,1.051,2.25,1.50
2012.03.14 08:19:29.595,1.0509,1.05102,1.50,1.50
2012.03.14 08:19:30.642,1.05093,1.05102,1.20,1.50
2012.03.14 08:19:31.929,1.05092,1.05102,2.25,1.50
2012.03.14 08:19:32.287,1.05087,1.05097,6.64,1.50
2012.03.14 08:19:32.777,1.05089,1.05099,1.50,1.50
2012.03.14 08:19:35.228,1.0509,1.05102,1.50,1.50
2012.03.14 08:19:35.432,1.05088,1.051,2.25,1.50
2012.03.14 08:19:35.979,1.05087,1.05093,2.25,1.20
2012.03.14 08:19:36.410,1.05086,1.05095,1.50,3.19
2012.03.14 08:19:36.486,1.05084,1.0509,1.50,1.50
2012.03.14 08:19:36.627,1.05084,1.05093,1.50,1.50
2012.03.14 08:19:36.703,1.05082,1.05092,1.20,1.50
2012.03.14 08:19:36.908,1.05082,1.0509,1.20,1.50
2012.03.14 08:19:37.385,1.05082,1.05093,1.20,1.50
2012.03.14 08:19:37.831,1.05082,1.05091,1.20,1.50
2012.03.14 08:19:39.119,1.05083,1.05094,1.50,1.69
2012.03.14 08:19:39.683,1.05083,1.05093,1.50,1.50
2012.03.14 08:19:40.341,1.05083,1.05093,2.25,1.50
2012.03.14 08:19:40.425,1.05088,1.05098,1.50,3.35
2012.03.14 08:19:40.743,1.05086,1.05096,1.50,1.69
2012.03.14 08:19:41.186,1.05083,1.05095,4.13,1.50
2012.03.14 08:19:41.725,1.05084,1.05095,2.25,1.50
2012.03.14 08:19:42.012,1.05087,1.05096,2.55,1.50
2012.03.14 08:19:42.508,1.0509,1.05097,1.50,2.70
2012.03.14 08:19:42.602,1.05088,1.05097,3.75,1.20
2012.03.14 08:19:43.454,1.05088,1.05098,1.50,1.50
2012.03.14 08:19:43.669,1.0509,1.05098,1.13,1.50
2012.03.14 08:19:43.749,1.05091,1.05103,1.50,2.89
2012.03.14 08:19:43.897,1.05092,1.05103,1.13,2.89
2012.03.14 08:19:44.338,1.05094,1.05103,2.25,1.39
2012.03.14 08:19:44.420,1.05094,1.05103,1.50,1.20
2012.03.14 08:19:44.916,1.05092,1.05102,6.00,1.50
2012.03.14 08:19:45.468,1.05093,1.05102,1.88,1.50
2012.03.14 08:19:47.535,1.05092,1.05102,5.63,1.50
2012.03.14 08:19:48.438,1.05092,1.05102,3.75,1.50
2012.03.14 08:19:48.519,1.05092,1.051,1.50,1.50
2012.03.14 08:19:48.822,1.05088,1.05096,2.25,1.50
2012.03.14 08:19:48.897,1.05086,1.05096,3.00,1.50
2012.03.14 08:19:51.218,1.05086,1.05096,2.25,1.50
2012.03.14 08:19:51.289,1.05087,1.05096,1.50,1.50
2012.03.14 08:19:51.702,1.05089,1.05098,2.25,2.70
2012.03.14 08:19:52.209,1.05088,1.05097,1.50,1.20
2012.03.14 08:19:57.874,1.05088,1.05096,1.50,1.20
2012.03.14 08:19:58.948,1.05088,1.05096,1.50,1.58
2012.03.14 08:19:59.032,1.05088,1.05092,1.50,1.20
2012.03.14 08:19:59.482,1.05083,1.05092,2.25,1.20
2012.03.14 08:19:59.558,1.05079,1.05088,1.50,1.50
2012.03.14 08:19:59.837,1.05079,1.0509,3.75,1.88
2012.03.14 08:20:00.703,1.05079,1.05091,3.00,4.13
2012.03.14 08:20:01.266,1.05079,1.0509,3.00,1.50
2012.03.14 08:20:01.747,1.05078,1.05088,5.44,1.50
2012.03.14 08:20:02.279,1.05078,1.05088,5.25,1.50
2012.03.14 08:20:03.521,1.05078,1.05088,5.25,1.50
2012.03.14 08:20:03.858,1.05081,1.0509,1.95,1.50
2012.03.14 08:20:04.218,1.05082,1.05093,6.08,1.50
2012.03.14 08:20:04.363,1.05082,1.05089,3.83,1.35
2012.03.14 08:20:05.046,1.05075,1.05081,1.50,2.70
2012.03.14 08:20:05.598,1.05074,1.05082,1.50,1.20
2012.03.14 08:20:06.025,1.05074,1.05085,3.00,2.25
2012.03.14 08:20:06.096,1.05075,1.05087,3.00,3.45
2012.03.14 08:20:06.236,1.05079,1.05087,1.50,1.58
2012.03.14 08:20:07.302,1.05083,1.05092,1.50,1.80
2012.03.14 08:20:07.388,1.0508,1.05089,1.50,1.50
2012.03.14 08:20:07.869,1.05078,1.05089,4.20,1.50
2012.03.14 08:20:08.643,1.05078,1.05089,2.70,1.50
2012.03.14 08:20:08.727,1.05079,1.05091,3.00,1.50
2012.03.14 08:20:09.142,1.05082,1.05092,5.70,1.50
2012.03.14 08:20:09.424,1.05084,1.05095,2.25,1.50
2012.03.14 08:20:10.286,1.05082,1.05094,5.70,1.50
2012.03.14 08:20:10.781,1.05082,1.05094,5.70,1.50
2012.03.14 08:20:11.281,1.0508,1.05091,2.25,1.50
2012.03.14 08:20:11.616,1.05083,1.05091,1.20,1.50
2012.03.14 08:20:12.030,1.05083,1.05094,1.20,1.50
2012.03.14 08:20:12.856,1.05083,1.05092,1.20,1.50
2012.03.14 08:20:13.194,1.05078,1.05088,2.25,1.50
2012.03.14 08:20:14.107,1.05078,1.0509,2.25,1.50
2012.03.14 08:20:14.669,1.05078,1.0509,1.50,1.50
2012.03.14 08:20:14.956,1.05077,1.05088,5.14,2.25
2012.03.14 08:20:15.308,1.05078,1.0509,1.50,2.25
2012.03.14 08:20:16.705,1.05078,1.0509,1.50,3.00
2012.03.14 08:20:17.370,1.05078,1.0509,1.50,1.50
2012.03.14 08:20:17.855,1.0508,1.05092,1.50,2.70
2012.03.14 08:20:18.177,1.0508,1.05087,1.50,1.20
2012.03.14 08:20:18.389,1.05078,1.05087,2.25,1.20
2012.03.14 08:20:18.964,1.05078,1.0509,2.25,2.25
2012.03.14 08:20:19.426,1.05081,1.05091,1.50,3.45
2012.03.14 08:20:20.466,1.05079,1.05089,1.50,1.50
2012.03.14 08:20:24.051,1.05079,1.05089,1.50,3.00
2012.03.14 08:20:24.409,1.05077,1.05086,3.75,1.20
2012.03.14 08:20:24.764,1.05075,1.05084,1.50,1.50
2012.03.14 08:20:25.086,1.05075,1.05086,3.00,2.70
2012.03.14 08:20:25.894,1.05075,1.05084,1.50,1.50
2012.03.14 08:20:26.700,1.05075,1.05084,1.50,1.50
2012.03.14 08:20:28.144,1.05074,1.05084,3.00,1.50
2012.03.14 08:20:29.852,1.05075,1.05086,2.85,1.20
2012.03.14 08:20:30.598,1.05075,1.05086,2.93,1.20
2012.03.14 08:20:31.130,1.05075,1.05086,2.85,1.20
2012.03.14 08:20:34.090,1.05075,1.05086,2.85,1.20
2012.03.14 08:20:34.745,1.05079,1.05091,1.50,2.82
2012.03.14 08:20:34.965,1.05082,1.05092,1.50,2.89
2012.03.14 08:20:35.326,1.05084,1.05094,1.50,3.75
2012.03.14 08:20:35.397,1.05084,1.05094,1.50,3.00
2012.03.14 08:20:36.076,1.05083,1.05095,2.25,1.50
2012.03.14 08:20:38.695,1.05083,1.05092,2.25,1.20
2012.03.14 08:20:39.176,1.0508,1.05091,2.25,1.50
2012.03.14 08:20:39.708,1.05079,1.05091,3.38,1.69
2012.03.14 08:20:40.268,1.05079,1.05091,3.38,1.69
2012.03.14 08:20:40.346,1.05079,1.05088,1.88,1.50
2012.03.14 08:20:40.903,1.05079,1.05088,1.88,1.50
2012.03.14 08:20:41.094,1.05079,1.05091,3.38,1.50
2012.03.14 08:20:43.516,1.05079,1.05087,2.25,1.20
2012.03.14 08:20:43.919,1.05085,1.0509,2.70,1.50
2012.03.14 08:20:44.135,1.05087,1.05096,2.25,1.50
2012.03.14 08:20:44.210,1.05087,1.05095,2.25,1.50
2012.03.14 08:20:44.287,1.05087,1.05091,2.25,1.20
2012.03.14 08:20:44.358,1.05084,1.05091,1.50,1.20
2012.03.14 08:20:44.496,1.05082,1.05091,1.50,1.20
2012.03.14 08:20:44.634,1.05079,1.05089,2.63,1.50
2012.03.14 08:20:44.705,1.05079,1.05089,2.25,1.50
2012.03.14 08:20:44.976,1.0508,1.05091,2.25,2.70
2012.03.14 08:20:46.746,1.05082,1.05094,3.45,1.50
2012.03.14 08:20:47.097,1.05085,1.05095,3.00,1.50
2012.03.14 08:20:47.449,1.05088,1.051,1.50,1.50
2012.03.14 08:20:47.735,1.05087,1.05096,3.45,1.50
2012.03.14 08:20:49.539,1.0509,1.051,1.50,1.50
2012.03.14 08:20:49.763,1.05091,1.051,4.47,1.50
2012.03.14 08:20:50.363,1.05098,1.05107,3.00,1.20
2012.03.14 08:20:51.037,1.05097,1.05107,1.13,2.70
2012.03.14 08:20:52.843,1.05094,1.05103,1.88,1.50
2012.03.14 08:20:53.209,1.05089,1.05098,1.50,1.50
2012.03.14 08:20:53.555,1.05091,1.05101,1.95,1.50
2012.03.14 08:20:54.117,1.05089,1.05101,4.13,2.70
2012.03.14 08:20:54.788,1.05089,1.051,3.00,1.50
2012.03.14 08:20:54.863,1.05088,1.05098,1.50,1.50
2012.03.14 08:20:57.143,1.05089,1.05101,1.50,2.89
2012.03.14 08:20:58.043,1.05088,1.05098,2.25,1.50
2012.03.14 08:20:59.189,1.05091,1.05101,3.00,3.08
2012.03.14 08:20:59.548,1.05094,1.05102,4.88,1.20
2012.03.14 08:21:00.040,1.05092,1.05102,2.70,2.25
2012.03.14 08:21:00.117,1.05092,1.05104,3.45,1.50
2012.03.14 08:21:00.634,1.05092,1.05104,3.45,1.50
2012.03.14 08:21:01.404,1.05092,1.05102,2.25,1.20
2012.03.14 08:21:01.549,1.05091,1.05101,1.50,1.50
2012.03.14 08:21:02.277,1.05089,1.051,3.00,1.50
2012.03.14 08:21:02.805,1.05091,1.05101,1.50,1.50
2012.03.14 08:21:04.626,1.05088,1.051,2.25,2.70
2012.03.14 08:21:04.908,1.05088,1.051,1.50,3.45
2012.03.14 08:21:05.445,1.05088,1.051,2.25,3.45
2012.03.14 08:21:05.654,1.05088,1.05099,2.25,2.15
2012.03.14 08:21:06.261,1.05086,1.05091,1.50,1.20
2012.03.14 08:21:06.359,1.05079,1.05087,3.00,1.50
2012.03.14 08:21:06.512,1.05082,1.05087,1.20,1.50
2012.03.14 08:21:06.578,1.05083,1.05092,3.65,4.50
2012.03.14 08:21:07.014,1.05087,1.05096,1.50,1.13
2012.03.14 08:21:07.087,1.05088,1.05096,2.15,1.13
2012.03.14 08:21:07.900,1.05088,1.05097,2.15,2.25
2012.03.14 08:21:08.559,1.05089,1.05099,2.25,2.25
2012.03.14 08:21:09.126,1.05091,1.05101,1.69,2.25
2012.03.14 08:21:09.980,1.05091,1.05101,1.69,2.25
2012.03.14 08:21:10.743,1.05091,1.05101,1.69,2.25
2012.03.14 08:21:15.452,1.05091,1.05101,1.69,2.25
2012.03.14 08:21:20.238,1.05089,1.05099,3.65,1.50
2012.03.14 08:21:20.575,1.05088,1.05097,2.15,1.50
2012.03.14 08:21:23.140,1.05089,1.05097,2.15,1.50
2012.03.14 08:21:23.567,1.05091,1.05101,1.69,1.50
2012.03.14 08:21:24.271,1.05089,1.051,2.15,1.50
2012.03.14 08:21:26.133,1.05089,1.05097,2.15,1.50
2012.03.14 08:21:26.820,1.05089,1.051,2.15,1.50
2012.03.14 08:21:28.369,1.05091,1.05102,2.07,3.75
2012.03.14 08:21:30.595,1.05091,1.05101,4.13,1.50
2012.03.14 08:21:31.708,1.05096,1.05102,2.15,2.25
2012.03.14 08:21:32.189,1.05099,1.05109,1.50,3.00
2012.03.14 08:21:32.673,1.05099,1.05107,2.15,1.50
2012.03.14 08:21:37.187,1.05097,1.05107,2.44,2.70
2012.03.14 08:21:37.259,1.05095,1.05106,4.50,1.88
2012.03.14 08:21:37.966,1.05097,1.05106,1.39,1.50
2012.03.14 08:21:38.396,1.05098,1.05106,2.15,1.50
2012.03.14 08:21:39.214,1.05095,1.05106,2.44,1.50
2012.03.14 08:21:39.990,1.05094,1.05102,2.25,1.20
2012.03.14 08:21:40.283,1.0509,1.05101,2.15,1.50
2012.03.14 08:21:40.358,1.0509,1.05099,2.15,1.50
2012.03.14 08:21:40.905,1.05091,1.051,1.13,1.50
2012.03.14 08:21:44.707,1.0509,1.051,2.63,1.50
2012.03.14 08:21:45.063,1.05089,1.05096,2.15,1.50
2012.03.14 08:21:45.485,1.05089,1.05098,2.15,1.50
2012.03.14 08:21:50.477,1.0509,1.051,1.69,1.50
2012.03.14 08:21:50.986,1.0509,1.05098,1.69,1.20
2012.03.14 08:21:51.332,1.05087,1.05095,1.20,1.50
2012.03.14 08:21:51.919,1.05085,1.05095,3.04,1.50
2012.03.14 08:21:52.067,1.05084,1.05093,3.00,1.50
2012.03.14 08:21:52.144,1.05083,1.05091,1.95,1.50
2012.03.14 08:21:52.766,1.05082,1.05092,1.88,1.20
2012.03.14 08:21:53.340,1.05081,1.05091,3.65,1.50
2012.03.14 08:21:53.416,1.05081,1.05091,1.50,1.50
2012.03.14 08:21:58.768,1.05081,1.05091,3.00,1.50
2012.03.14 08:21:59.321,1.05082,1.05091,1.20,1.50
2012.03.14 08:22:02.711,1.05085,1.05097,1.50,3.00
2012.03.14 08:22:02.989,1.05084,1.05095,2.25,1.50
2012.03.14 08:22:03.380,1.05083,1.05095,2.44,1.50
2012.03.14 08:22:03.453,1.05083,1.05092,2.44,1.20
2012.03.14 08:22:03.984,1.05083,1.05093,3.45,2.25
2012.03.14 08:22:04.635,1.05086,1.05096,1.50,1.50
2012.03.14 08:22:04.963,1.05083,1.05095,2.70,1.50
2012.03.14 08:22:07.259,1.05083,1.05093,1.20,1.50
2012.03.14 08:22:09.067,1.05083,1.05094,2.70,1.50
2012.03.14 08:22:09.573,1.05083,1.05095,2.70,1.50
2012.03.14 08:22:11.183,1.05083,1.0509,1.20,1.50
2012.03.14 08:22:11.260,1.0508,1.0509,3.19,1.50
2012.03.14 08:22:11.817,1.05079,1.05089,3.00,1.50
2012.03.14 08:22:12.025,1.05081,1.05092,1.69,1.95
2012.03.14 08:22:13.688,1.05082,1.05093,1.20,4.50
2012.03.14 08:22:14.209,1.05082,1.05093,1.58,1.50
2012.03.14 08:22:16.521,1.05081,1.05092,2.25,1.95
2012.03.14 08:22:16.596,1.0508,1.0509,3.19,1.50
2012.03.14 08:22:16.946,1.05083,1.0509,1.20,1.50
2012.03.14 08:22:17.457,1.05083,1.05093,1.20,2.25
2012.03.14 08:22:18.834,1.05083,1.0509,1.58,1.50
2012.03.14 08:22:18.979,1.05083,1.05093,3.08,1.50
2012.03.14 08:22:19.527,1.05084,1.05096,1.50,1.50
2012.03.14 08:22:19.612,1.05088,1.05098,2.44,3.38
2012.03.14 08:22:24.207,1.0509,1.051,1.50,1.50
2012.03.14 08:22:24.758,1.0509,1.051,3.75,1.50
2012.03.14 08:22:24.850,1.05093,1.05102,3.00,2.25
2012.03.14 08:22:25.351,1.05092,1.05102,2.25,3.75
2012.03.14 08:22:26.453,1.05092,1.05102,3.00,3.75
2012.03.14 08:22:26.818,1.05092,1.05098,1.50,1.50
2012.03.14 08:22:27.172,1.05089,1.05095,2.15,1.50
2012.03.14 08:22:27.245,1.05089,1.05098,2.15,1.50
2012.03.14 08:22:27.535,1.05087,1.05098,1.95,1.50
2012.03.14 08:22:27.995,1.05086,1.05095,3.35,1.50
2012.03.14 08:22:28.432,1.05086,1.05095,1.20,1.50
2012.03.14 08:22:28.515,1.05083,1.05093,3.19,1.50
2012.03.14 08:22:28.820,1.05084,1.05096,1.69,1.50
2012.03.14 08:22:29.737,1.05083,1.05092,1.50,1.50
2012.03.14 08:22:30.266,1.05083,1.05093,3.00,1.50
2012.03.14 08:22:31.206,1.05085,1.05095,1.50,1.50
2012.03.14 08:22:32.774,1.05083,1.05093,3.75,1.50
2012.03.14 08:22:33.417,1.05087,1.05098,1.50,3.45
2012.03.14 08:22:34.094,1.05086,1.05096,1.50,1.50
2012.03.14 08:22:34.434,1.05088,1.05098,1.50,3.45
2012.03.14 08:22:34.873,1.05086,1.05096,1.50,1.50
2012.03.14 08:22:35.530,1.05084,1.05093,1.50,1.50
2012.03.14 08:22:36.028,1.05083,1.05093,4.69,1.50
2012.03.14 08:22:36.344,1.05085,1.05095,1.50,1.50
2012.03.14 08:22:36.680,1.05089,1.05098,1.50,3.45
2012.03.14 08:22:37.232,1.05089,1.05097,1.50,1.50
2012.03.14 08:22:37.306,1.05084,1.05096,1.50,1.50
2012.03.14 08:22:38.456,1.05086,1.05096,1.20,1.50
2012.03.14 08:22:38.804,1.05088,1.05098,1.69,1.50
2012.03.14 08:22:39.292,1.05085,1.05095,1.50,1.50
2012.03.14 08:22:39.847,1.05086,1.05096,1.50,1.50
2012.03.14 08:22:41.207,1.05086,1.05096,1.50,3.75
2012.03.14 08:22:41.405,1.05083,1.05092,1.20,1.50
2012.03.14 08:22:42.128,1.05081,1.05092,1.32,2.70
2012.03.14 08:22:42.261,1.05081,1.05089,1.32,1.50
2012.03.14 08:22:42.678,1.05082,1.05092,1.50,4.20
2012.03.14 08:22:43.197,1.05079,1.05091,3.38,1.50
2012.03.14 08:22:43.773,1.05082,1.05092,1.50,5.70
2012.03.14 08:22:44.716,1.05079,1.05091,2.44,1.50
2012.03.14 08:22:49.269,1.05079,1.05091,3.38,1.50
2012.03.14 08:22:49.486,1.05082,1.05092,1.20,2.25
2012.03.14 08:22:50.061,1.05083,1.05095,1.50,2.25
2012.03.14 08:22:50.597,1.05082,1.05092,2.70,1.50
2012.03.14 08:22:52.775,1.0508,1.05088,2.25,1.20
2012.03.14 08:22:52.854,1.05075,1.0508,1.80,1.50
2012.03.14 08:22:53.002,1.0507,1.0508,1.50,1.50
2012.03.14 08:22:53.076,1.0507,1.05078,1.50,1.50
2012.03.14 08:22:53.295,1.0507,1.05081,1.50,1.50
2012.03.14 08:22:53.650,1.05069,1.05081,1.69,1.50
2012.03.14 08:22:55.187,1.05068,1.05079,2.25,1.50
2012.03.14 08:22:55.598,1.05071,1.05081,1.50,1.50
2012.03.14 08:22:56.197,1.05071,1.05076,1.50,1.80
2012.03.14 08:22:56.275,1.05067,1.05076,1.50,4.05
2012.03.14 08:22:56.676,1.05066,1.05072,1.13,1.95
2012.03.14 08:22:56.755,1.0506,1.0507,4.13,1.50
2012.03.14 08:22:56.829,1.05061,1.05072,2.25,1.95
2012.03.14 08:22:56.970,1.05064,1.05072,1.50,1.95
2012.03.14 08:22:57.050,1.05062,1.05072,1.50,3.45
2012.03.14 08:22:59.191,1.05059,1.05071,4.13,1.50
2012.03.14 08:22:59.465,1.05059,1.05071,2.63,3.30
2012.03.14 08:23:00.030,1.05059,1.05067,1.50,1.20
2012.03.14 08:23:00.391,1.05057,1.05067,3.00,1.20
2012.03.14 08:23:00.477,1.05057,1.05063,1.50,1.95
2012.03.14 08:23:00.617,1.05052,1.05062,3.00,3.00
2012.03.14 08:23:07.418,1.05055,1.05062,1.50,4.20
2012.03.14 08:23:08.075,1.05052,1.05062,1.50,4.20
2012.03.14 08:23:08.667,1.05054,1.05062,1.50,4.20
2012.03.14 08:23:11.785,1.05053,1.05062,1.50,4.20
2012.03.14 08:23:12.778,1.05053,1.05062,1.88,4.20
2012.03.14 08:23:13.047,1.05055,1.05065,1.50,1.88
2012.03.14 08:23:13.762,1.05054,1.05066,2.25,1.50
2012.03.14 08:23:15.665,1.05057,1.05067,1.50,2.25
2012.03.14 08:23:16.085,1.05057,1.05067,1.50,3.00
2012.03.14 08:23:16.853,1.0505,1.05058,2.25,1.50
2012.03.14 08:23:16.931,1.05051,1.05061,1.69,1.50
2012.03.14 08:23:17.495,1.05051,1.05061,1.50,1.50
2012.03.14 08:23:17.634,1.05048,1.0506,3.75,1.50
2012.03.14 08:23:17.709,1.05048,1.05058,3.00,1.20
2012.03.14 08:23:18.066,1.05046,1.05053,1.88,1.20
2012.03.14 08:23:18.419,1.05048,1.05057,1.20,1.50
2012.03.14 08:23:18.567,1.0505,1.05058,1.50,1.50
2012.03.14 08:23:18.916,1.05051,1.05062,1.50,3.49
2012.03.14 08:23:18.998,1.05048,1.05059,2.70,2.25
2012.03.14 08:23:19.126,1.0505,1.05062,1.50,4.39
2012.03.14 08:23:19.681,1.0505,1.05062,1.50,4.39
2012.03.14 08:23:20.185,1.0505,1.05062,1.50,3.19
2012.03.14 08:23:20.799,1.05053,1.05062,1.20,1.50
2012.03.14 08:23:21.217,1.05054,1.05064,1.50,1.69
2012.03.14 08:23:21.763,1.05053,1.05063,1.20,1.50
2012.03.14 08:23:22.094,1.05053,1.05065,2.70,2.25
2012.03.14 08:23:22.242,1.05057,1.05065,1.20,2.25
2012.03.14 08:23:22.388,1.05057,1.05068,1.20,5.63
2012.03.14 08:23:22.753,1.05054,1.05064,3.08,1.50
2012.03.14 08:23:23.116,1.05049,1.05059,7.32,1.50
2012.03.14 08:23:23.185,1.05049,1.05059,4.32,1.50
2012.03.14 08:23:23.449,1.05053,1.05059,1.20,1.50
2012.03.14 08:23:23.597,1.05053,1.05061,1.20,1.50
2012.03.14 08:23:23.667,1.05053,1.05063,1.20,1.88
2012.03.14 08:23:26.968,1.05053,1.05064,2.70,1.69
2012.03.14 08:23:27.136,1.05055,1.05064,1.50,1.69
2012.03.14 08:23:28.335,1.05052,1.05062,2.25,4.95
2012.03.14 08:23:28.915,1.05053,1.05062,1.50,3.45
2012.03.14 08:23:33.624,1.05053,1.05062,3.00,1.20
2012.03.14 08:23:35.343,1.05053,1.05062,2.25,1.20
2012.03.14 08:23:35.874,1.05053,1.05062,2.25,1.20
2012.03.14 08:23:36.575,1.05053,1.05062,3.00,1.20
2012.03.14 08:23:37.440,1.05053,1.05062,4.50,1.20
2012.03.14 08:23:37.515,1.05054,1.05063,1.88,2.25
2012.03.14 08:23:37.588,1.05059,1.05068,1.50,4.17
2012.03.14 08:23:38.121,1.05059,1.05068,1.50,2.14
2012.03.14 08:23:38.197,1.05055,1.05067,2.25,1.50
2012.03.14 08:23:39.799,1.05055,1.05063,1.50,1.20
2012.03.14 08:23:39.881,1.05051,1.05063,2.25,2.70
2012.03.14 08:23:40.166,1.05049,1.05061,4.95,1.50
2012.03.14 08:23:40.520,1.05052,1.05062,1.50,1.50
2012.03.14 08:23:41.054,1.05053,1.05063,2.25,1.20
2012.03.14 08:23:41.976,1.05053,1.05064,1.50,3.45
2012.03.14 08:23:43.196,1.05052,1.05062,3.00,1.50
2012.03.14 08:23:43.736,1.05052,1.05062,1.50,3.00
2012.03.14 08:23:44.413,1.05052,1.05062,1.50,2.25
2012.03.14 08:23:44.614,1.0505,1.05061,1.20,1.50
2012.03.14 08:23:45.075,1.0505,1.05061,1.20,4.50
2012.03.14 08:23:45.287,1.05046,1.05058,5.82,1.50
2012.03.14 08:23:45.499,1.05045,1.05056,2.89,1.50
2012.03.14 08:23:46.488,1.05046,1.05058,1.50,2.44
2012.03.14 08:23:47.366,1.05046,1.05058,1.50,3.00
2012.03.14 08:23:48.058,1.05046,1.05057,1.50,1.20
2012.03.14 08:23:49.256,1.05046,1.05054,1.50,1.20
2012.03.14 08:23:49.593,1.05042,1.05054,2.25,5.70
2012.03.14 08:23:49.678,1.05038,1.0505,3.45,1.50
2012.03.14 08:23:49.754,1.05041,1.05051,1.50,1.50
2012.03.14 08:23:50.098,1.05038,1.0505,3.45,1.50
2012.03.14 08:23:50.381,1.05041,1.05051,1.50,1.50
2012.03.14 08:23:51.676,1.05039,1.05048,1.50,1.13
2012.03.14 08:23:52.030,1.05029,1.05038,1.50,1.50
2012.03.14 08:23:52.457,1.0503,1.05038,1.50,1.50
2012.03.14 08:23:52.598,1.05032,1.05038,1.50,1.50
2012.03.14 08:23:52.741,1.05034,1.05042,1.50,1.58
2012.03.14 08:23:55.422,1.05034,1.05044,1.50,4.13
2012.03.14 08:23:55.579,1.05033,1.05045,1.20,1.50
2012.03.14 08:23:56.164,1.05033,1.05044,1.20,1.69
2012.03.14 08:23:57.223,1.05031,1.05043,2.25,3.45
2012.03.14 08:23:57.647,1.05029,1.05039,3.75,1.50
2012.03.14 08:23:57.719,1.05031,1.05041,1.50,1.50
2012.03.14 08:23:58.220,1.05035,1.05044,1.20,2.28
2012.03.14 08:23:58.370,1.05035,1.05045,2.70,1.13
2012.03.14 08:23:58.447,1.05036,1.05046,2.25,1.13
2012.03.14 08:23:58.656,1.05034,1.05044,1.50,3.75
2012.03.14 08:23:58.865,1.05031,1.05043,1.50,1.50
2012.03.14 08:23:59.396,1.05032,1.05043,1.95,1.50
2012.03.14 08:23:59.860,1.05032,1.05043,2.70,2.25
2012.03.14 08:24:00.082,1.05036,1.05046,2.25,2.25
2012.03.14 08:24:00.159,1.05036,1.05046,4.50,3.00
2012.03.14 08:24:00.521,1.05033,1.05044,1.50,1.50
2012.03.14 08:24:00.743,1.05033,1.05044,2.25,2.90
2012.03.14 08:24:00.899,1.05031,1.05042,2.25,1.95
2012.03.14 08:24:01.491,1.05029,1.05042,2.25,1.95
2012.03.14 08:24:01.585,1.05032,1.05043,4.20,3.38
2012.03.14 08:24:02.163,1.05034,1.05043,1.50,1.88
2012.03.14 08:24:02.662,1.05032,1.05042,5.70,1.50
2012.03.14 08:24:03.966,1.05038,1.05042,1.20,1.50
2012.03.14 08:24:04.048,1.05039,1.0505,1.50,3.38
2012.03.14 08:24:04.126,1.05039,1.0505,2.25,2.63
2012.03.14 08:24:04.212,1.05042,1.05052,1.50,3.45
2012.03.14 08:24:04.561,1.05044,1.05052,1.50,1.95
2012.03.14 08:24:06.030,1.05042,1.05052,2.25,2.70
2012.03.14 08:24:06.633,1.05043,1.05052,1.13,1.50
2012.03.14 08:24:06.733,1.05044,1.05054,2.25,3.75
2012.03.14 08:24:06.797,1.05045,1.05054,3.00,3.75
2012.03.14 08:24:06.948,1.05049,1.05057,1.50,1.58
2012.03.14 08:24:07.507,1.05048,1.05057,1.50,1.20
2012.03.14 08:24:09.959,1.05049,1.05057,1.50,1.20
2012.03.14 08:24:11.655,1.05049,1.0506,1.50,2.25
2012.03.14 08:24:12.007,1.05052,1.05062,1.50,5.33
2012.03.14 08:24:12.204,1.0505,1.0506,1.50,1.50
2012.03.14 08:24:12.735,1.0505,1.0506,1.50,2.25
2012.03.14 08:24:13.274,1.0505,1.0506,1.50,2.25
2012.03.14 08:24:13.406,1.05048,1.05055,1.20,1.50
2012.03.14 08:24:13.680,1.05045,1.05053,1.50,2.25
2012.03.14 08:24:13.771,1.05048,1.05053,1.95,2.25
2012.03.14 08:24:13.851,1.05049,1.05058,1.50,2.81
2012.03.14 08:24:14.070,1.05051,1.05059,1.50,1.13
2012.03.14 08:24:14.637,1.05051,1.05055,1.50,1.80
2012.03.14 08:24:14.791,1.05044,1.05053,1.50,3.75
2012.03.14 08:24:15.428,1.05044,1.05053,2.25,2.25
2012.03.14 08:24:15.570,1.05048,1.05053,1.50,2.25
2012.03.14 08:24:15.650,1.05048,1.05057,1.50,1.13
2012.03.14 08:24:15.729,1.05048,1.05059,1.50,2.14
2012.03.14 08:24:18.438,1.05048,1.0506,2.70,1.88
2012.03.14 08:24:18.510,1.05051,1.05061,1.50,3.38
2012.03.14 08:24:19.112,1.05053,1.05063,1.20,4.50
2012.03.14 08:24:19.338,1.05053,1.05064,3.00,3.38
2012.03.14 08:24:19.599,1.05052,1.05062,1.50,1.50
2012.03.14 08:24:19.957,1.05054,1.05064,1.50,4.88
2012.03.14 08:24:21.084,1.05056,1.05067,2.89,1.50
2012.03.14 08:24:21.367,1.05057,1.05069,1.50,2.63
2012.03.14 08:24:21.505,1.05057,1.05069,1.50,2.85
2012.03.14 08:24:22.439,1.05057,1.05069,1.69,3.60
2012.03.14 08:24:23.262,1.05057,1.05069,1.69,2.25
2012.03.14 08:24:25.446,1.05057,1.05066,1.50,1.20
2012.03.14 08:24:25.587,1.05054,1.05064,1.69,2.25
2012.03.14 08:24:25.871,1.05056,1.05064,1.50,2.25
2012.03.14 08:24:25.950,1.05058,1.05069,1.50,3.98
2012.03.14 08:24:26.097,1.05058,1.05069,1.69,2.10
2012.03.14 08:24:29.795,1.05058,1.0507,1.69,2.25
2012.03.14 08:24:29.925,1.0506,1.0507,1.39,2.25
2012.03.14 08:24:30.694,1.05058,1.05068,2.25,1.50
2012.03.14 08:24:30.908,1.0506,1.0507,1.69,2.10
2012.03.14 08:24:32.308,1.05062,1.05072,1.50,4.88
2012.03.14 08:24:33.173,1.05063,1.05075,1.50,5.10
2012.03.14 08:24:33.710,1.05062,1.05072,1.50,2.25
2012.03.14 08:24:34.279,1.05062,1.05072,1.50,3.00
2012.03.14 08:24:34.819,1.05062,1.05072,1.50,3.38
2012.03.14 08:24:35.988,1.0506,1.0507,1.20,1.50
2012.03.14 08:24:36.532,1.05061,1.05071,1.50,1.50
2012.03.14 08:24:37.907,1.05059,1.05069,1.50,1.50
2012.03.14 08:24:42.397,1.05059,1.05069,1.50,2.25
2012.03.14 08:24:43.381,1.05059,1.05069,1.50,3.00
2012.03.14 08:24:43.744,1.05059,1.05066,1.50,2.44
2012.03.14 08:24:43.826,1.05054,1.05066,1.50,4.69
2012.03.14 08:24:43.980,1.05051,1.05062,2.33,1.50
2012.03.14 08:24:44.130,1.05051,1.05059,1.58,1.50
2012.03.14 08:24:44.278,1.05051,1.05061,3.08,1.50
2012.03.14 08:24:44.857,1.05052,1.05063,1.50,3.00
2012.03.14 08:24:45.398,1.05051,1.05061,1.50,4.20
2012.03.14 08:24:47.101,1.05051,1.05061,2.70,3.00
2012.03.14 08:24:47.662,1.05051,1.05057,1.20,1.50
2012.03.14 08:24:47.731,1.05047,1.05057,5.63,1.50
2012.03.14 08:24:47.806,1.05047,1.05059,4.88,1.50
2012.03.14 08:24:48.347,1.05047,1.05059,1.88,2.25
2012.03.14 08:24:48.884,1.05047,1.05059,1.88,2.25
2012.03.14 08:24:49.550,1.05047,1.05059,2.63,2.25
2012.03.14 08:24:49.938,1.05051,1.05061,1.20,3.00
2012.03.14 08:24:50.255,1.05053,1.05062,1.50,2.29
2012.03.14 08:24:50.445,1.05053,1.05062,1.50,1.69
2012.03.14 08:24:50.517,1.05051,1.05061,2.70,2.25
2012.03.14 08:24:51.043,1.05051,1.0506,1.20,1.50
2012.03.14 08:24:51.687,1.05051,1.05062,1.20,2.44
2012.03.14 08:24:54.147,1.05052,1.05063,1.50,1.69
2012.03.14 08:24:54.670,1.05051,1.05061,2.70,2.25
2012.03.14 08:24:56.806,1.05048,1.0506,2.63,1.50
2012.03.14 08:24:58.168,1.05052,1.05062,1.50,1.50
2012.03.14 08:24:58.832,1.0505,1.0506,1.50,1.50
2012.03.14 08:24:59.378,1.05054,1.05062,1.50,2.63
2012.03.14 08:24:59.520,1.05051,1.05062,1.50,2.25
2012.03.14 08:25:00.079,1.05051,1.05063,1.50,3.04
2012.03.14 08:25:00.958,1.0505,1.05061,1.20,1.50
2012.03.14 08:25:02.792,1.05049,1.05061,2.25,2.70
2012.03.14 08:25:03.129,1.05047,1.05059,3.64,1.50
2012.03.14 08:25:03.476,1.0505,1.05059,1.20,1.50
2012.03.14 08:25:03.619,1.05047,1.05059,4.02,1.50
2012.03.14 08:25:03.760,1.0505,1.0506,1.50,2.25
2012.03.14 08:25:03.838,1.05047,1.05059,4.39,1.50
2012.03.14 08:25:04.406,1.05049,1.05061,1.50,3.45
2012.03.14 08:25:06.825,1.05048,1.05058,1.69,1.50
2012.03.14 08:25:07.465,1.0505,1.0506,1.50,2.25
2012.03.14 08:25:08.455,1.0505,1.0506,1.50,3.00
2012.03.14 08:25:08.585,1.05048,1.05058,3.19,2.25
2012.03.14 08:25:10.004,1.05049,1.0506,1.50,2.25
2012.03.14 08:25:14.190,1.05049,1.05061,4.40,3.45
2012.03.14 08:25:14.289,1.05056,1.05062,1.95,1.50
2012.03.14 08:25:14.514,1.05051,1.05063,7.20,2.63
2012.03.14 08:25:14.587,1.05054,1.05064,1.50,2.63
2012.03.14 08:25:15.135,1.0505,1.05062,3.45,1.50
2012.03.14 08:25:16.466,1.05051,1.05062,1.20,2.10
2012.03.14 08:25:16.988,1.05056,1.05063,1.20,2.63
2012.03.14 08:25:17.066,1.05056,1.05066,1.20,1.13
2012.03.14 08:25:17.645,1.05056,1.05064,1.20,1.50
2012.03.14 08:25:18.140,1.05056,1.05061,1.20,1.50
2012.03.14 08:25:18.219,1.05052,1.05061,1.13,1.50
2012.03.14 08:25:18.754,1.05051,1.05061,4.20,1.50
2012.03.14 08:25:18.827,1.05052,1.05064,1.50,2.25
2012.03.14 08:25:22.152,1.05051,1.05062,2.70,1.50
2012.03.14 08:25:22.897,1.05049,1.05059,1.50,1.50
2012.03.14 08:25:25.387,1.05052,1.05063,1.50,1.50
2012.03.14 08:25:25.735,1.05056,1.05064,1.20,1.50
2012.03.14 08:25:26.298,1.05056,1.05061,1.20,1.50
2012.03.14 08:25:26.484,1.05056,1.05063,1.20,3.75
2012.03.14 08:25:27.437,1.05047,1.05051,1.20,1.50
2012.03.14 08:25:27.510,1.05046,1.05051,1.32,1.50
2012.03.14 08:25:27.900,1.05048,1.05053,1.69,1.50
2012.03.14 08:25:27.990,1.05046,1.05054,1.13,1.50
2012.03.14 08:25:28.347,1.05044,1.05052,1.50,1.50
2012.03.14 08:25:28.491,1.05041,1.05051,1.20,1.50
2012.03.14 08:25:29.051,1.05042,1.05052,1.50,1.50
2012.03.14 08:25:29.582,1.05043,1.05055,1.50,3.83
2012.03.14 08:25:29.673,1.05045,1.05055,1.20,2.63
2012.03.14 08:25:29.750,1.05043,1.05054,1.50,1.50
2012.03.14 08:25:30.098,1.05041,1.05053,1.88,2.25
2012.03.14 08:25:32.009,1.05043,1.05054,1.50,2.25
2012.03.14 08:25:32.080,1.05043,1.05055,1.50,2.63
2012.03.14 08:25:32.484,1.05046,1.05056,1.20,3.00
2012.03.14 08:25:33.297,1.05046,1.05056,2.70,2.44
2012.03.14 08:25:34.634,1.05046,1.05055,1.20,1.50
2012.03.14 08:25:35.427,1.05048,1.05057,1.50,2.44
2012.03.14 08:25:35.653,1.05043,1.05053,1.50,1.50
2012.03.14 08:25:36.978,1.05045,1.05054,1.50,1.13
2012.03.14 08:25:37.679,1.05042,1.05054,1.50,2.63
2012.03.14 08:25:40.072,1.05042,1.05054,1.50,2.25
2012.03.14 08:25:41.476,1.05044,1.05055,1.50,1.69
2012.03.14 08:25:42.723,1.05044,1.05056,1.50,7.69
2012.03.14 08:25:42.869,1.0504,1.0505,7.95,1.50
2012.03.14 08:25:43.011,1.0504,1.05048,2.63,1.50
2012.03.14 08:25:43.439,1.05038,1.05048,1.50,1.50
2012.03.14 08:25:44.115,1.05039,1.05049,1.50,1.50
2012.03.14 08:25:48.382,1.05037,1.05048,1.50,1.50
2012.03.14 08:25:48.600,1.05035,1.05045,3.64,1.50
2012.03.14 08:25:49.340,1.05034,1.05045,2.25,1.88
2012.03.14 08:25:50.885,1.05036,1.05045,1.20,1.88
2012.03.14 08:25:51.444,1.05036,1.05046,2.70,1.50
2012.03.14 08:25:52.364,1.05036,1.05046,3.45,1.50
2012.03.14 08:25:52.708,1.0504,1.05048,1.20,1.50
2012.03.14 08:25:52.846,1.0504,1.0505,2.70,3.00
2012.03.14 08:25:53.363,1.0504,1.05049,1.20,1.50
2012.03.14 08:25:55.132,1.0504,1.05051,1.20,2.25
2012.03.14 08:25:55.281,1.05042,1.05052,1.50,1.50
2012.03.14 08:25:55.884,1.0504,1.05052,3.45,2.25
2012.03.14 08:25:58.052,1.05042,1.05052,1.20,1.50
2012.03.14 08:25:58.270,1.05042,1.05054,4.20,1.88
2012.03.14 08:25:58.567,1.05042,1.0505,2.70,1.50
2012.03.14 08:25:58.975,1.05041,1.0505,3.00,1.50
2012.03.14 08:25:59.165,1.05041,1.05053,1.50,3.45
2012.03.14 08:25:59.296,1.05043,1.05053,1.50,1.20
2012.03.14 08:26:00.007,1.05041,1.05053,2.25,2.70
2012.03.14 08:26:00.347,1.05043,1.05053,1.50,1.20
2012.03.14 08:26:00.735,1.05047,1.05056,1.50,1.28
2012.03.14 08:26:01.080,1.05044,1.05056,2.25,1.88
2012.03.14 08:26:01.620,1.05045,1.05056,1.13,1.50
2012.03.14 08:26:01.777,1.05047,1.05057,2.70,3.00
2012.03.14 08:26:02.127,1.05053,1.05062,2.70,2.15
2012.03.14 08:26:02.609,1.05053,1.05061,1.20,1.50
2012.03.14 08:26:03.171,1.05051,1.05061,4.88,1.50
2012.03.14 08:26:03.457,1.0505,1.0506,1.88,1.50
2012.03.14 08:26:05.037,1.05048,1.05057,3.94,1.20
2012.03.14 08:26:06.957,1.05047,1.05057,1.50,2.70
2012.03.14 08:26:07.284,1.05044,1.05054,1.50,1.50
2012.03.14 08:26:10.266,1.05043,1.05052,1.95,1.50
2012.03.14 08:26:10.347,1.05039,1.05051,1.50,1.50
2012.03.14 08:26:12.879,1.05041,1.05052,1.50,1.39
2012.03.14 08:26:16.267,1.05043,1.05053,1.95,1.50
2012.03.14 08:26:16.617,1.05046,1.05057,1.50,2.70
2012.03.14 08:26:16.831,1.05044,1.05056,1.50,1.69
2012.03.14 08:26:17.384,1.05044,1.05056,1.50,1.50
2012.03.14 08:26:18.529,1.05043,1.0505,1.95,1.50
2012.03.14 08:26:18.610,1.05044,1.05054,1.50,1.50
2012.03.14 08:26:18.965,1.05045,1.05057,1.50,3.45
2012.03.14 08:26:19.167,1.05044,1.05054,1.50,1.50
2012.03.14 08:26:23.936,1.05046,1.05057,2.25,1.20
2012.03.14 08:26:24.499,1.05046,1.05057,3.00,1.20
2012.03.14 08:26:24.826,1.05046,1.05055,1.50,1.50
2012.03.14 08:26:26.968,1.05045,1.05055,2.25,1.50
2012.03.14 08:26:27.285,1.05046,1.05055,1.50,1.50
2012.03.14 08:26:27.824,1.05046,1.05055,1.50,1.50
2012.03.14 08:26:29.117,1.05045,1.05055,3.00,1.50
2012.03.14 08:26:29.780,1.05042,1.05053,2.63,1.20
2012.03.14 08:26:30.241,1.05044,1.05053,1.50,1.20
2012.03.14 08:26:30.746,1.05044,1.05054,1.50,2.33
2012.03.14 08:26:30.821,1.05042,1.05053,1.50,2.25
2012.03.14 08:26:31.016,1.05045,1.05054,1.50,3.68
2012.03.14 08:26:31.089,1.05042,1.05054,2.25,5.18
2012.03.14 08:26:31.883,1.05041,1.05051,2.25,1.50
2012.03.14 08:26:32.400,1.05043,1.05053,1.50,2.25
2012.03.14 08:26:34.449,1.05043,1.05053,2.10,2.25
2012.03.14 08:26:34.516,1.05044,1.05053,1.35,1.50
2012.03.14 08:26:34.871,1.0505,1.05055,1.50,1.88
2012.03.14 08:26:35.022,1.05045,1.05054,3.00,1.20
2012.03.14 08:26:35.099,1.05043,1.05054,1.88,3.45
2012.03.14 08:26:35.732,1.05042,1.05054,2.25,3.45
2012.03.14 08:26:37.655,1.05045,1.05054,1.50,2.33
2012.03.14 08:26:39.374,1.05043,1.05053,3.75,2.25
2012.03.14 08:26:42.249,1.05043,1.05053,2.25,4.95
2012.03.14 08:26:47.947,1.05043,1.05053,2.25,3.45
2012.03.14 08:26:48.026,1.0504,1.05053,5.25,1.39
2012.03.14 08:26:48.312,1.05043,1.05055,5.93,5.25
2012.03.14 08:26:48.396,1.05045,1.05055,1.13,3.00
2012.03.14 08:26:48.890,1.05047,1.05059,1.88,2.89
2012.03.14 08:26:49.309,1.05046,1.05058,1.13,1.69
2012.03.14 08:26:53.257,1.05049,1.05059,1.43,1.95
2012.03.14 08:26:53.791,1.05055,1.05065,2.25,2.25
2012.03.14 08:26:54.287,1.05056,1.05065,1.50,1.88
2012.03.14 08:26:54.359,1.05056,1.05065,1.50,1.88
2012.03.14 08:26:54.513,1.05053,1.05062,2.70,1.50
2012.03.14 08:26:55.084,1.05053,1.05063,2.70,2.25
2012.03.14 08:26:57.733,1.05053,1.05063,1.95,2.25
2012.03.14 08:26:57.994,1.05052,1.05063,3.75,2.25
2012.03.14 08:26:58.398,1.05051,1.05062,2.25,1.80
2012.03.14 08:26:58.676,1.0505,1.05059,2.25,1.95
2012.03.14 08:26:59.176,1.05052,1.05062,2.25,2.63
2012.03.14 08:26:59.263,1.0505,1.05059,2.25,1.95
2012.03.14 08:27:02.314,1.0505,1.05059,1.50,2.70
2012.03.14 08:27:02.460,1.05047,1.05058,1.50,1.69
2012.03.14 08:27:02.679,1.05047,1.05057,1.50,1.80
2012.03.14 08:27:02.818,1.05045,1.05054,2.25,1.95
2012.03.14 08:27:03.168,1.05044,1.05056,3.45,2.25
2012.03.14 08:27:03.366,1.05047,1.05057,1.50,2.25
2012.03.14 08:27:04.513,1.05047,1.05057,2.25,1.50
2012.03.14 08:27:05.058,1.05047,1.05057,2.25,1.50
2012.03.14 08:27:07.275,1.05047,1.05057,2.25,1.50
2012.03.14 08:27:07.678,1.0505,1.05058,1.50,1.95
2012.03.14 08:27:08.089,1.05048,1.05058,2.25,3.45
2012.03.14 08:27:08.617,1.05046,1.05057,1.50,1.50
2012.03.14 08:27:08.755,1.05049,1.05058,1.50,3.45
2012.03.14 08:27:09.417,1.05046,1.05056,1.50,1.50
2012.03.14 08:27:09.768,1.0505,1.05058,1.50,2.70
2012.03.14 08:27:09.844,1.05048,1.05058,2.25,4.20
2012.03.14 08:27:09.917,1.0505,1.05058,1.50,2.70
2012.03.14 08:27:10.490,1.05048,1.05058,2.25,3.45
2012.03.14 08:27:10.940,1.0505,1.05058,1.50,1.95
2012.03.14 08:27:12.216,1.0505,1.05054,1.50,1.20
2012.03.14 08:27:12.294,1.05048,1.05054,1.50,1.20
2012.03.14 08:27:12.366,1.05044,1.05054,1.50,1.20
2012.03.14 08:27:17.733,1.05044,1.05053,1.50,1.58
2012.03.14 08:27:18.309,1.05042,1.05051,1.50,2.25
2012.03.14 08:27:18.615,1.0504,1.05044,1.50,2.33
2012.03.14 08:27:18.903,1.05033,1.05045,3.45,6.38
2012.03.14 08:27:19.048,1.05033,1.05044,2.25,2.33
2012.03.14 08:27:19.791,1.05031,1.05043,2.85,2.25
2012.03.14 08:27:19.883,1.05039,1.05044,1.20,1.13
2012.03.14 08:27:19.962,1.05039,1.05046,2.70,1.88
2012.03.14 08:27:20.039,1.05039,1.05044,1.50,1.20
2012.03.14 08:27:20.106,1.05037,1.05044,2.25,1.20
2012.03.14 08:27:20.248,1.05035,1.05044,1.50,1.58
2012.03.14 08:27:20.316,1.05035,1.05045,2.25,3.75
2012.03.14 08:27:20.393,1.05038,1.05048,1.50,1.58
2012.03.14 08:27:20.948,1.05039,1.05048,1.50,1.95
2012.03.14 08:27:21.369,1.05039,1.05047,1.50,1.50
2012.03.14 08:27:21.447,1.05037,1.05047,1.50,3.00
2012.03.14 08:27:22.010,1.05038,1.05045,1.50,1.50
2012.03.14 08:27:22.207,1.05038,1.05044,1.50,1.50
2012.03.14 08:27:22.489,1.05036,1.05045,1.50,1.50
2012.03.14 08:27:22.622,1.05036,1.05045,1.50,1.50
2012.03.14 08:27:23.226,1.05039,1.05045,1.50,1.50
2012.03.14 08:27:23.567,1.05037,1.05045,1.50,1.50
2012.03.14 08:27:24.019,1.05037,1.05044,1.50,1.50
2012.03.14 08:27:24.526,1.05037,1.05046,1.50,1.50
2012.03.14 08:27:24.655,1.05034,1.05046,2.70,3.00
2012.03.14 08:27:24.927,1.05035,1.05046,2.15,2.25
2012.03.14 08:27:25.495,1.05042,1.05049,1.50,1.50
2012.03.14 08:27:25.571,1.0504,1.05048,1.50,2.25
2012.03.14 08:27:25.851,1.05038,1.05048,2.89,2.25
2012.03.14 08:27:29.577,1.0504,1.0505,1.50,1.50
2012.03.14 08:27:34.940,1.05049,1.05054,1.50,3.08
2012.03.14 08:27:35.164,1.05058,1.05064,1.20,2.25
2012.03.14 08:27:35.310,1.05057,1.05063,1.50,1.50
2012.03.14 08:27:35.529,1.05057,1.05065,1.20,3.00
2012.03.14 08:27:36.104,1.05057,1.05065,3.00,2.63
2012.03.14 08:27:36.247,1.05053,1.05064,1.50,1.95
2012.03.14 08:27:36.798,1.05052,1.05062,1.50,1.50
2012.03.14 08:27:41.305,1.05052,1.05061,1.50,1.50
2012.03.14 08:27:41.381,1.05052,1.05061,1.50,3.38
2012.03.14 08:27:41.462,1.05049,1.05061,1.50,4.13
2012.03.14 08:27:41.680,1.05048,1.05058,1.50,2.70
2012.03.14 08:27:42.377,1.05046,1.05056,1.50,1.50
2012.03.14 08:27:46.999,1.05046,1.05054,1.50,1.58
2012.03.14 08:27:47.315,1.05044,1.05054,1.50,3.08
2012.03.14 08:27:47.394,1.05041,1.05051,1.50,1.50
2012.03.14 08:27:47.739,1.05041,1.05048,1.50,1.20
2012.03.14 08:27:47.874,1.05039,1.05048,1.50,1.20
2012.03.14 08:27:49.147,1.05039,1.05049,1.50,1.50
2012.03.14 08:27:49.289,1.05041,1.05052,1.50,2.25
2012.03.14 08:27:49.488,1.05044,1.05053,1.20,2.25
2012.03.14 08:27:50.043,1.0504,1.05052,1.50,1.50
2012.03.14 08:27:50.260,1.05039,1.05049,3.08,1.50
2012.03.14 08:27:50.749,1.05038,1.05043,3.00,1.20
2012.03.14 08:27:50.832,1.05035,1.05043,3.00,1.20
2012.03.14 08:27:51.193,1.05037,1.05047,1.50,4.02
2012.03.14 08:27:51.408,1.05037,1.05047,1.50,1.88
2012.03.14 08:27:54.883,1.05037,1.05047,1.50,2.25
2012.03.14 08:27:55.539,1.05037,1.05047,1.50,1.50
2012.03.14 08:27:56.238,1.05039,1.05049,1.50,5.33
2012.03.14 08:27:56.869,1.05044,1.05049,1.20,2.25
2012.03.14 08:27:56.953,1.05048,1.05058,1.50,3.08
2012.03.14 08:27:57.030,1.05048,1.05058,1.50,1.95
2012.03.14 08:27:57.596,1.05047,1.05057,1.50,2.25
2012.03.14 08:27:58.457,1.05048,1.05057,1.20,1.50
2012.03.14 08:27:58.598,1.05048,1.0506,2.70,2.25
2012.03.14 08:27:58.807,1.0505,1.05061,1.50,3.38
2012.03.14 08:27:59.273,1.0505,1.05061,1.50,2.25
2012.03.14 08:27:59.349,1.05048,1.0506,4.20,1.50
2012.03.14 08:27:59.767,1.05048,1.05058,1.20,1.50
2012.03.14 08:28:01.199,1.05049,1.05061,3.00,2.25
2012.03.14 08:28:10.917,1.05052,1.05062,1.50,1.69
2012.03.14 08:28:12.601,1.0505,1.0506,1.50,1.50
2012.03.14 08:28:17.241,1.05048,1.05059,1.95,1.50
2012.03.14 08:28:17.658,1.05051,1.05061,1.50,1.95
2012.03.14 08:28:17.739,1.05048,1.05058,3.45,1.50
2012.03.14 08:28:17.812,1.0505,1.05061,1.50,1.50
2012.03.14 08:28:19.204,1.05049,1.05059,1.50,1.50
2012.03.14 08:28:19.544,1.05048,1.05057,1.20,1.50
2012.03.14 08:28:20.080,1.05052,1.05062,1.50,3.23
2012.03.14 08:28:20.162,1.05049,1.05061,1.50,1.50
2012.03.14 08:28:22.252,1.05047,1.05055,3.75,2.70
2012.03.14 08:28:22.395,1.05045,1.05055,3.19,2.70
2012.03.14 08:28:22.804,1.05054,1.05059,1.20,1.20
2012.03.14 08:28:22.889,1.05047,1.05058,4.13,1.20
2012.03.14 08:28:22.962,1.05049,1.05058,1.50,1.20
2012.03.14 08:28:23.042,1.05049,1.05061,1.50,1.50
2012.03.14 08:28:23.120,1.05048,1.05059,1.20,1.50
2012.03.14 08:28:23.476,1.05047,1.05057,1.50,1.50
2012.03.14 08:28:23.827,1.05045,1.05055,1.50,1.50
2012.03.14 08:28:24.044,1.05046,1.05057,1.50,1.50
2012.03.14 08:28:25.172,1.05046,1.05058,1.50,2.25
2012.03.14 08:28:26.213,1.05046,1.05058,1.69,1.50
2012.03.14 08:28:26.349,1.05047,1.05058,1.32,1.50
2012.03.14 08:28:26.712,1.05053,1.05063,1.50,2.63
2012.03.14 08:28:27.180,1.05054,1.05064,1.50,2.33
2012.03.14 08:28:27.261,1.05057,1.05065,1.20,1.13
2012.03.14 08:28:27.340,1.05057,1.05066,1.20,2.63
2012.03.14 08:28:27.632,1.05057,1.05065,1.20,2.07
2012.03.14 08:28:27.928,1.05058,1.05066,1.20,3.75
2012.03.14 08:28:28.068,1.05055,1.05063,2.25,1.20
2012.03.14 08:28:28.211,1.05053,1.05062,1.50,1.50
2012.03.14 08:28:28.720,1.0505,1.05062,3.94,1.50
2012.03.14 08:28:28.808,1.05053,1.05064,2.70,2.25
2012.03.14 08:28:29.157,1.05055,1.05065,1.50,1.50
2012.03.14 08:28:29.718,1.05054,1.05064,1.50,1.50
2012.03.14 08:28:30.036,1.05058,1.05064,2.25,1.50
2012.03.14 08:28:30.106,1.05059,1.0507,1.50,1.50
2012.03.14 08:28:30.635,1.05059,1.0507,1.50,2.25
2012.03.14 08:28:31.157,1.05058,1.05068,5.70,1.50
2012.03.14 08:28:31.605,1.05059,1.0507,1.50,3.00
2012.03.14 08:28:31.819,1.05058,1.05066,4.95,1.50
2012.03.14 08:28:32.354,1.05059,1.05067,1.50,1.50
2012.03.14 08:28:32.673,1.05059,1.05069,1.50,1.50
2012.03.14 08:28:32.746,1.05061,1.05071,1.50,4.50
2012.03.14 08:28:33.114,1.05058,1.0507,4.95,1.50
2012.03.14 08:28:33.661,1.05058,1.0507,2.70,2.25
2012.03.14 08:28:34.527,1.05058,1.0507,2.70,2.25
2012.03.14 08:28:35.066,1.05058,1.0507,2.70,2.25
2012.03.14 08:28:35.587,1.05058,1.0507,2.70,2.25
2012.03.14 08:28:36.113,1.05058,1.0507,3.45,2.25
2012.03.14 08:28:36.629,1.05061,1.0507,2.15,1.50
2012.03.14 08:28:36.986,1.05064,1.05072,3.00,1.50
2012.03.14 08:28:37.065,1.0507,1.05079,1.50,1.95
2012.03.14 08:28:37.140,1.0507,1.05079,1.50,2.70
2012.03.14 08:28:37.617,1.05068,1.05078,1.50,1.50
2012.03.14 08:28:40.437,1.05069,1.05073,1.20,1.50
2012.03.14 08:28:40.513,1.05069,1.05075,1.20,3.75
2012.03.14 08:28:40.998,1.05067,1.05078,4.50,1.50
2012.03.14 08:28:41.139,1.05069,1.05079,1.50,2.70
2012.03.14 08:28:41.346,1.05066,1.05078,4.13,1.50
2012.03.14 08:28:42.082,1.05068,1.05079,1.50,1.20
2012.03.14 08:28:43.484,1.05068,1.0508,2.70,1.50
2012.03.14 08:28:44.146,1.05068,1.0508,2.70,2.63
2012.03.14 08:28:44.499,1.05061,1.0507,1.95,1.50
2012.03.14 08:28:44.946,1.05061,1.05072,1.95,1.50
2012.03.14 08:28:45.620,1.05063,1.05073,1.50,1.50
2012.03.14 08:28:46.164,1.05063,1.05073,1.50,1.69
2012.03.14 08:28:53.134,1.05061,1.05066,1.50,1.20
2012.03.14 08:28:53.225,1.05054,1.0506,1.20,1.50
2012.03.14 08:28:53.437,1.05058,1.05067,1.50,1.69
2012.03.14 08:28:53.697,1.05058,1.05068,1.50,4.20
2012.03.14 08:28:53.766,1.05055,1.05067,1.50,1.50
2012.03.14 08:28:57.927,1.05054,1.05065,1.20,1.50
2012.03.14 08:29:02.853,1.05054,1.05065,1.95,1.50
2012.03.14 08:29:03.196,1.05057,1.05067,2.25,1.50
2012.03.14 08:29:04.262,1.05057,1.05069,3.75,1.50
2012.03.14 08:29:06.094,1.05058,1.0507,2.70,1.50
2012.03.14 08:29:06.349,1.05059,1.05073,3.00,3.00
2012.03.14 08:29:06.771,1.05059,1.0507,3.00,1.50
2012.03.14 08:29:14.396,1.0506,1.0507,1.50,2.25
2012.03.14 08:29:14.902,1.0506,1.0507,1.50,1.50
2012.03.14 08:29:17.674,1.05062,1.05072,1.50,1.50
2012.03.14 08:29:20.307,1.0506,1.0507,1.50,1.50
2012.03.14 08:29:24.664,1.05062,1.0507,4.50,1.50
2012.03.14 08:29:25.007,1.05068,1.05073,2.25,1.95
2012.03.14 08:29:25.149,1.05064,1.05073,1.50,1.95
2012.03.14 08:29:25.356,1.05064,1.05071,1.20,1.50
2012.03.14 08:29:25.636,1.05066,1.05075,1.58,3.00
2012.03.14 08:29:25.707,1.05068,1.05075,2.25,3.00
2012.03.14 08:29:25.906,1.05065,1.05075,1.88,3.00
2012.03.14 08:29:26.038,1.05065,1.05072,1.50,1.50
2012.03.14 08:29:26.467,1.05063,1.0507,1.20,1.50
2012.03.14 08:29:26.607,1.05063,1.05073,2.70,1.50
2012.03.14 08:29:27.218,1.05063,1.05072,1.20,1.50
2012.03.14 08:29:27.998,1.05063,1.05073,2.70,3.00
2012.03.14 08:29:28.778,1.05063,1.05072,1.20,1.50
2012.03.14 08:29:30.059,1.05062,1.05072,2.25,1.50
2012.03.14 08:29:30.131,1.0506,1.05072,1.69,1.50
2012.03.14 08:29:30.607,1.05063,1.05073,1.50,1.50
2012.03.14 08:29:32.369,1.05061,1.05071,1.50,1.50
2012.03.14 08:29:35.701,1.05061,1.05069,1.50,1.95
2012.03.14 08:29:35.859,1.05058,1.05067,3.00,1.17
2012.03.14 08:29:36.005,1.05058,1.05063,1.50,1.50
2012.03.14 08:29:36.875,1.0505,1.05062,2.25,3.38
2012.03.14 08:29:37.408,1.0505,1.05061,1.50,1.88
2012.03.14 08:29:37.965,1.0505,1.05062,1.50,3.00
2012.03.14 08:29:38.807,1.0505,1.05062,1.50,3.00
2012.03.14 08:29:39.502,1.0505,1.05056,1.50,1.20
2012.03.14 08:29:39.652,1.05042,1.05053,3.45,1.50
2012.03.14 08:29:39.800,1.05042,1.05051,1.20,1.50
2012.03.14 08:29:40.378,1.05042,1.05051,1.20,2.25
2012.03.14 08:29:40.725,1.0504,1.05049,1.20,1.50
2012.03.14 08:29:41.830,1.0504,1.05051,2.70,1.50
2012.03.14 08:29:42.385,1.0504,1.05052,2.70,1.50
2012.03.14 08:29:45.817,1.0504,1.05049,1.20,1.50
2012.03.14 08:29:46.429,1.0504,1.05048,1.20,2.25
2012.03.14 08:29:46.508,1.05038,1.05048,1.50,1.50
2012.03.14 08:29:46.838,1.0504,1.05049,1.50,1.20
2012.03.14 08:29:47.472,1.05038,1.05048,1.50,1.50
2012.03.14 08:29:48.196,1.05038,1.05047,1.50,1.13
2012.03.14 08:29:48.298,1.05032,1.05043,4.50,2.70
2012.03.14 08:29:48.383,1.05032,1.05041,2.25,2.63
2012.03.14 08:29:48.687,1.05027,1.05036,3.45,1.50
2012.03.14 08:29:49.043,1.05025,1.0503,1.50,1.50
2012.03.14 08:29:49.528,1.05023,1.05034,1.20,4.13
2012.03.14 08:29:50.016,1.05023,1.05034,1.20,3.00
2012.03.14 08:29:50.301,1.05026,1.05036,1.50,2.25
2012.03.14 08:29:50.656,1.05028,1.05036,1.50,1.50
2012.03.14 08:29:51.125,1.05025,1.05036,1.50,1.50
2012.03.14 08:29:51.202,1.05025,1.05037,1.50,4.20
2012.03.14 08:29:52.067,1.05026,1.05037,1.50,2.70
2012.03.14 08:29:52.614,1.05027,1.05037,1.50,1.95
2012.03.14 08:29:53.033,1.05027,1.05032,1.50,1.20
2012.03.14 08:29:53.118,1.05023,1.05032,1.50,1.20
2012.03.14 08:29:53.780,1.05023,1.05032,1.50,1.95
2012.03.14 08:29:54.356,1.05023,1.05032,1.50,2.70
2012.03.14 08:29:54.913,1.05023,1.05031,1.50,1.50
2012.03.14 08:29:55.580,1.05023,1.05031,1.50,1.50
2012.03.14 08:29:55.878,1.05021,1.0503,1.50,1.50
2012.03.14 08:29:56.643,1.05021,1.05029,1.50,1.50
2012.03.14 08:29:57.348,1.05021,1.05031,1.50,3.00
2012.03.14 08:29:57.485,1.05021,1.05031,1.50,3.00
2012.03.14 08:29:58.615,1.05018,1.05025,2.44,1.50
2012.03.14 08:29:58.982,1.0501,1.05021,2.63,1.95
2012.03.14 08:29:59.066,1.0501,1.05021,1.50,2.33
2012.03.14 08:29:59.280,1.05008,1.0502,2.25,3.00
2012.03.14 08:30:00.035,1.05008,1.0502,2.25,4.13
2012.03.14 08:30:00.453,1.0501,1.05019,1.50,1.50
2012.03.14 08:30:01.046,1.0501,1.05021,1.50,3.08
2012.03.14 08:30:01.247,1.05009,1.05016,3.00,1.20
2012.03.14 08:30:01.784,1.05009,1.05018,1.50,1.20
2012.03.14 08:30:02.828,1.05007,1.05017,1.50,1.50
2012.03.14 08:30:03.971,1.05007,1.05013,1.50,1.20
2012.03.14 08:30:04.123,1.05002,1.05013,4.95,1.20
2012.03.14 08:30:04.344,1.05001,1.05013,1.43,2.70
2012.03.14 08:30:04.900,1.04999,1.05013,1.95,4.20
2012.03.14 08:30:05.463,1.05001,1.05013,2.37,1.20
2012.03.14 08:30:05.765,1.05008,1.05017,2.25,1.20
2012.03.14 08:30:06.063,1.05007,1.05017,3.00,1.20
2012.03.14 08:30:06.617,1.05006,1.05017,1.50,1.20
2012.03.14 08:30:07.119,1.05007,1.0502,3.45,2.63
2012.03.14 08:30:07.331,1.05007,1.0502,4.95,1.50
2012.03.14 08:30:07.898,1.05007,1.05019,3.00,1.50
2012.03.14 08:30:08.569,1.05004,1.05015,1.50,1.50
2012.03.14 08:30:08.648,1.05004,1.05017,2.40,2.70
2012.03.14 08:30:09.211,1.05006,1.05013,1.05,2.70
2012.03.14 08:30:09.359,1.05001,1.05012,3.30,2.44
2012.03.14 08:30:09.501,1.05,1.05012,2.55,2.44
2012.03.14 08:30:10.214,1.05,1.05012,2.70,2.44
2012.03.14 08:30:10.751,1.05001,1.05011,1.35,2.89
2012.03.14 08:30:11.377,1.05001,1.0501,1.35,1.50
2012.03.14 08:30:11.525,1.04999,1.05007,1.73,1.50
2012.03.14 08:30:12.007,1.04997,1.05007,3.30,1.50
2012.03.14 08:30:12.624,1.05002,1.05011,1.50,1.39
2012.03.14 08:30:14.402,1.05,1.0501,3.00,1.50
2012.03.14 08:30:18.884,1.05,1.0501,1.50,3.75
2012.03.14 08:30:18.963,1.04997,1.05004,2.25,1.20
2012.03.14 08:30:19.328,1.04988,1.04999,3.45,1.50
2012.03.14 08:30:19.841,1.04988,1.05002,1.95,2.25
2012.03.14 08:30:20.957,1.04987,1.05002,3.45,3.00
2012.03.14 08:30:21.093,1.04988,1.05003,2.25,6.72
2012.03.14 08:30:21.984,1.04988,1.05002,2.25,1.50
2012.03.14 08:30:22.515,1.04988,1.05002,2.85,1.50
2012.03.14 08:30:22.868,1.04988,1.05002,2.85,1.50
2012.03.14 08:30:23.427,1.04988,1.05003,2.85,5.70
2012.03.14 08:30:24.565,1.04988,1.05003,2.85,6.45
2012.03.14 08:30:26.634,1.04989,1.05002,1.50,1.39
2012.03.14 08:30:27.480,1.04992,1.05002,1.73,1.20
2012.03.14 08:30:27.560,1.04996,1.05006,1.20,1.50
2012.03.14 08:30:28.049,1.04992,1.05001,1.20,1.50
2012.03.14 08:30:28.176,1.04993,1.05003,1.50,1.50
2012.03.14 08:30:28.381,1.04995,1.05005,1.50,1.50
2012.03.14 08:30:29.016,1.04993,1.05003,1.50,1.50
2012.03.14 08:30:29.371,1.04998,1.05008,1.50,1.50
2012.03.14 08:30:29.929,1.04996,1.05007,4.20,1.50
2012.03.14 08:30:30.208,1.04997,1.05009,1.50,1.50
2012.03.14 08:30:31.158,1.04996,1.05006,7.58,1.50
2012.03.14 08:30:32.618,1.04998,1.05008,1.50,3.00
2012.03.14 08:30:33.533,1.04996,1.05005,3.75,1.20
2012.03.14 08:30:34.032,1.04991,1.05001,3.08,1.50
2012.03.14 08:30:34.372,1.04994,1.05004,1.50,1.50
2012.03.14 08:30:34.659,1.04996,1.05007,2.25,1.50
2012.03.14 08:30:34.801,1.04998,1.05006,1.50,1.95
2012.03.14 08:30:35.264,1.04994,1.05006,1.50,4.20
2012.03.14 08:30:35.788,1.04992,1.05004,3.98,1.50
2012.03.14 08:30:36.378,1.04992,1.05004,2.85,2.25
2012.03.14 08:30:36.904,1.04992,1.05004,3.60,1.50
2012.03.14 08:30:40.654,1.04993,1.05004,1.95,1.50
2012.03.14 08:30:41.395,1.04993,1.05004,1.95,1.50
2012.03.14 08:30:43.294,1.04997,1.05005,1.20,1.50
2012.03.14 08:30:43.374,1.04997,1.05008,3.45,1.50
2012.03.14 08:30:43.575,1.04997,1.05005,3.45,1.50
2012.03.14 08:30:47.988,1.04999,1.05005,1.20,1.50
2012.03.14 08:30:50.275,1.04997,1.05005,3.45,1.50
2012.03.14 08:30:50.489,1.04995,1.05005,1.50,1.50
2012.03.14 08:30:50.770,1.04993,1.05001,1.80,1.50
2012.03.14 08:30:51.248,1.04993,1.05004,1.80,1.50
2012.03.14 08:30:52.855,1.04993,1.05001,1.20,1.50
2012.03.14 08:30:53.712,1.04994,1.05005,1.50,1.69
2012.03.14 08:30:54.250,1.04993,1.05005,3.45,1.50
2012.03.14 08:30:56.696,1.04993,1.05005,3.45,1.50
2012.03.14 08:30:57.101,1.04993,1.05003,1.95,1.50
2012.03.14 08:30:57.608,1.04993,1.05003,1.20,1.50
2012.03.14 08:30:58.063,1.04991,1.05,2.40,1.50
2012.03.14 08:30:58.606,1.0499,1.05,2.25,1.50
2012.03.14 08:31:02.824,1.0499,1.05,1.50,5.25
2012.03.14 08:31:03.184,1.04987,1.04991,1.50,1.50
2012.03.14 08:31:03.259,1.0498,1.04991,1.20,1.50
2012.03.14 08:31:03.545,1.04981,1.04991,4.88,1.50
2012.03.14 08:31:04.137,1.04982,1.04992,1.50,2.25
2012.03.14 08:31:04.601,1.0498,1.04991,1.13,1.50
2012.03.14 08:31:06.541,1.04979,1.04991,2.63,2.25
2012.03.14 08:31:07.110,1.04979,1.04988,2.63,1.20
2012.03.14 08:31:07.248,1.04978,1.04988,2.44,2.70
2012.03.14 08:31:07.390,1.04978,1.04987,1.69,2.25
2012.03.14 08:31:07.749,1.04971,1.04982,1.89,3.75
2012.03.14 08:31:08.279,1.04973,1.04982,1.20,1.50
2012.03.14 08:31:08.815,1.04976,1.04986,1.50,2.44
2012.03.14 08:31:08.898,1.04972,1.04984,2.10,1.50
2012.03.14 08:31:09.158,1.04971,1.04982,1.80,1.50
2012.03.14 08:31:11.190,1.04972,1.04982,1.73,1.50
2012.03.14 08:31:11.487,1.04978,1.04987,1.50,3.35
2012.03.14 08:31:11.566,1.04975,1.04985,1.50,1.69
2012.03.14 08:31:11.708,1.04975,1.04984,1.50,2.15
2012.03.14 08:31:11.781,1.04973,1.04983,1.50,2.25
2012.03.14 08:31:12.352,1.04971,1.0498,1.20,1.50
2012.03.14 08:31:13.269,1.0497,1.0498,2.25,1.50
2012.03.14 08:31:13.971,1.04971,1.0498,1.20,1.50
2012.03.14 08:31:14.386,1.04969,1.04979,1.50,1.50
2012.03.14 08:31:15.002,1.04969,1.04979,2.25,1.50
2012.03.14 08:31:15.077,1.04972,1.04981,1.20,1.69
2012.03.14 08:31:15.475,1.04969,1.04977,1.50,1.50
2012.03.14 08:31:15.622,1.04964,1.04977,1.50,1.50
2012.03.14 08:31:15.841,1.04968,1.04979,2.10,1.50
2012.03.14 08:31:16.409,1.04968,1.04979,1.35,1.50
2012.03.14 08:31:17.175,1.04967,1.04979,1.50,1.50
2012.03.14 08:31:17.450,1.04966,1.04976,4.95,1.50
2012.03.14 08:31:17.995,1.04967,1.04979,2.25,1.50
2012.03.14 08:31:19.274,1.04966,1.04976,3.83,1.69
2012.03.14 08:31:19.632,1.04962,1.04971,1.14,1.50
2012.03.14 08:31:19.920,1.04965,1.04976,1.95,1.50
2012.03.14 08:31:20.280,1.04965,1.04977,1.50,2.89
2012.03.14 08:31:20.359,1.04962,1.04974,2.85,1.50
2012.03.14 08:31:20.679,1.04966,1.04974,1.20,1.50
2012.03.14 08:31:21.411,1.04966,1.04976,1.20,1.50
2012.03.14 08:31:22.631,1.04968,1.04978,1.50,3.00
2012.03.14 08:31:22.979,1.04966,1.04978,2.70,2.25
2012.03.14 08:31:23.730,1.04962,1.04973,2.14,2.25
2012.03.14 08:31:23.806,1.04964,1.04974,1.50,3.00
2012.03.14 08:31:25.094,1.04962,1.04973,1.95,2.25
2012.03.14 08:31:25.631,1.04962,1.04973,1.95,2.25
2012.03.14 08:31:26.407,1.04962,1.04972,1.20,2.25
2012.03.14 08:31:26.767,1.04956,1.04968,2.52,1.50
2012.03.14 08:31:27.109,1.04957,1.04969,2.25,4.50
2012.03.14 08:31:27.247,1.04957,1.04969,2.25,3.75
2012.03.14 08:31:27.592,1.04956,1.04965,1.13,1.50
2012.03.14 08:31:27.739,1.04959,1.04969,1.50,1.50
2012.03.14 08:31:28.019,1.04957,1.04968,2.25,1.50
2012.03.14 08:31:28.569,1.04958,1.04967,1.20,1.50
2012.03.14 08:31:29.540,1.04956,1.04965,1.13,1.50
2012.03.14 08:31:30.008,1.04957,1.04968,1.50,1.95
2012.03.14 08:31:30.647,1.04957,1.04968,1.50,1.20
2012.03.14 08:31:30.732,1.04959,1.04969,1.20,4.50
2012.03.14 08:31:32.280,1.04959,1.0497,1.20,2.63
2012.03.14 08:31:32.981,1.04955,1.04966,5.10,1.13
2012.03.14 08:31:33.070,1.04953,1.04962,1.50,1.50
2012.03.14 08:31:33.209,1.04948,1.0496,3.45,1.50
2012.03.14 08:31:33.352,1.04948,1.0496,4.20,2.25
2012.03.14 08:31:34.569,1.04948,1.04959,3.45,1.13
2012.03.14 08:31:34.919,1.04948,1.04958,1.95,2.25
2012.03.14 08:31:35.477,1.04948,1.04958,1.95,1.50
2012.03.14 08:31:35.828,1.04948,1.04955,1.20,2.25
2012.03.14 08:31:36.117,1.04944,1.04955,3.38,1.88
2012.03.14 08:31:36.651,1.04948,1.04955,1.20,2.40
2012.03.14 08:31:36.871,1.04948,1.04955,1.20,1.50
2012.03.14 08:31:37.023,1.04946,1.04957,1.50,2.82
2012.03.14 08:31:37.101,1.04944,1.04956,3.00,2.44
2012.03.14 08:31:37.181,1.04943,1.04956,2.70,2.44
2012.03.14 08:31:37.399,1.04943,1.04952,1.58,1.50
2012.03.14 08:31:38.162,1.04943,1.04953,4.58,1.50
2012.03.14 08:31:38.710,1.04943,1.04953,4.20,1.50
2012.03.14 08:31:39.240,1.04943,1.04951,1.20,1.50
2012.03.14 08:31:39.685,1.0494,1.04947,1.50,1.50
2012.03.14 08:31:39.915,1.04944,1.04952,1.20,4.13
2012.03.14 08:31:39.993,1.04947,1.04953,1.20,2.15
2012.03.14 08:31:40.072,1.04947,1.04955,1.20,2.25
2012.03.14 08:31:40.439,1.04945,1.0495,2.25,1.50
2012.03.14 08:31:40.722,1.04939,1.04946,1.95,1.43
2012.03.14 08:31:41.239,1.04939,1.04946,1.95,1.72
2012.03.14 08:31:41.314,1.04936,1.04941,1.50,1.43
2012.03.14 08:31:41.469,1.04931,1.04941,3.00,1.43
2012.03.14 08:31:41.679,1.04933,1.04944,3.45,1.50
2012.03.14 08:31:41.749,1.04937,1.04945,1.20,2.37
2012.03.14 08:31:41.959,1.04937,1.04947,1.20,1.95
2012.03.14 08:31:42.519,1.04938,1.04948,1.50,2.93
2012.03.14 08:31:43.031,1.04938,1.04948,1.50,2.18
2012.03.14 08:31:43.590,1.04935,1.04947,2.25,1.43
2012.03.14 08:31:43.738,1.04935,1.04943,3.00,1.95
2012.03.14 08:31:43.879,1.04931,1.0494,2.63,1.43
2012.03.14 08:31:44.905,1.04932,1.04942,2.25,2.93
2012.03.14 08:31:44.984,1.04931,1.0494,1.50,1.43
2012.03.14 08:31:45.339,1.04927,1.04932,1.43,1.43
2012.03.14 08:31:45.617,1.04927,1.04932,1.95,1.43
2012.03.14 08:31:47.076,1.04926,1.04932,2.33,1.43
2012.03.14 08:31:47.606,1.04926,1.04932,1.95,1.43
2012.03.14 08:31:49.241,1.04928,1.04932,1.20,1.43
2012.03.14 08:31:49.330,1.04928,1.04937,1.95,2.25
2012.03.14 08:31:49.620,1.04928,1.04935,1.95,1.50
2012.03.14 08:31:49.971,1.04927,1.04932,1.50,5.93
2012.03.14 08:31:50.054,1.04925,1.04932,1.50,5.18
2012.03.14 08:31:50.132,1.04919,1.04932,1.58,5.18
2012.03.14 08:31:50.636,1.04919,1.04932,2.25,3.00
2012.03.14 08:31:51.189,1.04918,1.04932,2.14,3.00
2012.03.14 08:31:51.806,1.04918,1.04932,1.95,4.69
2012.03.14 08:31:52.791,1.04918,1.04932,1.95,4.69
2012.03.14 08:31:53.859,1.04918,1.04932,1.95,3.19
2012.03.14 08:31:54.461,1.04918,1.04932,1.95,2.82
2012.03.14 08:31:54.546,1.04918,1.04932,1.95,3.94
2012.03.14 08:31:55.749,1.04918,1.04932,1.95,2.44
2012.03.14 08:31:55.988,1.04918,1.04929,1.95,1.50
2012.03.14 08:31:56.931,1.0492,1.04929,1.50,1.50
2012.03.14 08:31:57.149,1.04917,1.04929,4.05,1.50
2012.03.14 08:31:57.575,1.04919,1.04929,2.25,1.50
2012.03.14 08:31:58.096,1.0492,1.04932,2.70,6.19
2012.03.14 08:31:58.169,1.0492,1.04932,2.70,7.24
2012.03.14 08:31:58.449,1.04914,1.04925,1.50,4.20
2012.03.14 08:31:58.892,1.04916,1.04925,1.13,3.45
2012.03.14 08:31:58.982,1.04918,1.04925,2.25,1.20
2012.03.14 08:31:59.187,1.04918,1.04928,1.50,2.89
2012.03.14 08:32:01.387,1.04918,1.04928,3.45,1.50
2012.03.14 08:32:03.085,1.04919,1.04928,1.95,1.50
2012.03.14 08:32:03.627,1.0492,1.04928,2.25,1.50
2012.03.14 08:32:04.263,1.04924,1.04936,1.50,1.50
2012.03.14 08:32:04.689,1.04924,1.04936,4.40,1.50
2012.03.14 08:32:04.829,1.04928,1.04938,1.95,1.50
2012.03.14 08:32:06.858,1.04928,1.04938,2.55,1.50
2012.03.14 08:32:06.928,1.04928,1.0494,4.05,1.88
2012.03.14 08:32:07.138,1.04928,1.0494,4.05,1.50
2012.03.14 08:32:07.835,1.04916,1.04922,1.50,1.50
2012.03.14 08:32:07.912,1.0492,1.04928,1.50,1.50
2012.03.14 08:32:08.423,1.0492,1.04932,1.50,1.20
2012.03.14 08:32:08.507,1.04922,1.04936,2.14,1.50
2012.03.14 08:32:08.639,1.04926,1.04938,1.50,2.70
2012.03.14 08:32:08.936,1.04926,1.04938,1.50,2.70
2012.03.14 08:32:09.466,1.04925,1.04938,1.50,3.00
2012.03.14 08:32:10.176,1.04926,1.04938,1.50,5.03
2012.03.14 08:32:10.790,1.04928,1.04938,1.20,2.85
2012.03.14 08:32:11.263,1.04926,1.04934,2.25,1.28
2012.03.14 08:32:11.338,1.04922,1.04934,3.08,1.28
2012.03.14 08:32:11.896,1.04922,1.04934,1.58,1.28
2012.03.14 08:32:12.496,1.04923,1.04932,1.13,1.20
2012.03.14 08:32:12.650,1.04923,1.04932,1.50,1.20
2012.03.14 08:32:12.720,1.04927,1.04933,1.20,2.63
2012.03.14 08:32:12.926,1.04928,1.04935,2.25,1.20
2012.03.14 08:32:13.136,1.0493,1.04935,1.50,1.20
2012.03.14 08:32:13.282,1.04928,1.04938,3.23,1.50
2012.03.14 08:32:14.184,1.04929,1.04938,1.88,1.50
2012.03.14 08:32:14.274,1.0493,1.04941,2.25,1.13
2012.03.14 08:32:14.801,1.04932,1.04942,1.20,1.88
2012.03.14 08:32:15.175,1.04932,1.04944,2.70,1.88
2012.03.14 08:32:16.969,1.04932,1.04941,1.20,1.50
2012.03.14 08:32:18.597,1.04932,1.04943,1.20,2.25
2012.03.14 08:32:19.181,1.04932,1.04943,1.80,2.25
2012.03.14 08:32:19.329,1.04935,1.04943,1.95,1.50
2012.03.14 08:32:19.398,1.04937,1.04947,1.50,2.63
2012.03.14 08:32:19.539,1.04937,1.04947,3.75,1.50
2012.03.14 08:32:20.029,1.04939,1.04947,1.50,1.50
2012.03.14 08:32:20.314,1.0494,1.04951,1.50,1.50
2012.03.14 08:32:20.864,1.04939,1.04949,1.50,1.50
2012.03.14 08:32:21.836,1.04939,1.04949,1.50,1.88
2012.03.14 08:32:22.249,1.04937,1.04946,3.00,1.50
2012.03.14 08:32:23.007,1.04936,1.04946,1.50,1.50
2012.03.14 08:32:23.085,1.04937,1.04948,1.50,1.20
2012.03.14 08:32:23.466,1.04937,1.04943,1.50,1.20
2012.03.14 08:32:23.539,1.04934,1.04943,1.50,3.45
2012.03.14 08:32:23.981,1.04934,1.04946,1.50,3.38
2012.03.14 08:32:24.057,1.04936,1.04946,1.50,2.25
2012.03.14 08:32:24.386,1.04939,1.04951,1.50,3.19
2012.03.14 08:32:24.528,1.04942,1.04952,1.50,4.95
2012.03.14 08:32:25.325,1.04939,1.04949,1.50,1.50
2012.03.14 08:32:26.357,1.04941,1.04951,1.50,2.25
2012.03.14 08:32:31.844,1.04938,1.04948,1.95,1.50
2012.03.14 08:32:32.418,1.04938,1.04948,4.20,1.50
2012.03.14 08:32:32.608,1.04938,1.0495,6.08,2.25
2012.03.14 08:32:33.276,1.0494,1.04952,1.50,3.45
2012.03.14 08:32:33.721,1.04939,1.04949,2.25,1.50
2012.03.14 08:32:33.864,1.0494,1.04952,1.50,3.45
2012.03.14 08:32:35.425,1.0494,1.04952,1.50,3.45
2012.03.14 08:32:37.658,1.04938,1.0495,2.70,3.00
2012.03.14 08:32:38.214,1.04938,1.04947,1.50,1.20
2012.03.14 08:32:38.630,1.04933,1.04945,4.54,1.50
2012.03.14 08:32:39.148,1.04936,1.04946,1.58,2.25
2012.03.14 08:32:39.831,1.04938,1.04947,1.50,1.20
2012.03.14 08:32:40.709,1.04937,1.04947,1.50,1.20
2012.03.14 08:32:43.436,1.04935,1.04947,1.65,3.45
2012.03.14 08:32:44.057,1.04935,1.04947,1.58,3.45
2012.03.14 08:32:45.427,1.04938,1.04947,1.50,1.95
2012.03.14 08:32:45.952,1.04934,1.04944,3.15,1.50
2012.03.14 08:32:46.153,1.04936,1.04946,1.58,1.50
2012.03.14 08:32:47.406,1.04934,1.04942,2.40,1.20
2012.03.14 08:32:47.960,1.04932,1.04942,1.65,2.70
2012.03.14 08:32:49.167,1.04934,1.04942,1.65,1.20
2012.03.14 08:32:49.387,1.04934,1.04942,1.58,1.20
2012.03.14 08:32:49.936,1.04934,1.04942,1.50,1.20
2012.03.14 08:32:50.289,1.04938,1.04944,1.20,3.75
2012.03.14 08:32:50.798,1.04939,1.04949,1.50,3.00
2012.03.14 08:32:51.217,1.04937,1.04947,1.50,2.70
2012.03.14 08:32:54.500,1.04934,1.04946,4.50,1.50
2012.03.14 08:32:54.705,1.04934,1.04946,2.25,2.25
2012.03.14 08:32:55.095,1.04933,1.04943,3.83,1.50
2012.03.14 08:32:55.235,1.04933,1.04943,3.83,1.50
2012.03.14 08:32:55.717,1.04936,1.04946,1.50,3.75
2012.03.14 08:32:57.266,1.04936,1.04946,1.50,3.15
2012.03.14 08:32:57.594,1.04933,1.0494,1.20,1.50
2012.03.14 08:32:57.737,1.0493,1.0494,3.75,1.50
2012.03.14 08:32:57.814,1.0493,1.04942,3.75,5.25
2012.03.14 08:32:57.892,1.0493,1.04937,1.50,1.50
2012.03.14 08:32:58.657,1.04931,1.04942,1.50,2.25
2012.03.14 08:32:58.942,1.04937,1.04945,1.50,3.00
2012.03.14 08:32:59.301,1.04937,1.04947,1.50,2.25
2012.03.14 08:32:59.866,1.04936,1.04948,1.50,5.70
2012.03.14 08:33:00.521,1.04939,1.0495,1.50,1.50
2012.03.14 08:33:00.740,1.04939,1.04951,1.50,3.00
2012.03.14 08:33:01.288,1.0494,1.04951,1.50,1.50
2012.03.14 08:33:01.436,1.04943,1.04952,1.50,2.63
2012.03.14 08:33:01.653,1.04943,1.04953,2.25,5.70
2012.03.14 08:33:02.118,1.04945,1.04954,1.50,1.69
2012.03.14 08:33:02.750,1.04945,1.04954,4.05,3.75
2012.03.14 08:33:02.970,1.04946,1.04955,3.60,1.50
2012.03.14 08:33:03.037,1.04949,1.04955,1.50,1.50
2012.03.14 08:33:03.109,1.0495,1.04958,1.50,3.38
2012.03.14 08:33:03.250,1.04946,1.04955,4.73,1.50
2012.03.14 08:33:03.326,1.04946,1.04957,4.73,1.50
2012.03.14 08:33:03.893,1.04944,1.04954,1.88,1.50
2012.03.14 08:33:04.041,1.04942,1.04953,1.20,1.50
2012.03.14 08:33:04.118,1.04945,1.04953,1.20,1.50
2012.03.14 08:33:04.460,1.04948,1.04958,1.50,3.00
2012.03.14 08:33:05.052,1.04947,1.04957,2.25,1.50
2012.03.14 08:33:05.433,1.04946,1.04954,3.75,1.50
2012.03.14 08:33:05.669,1.04946,1.04954,3.75,1.50
2012.03.14 08:33:05.745,1.04946,1.04956,3.00,1.50
2012.03.14 08:33:06.104,1.0495,1.04959,1.50,4.95
2012.03.14 08:33:06.457,1.04946,1.04955,3.00,1.50
2012.03.14 08:33:07.380,1.0495,1.04958,1.50,2.25
2012.03.14 08:33:07.699,1.04947,1.04956,1.50,1.50
2012.03.14 08:33:08.038,1.04947,1.04953,1.50,1.20
2012.03.14 08:33:08.307,1.04944,1.04953,1.50,1.20
2012.03.14 08:33:08.728,1.04944,1.04956,1.50,3.01
2012.03.14 08:33:09.395,1.04947,1.04957,1.50,1.51
2012.03.14 08:33:10.204,1.04947,1.04957,1.50,2.11
2012.03.14 08:33:10.812,1.04947,1.04957,1.50,2.11
2012.03.14 08:33:11.326,1.04947,1.04957,1.50,2.86
2012.03.14 08:33:12.084,1.04947,1.04957,1.50,2.86
2012.03.14 08:33:12.774,1.04947,1.04957,1.50,2.86
2012.03.14 08:33:13.119,1.04951,1.04959,1.50,1.88
2012.03.14 08:33:13.666,1.04951,1.04961,1.50,1.88
2012.03.14 08:33:14.373,1.04951,1.0496,1.50,1.13
2012.03.14 08:33:14.462,1.04953,1.04963,1.20,1.88
2012.03.14 08:33:14.877,1.04953,1.04964,3.45,3.65
2012.03.14 08:33:15.021,1.04955,1.04964,3.45,1.50
2012.03.14 08:33:15.179,1.04958,1.04968,1.50,3.49
2012.03.14 08:33:15.891,1.04964,1.0497,1.50,1.50
2012.03.14 08:33:15.968,1.04964,1.04974,1.50,3.00
2012.03.14 08:33:16.507,1.04963,1.04972,1.20,1.50
2012.03.14 08:33:17.830,1.04964,1.04974,1.50,2.25
2012.03.14 08:33:18.540,1.04966,1.04977,1.50,3.83
2012.03.14 08:33:18.776,1.04966,1.04973,1.50,1.20
2012.03.14 08:33:19.145,1.04954,1.04962,1.13,2.25
2012.03.14 08:33:19.220,1.04953,1.04962,1.73,2.25
2012.03.14 08:33:19.938,1.04953,1.04962,1.50,2.25
2012.03.14 08:33:20.150,1.04951,1.04962,2.25,3.75
2012.03.14 08:33:20.707,1.04952,1.04962,1.50,2.25
2012.03.14 08:33:22.393,1.04955,1.04963,1.50,1.20
2012.03.14 08:33:23.108,1.04952,1.04963,3.75,1.20
2012.03.14 08:33:23.325,1.04955,1.04963,1.50,1.20
2012.03.14 08:33:23.848,1.04955,1.04964,1.50,3.45
2012.03.14 08:33:27.479,1.04953,1.04958,3.00,2.25
2012.03.14 08:33:27.840,1.04957,1.04965,3.45,1.50
2012.03.14 08:33:27.911,1.0496,1.04965,1.50,1.50
2012.03.14 08:33:28.258,1.0496,1.04967,1.50,1.20
2012.03.14 08:33:28.468,1.04957,1.04967,1.50,2.70
2012.03.14 08:33:28.957,1.04958,1.04967,1.20,3.65
2012.03.14 08:33:29.410,1.04953,1.04964,2.18,1.50
2012.03.14 08:33:29.495,1.04954,1.04962,2.25,1.20
2012.03.14 08:33:29.708,1.04954,1.04964,1.50,2.25
2012.03.14 08:33:29.849,1.04956,1.04966,1.50,4.50
2012.03.14 08:33:30.129,1.04952,1.04962,3.00,1.50
2012.03.14 08:33:30.535,1.0495,1.04957,3.75,1.20
2012.03.14 08:33:30.753,1.04951,1.0496,1.50,2.25
2012.03.14 08:33:30.826,1.04951,1.04962,2.25,2.70
2012.03.14 08:33:31.837,1.04951,1.04962,2.25,1.20
2012.03.14 08:33:34.047,1.04953,1.04962,1.50,1.20
2012.03.14 08:33:36.213,1.04951,1.04961,2.25,1.50
2012.03.14 08:33:36.781,1.04952,1.04962,2.25,1.20
2012.03.14 08:33:40.247,1.04955,1.04962,1.50,1.20
2012.03.14 08:33:40.649,1.04959,1.04966,1.50,1.95
2012.03.14 08:33:40.728,1.04959,1.04969,1.50,2.25
2012.03.14 08:33:40.947,1.04963,1.04972,1.50,1.28
2012.03.14 08:33:41.021,1.04963,1.04972,1.50,1.13
2012.03.14 08:33:41.554,1.04963,1.04973,1.50,1.20
2012.03.14 08:33:43.052,1.04967,1.04974,1.50,2.25
2012.03.14 08:33:43.131,1.04967,1.04977,1.50,3.30
2012.03.14 08:33:43.212,1.04969,1.04977,1.50,1.80
2012.03.14 08:33:43.747,1.04967,1.04977,1.50,1.20
2012.03.14 08:33:47.528,1.04965,1.04977,1.50,3.30
2012.03.14 08:33:49.904,1.04965,1.04977,2.25,2.70
2012.03.14 08:33:50.309,1.04968,1.04977,1.50,1.20
2012.03.14 08:33:51.879,1.04968,1.04973,1.50,1.20
2012.03.14 08:33:51.955,1.04966,1.04973,1.50,1.20
2012.03.14 08:33:52.029,1.04964,1.04973,3.00,1.20
2012.03.14 08:33:52.166,1.04964,1.04973,2.25,1.20
2012.03.14 08:33:52.496,1.04969,1.04977,1.50,1.20
2012.03.14 08:33:52.972,1.04964,1.04976,3.19,1.50
2012.03.14 08:33:53.048,1.04963,1.04973,3.00,1.20
2012.03.14 08:33:53.830,1.04965,1.04973,1.50,1.20
2012.03.14 08:33:54.106,1.04968,1.04977,1.50,1.50
2012.03.14 08:33:54.608,1.04968,1.04978,1.50,2.70
2012.03.14 08:33:56.159,1.0497,1.04978,1.50,1.20
2012.03.14 08:33:56.647,1.04968,1.04978,1.50,2.70
2012.03.14 08:33:56.863,1.04968,1.04978,2.25,2.70
2012.03.14 08:33:57.886,1.04974,1.04983,4.50,6.08
2012.03.14 08:33:58.179,1.04977,1.04987,3.00,2.70
2012.03.14 08:33:58.391,1.04977,1.04985,4.95,1.50
2012.03.14 08:33:58.479,1.04981,1.04991,1.50,2.25
2012.03.14 08:33:58.558,1.04979,1.04988,1.69,1.50
2012.03.14 08:33:59.367,1.04978,1.04983,1.50,1.20
2012.03.14 08:33:59.452,1.04975,1.04983,1.88,3.45
2012.03.14 08:33:59.677,1.04978,1.04983,1.50,2.25
2012.03.14 08:33:59.756,1.04978,1.04988,1.50,1.88
2012.03.14 08:34:00.113,1.04977,1.04989,8.60,1.50
2012.03.14 08:34:00.613,1.04977,1.04989,6.45,2.85
2012.03.14 08:34:00.706,1.04976,1.04984,1.50,1.50
2012.03.14 08:34:00.855,1.04977,1.04987,1.50,2.70
2012.03.14 08:34:02.727,1.04977,1.04987,4.20,1.50
2012.03.14 08:34:02.866,1.0498,1.0499,1.50,2.25
2012.03.14 08:34:03.141,1.04982,1.04992,1.50,3.00
2012.03.14 08:34:03.288,1.04978,1.0499,2.44,1.50
2012.03.14 08:34:03.702,1.0498,1.04992,1.50,2.25
2012.03.14 08:34:04.599,1.04985,1.04993,1.50,3.45
2012.03.14 08:34:04.745,1.04982,1.04992,3.00,1.50
2012.03.14 08:34:05.236,1.0498,1.0499,3.94,1.50
2012.03.14 08:34:06.118,1.04981,1.04993,2.25,3.75
2012.03.14 08:34:07.788,1.04979,1.04991,1.69,1.50
2012.03.14 08:34:09.269,1.04982,1.04992,1.50,1.50
2012.03.14 08:34:12.628,1.04985,1.04993,1.50,2.25
2012.03.14 08:34:13.260,1.04985,1.04992,1.50,1.20
2012.03.14 08:34:13.904,1.04985,1.04992,3.00,1.20
2012.03.14 08:34:14.191,1.04985,1.04992,1.50,1.20
2012.03.14 08:34:15.873,1.04983,1.04992,3.00,1.20
2012.03.14 08:34:16.161,1.04983,1.04987,1.50,1.20
2012.03.14 08:34:16.370,1.04979,1.04987,2.33,1.20
2012.03.14 08:34:16.514,1.04979,1.04989,2.33,1.50
2012.03.14 08:34:17.165,1.04977,1.04988,3.27,1.50
2012.03.14 08:34:17.259,1.04973,1.04985,4.20,1.88
2012.03.14 08:34:17.418,1.04974,1.04985,1.50,1.50
2012.03.14 08:34:17.770,1.04978,1.04987,1.50,1.20
2012.03.14 08:34:18.672,1.04983,1.04992,1.50,1.88
2012.03.14 08:34:18.976,1.04981,1.04991,1.50,1.50
2012.03.14 08:34:19.058,1.04979,1.04991,3.38,3.00
2012.03.14 08:34:19.137,1.04979,1.04988,1.88,1.50
2012.03.14 08:34:19.700,1.04979,1.04991,1.88,2.25
2012.03.14 08:34:19.768,1.04982,1.04991,1.20,2.25
2012.03.14 08:34:20.250,1.04978,1.04987,1.50,1.20
2012.03.14 08:34:20.792,1.0498,1.04987,1.50,1.20
2012.03.14 08:34:21.960,1.04978,1.04985,1.50,2.70
2012.03.14 08:34:22.038,1.04975,1.04983,1.50,2.25
2012.03.14 08:34:23.008,1.04975,1.04982,1.50,1.20
2012.03.14 08:34:23.720,1.04972,1.04981,3.00,2.25
2012.03.14 08:34:24.021,1.04966,1.04973,1.69,3.00
2012.03.14 08:34:24.102,1.04968,1.04973,1.50,3.00
2012.03.14 08:34:24.192,1.04964,1.04972,2.15,2.25
2012.03.14 08:34:24.277,1.04963,1.04972,2.25,2.25
2012.03.14 08:34:24.424,1.04964,1.04973,1.50,1.95
2012.03.14 08:34:25.144,1.0497,1.04977,1.50,1.20
2012.03.14 08:34:27.248,1.0497,1.04979,1.50,1.20
2012.03.14 08:34:35.068,1.04973,1.04979,1.50,1.20
2012.03.14 08:34:35.435,1.04969,1.04979,3.19,2.70
2012.03.14 08:34:38.794,1.04969,1.04979,2.44,1.50
2012.03.14 08:34:39.165,1.04974,1.04983,1.50,2.25
2012.03.14 08:34:40.078,1.04972,1.04983,1.50,3.75
2012.03.14 08:34:40.609,1.04971,1.04983,3.00,3.75
2012.03.14 08:34:40.754,1.04975,1.04983,1.50,2.25
2012.03.14 08:34:41.596,1.04974,1.04983,1.50,2.25
2012.03.14 08:34:42.247,1.04972,1.04983,1.50,2.25
2012.03.14 08:34:46.408,1.04972,1.04983,1.50,3.08
2012.03.14 08:34:48.748,1.04972,1.04983,1.50,4.20
2012.03.14 08:34:49.746,1.04972,1.04981,1.50,1.13
2012.03.14 08:34:49.886,1.04972,1.04983,1.50,1.20
2012.03.14 08:34:50.516,1.0497,1.04982,2.25,1.50
2012.03.14 08:34:51.036,1.0497,1.04982,1.50,2.25
2012.03.14 08:34:53.616,1.0497,1.04982,1.50,3.00
2012.03.14 08:34:54.652,1.04969,1.04979,3.00,1.50
2012.03.14 08:34:57.690,1.04967,1.04978,4.95,1.50
2012.03.14 08:34:58.472,1.04968,1.04978,3.00,1.20
2012.03.14 08:34:58.961,1.04968,1.04979,3.00,1.20
2012.03.14 08:34:59.044,1.04971,1.04982,1.50,5.85
2012.03.14 08:34:59.261,1.04971,1.04978,1.50,1.20
2012.03.14 08:34:59.786,1.04967,1.04976,1.95,1.50
2012.03.14 08:34:59.997,1.04968,1.04976,2.25,1.50
2012.03.14 08:35:00.129,1.04968,1.04979,2.25,2.25
2012.03.14 08:35:00.472,1.04968,1.04975,2.25,1.50
2012.03.14 08:35:01.009,1.04968,1.04977,2.25,1.50
2012.03.14 08:35:01.979,1.04968,1.04975,3.00,1.50
2012.03.14 08:35:02.185,1.04964,1.04973,1.50,1.50
2012.03.14 08:35:02.388,1.04964,1.04976,3.75,1.50
2012.03.14 08:35:02.792,1.04965,1.04976,5.25,1.50
2012.03.14 08:35:03.254,1.04968,1.0498,5.70,4.13
2012.03.14 08:35:03.774,1.04968,1.0498,5.70,2.25
2012.03.14 08:35:03.860,1.04966,1.04976,2.25,1.50
2012.03.14 08:35:04.568,1.04967,1.04977,2.25,2.70
2012.03.14 08:35:05.076,1.04967,1.04977,2.25,2.70
2012.03.14 08:35:05.614,1.04967,1.04977,2.25,2.70
2012.03.14 08:35:06.217,1.04967,1.04974,2.25,1.20
2012.03.14 08:35:06.741,1.04967,1.04974,1.50,1.20
2012.03.14 08:35:06.827,1.04965,1.04974,1.50,1.20
2012.03.14 08:35:07.687,1.04965,1.04975,1.50,4.50
2012.03.14 08:35:08.222,1.04966,1.04978,1.50,4.20
2012.03.14 08:35:08.774,1.04965,1.04975,2.25,1.50
2012.03.14 08:35:10.123,1.04965,1.04975,2.25,1.50
2012.03.14 08:35:10.201,1.04965,1.04973,2.25,1.20
2012.03.14 08:35:10.536,1.04968,1.04975,1.20,1.50
2012.03.14 08:35:10.748,1.04969,1.04977,1.50,1.20
2012.03.14 08:35:11.526,1.04965,1.04972,1.50,1.20
2012.03.14 08:35:11.600,1.04964,1.04972,1.50,1.95
2012.03.14 08:35:12.157,1.04965,1.04972,1.50,1.95
2012.03.14 08:35:14.987,1.04965,1.04975,1.50,2.63
2012.03.14 08:35:15.556,1.04966,1.04978,2.25,4.20
2012.03.14 08:35:15.848,1.04969,1.04979,1.50,2.25
2012.03.14 08:35:16.204,1.04969,1.04977,1.50,1.88
2012.03.14 08:35:16.562,1.04963,1.04975,2.63,3.00
2012.03.14 08:35:17.543,1.04963,1.04972,2.25,1.95
2012.03.14 08:35:18.109,1.04964,1.04972,1.50,1.95
2012.03.14 08:35:18.790,1.04968,1.0498,4.95,2.44
2012.03.14 08:35:18.869,1.0497,1.04977,1.50,1.20
2012.03.14 08:35:19.155,1.04966,1.04976,2.25,1.50
2012.03.14 08:35:19.711,1.04967,1.04977,1.50,1.20
2012.03.14 08:35:19.930,1.04966,1.04974,1.50,1.20
2012.03.14 08:35:20.151,1.04962,1.04972,2.25,2.25
2012.03.14 08:35:20.721,1.04964,1.04974,1.50,3.83
2012.03.14 08:35:23.072,1.04964,1.04974,1.50,4.95
2012.03.14 08:35:23.428,1.04966,1.04978,1.50,5.70
2012.03.14 08:35:23.946,1.04964,1.04976,2.25,1.69
2012.03.14 08:35:24.518,1.04966,1.04978,1.50,4.20
2012.03.14 08:35:25.142,1.04961,1.04973,3.00,2.25
2012.03.14 08:35:25.218,1.04961,1.04973,3.00,2.25
2012.03.14 08:35:25.624,1.04963,1.04973,1.50,1.50
2012.03.14 08:35:27.531,1.0496,1.04971,2.25,1.50
2012.03.14 08:35:27.681,1.04962,1.04972,1.50,3.45
2012.03.14 08:35:28.187,1.04963,1.04973,2.25,1.95
2012.03.14 08:35:29.236,1.04966,1.04975,1.50,1.13
2012.03.14 08:35:29.458,1.04969,1.04978,1.50,2.33
2012.03.14 08:35:29.674,1.04965,1.04975,1.50,1.50
2012.03.14 08:35:31.824,1.04965,1.04972,1.50,1.95
2012.03.14 08:35:31.904,1.04962,1.04971,1.50,1.50
2012.03.14 08:35:32.567,1.04963,1.04975,2.70,2.25
2012.03.14 08:35:32.639,1.04966,1.04975,1.50,1.05
2012.03.14 08:35:33.110,1.04961,1.04972,3.75,1.95
2012.03.14 08:35:33.457,1.04964,1.04972,1.50,1.95
2012.03.14 08:35:35.065,1.04962,1.04972,2.25,1.95
2012.03.14 08:35:36.076,1.04962,1.04972,2.25,1.20
2012.03.14 08:35:36.915,1.04962,1.04972,2.25,1.20
2012.03.14 08:35:37.454,1.04962,1.04972,2.25,1.20
2012.03.14 08:35:38.402,1.04962,1.04972,3.00,1.20
2012.03.14 08:35:39.412,1.04962,1.04972,2.25,1.20
2012.03.14 08:35:39.840,1.0496,1.04969,1.50,1.50
2012.03.14 08:35:40.380,1.04959,1.04969,3.19,1.50
2012.03.14 08:35:40.787,1.04961,1.04971,2.25,1.50
2012.03.14 08:35:40.864,1.04961,1.04973,2.25,1.50
2012.03.14 08:35:41.365,1.04961,1.04973,3.00,1.50
2012.03.14 08:35:41.895,1.04962,1.04973,1.50,1.50
2012.03.14 08:35:42.437,1.04963,1.04974,2.25,2.33
2012.03.14 08:35:42.958,1.04963,1.04974,2.25,2.33
2012.03.14 08:35:43.485,1.04963,1.04974,2.25,3.08
2012.03.14 08:35:43.558,1.04962,1.04973,2.25,2.25
2012.03.14 08:35:43.845,1.0496,1.04971,1.50,1.50
2012.03.14 08:35:44.130,1.04961,1.04973,2.25,4.50
2012.03.14 08:35:44.656,1.04961,1.04973,2.25,2.25
2012.03.14 08:35:44.999,1.04961,1.04973,3.00,2.25
2012.03.14 08:35:45.423,1.0496,1.04971,1.50,1.50
2012.03.14 08:35:46.024,1.04959,1.04971,3.00,1.50
2012.03.14 08:35:46.501,1.04962,1.04972,2.25,1.50
2012.03.14 08:35:46.993,1.04965,1.04974,1.50,1.13
2012.03.14 08:35:47.214,1.04966,1.04975,1.50,1.50
2012.03.14 08:35:47.292,1.04969,1.04978,1.50,1.50
2012.03.14 08:35:47.860,1.04969,1.04979,1.50,1.39
2012.03.14 08:35:48.152,1.04969,1.04981,2.70,2.85
2012.03.14 08:35:48.441,1.04969,1.04979,1.20,1.50
2012.03.14 08:35:49.590,1.0497,1.0498,1.50,1.50
2012.03.14 08:35:49.730,1.04971,1.04983,1.50,3.64
2012.03.14 08:35:50.007,1.04973,1.04983,1.50,3.64
2012.03.14 08:35:50.395,1.0497,1.04982,1.50,1.50
2012.03.14 08:35:51.468,1.0497,1.04982,1.50,2.10
2012.03.14 08:35:52.747,1.04972,1.04983,1.88,3.30
2012.03.14 08:35:53.159,1.04972,1.04983,3.00,1.20
2012.03.14 08:35:53.240,1.04974,1.04983,1.50,1.20
2012.03.14 08:35:53.451,1.04972,1.04983,1.50,1.20
2012.03.14 08:35:54.071,1.04972,1.04983,1.88,1.20
2012.03.14 08:35:54.151,1.04972,1.04983,3.00,1.20
2012.03.14 08:35:54.860,1.04973,1.04983,1.50,1.20
2012.03.14 08:35:55.418,1.04975,1.04983,1.50,1.20
2012.03.14 08:35:55.973,1.04975,1.04985,1.50,1.50
2012.03.14 08:35:56.117,1.04979,1.04988,1.50,2.70
2012.03.14 08:35:56.679,1.04979,1.04988,1.50,1.20
2012.03.14 08:36:03.356,1.04979,1.04988,2.63,1.20
2012.03.14 08:36:03.706,1.04985,1.04993,1.50,1.35
2012.03.14 08:36:03.780,1.04983,1.04993,2.25,2.85
2012.03.14 08:36:03.861,1.04981,1.04991,2.25,2.25
2012.03.14 08:36:04.007,1.04981,1.04989,1.50,1.20
2012.03.14 08:36:04.477,1.04979,1.04989,1.50,1.20
2012.03.14 08:36:05.010,1.04978,1.04988,2.25,1.50
2012.03.14 08:36:05.221,1.0498,1.04989,1.50,1.20
2012.03.14 08:36:05.958,1.0498,1.0499,1.50,1.50
2012.03.14 08:36:06.028,1.04981,1.04992,1.50,1.35
2012.03.14 08:36:06.749,1.04981,1.04989,1.50,4.25
2012.03.14 08:36:07.310,1.04981,1.04987,1.50,1.13
2012.03.14 08:36:07.380,1.04974,1.04986,4.95,1.50
2012.03.14 08:36:07.448,1.04974,1.04983,3.45,1.50
2012.03.14 08:36:07.527,1.04976,1.04986,1.50,1.50
2012.03.14 08:36:07.600,1.04976,1.04988,3.00,4.58
2012.03.14 08:36:07.812,1.04974,1.04984,1.50,1.20
2012.03.14 08:36:08.368,1.0498,1.0499,1.50,1.88
2012.03.14 08:36:08.568,1.04978,1.04988,1.50,1.50
2012.03.14 08:36:09.077,1.04979,1.04989,2.25,1.20
2012.03.14 08:36:10.656,1.04977,1.04989,2.25,2.70
2012.03.14 08:36:11.797,1.04977,1.04989,2.25,2.70
2012.03.14 08:36:13.021,1.04979,1.04989,1.50,2.70
2012.03.14 08:36:13.448,1.04982,1.04989,1.50,1.20
2012.03.14 08:36:13.523,1.04982,1.04992,1.50,2.63
2012.03.14 08:36:14.169,1.0498,1.0499,1.50,1.50
2012.03.14 08:36:14.475,1.0498,1.04988,2.25,1.20
2012.03.14 08:36:16.336,1.04977,1.04988,3.00,1.20
2012.03.14 08:36:16.759,1.0498,1.0499,1.50,3.00
2012.03.14 08:36:17.278,1.04979,1.04991,1.50,4.50
2012.03.14 08:36:17.843,1.04978,1.04989,4.95,1.50
2012.03.14 08:36:18.767,1.04978,1.04988,3.00,1.20
2012.03.14 08:36:20.005,1.0498,1.04988,1.50,1.20
2012.03.14 08:36:20.427,1.04978,1.04988,2.25,2.70
2012.03.14 08:36:20.746,1.0498,1.04988,1.50,1.20
2012.03.14 08:36:22.216,1.04979,1.04988,2.25,1.20
2012.03.14 08:36:23.078,1.04978,1.04987,1.13,1.50
2012.03.14 08:36:23.914,1.04978,1.04988,2.63,1.20
2012.03.14 08:36:24.238,1.04978,1.04988,3.00,1.20
2012.03.14 08:36:28.209,1.04978,1.04985,3.00,1.20
2012.03.14 08:36:28.351,1.04975,1.04983,1.13,1.50
2012.03.14 08:36:28.426,1.04973,1.04983,4.95,1.50
2012.03.14 08:36:28.501,1.04973,1.0498,3.45,1.50
2012.03.14 08:36:28.580,1.04973,1.04983,2.70,3.00
2012.03.14 08:36:28.790,1.04973,1.04983,1.50,1.50
2012.03.14 08:36:29.004,1.04973,1.04983,1.95,1.50
2012.03.14 08:36:29.299,1.04979,1.04989,1.50,3.45
2012.03.14 08:36:31.775,1.04979,1.04989,2.25,2.70
2012.03.14 08:36:32.679,1.04979,1.04985,1.13,2.70
2012.03.14 08:36:33.100,1.04979,1.04988,1.88,1.95
2012.03.14 08:36:34.294,1.04982,1.04993,1.69,1.80
2012.03.14 08:36:34.977,1.04983,1.04994,2.14,1.50
2012.03.14 08:36:35.192,1.04986,1.04994,1.50,1.50
2012.03.14 08:36:35.337,1.04988,1.04998,1.50,2.10
2012.03.14 08:36:35.858,1.04986,1.04998,3.75,3.60
2012.03.14 08:36:36.879,1.04989,1.04998,1.50,4.25
2012.03.14 08:36:37.093,1.04982,1.04992,4.17,1.80
2012.03.14 08:36:37.384,1.04983,1.04991,4.20,2.25
2012.03.14 08:36:37.460,1.04985,1.04993,1.13,1.50
2012.03.14 08:36:39.258,1.04985,1.04992,1.50,1.50
2012.03.14 08:36:39.617,1.04979,1.04988,1.32,1.20
2012.03.14 08:36:39.767,1.04978,1.04988,2.82,1.20
2012.03.14 08:36:40.407,1.0498,1.04988,1.50,1.20
2012.03.14 08:36:42.250,1.04978,1.04988,3.00,2.70
2012.03.14 08:36:45.833,1.04977,1.04988,1.50,1.20
2012.03.14 08:36:51.284,1.04979,1.0499,1.50,1.20
2012.03.14 08:36:56.716,1.04979,1.0499,1.69,1.95
2012.03.14 08:36:57.267,1.04979,1.04991,2.89,1.50
2012.03.14 08:37:00.676,1.04979,1.04991,3.64,1.50
2012.03.14 08:37:01.242,1.04982,1.04993,1.13,1.50
2012.03.14 08:37:01.790,1.04982,1.04992,1.88,1.50
2012.03.14 08:37:01.865,1.0498,1.0499,5.15,1.50
2012.03.14 08:37:03.253,1.0498,1.0499,1.69,1.50
2012.03.14 08:37:03.729,1.04979,1.04988,1.39,1.50
2012.03.14 08:37:04.165,1.04979,1.04991,2.89,1.50
2012.03.14 08:37:06.324,1.04979,1.04991,5.89,1.50
2012.03.14 08:37:06.875,1.04982,1.04992,2.63,1.50
2012.03.14 08:37:07.445,1.04982,1.04992,3.38,1.50
2012.03.14 08:37:07.648,1.04983,1.04995,1.50,4.95
2012.03.14 08:37:08.909,1.04983,1.04995,1.50,5.70
2012.03.14 08:37:08.977,1.04982,1.04992,4.13,1.50
2012.03.14 08:37:13.633,1.04984,1.04994,1.50,1.50
2012.03.14 08:37:13.776,1.04982,1.04993,1.13,1.50
2012.03.14 08:37:13.847,1.04983,1.04995,1.50,5.70
2012.03.14 08:37:14.106,1.04982,1.04992,2.63,1.50
2012.03.14 08:37:16.259,1.04984,1.04994,1.50,2.25
2012.03.14 08:37:17.275,1.04982,1.04992,1.50,2.25
2012.03.14 08:37:17.787,1.0498,1.04991,1.13,2.25
2012.03.14 08:37:18.389,1.04979,1.04991,6.35,3.75
2012.03.14 08:37:18.900,1.04979,1.04988,4.85,1.50
2012.03.14 08:37:19.040,1.04981,1.0499,1.13,4.20
2012.03.14 08:37:19.251,1.04978,1.04987,2.25,1.50
2012.03.14 08:37:19.552,1.0498,1.0499,1.69,1.50
2012.03.14 08:37:20.550,1.0498,1.04989,2.44,1.20
2012.03.14 08:37:21.086,1.04978,1.04988,1.69,1.50
2012.03.14 08:37:21.231,1.04978,1.04985,1.69,1.20
2012.03.14 08:37:21.377,1.04975,1.04985,1.50,2.70
2012.03.14 08:37:21.453,1.04976,1.04985,2.15,2.70
2012.03.14 08:37:21.741,1.04972,1.04981,1.39,1.50
2012.03.14 08:37:22.273,1.04972,1.04982,2.89,2.25
2012.03.14 08:37:23.157,1.04971,1.0498,1.95,1.50
2012.03.14 08:37:24.013,1.04971,1.0498,1.95,1.50
2012.03.14 08:37:24.596,1.04971,1.04983,4.20,1.50
2012.03.14 08:37:24.879,1.04974,1.04984,1.50,3.00
2012.03.14 08:37:25.525,1.04976,1.04986,1.50,1.32
2012.03.14 08:37:25.872,1.04979,1.04989,1.50,3.08
2012.03.14 08:37:26.096,1.04981,1.04991,2.70,1.50
2012.03.14 08:37:26.173,1.04983,1.04991,1.50,1.50
2012.03.14 08:37:26.257,1.04983,1.04993,1.50,3.60
2012.03.14 08:37:26.414,1.04983,1.04992,1.50,1.50
2012.03.14 08:37:26.689,1.04981,1.04991,1.20,2.25
2012.03.14 08:37:27.921,1.04979,1.0499,3.00,1.20
2012.03.14 08:37:28.455,1.04979,1.0499,1.50,1.20
2012.03.14 08:37:29.987,1.04979,1.0499,3.00,1.20
2012.03.14 08:37:30.069,1.04981,1.04992,2.70,1.50
2012.03.14 08:37:30.617,1.04981,1.04991,1.95,1.50
2012.03.14 08:37:31.083,1.04981,1.04991,1.95,1.50
2012.03.14 08:37:31.444,1.04991,1.04995,1.20,1.50
2012.03.14 08:37:31.863,1.04991,1.04995,2.70,1.50
2012.03.14 08:37:31.950,1.04991,1.05001,1.50,2.89
2012.03.14 08:37:32.028,1.04987,1.04999,1.50,1.50
2012.03.14 08:37:32.377,1.0499,1.05,1.50,2.29
2012.03.14 08:37:33.576,1.0499,1.04999,1.50,1.13
2012.03.14 08:37:33.664,1.04985,1.04994,1.20,1.50
2012.03.14 08:37:33.948,1.04989,1.04997,1.50,2.15
2012.03.14 08:37:34.156,1.04986,1.04997,2.25,2.15
2012.03.14 08:37:34.230,1.0499,1.04998,1.20,2.25
2012.03.14 08:37:34.507,1.04987,1.04998,3.75,1.50
2012.03.14 08:37:34.764,1.04989,1.04999,1.50,1.50
2012.03.14 08:37:35.964,1.04991,1.04999,1.20,1.50
2012.03.14 08:37:36.042,1.04991,1.05001,2.70,2.44
2012.03.14 08:37:36.699,1.04991,1.05001,3.45,2.44
2012.03.14 08:37:37.051,1.05,1.05009,1.50,2.78
2012.03.14 08:37:37.478,1.04997,1.05007,7.58,1.88
2012.03.14 08:37:37.987,1.04998,1.05007,1.20,1.88
2012.03.14 08:37:38.538,1.04997,1.05007,4.13,3.00
2012.03.14 08:37:39.078,1.04995,1.05001,1.58,1.50
2012.03.14 08:37:39.445,1.04995,1.05003,1.58,1.50
2012.03.14 08:37:40.832,1.04995,1.05002,1.20,1.50
2012.03.14 08:37:41.522,1.04999,1.05004,2.25,1.50
2012.03.14 08:37:41.744,1.04999,1.05004,3.45,1.50
2012.03.14 08:37:42.396,1.05,1.05012,1.50,3.94
2012.03.14 08:37:42.947,1.04999,1.0501,3.45,1.50
2012.03.14 08:37:46.963,1.05009,1.05013,2.25,1.50
2012.03.14 08:37:47.049,1.05009,1.05014,2.25,1.50
2012.03.14 08:37:47.406,1.05006,1.05015,1.88,1.13
2012.03.14 08:37:47.483,1.05004,1.05011,1.58,1.50
2012.03.14 08:37:47.560,1.05004,1.05011,1.58,1.50
2012.03.14 08:37:48.126,1.05002,1.05011,2.25,1.50
2012.03.14 08:37:48.550,1.05,1.05009,1.20,1.50
2012.03.14 08:37:48.639,1.05001,1.05011,1.50,1.50
2012.03.14 08:37:51.827,1.05009,1.05013,3.75,1.50
2012.03.14 08:37:51.907,1.05009,1.05018,2.25,1.88
2012.03.14 08:37:52.465,1.05009,1.05017,2.25,1.88
2012.03.14 08:37:52.809,1.05007,1.05013,1.13,1.50
2012.03.14 08:37:53.075,1.05005,1.05013,1.95,1.50
2012.03.14 08:37:53.291,1.05005,1.05016,1.58,3.00
2012.03.14 08:37:55.128,1.05005,1.05016,1.77,2.25
2012.03.14 08:37:55.399,1.0501,1.05019,1.50,1.20
2012.03.14 08:37:55.734,1.05012,1.05022,1.50,5.15
2012.03.14 08:37:55.872,1.0501,1.0502,2.70,1.88
2012.03.14 08:37:56.693,1.05012,1.05022,1.50,2.44
2012.03.14 08:37:59.499,1.05015,1.05022,1.20,2.44
2012.03.14 08:37:59.854,1.05014,1.05024,1.50,2.44
2012.03.14 08:38:00.075,1.05012,1.05022,1.50,1.50
2012.03.14 08:38:01.177,1.05014,1.05023,1.50,2.25
2012.03.14 08:38:01.366,1.05011,1.05023,1.50,3.75
2012.03.14 08:38:01.637,1.05014,1.05023,4.50,3.00
2012.03.14 08:38:01.779,1.05018,1.05025,2.25,3.00
2012.03.14 08:38:01.920,1.05018,1.05026,2.25,2.25
2012.03.14 08:38:02.128,1.05016,1.05025,1.50,1.50
2012.03.14 08:38:02.271,1.05014,1.05024,1.50,2.25
2012.03.14 08:38:02.955,1.05011,1.05023,3.38,1.50
2012.03.14 08:38:03.414,1.05014,1.05025,4.50,4.05
2012.03.14 08:38:03.705,1.05019,1.05027,2.25,2.25
2012.03.14 08:38:03.784,1.05019,1.05029,3.75,1.58
2012.03.14 08:38:04.130,1.05019,1.05028,2.25,1.13
2012.03.14 08:38:04.897,1.0502,1.05026,1.20,1.50
2012.03.14 08:38:04.979,1.0502,1.05029,1.20,2.25
2012.03.14 08:38:05.390,1.05016,1.05027,1.88,1.50
2012.03.14 08:38:05.602,1.05015,1.05025,1.13,1.50
2012.03.14 08:38:05.751,1.05014,1.05025,3.83,1.50
2012.03.14 08:38:05.830,1.05019,1.05025,1.20,1.50
2012.03.14 08:38:06.042,1.05013,1.05024,5.03,1.20
2012.03.14 08:38:06.598,1.05016,1.05024,1.50,1.95
2012.03.14 08:38:06.680,1.05017,1.05022,1.20,1.50
2012.03.14 08:38:06.890,1.05019,1.05026,3.45,2.25
2012.03.14 08:38:07.029,1.05019,1.05029,4.95,1.88
2012.03.14 08:38:07.237,1.05021,1.05031,1.50,4.40
2012.03.14 08:38:07.509,1.05019,1.0503,3.45,1.88
2012.03.14 08:38:07.722,1.05021,1.05031,1.50,2.25
2012.03.14 08:38:08.005,1.05022,1.05034,1.50,2.44
2012.03.14 08:38:08.493,1.05022,1.05027,1.50,1.13
2012.03.14 08:38:08.788,1.05018,1.05022,3.45,1.50
2012.03.14 08:38:09.131,1.0501,1.05022,2.89,2.25
2012.03.14 08:38:09.207,1.0501,1.0502,1.69,1.20
2012.03.14 08:38:09.746,1.0501,1.05021,1.39,1.50
2012.03.14 08:38:10.076,1.05009,1.05019,1.50,1.20
2012.03.14 08:38:10.759,1.05009,1.05018,1.50,1.20
2012.03.14 08:38:11.085,1.05009,1.05021,1.50,3.45
2012.03.14 08:38:11.982,1.05009,1.05018,1.50,1.13
2012.03.14 08:38:12.573,1.05005,1.05015,1.69,2.10
2012.03.14 08:38:12.669,1.04997,1.05007,1.88,2.25
2012.03.14 08:38:13.018,1.04995,1.05003,3.08,2.25
2012.03.14 08:38:13.088,1.04995,1.05003,2.70,2.25
2012.03.14 08:38:13.303,1.04995,1.05001,1.20,1.50
2012.03.14 08:38:13.660,1.04998,1.05003,1.20,1.50
2012.03.14 08:38:14.124,1.04997,1.05006,1.50,1.13
2012.03.14 08:38:14.536,1.04994,1.05006,3.83,1.50
2012.03.14 08:38:14.608,1.04997,1.05007,1.50,1.50
2012.03.14 08:38:14.926,1.04995,1.05005,3.00,1.50
2012.03.14 08:38:16.770,1.04991,1.05003,2.70,2.25
2012.03.14 08:38:16.851,1.04991,1.04998,1.20,1.50
2012.03.14 08:38:17.199,1.04995,1.05003,1.20,1.50
2012.03.14 08:38:18.259,1.04997,1.05003,1.20,1.50
2012.03.14 08:38:18.751,1.05,1.05011,1.50,2.33
2012.03.14 08:38:19.250,1.05,1.05011,1.50,1.13
2012.03.14 08:38:19.391,1.04999,1.05009,2.70,1.50
2012.03.14 08:38:20.261,1.04997,1.05009,2.70,1.50
2012.03.14 08:38:20.354,1.05,1.05007,1.50,2.93
2012.03.14 08:38:20.438,1.04997,1.05005,1.20,4.13
2012.03.14 08:38:20.647,1.04995,1.05005,1.50,1.50
2012.03.14 08:38:21.208,1.04996,1.05005,1.95,4.88
2012.03.14 08:38:21.631,1.04998,1.05005,1.50,1.50
2012.03.14 08:38:21.706,1.04998,1.05009,1.50,1.50
2012.03.14 08:38:22.271,1.04996,1.05008,2.70,2.25
2012.03.14 08:38:23.942,1.05002,1.05008,1.20,2.25
2012.03.14 08:38:24.475,1.05002,1.05009,1.20,1.50
2012.03.14 08:38:25.141,1.05002,1.05011,1.20,1.50
2012.03.14 08:38:25.223,1.05003,1.05013,1.50,1.88
2012.03.14 08:38:25.304,1.05007,1.05013,1.20,1.88
2012.03.14 08:38:25.456,1.05003,1.05013,3.75,1.88
2012.03.14 08:38:25.951,1.05001,1.05011,1.20,1.50
2012.03.14 08:38:26.492,1.05001,1.05008,1.20,1.50
2012.03.14 08:38:26.638,1.04998,1.05008,3.00,1.50
2012.03.14 08:38:26.782,1.04996,1.05006,2.70,1.50
2012.03.14 08:38:27.439,1.05002,1.05006,1.20,1.50
2012.03.14 08:38:27.582,1.05002,1.05009,1.20,1.50
2012.03.14 08:38:27.941,1.04999,1.05009,1.50,1.69
2012.03.14 08:38:28.473,1.04994,1.05003,1.50,1.69
2012.03.14 08:38:28.957,1.04992,1.05001,1.95,1.50
2012.03.14 08:38:29.030,1.04992,1.05003,3.45,1.69
2012.03.14 08:38:29.561,1.04992,1.05003,3.45,1.69
2012.03.14 08:38:30.154,1.04992,1.05001,1.95,1.50
2012.03.14 08:38:31.096,1.04992,1.05001,1.20,3.00
2012.03.14 08:38:31.629,1.04992,1.05001,1.95,1.50
2012.03.14 08:38:32.390,1.04992,1.05001,1.20,2.25
2012.03.14 08:38:34.228,1.04997,1.05001,1.20,1.50
2012.03.14 08:38:34.436,1.04992,1.05001,4.20,1.50
2012.03.14 08:38:34.988,1.04992,1.05001,1.20,3.00
2012.03.14 08:38:35.505,1.04992,1.05001,1.95,3.00
2012.03.14 08:38:36.133,1.04992,1.05001,1.20,3.75
2012.03.14 08:38:36.680,1.04992,1.05001,1.95,1.50
2012.03.14 08:38:38.286,1.04992,1.05001,1.95,1.50
2012.03.14 08:38:40.804,1.04992,1.05001,1.95,1.50
2012.03.14 08:38:41.474,1.04999,1.05003,1.20,3.19
2012.03.14 08:38:41.634,1.04999,1.05005,1.95,1.50
2012.03.14 08:38:42.167,1.04999,1.05007,1.95,3.38
2012.03.14 08:38:42.580,1.05001,1.05007,1.20,3.00
2012.03.14 08:38:43.472,1.05001,1.05007,1.80,1.50
2012.03.14 08:38:43.557,1.05001,1.0501,1.80,1.50
2012.03.14 08:38:43.636,1.05006,1.0501,1.20,1.50
2012.03.14 08:38:43.778,1.05003,1.05012,2.25,2.44
2012.03.14 08:38:44.230,1.05001,1.05009,1.58,1.50
2012.03.14 08:38:46.018,1.05,1.05009,1.50,3.75
2012.03.14 08:38:46.275,1.04997,1.05007,2.70,1.50
2012.03.14 08:38:46.805,1.04998,1.05009,1.50,2.25
2012.03.14 08:38:48.880,1.04998,1.05003,1.50,1.50
2012.03.14 08:38:49.447,1.04997,1.05003,1.20,3.19
2012.03.14 08:38:50.196,1.04997,1.05003,1.20,1.69
2012.03.14 08:38:52.060,1.04997,1.05003,1.20,1.69
2012.03.14 08:38:54.647,1.04997,1.05003,1.20,3.75
2012.03.14 08:38:54.786,1.04992,1.05003,4.58,3.75
2012.03.14 08:38:55.326,1.04992,1.05003,1.95,3.38
2012.03.14 08:38:57.110,1.04992,1.05,1.20,1.50
2012.03.14 08:38:57.648,1.04992,1.04999,1.20,1.50
2012.03.14 08:38:58.468,1.04992,1.05,1.20,1.50
2012.03.14 08:38:59.470,1.04992,1.05,1.20,2.25
2012.03.14 08:38:59.996,1.04992,1.05,1.20,2.25
2012.03.14 08:39:00.745,1.04988,1.04999,1.50,3.75
2012.03.14 08:39:01.245,1.04987,1.04996,1.20,1.88
2012.03.14 08:39:01.931,1.04987,1.04995,1.20,2.52
2012.03.14 08:39:02.080,1.04985,1.04995,2.70,2.15
2012.03.14 08:39:03.038,1.04983,1.04993,1.50,2.44
2012.03.14 08:39:05.340,1.04984,1.04994,1.50,4.10
2012.03.14 08:39:05.409,1.04984,1.04994,1.50,2.14
2012.03.14 08:39:05.909,1.04983,1.04993,1.50,1.50
2012.03.14 08:39:06.106,1.04985,1.04994,1.50,2.14
2012.03.14 08:39:06.694,1.04983,1.04993,2.25,1.50
2012.03.14 08:39:08.093,1.04987,1.04994,2.25,1.20
2012.03.14 08:39:08.251,1.04992,1.05002,1.50,3.65
2012.03.14 08:39:08.776,1.04992,1.05004,1.50,3.75
2012.03.14 08:39:09.307,1.04991,1.05001,2.25,1.50
2012.03.14 08:39:11.599,1.04991,1.05001,3.15,1.50
2012.03.14 08:39:11.951,1.05004,1.0501,1.20,1.88
2012.03.14 08:39:12.382,1.05004,1.05012,1.20,4.02
2012.03.14 08:39:12.888,1.05004,1.05011,1.20,1.50
2012.03.14 08:39:13.482,1.05005,1.05011,1.50,1.50
2012.03.14 08:39:14.025,1.0501,1.05015,1.20,1.50
2012.03.14 08:39:14.111,1.05008,1.05015,2.25,1.50
2012.03.14 08:39:14.197,1.0501,1.0502,2.70,1.50
2012.03.14 08:39:14.892,1.0501,1.05018,1.20,1.50
2012.03.14 08:39:14.973,1.05007,1.05018,3.75,1.50
2012.03.14 08:39:15.641,1.05006,1.05012,1.50,1.50
2012.03.14 08:39:16.017,1.05003,1.05013,1.50,2.25
2012.03.14 08:39:16.299,1.05001,1.05011,1.50,1.50
2012.03.14 08:39:16.959,1.05,1.05012,2.70,2.25
2012.03.14 08:39:19.218,1.05,1.05012,2.70,3.00
2012.03.14 08:39:19.404,1.05,1.05012,2.70,3.00
2012.03.14 08:39:19.607,1.05,1.05012,2.70,3.75
2012.03.14 08:39:20.518,1.05,1.05012,2.70,2.25
2012.03.14 08:39:21.037,1.05,1.05012,2.70,3.38
2012.03.14 08:39:21.247,1.05,1.05012,2.70,2.25
2012.03.14 08:39:21.748,1.05,1.05012,2.70,2.25
2012.03.14 08:39:22.407,1.05,1.05012,2.70,3.75
2012.03.14 08:39:22.832,1.05,1.05008,1.20,1.50
2012.03.14 08:39:23.293,1.04993,1.05003,1.50,1.50
2012.03.14 08:39:23.362,1.04991,1.05001,4.69,1.50
2012.03.14 08:39:23.896,1.04993,1.05003,1.50,2.25
2012.03.14 08:39:24.382,1.04994,1.05006,3.45,1.50
2012.03.14 08:39:25.192,1.04995,1.05006,1.50,1.50
2012.03.14 08:39:25.693,1.04994,1.05006,3.45,1.50
2012.03.14 08:39:26.211,1.04996,1.05007,1.50,1.50
2012.03.14 08:39:26.770,1.04996,1.05008,1.50,2.10
2012.03.14 08:39:28.928,1.04999,1.05009,1.50,2.10
2012.03.14 08:39:29.281,1.05003,1.0501,1.50,1.20
2012.03.14 08:39:29.359,1.04999,1.0501,1.50,1.20
2012.03.14 08:39:30.793,1.04999,1.05011,2.70,1.50
2012.03.14 08:39:30.928,1.05002,1.05012,1.50,1.50
2012.03.14 08:39:31.247,1.05005,1.05012,1.58,1.50
2012.03.14 08:39:31.700,1.05008,1.05017,1.50,1.50
2012.03.14 08:39:31.778,1.05008,1.05019,1.50,1.20
2012.03.14 08:39:31.912,1.0501,1.0502,1.20,1.50
2012.03.14 08:39:32.255,1.05012,1.05022,1.50,2.63
2012.03.14 08:39:32.741,1.0501,1.0502,4.20,1.50
2012.03.14 08:39:34.148,1.0501,1.0502,1.50,3.00
2012.03.14 08:39:34.700,1.0501,1.0502,1.50,2.25
2012.03.14 08:39:37.475,1.0501,1.0502,1.50,2.63
2012.03.14 08:39:37.989,1.0501,1.0502,1.50,1.50
2012.03.14 08:39:38.340,1.05012,1.05022,2.63,1.50
2012.03.14 08:39:38.668,1.05013,1.05025,3.45,1.50
2012.03.14 08:39:39.038,1.05018,1.05027,1.50,1.95
2012.03.14 08:39:39.578,1.05017,1.05027,1.50,2.70
2012.03.14 08:39:40.928,1.05017,1.05021,1.50,1.20
2012.03.14 08:39:41.068,1.05015,1.05021,1.50,1.95
2012.03.14 08:39:41.207,1.05012,1.05019,2.25,1.50
2012.03.14 08:39:41.281,1.05009,1.05019,1.69,1.50
2012.03.14 08:39:41.790,1.05012,1.05021,1.50,1.20
2012.03.14 08:39:43.248,1.05014,1.05024,1.50,2.25
2012.03.14 08:39:43.389,1.05016,1.05027,1.50,4.43
2012.03.14 08:39:43.854,1.05016,1.05023,1.50,1.50
2012.03.14 08:39:43.935,1.05011,1.0502,3.00,1.50
2012.03.14 08:39:44.337,1.05012,1.05023,3.00,1.50
2012.03.14 08:39:44.850,1.05012,1.05022,4.50,1.50
2012.03.14 08:39:46.156,1.05012,1.05022,4.50,1.50
2012.03.14 08:39:46.783,1.05012,1.05022,4.50,1.50
2012.03.14 08:39:46.861,1.05016,1.05022,1.13,1.50
2012.03.14 08:39:47.000,1.05017,1.05025,1.50,1.50
2012.03.14 08:39:47.140,1.05016,1.05027,3.00,1.20
2012.03.14 08:39:47.281,1.05016,1.05027,2.25,1.20
2012.03.14 08:39:47.504,1.05016,1.05027,3.00,1.20
2012.03.14 08:39:48.353,1.05014,1.05021,1.50,1.20
2012.03.14 08:39:48.856,1.05012,1.05021,2.25,1.20
2012.03.14 08:39:50.239,1.05012,1.05021,2.25,1.20
2012.03.14 08:39:50.825,1.05017,1.05024,1.20,1.50
2012.03.14 08:39:50.910,1.05017,1.05026,4.95,1.88
2012.03.14 08:39:50.984,1.05017,1.05021,4.50,1.20
2012.03.14 08:39:51.259,1.05017,1.05024,1.50,2.25
2012.03.14 08:39:51.470,1.05014,1.05023,2.25,1.50
2012.03.14 08:39:51.694,1.05014,1.05026,3.00,1.88
2012.03.14 08:39:52.372,1.05014,1.05021,1.50,1.20
2012.03.14 08:39:52.527,1.05014,1.05024,1.50,2.63
2012.03.14 08:39:52.603,1.05014,1.05024,2.63,2.63
2012.03.14 08:39:52.952,1.05019,1.05029,1.50,2.25
2012.03.14 08:39:53.310,1.05021,1.05031,1.50,4.58
2012.03.14 08:39:53.894,1.05018,1.0503,3.00,1.50
2012.03.14 08:39:55.166,1.05018,1.0503,3.00,1.50
2012.03.14 08:39:56.340,1.05019,1.0503,1.50,1.50
2012.03.14 08:39:57.038,1.05018,1.0503,4.13,1.50
2012.03.14 08:39:57.390,1.0502,1.0503,2.25,1.50
2012.03.14 08:39:57.542,1.0502,1.0503,1.50,1.50
2012.03.14 08:39:58.300,1.05021,1.05031,1.50,2.70
2012.03.14 08:40:00.381,1.05019,1.05029,3.00,1.50
2012.03.14 08:40:01.184,1.0502,1.05029,1.50,1.50
2012.03.14 08:40:01.459,1.05019,1.05029,3.00,1.50
2012.03.14 08:40:01.591,1.05019,1.05029,4.13,1.50
2012.03.14 08:40:01.668,1.05021,1.05031,1.50,4.20
2012.03.14 08:40:02.614,1.05019,1.0503,1.50,1.50
2012.03.14 08:40:03.113,1.05018,1.0503,1.50,3.68
2012.03.14 08:40:03.477,1.05012,1.05022,1.50,1.20
2012.03.14 08:40:03.932,1.0501,1.05016,3.00,1.20
2012.03.14 08:40:04.147,1.05009,1.05016,2.25,1.20
2012.03.14 08:40:05.739,1.0501,1.0502,1.50,1.50
2012.03.14 08:40:05.828,1.05011,1.05022,2.25,1.39
2012.03.14 08:40:06.106,1.05011,1.05023,4.95,3.94
2012.03.14 08:40:06.462,1.05019,1.05031,1.50,5.33
2012.03.14 08:40:06.957,1.05017,1.05029,4.50,1.69
2012.03.14 08:40:07.473,1.05019,1.05031,1.50,1.50
2012.03.14 08:40:07.892,1.0502,1.05029,1.50,1.50
2012.03.14 08:40:07.966,1.0502,1.05029,1.50,1.50
2012.03.14 08:40:08.321,1.05021,1.05029,2.33,1.50
2012.03.14 08:40:08.404,1.05022,1.05032,2.70,2.89
2012.03.14 08:40:08.490,1.05026,1.05032,1.95,1.69
2012.03.14 08:40:08.999,1.05027,1.05035,1.50,2.25
2012.03.14 08:40:09.092,1.0503,1.0504,2.25,1.50
2012.03.14 08:40:09.233,1.05032,1.05042,1.50,2.70
2012.03.14 08:40:09.380,1.05029,1.0504,3.19,1.50
2012.03.14 08:40:09.751,1.05027,1.05038,5.70,1.50
2012.03.14 08:40:10.090,1.05027,1.05036,1.50,1.20
2012.03.14 08:40:10.657,1.05026,1.05036,3.38,1.20
2012.03.14 08:40:10.741,1.05025,1.05034,1.13,1.50
2012.03.14 08:40:10.957,1.05022,1.05032,2.70,1.50
2012.03.14 08:40:11.300,1.0502,1.05032,3.19,2.70
2012.03.14 08:40:12.558,1.0502,1.05032,2.44,2.70
2012.03.14 08:40:12.638,1.05022,1.05032,1.50,1.20
2012.03.14 08:40:16.407,1.0502,1.05032,1.50,4.20
2012.03.14 08:40:17.047,1.05023,1.05032,1.95,2.25
2012.03.14 08:40:17.609,1.05023,1.05034,2.70,3.19
2012.03.14 08:40:18.156,1.05023,1.05032,1.95,1.50
2012.03.14 08:40:18.715,1.05021,1.05032,3.00,2.70
2012.03.14 08:40:19.182,1.05023,1.05032,1.20,1.50
2012.03.14 08:40:19.600,1.05018,1.0503,3.75,1.50
2012.03.14 08:40:19.681,1.05018,1.0503,3.38,1.50
2012.03.14 08:40:20.204,1.05019,1.0503,1.50,1.50
2012.03.14 08:40:20.340,1.0502,1.0503,4.50,1.50
2012.03.14 08:40:20.407,1.05023,1.05032,1.95,1.50
2012.03.14 08:40:20.960,1.05023,1.05032,2.70,1.50
2012.03.14 08:40:22.080,1.05023,1.0503,2.70,1.50
2012.03.14 08:40:22.335,1.05023,1.05033,2.70,1.50
2012.03.14 08:40:22.468,1.05027,1.05033,1.20,1.50
2012.03.14 08:40:22.608,1.05027,1.05036,2.70,2.25
2012.03.14 08:40:22.677,1.05027,1.05038,1.50,5.70
2012.03.14 08:40:22.748,1.05027,1.05038,1.50,4.20
2012.03.14 08:40:22.819,1.05026,1.05037,1.50,1.50
2012.03.14 08:40:22.957,1.05024,1.05036,2.82,2.25
2012.03.14 08:40:23.405,1.05024,1.0503,1.13,1.50
2012.03.14 08:40:23.478,1.05023,1.05032,1.50,1.50
2012.03.14 08:40:24.019,1.05023,1.05033,1.50,1.50
2012.03.14 08:40:24.638,1.05023,1.05033,1.50,1.50
2012.03.14 08:40:26.108,1.05023,1.05033,1.50,2.25
2012.03.14 08:40:26.453,1.05025,1.05033,1.50,2.25
2012.03.14 08:40:26.599,1.05025,1.05035,3.00,1.50
2012.03.14 08:40:26.810,1.05028,1.05037,3.45,2.25
2012.03.14 08:40:27.334,1.05028,1.05039,4.20,2.44
2012.03.14 08:40:27.655,1.05028,1.05038,5.14,1.50
2012.03.14 08:40:28.446,1.05028,1.05038,5.14,1.50
2012.03.14 08:40:28.803,1.05028,1.05036,3.64,1.50
2012.03.14 08:40:29.124,1.05028,1.05039,3.64,3.75
2012.03.14 08:40:31.085,1.05029,1.05039,2.25,1.50
2012.03.14 08:40:31.597,1.05029,1.05039,2.25,1.50
2012.03.14 08:40:33.726,1.05029,1.05039,2.25,1.50
2012.03.14 08:40:34.284,1.05027,1.05037,2.44,1.20
2012.03.14 08:40:34.645,1.05027,1.05033,1.50,1.50
2012.03.14 08:40:34.806,1.05024,1.05033,2.25,1.50
2012.03.14 08:40:35.295,1.05023,1.05028,3.60,1.50
2012.03.14 08:40:35.382,1.05028,1.05035,2.70,1.50
2012.03.14 08:40:35.725,1.0503,1.05041,5.25,1.69
2012.03.14 08:40:35.859,1.0503,1.05039,4.50,1.50
2012.03.14 08:40:35.999,1.05036,1.0504,1.95,1.50
2012.03.14 08:40:36.141,1.05035,1.05042,4.50,1.50
2012.03.14 08:40:36.216,1.05035,1.05045,4.50,1.88
2012.03.14 08:40:36.712,1.05033,1.05044,3.98,1.50
2012.03.14 08:40:37.124,1.05038,1.05046,1.13,1.50
2012.03.14 08:40:37.210,1.0504,1.05051,1.50,3.00
2012.03.14 08:40:37.486,1.0504,1.05049,1.50,1.50
2012.03.14 08:40:38.014,1.05038,1.05049,3.08,1.50
2012.03.14 08:40:39.276,1.05038,1.05049,2.33,1.50
2012.03.14 08:40:39.828,1.05038,1.05049,1.95,1.50
2012.03.14 08:40:42.095,1.05038,1.05049,1.95,1.50
2012.03.14 08:40:42.645,1.05038,1.05049,1.95,1.50
2012.03.14 08:40:42.714,1.05038,1.05049,1.95,1.50
2012.03.14 08:40:43.265,1.05038,1.05049,1.95,1.50
2012.03.14 08:40:43.993,1.05038,1.05049,1.95,1.50
2012.03.14 08:40:44.494,1.05038,1.05049,1.95,1.50
2012.03.14 08:40:45.017,1.05038,1.05049,1.95,1.50
2012.03.14 08:40:45.978,1.05038,1.05049,1.95,1.50
2012.03.14 08:40:46.505,1.05038,1.05049,1.95,1.50
2012.03.14 08:40:47.055,1.05038,1.05049,1.20,2.25
2012.03.14 08:40:47.201,1.05037,1.05043,2.25,1.20
2012.03.14 08:40:47.280,1.05034,1.05043,4.73,1.20
2012.03.14 08:40:47.491,1.05033,1.05042,2.25,2.25
2012.03.14 08:40:47.648,1.05031,1.0504,3.00,1.50
2012.03.14 08:40:47.848,1.05031,1.05042,3.75,2.25
2012.03.14 08:40:48.561,1.05033,1.05043,1.20,1.50
2012.03.14 08:40:48.643,1.0503,1.05041,1.50,2.25
2012.03.14 08:40:48.727,1.05028,1.05039,1.95,1.50
2012.03.14 08:40:49.077,1.05027,1.05037,1.50,1.20
2012.03.14 08:40:49.430,1.05023,1.05035,3.83,1.50
2012.03.14 08:40:49.498,1.05023,1.05035,4.05,1.50
2012.03.14 08:40:49.838,1.05025,1.05037,1.50,3.45
2012.03.14 08:40:50.301,1.05023,1.05035,4.20,1.50
2012.03.14 08:40:50.656,1.05023,1.05032,1.20,1.50
2012.03.14 08:40:52.696,1.05023,1.05032,1.95,1.50
2012.03.14 08:40:53.210,1.05023,1.05032,1.95,1.50
2012.03.14 08:40:53.786,1.05023,1.05035,3.45,1.50
2012.03.14 08:40:54.407,1.05029,1.05037,1.50,1.39
2012.03.14 08:40:54.976,1.05026,1.05037,1.50,2.14
2012.03.14 08:40:55.049,1.05023,1.05035,4.20,1.50
2012.03.14 08:40:55.846,1.05025,1.05037,1.50,5.14
2012.03.14 08:40:57.893,1.05024,1.05034,1.50,1.50
2012.03.14 08:41:01.830,1.05026,1.05036,1.50,2.25
2012.03.14 08:41:04.845,1.05026,1.05032,1.50,1.20
2012.03.14 08:41:04.929,1.05024,1.05032,1.50,4.95
2012.03.14 08:41:05.069,1.05024,1.0503,1.50,1.50
2012.03.14 08:41:05.207,1.05018,1.0503,3.30,1.50
2012.03.14 08:41:05.351,1.05021,1.05031,2.25,1.50
2012.03.14 08:41:05.689,1.05023,1.05032,1.50,3.83
2012.03.14 08:41:06.578,1.05023,1.05032,1.50,2.25
2012.03.14 08:41:07.067,1.05024,1.05036,1.50,2.63
2012.03.14 08:41:07.209,1.05022,1.05034,2.70,1.50
2012.03.14 08:41:07.731,1.05022,1.05032,1.50,1.20
2012.03.14 08:41:07.940,1.05022,1.05034,2.70,2.25
2012.03.14 08:41:08.008,1.05022,1.05032,1.95,1.50
2012.03.14 08:41:08.537,1.05023,1.05033,1.50,1.50
2012.03.14 08:41:09.573,1.05021,1.05027,1.50,1.20
2012.03.14 08:41:10.065,1.0502,1.05027,1.50,1.20
2012.03.14 08:41:10.214,1.05013,1.05027,5.70,1.95
2012.03.14 08:41:10.748,1.05013,1.05027,4.20,2.14
2012.03.14 08:41:11.257,1.05014,1.05025,1.50,1.50
2012.03.14 08:41:11.330,1.05014,1.05025,1.50,1.50
2012.03.14 08:41:11.396,1.05014,1.05027,1.50,1.20
2012.03.14 08:41:11.917,1.05015,1.05027,1.88,1.20
2012.03.14 08:41:11.988,1.05014,1.05027,2.63,1.20
2012.03.14 08:41:12.669,1.05019,1.05027,1.50,1.20
2012.03.14 08:41:13.232,1.05019,1.05026,1.50,2.25
2012.03.14 08:41:13.317,1.05013,1.05023,1.20,1.50
2012.03.14 08:41:14.006,1.05014,1.05024,1.50,3.00
2012.03.14 08:41:15.529,1.05015,1.05026,1.50,1.50
2012.03.14 08:41:16.426,1.05015,1.05027,1.50,2.70
2012.03.14 08:41:17.106,1.05015,1.05027,1.50,3.45
2012.03.14 08:41:17.652,1.05015,1.05027,1.50,3.45
2012.03.14 08:41:18.462,1.05015,1.05027,1.50,4.20
2012.03.14 08:41:20.615,1.05013,1.05025,3.45,1.50
2012.03.14 08:41:21.555,1.05018,1.05027,1.50,1.20
2012.03.14 08:41:21.628,1.05016,1.05026,1.50,1.50
2012.03.14 08:41:22.178,1.05015,1.05026,1.50,1.50
2012.03.14 08:41:22.306,1.05013,1.05025,2.70,1.50
2012.03.14 08:41:26.259,1.05011,1.05023,4.58,1.50
2012.03.14 08:41:26.599,1.05011,1.0502,1.58,1.50
2012.03.14 08:41:26.881,1.05012,1.05022,1.50,1.50
2012.03.14 08:41:28.514,1.05012,1.05022,2.25,1.50
2012.03.14 08:41:29.085,1.05012,1.05022,1.50,1.50
2012.03.14 08:41:30.890,1.05011,1.0502,1.58,1.50
2012.03.14 08:41:31.170,1.05007,1.05018,1.50,1.50
2012.03.14 08:41:31.768,1.05008,1.05018,1.20,1.69
2012.03.14 08:41:31.898,1.05006,1.05017,1.50,1.39
2012.03.14 08:41:32.436,1.05004,1.05016,3.00,1.50
2012.03.14 08:41:32.695,1.05004,1.05013,2.25,1.50
2012.03.14 08:41:33.557,1.05005,1.05015,2.25,1.50
2012.03.14 08:41:34.443,1.05005,1.05015,2.25,1.50
2012.03.14 08:41:34.736,1.05002,1.05013,2.25,1.95
2012.03.14 08:41:34.811,1.05001,1.05011,2.25,1.50
2012.03.14 08:41:35.200,1.04998,1.05007,1.88,1.50
2012.03.14 08:41:35.548,1.04995,1.05004,1.50,1.50
2012.03.14 08:41:35.998,1.04996,1.05006,2.25,1.50
2012.03.14 08:41:36.489,1.04997,1.05004,1.50,1.39
2012.03.14 08:41:36.700,1.04992,1.05003,1.88,1.69
2012.03.14 08:41:37.209,1.04993,1.05004,2.25,3.64
2012.03.14 08:41:37.721,1.0499,1.05,2.25,1.50
2012.03.14 08:41:38.280,1.0499,1.05,1.50,1.69
2012.03.14 08:41:38.625,1.04992,1.05002,1.50,3.00
2012.03.14 08:41:39.613,1.04989,1.05001,3.75,1.69
2012.03.14 08:41:40.117,1.04992,1.05002,2.25,1.50
2012.03.14 08:41:40.617,1.04993,1.05002,1.95,1.50
2012.03.14 08:41:41.226,1.04993,1.05001,1.95,1.50
2012.03.14 08:41:41.437,1.04993,1.05003,1.95,1.69
2012.03.14 08:41:41.706,1.04991,1.05003,3.00,3.45
2012.03.14 08:41:41.779,1.04991,1.05003,2.25,4.20
2012.03.14 08:41:41.988,1.04988,1.04998,2.25,1.50
2012.03.14 08:41:42.313,1.04989,1.05001,1.50,1.69
2012.03.14 08:41:45.825,1.04987,1.04999,6.45,1.50
2012.03.14 08:41:45.896,1.04987,1.04999,6.45,1.50
2012.03.14 08:41:46.209,1.04989,1.05001,1.50,1.69
2012.03.14 08:41:46.557,1.04991,1.05002,1.50,3.19
2012.03.14 08:41:46.627,1.04989,1.05001,2.25,2.44
2012.03.14 08:41:47.167,1.04987,1.04999,5.70,1.50
2012.03.14 08:41:47.898,1.04987,1.04999,6.45,1.50
2012.03.14 08:41:48.157,1.04987,1.04999,5.70,1.50
2012.03.14 08:41:48.445,1.04987,1.04997,1.50,1.20
2012.03.14 08:41:48.805,1.04986,1.04996,3.75,3.65
2012.03.14 08:41:49.401,1.04986,1.04995,1.50,1.50
2012.03.14 08:41:49.478,1.04988,1.04998,1.50,1.95
2012.03.14 08:41:49.894,1.04989,1.05,1.50,1.50
2012.03.14 08:41:50.289,1.0499,1.04997,1.50,1.20
2012.03.14 08:41:50.433,1.04988,1.04997,1.50,1.20
2012.03.14 08:41:50.637,1.04988,1.04997,1.50,1.95
2012.03.14 08:41:50.924,1.04985,1.04993,1.50,1.39
2012.03.14 08:41:51.858,1.0499,1.05001,2.25,3.65
2012.03.14 08:41:52.070,1.0499,1.05001,3.00,2.90
2012.03.14 08:41:52.649,1.04989,1.05,1.50,1.50
2012.03.14 08:41:53.199,1.04989,1.05,1.50,1.50
2012.03.14 08:41:54.519,1.0499,1.05001,2.25,1.13
2012.03.14 08:41:54.839,1.04989,1.04999,2.25,1.50
2012.03.14 08:41:55.574,1.04989,1.04999,2.25,1.50
2012.03.14 08:41:55.786,1.04989,1.04999,1.50,1.50
2012.03.14 08:41:59.659,1.04989,1.04999,1.50,1.69
2012.03.14 08:41:59.937,1.04984,1.04996,2.25,1.50
2012.03.14 08:42:00.465,1.04985,1.04995,1.50,1.50
2012.03.14 08:42:00.534,1.04986,1.04998,1.50,2.89
2012.03.14 08:42:01.677,1.04988,1.04998,1.50,1.39
2012.03.14 08:42:02.216,1.04988,1.05,1.50,2.44
2012.03.14 08:42:02.546,1.04991,1.05001,1.50,3.75
2012.03.14 08:42:02.687,1.04988,1.05,1.50,2.44
2012.03.14 08:42:03.220,1.04987,1.04997,3.75,1.50
2012.03.14 08:42:03.812,1.04985,1.04995,1.50,1.50
2012.03.14 08:42:04.168,1.04982,1.04992,3.45,1.50
2012.03.14 08:42:04.235,1.04982,1.04992,2.70,1.50
2012.03.14 08:42:04.379,1.04982,1.0499,1.20,1.50
2012.03.14 08:42:04.732,1.04979,1.04988,2.25,1.69
2012.03.14 08:42:05.299,1.04982,1.0499,1.20,5.25
2012.03.14 08:42:05.648,1.0498,1.0499,1.50,6.75
2012.03.14 08:42:06.004,1.04977,1.04989,5.33,2.44
2012.03.14 08:42:06.528,1.04977,1.04987,3.75,1.13
2012.03.14 08:42:06.746,1.04972,1.04982,1.95,1.50
2012.03.14 08:42:07.099,1.04974,1.04985,1.50,3.19
2012.03.14 08:42:07.772,1.04974,1.04986,1.50,1.69
2012.03.14 08:42:08.126,1.04977,1.04987,1.50,1.88
2012.03.14 08:42:08.955,1.04977,1.04987,1.50,2.63
2012.03.14 08:42:09.494,1.04977,1.04987,1.50,2.63
2012.03.14 08:42:09.864,1.04977,1.04987,1.50,2.63
2012.03.14 08:42:10.472,1.04977,1.04984,1.50,1.13
2012.03.14 08:42:10.724,1.04975,1.04985,1.50,2.63
2012.03.14 08:42:10.986,1.04974,1.04986,3.00,2.82
2012.03.14 08:42:11.128,1.04974,1.04986,1.50,3.19
2012.03.14 08:42:12.455,1.04978,1.04983,1.20,1.13
2012.03.14 08:42:12.529,1.04978,1.04986,1.20,2.63
2012.03.14 08:42:13.277,1.04979,1.04988,1.50,2.22
2012.03.14 08:42:13.815,1.04978,1.04988,1.20,4.09
2012.03.14 08:42:14.074,1.04976,1.04987,1.50,5.22
2012.03.14 08:42:14.490,1.04973,1.04983,1.20,1.50
2012.03.14 08:42:14.632,1.04975,1.04984,1.50,2.25
2012.03.14 08:42:15.151,1.04975,1.04983,1.50,2.90
2012.03.14 08:42:15.238,1.04973,1.04982,1.20,1.88
2012.03.14 08:42:15.311,1.04971,1.04981,2.25,1.88
2012.03.14 08:42:15.779,1.04973,1.04983,1.20,3.65
2012.03.14 08:42:17.630,1.04973,1.04984,2.70,2.15
2012.03.14 08:42:20.401,1.04973,1.04984,3.45,2.15
2012.03.14 08:42:20.737,1.04978,1.04984,1.50,2.15
2012.03.14 08:42:21.319,1.04975,1.04987,2.25,1.88
2012.03.14 08:42:21.852,1.04978,1.04988,1.50,5.90
2012.03.14 08:42:22.397,1.04976,1.04986,2.25,1.88
2012.03.14 08:42:22.939,1.04976,1.04986,2.25,2.63
2012.03.14 08:42:23.475,1.04976,1.04986,2.25,1.88
2012.03.14 08:42:24.095,1.04976,1.04986,1.50,1.88
2012.03.14 08:42:24.524,1.04974,1.04985,1.50,1.50
2012.03.14 08:42:25.294,1.04973,1.04985,2.70,1.69
2012.03.14 08:42:26.308,1.04976,1.04986,1.50,1.69
2012.03.14 08:42:26.637,1.04979,1.04988,1.50,3.00
2012.03.14 08:42:26.945,1.04975,1.04987,1.50,1.69
2012.03.14 08:42:27.080,1.04977,1.04987,1.50,1.69
2012.03.14 08:42:27.216,1.04975,1.04987,1.50,1.69
2012.03.14 08:42:28.835,1.04975,1.04987,1.50,1.50
2012.03.14 08:42:28.907,1.0498,1.04988,1.50,1.50
2012.03.14 08:42:29.419,1.04975,1.04987,1.50,2.25
2012.03.14 08:42:29.608,1.04977,1.04988,1.50,1.50
2012.03.14 08:42:30.176,1.04977,1.04988,1.50,1.50
2012.03.14 08:42:30.697,1.04977,1.04986,1.50,1.50
2012.03.14 08:42:30.839,1.04977,1.04989,3.00,3.45
2012.03.14 08:42:30.908,1.04979,1.04989,1.50,1.95
2012.03.14 08:42:31.368,1.04981,1.04991,1.50,1.50
2012.03.14 08:42:31.920,1.0498,1.0499,1.50,1.50
2012.03.14 08:42:32.259,1.04977,1.04986,2.25,2.25
2012.03.14 08:42:32.328,1.04974,1.04984,4.95,1.50
2012.03.14 08:42:32.463,1.04977,1.04987,1.50,3.75
2012.03.14 08:42:32.538,1.04977,1.04987,1.50,1.50
2012.03.14 08:42:32.727,1.04974,1.04986,4.20,1.50
2012.03.14 08:42:33.072,1.04974,1.04983,1.20,1.50
2012.03.14 08:42:33.676,1.04974,1.04984,1.20,2.25
2012.03.14 08:42:33.749,1.04972,1.04983,3.75,1.20
2012.03.14 08:42:34.007,1.04974,1.04984,1.20,1.50
2012.03.14 08:42:36.899,1.04978,1.04986,1.50,1.54
2012.03.14 08:42:37.328,1.04974,1.04984,1.50,1.95
2012.03.14 08:42:37.468,1.04974,1.04986,1.50,4.88
2012.03.14 08:42:37.540,1.04976,1.04986,1.50,4.88
2012.03.14 08:42:37.877,1.04979,1.04989,1.50,1.95
2012.03.14 08:42:39.519,1.04979,1.04991,2.70,3.00
2012.03.14 08:42:39.731,1.04983,1.04991,1.20,1.50
2012.03.14 08:42:39.953,1.04981,1.04993,3.75,3.00
2012.03.14 08:42:40.032,1.04983,1.04993,1.50,2.25
2012.03.14 08:42:40.579,1.04984,1.04995,1.20,2.82
2012.03.14 08:42:46.725,1.04984,1.04995,1.20,3.19
2012.03.14 08:42:48.702,1.04986,1.04995,2.15,3.00
2012.03.14 08:42:48.854,1.04988,1.04998,1.88,2.70
2012.03.14 08:42:48.935,1.04991,1.04999,1.50,2.25
2012.03.14 08:42:49.438,1.0499,1.05,1.50,3.00
2012.03.14 08:42:50.114,1.0499,1.04998,1.50,1.88
2012.03.14 08:42:50.193,1.04986,1.04996,1.69,1.50
2012.03.14 08:42:52.236,1.04984,1.04995,1.69,1.50
2012.03.14 08:42:52.772,1.04985,1.04997,1.69,3.00
2012.03.14 08:42:53.176,1.04984,1.04995,3.65,1.88
2012.03.14 08:42:53.737,1.04986,1.04996,1.69,3.00
2012.03.14 08:42:53.805,1.04984,1.04995,1.20,1.50
2012.03.14 08:42:55.186,1.04986,1.04996,1.50,3.00
2012.03.14 08:42:56.145,1.04984,1.04995,2.70,1.50
2012.03.14 08:42:56.691,1.04982,1.04989,1.50,1.50
2012.03.14 08:42:56.983,1.0498,1.0499,1.50,1.50
2012.03.14 08:42:57.519,1.04982,1.04992,1.50,2.25
2012.03.14 08:42:58.738,1.04982,1.04992,1.50,3.00
2012.03.14 08:43:00.157,1.04982,1.04992,1.50,3.00
2012.03.14 08:43:00.746,1.0498,1.0499,1.50,1.50
2012.03.14 08:43:01.438,1.04983,1.04993,1.50,4.58
2012.03.14 08:43:03.399,1.04983,1.04993,1.50,3.83
2012.03.14 08:43:06.688,1.04983,1.04993,1.69,2.70
2012.03.14 08:43:07.036,1.04989,1.04994,1.50,1.39
2012.03.14 08:43:07.179,1.04985,1.04994,1.50,3.49
2012.03.14 08:43:07.247,1.04983,1.04993,1.50,2.44
2012.03.14 08:43:07.458,1.04981,1.04991,3.38,1.50
2012.03.14 08:43:07.996,1.04981,1.04991,1.50,1.50
2012.03.14 08:43:09.229,1.04984,1.04991,1.20,1.50
2012.03.14 08:43:09.440,1.04983,1.04993,1.50,2.25
2012.03.14 08:43:09.510,1.04985,1.04994,1.50,2.14
2012.03.14 08:43:09.646,1.04982,1.04994,1.50,4.39
2012.03.14 08:43:11.967,1.04985,1.04994,1.50,1.13
2012.03.14 08:43:12.521,1.04985,1.04994,1.50,1.13
2012.03.14 08:43:12.598,1.04983,1.04994,2.70,1.13
2012.03.14 08:43:20.267,1.04984,1.04995,1.13,2.25
2012.03.14 08:43:20.353,1.04988,1.04999,1.50,2.55
2012.03.14 08:43:20.853,1.04988,1.05,2.70,2.25
2012.03.14 08:43:20.934,1.04991,1.05,1.50,1.50
2012.03.14 08:43:21.488,1.04989,1.04999,3.00,2.25
2012.03.14 08:43:29.009,1.0499,1.05001,1.50,1.88
2012.03.14 08:43:29.804,1.0499,1.04997,1.50,1.80
2012.03.14 08:43:29.950,1.04985,1.04995,3.49,4.50
2012.03.14 08:43:30.021,1.04989,1.04995,1.20,4.50
2012.03.14 08:43:30.677,1.04992,1.05002,1.50,2.63
2012.03.14 08:43:31.229,1.04991,1.05001,1.50,1.88
2012.03.14 08:43:33.879,1.04992,1.05001,1.50,1.50
2012.03.14 08:43:33.949,1.04994,1.05002,1.50,1.35
2012.03.14 08:43:34.219,1.04992,1.05002,1.50,2.85
2012.03.14 08:43:34.290,1.04989,1.05001,4.20,1.50
2012.03.14 08:43:34.428,1.04991,1.05003,1.50,5.52
2012.03.14 08:43:37.405,1.04991,1.05003,2.25,2.89
2012.03.14 08:43:37.986,1.04991,1.05003,2.25,3.49
2012.03.14 08:43:38.511,1.04991,1.05003,2.25,4.39
2012.03.14 08:43:39.958,1.04991,1.05003,1.50,5.14
2012.03.14 08:43:40.098,1.04989,1.05001,2.70,2.25
2012.03.14 08:43:42.437,1.04992,1.05002,1.50,2.25
2012.03.14 08:43:43.138,1.04992,1.04999,1.50,1.20
2012.03.14 08:43:43.210,1.0499,1.04999,1.50,1.20
2012.03.14 08:43:44.273,1.0499,1.04998,1.50,1.88
2012.03.14 08:43:44.349,1.04983,1.04993,1.95,1.50
2012.03.14 08:43:44.875,1.04984,1.04994,1.50,1.50
2012.03.14 08:43:45.971,1.04984,1.04994,3.00,1.50
2012.03.14 08:43:46.473,1.0499,1.04999,1.50,1.20
2012.03.14 08:43:53.058,1.04988,1.04998,1.50,1.50
2012.03.14 08:43:53.566,1.04989,1.04999,1.50,2.70
2012.03.14 08:43:55.344,1.04987,1.04999,1.50,2.70
2012.03.14 08:43:56.017,1.04989,1.04999,1.50,3.08
2012.03.14 08:44:02.034,1.04989,1.04998,1.50,1.50
2012.03.14 08:44:02.294,1.04987,1.04998,1.50,1.50
2012.03.14 08:44:02.869,1.04988,1.04998,1.50,1.50
2012.03.14 08:44:02.938,1.0499,1.04998,1.50,1.50
2012.03.14 08:44:03.828,1.0499,1.04999,1.50,2.70
2012.03.14 08:44:04.850,1.0499,1.04999,1.50,3.45
2012.03.14 08:44:05.074,1.04986,1.04995,1.50,2.25
2012.03.14 08:44:05.152,1.04983,1.04995,3.83,2.25
2012.03.14 08:44:05.367,1.04982,1.04991,1.50,1.50
2012.03.14 08:44:07.701,1.04982,1.04992,1.50,1.50
2012.03.14 08:44:08.334,1.04982,1.04992,1.50,3.75
2012.03.14 08:44:09.227,1.04982,1.04992,1.50,1.50
2012.03.14 08:44:09.755,1.04982,1.04993,1.50,1.20
2012.03.14 08:44:11.908,1.04982,1.04993,2.25,2.33
2012.03.14 08:44:16.700,1.04979,1.04989,1.50,2.33
2012.03.14 08:44:17.048,1.04977,1.04983,1.50,1.95
2012.03.14 08:44:17.127,1.04975,1.04983,1.50,1.95
2012.03.14 08:44:17.639,1.04975,1.04982,1.50,3.75
2012.03.14 08:44:17.712,1.04973,1.04982,1.50,1.50
2012.03.14 08:44:18.589,1.04975,1.04982,1.50,1.50
2012.03.14 08:44:19.128,1.04975,1.04983,1.50,1.20
2012.03.14 08:44:19.750,1.04972,1.04983,2.25,1.20
2012.03.14 08:44:20.276,1.04972,1.04983,2.25,1.20
2012.03.14 08:44:21.810,1.04975,1.04983,1.50,1.58
2012.03.14 08:44:27.518,1.04972,1.04983,2.25,2.33
2012.03.14 08:44:33.020,1.04972,1.04983,2.25,4.05
2012.03.14 08:44:33.570,1.04971,1.04981,1.50,1.50
2012.03.14 08:44:34.340,1.04971,1.04981,1.50,3.00
2012.03.14 08:44:34.965,1.04971,1.04981,1.50,2.25
2012.03.14 08:44:36.278,1.04971,1.04981,1.50,3.00
2012.03.14 08:44:36.773,1.04971,1.04981,1.50,2.25
2012.03.14 08:44:41.683,1.04971,1.04978,1.50,1.20
2012.03.14 08:44:41.760,1.04968,1.04978,1.69,1.20
2012.03.14 08:44:42.106,1.04968,1.0498,2.89,3.00
2012.03.14 08:44:42.194,1.0497,1.04982,1.50,3.00
2012.03.14 08:44:42.746,1.0497,1.04982,2.25,1.50
2012.03.14 08:44:48.533,1.04973,1.04983,1.50,1.50
2012.03.14 08:44:48.892,1.04975,1.04985,1.50,2.63
2012.03.14 08:44:49.297,1.04976,1.04988,1.50,3.45
2012.03.14 08:44:49.848,1.04974,1.04986,2.70,1.50
2012.03.14 08:44:50.374,1.04974,1.04986,2.70,2.63
2012.03.14 08:44:50.455,1.04974,1.04981,1.20,1.50
2012.03.14 08:44:50.737,1.04971,1.04981,3.38,1.50
2012.03.14 08:44:51.237,1.04971,1.04981,2.25,1.50
2012.03.14 08:44:51.436,1.04972,1.04983,1.50,2.10
2012.03.14 08:44:51.938,1.04972,1.04982,1.50,1.50
2012.03.14 08:44:52.465,1.04972,1.04983,1.50,3.04
2012.03.14 08:44:52.655,1.0497,1.04982,1.50,1.50
2012.03.14 08:44:53.775,1.0497,1.04982,2.25,1.50
2012.03.14 08:44:54.323,1.04973,1.04983,1.50,2.44
2012.03.14 08:44:55.009,1.04973,1.04983,1.50,3.04
2012.03.14 08:44:56.026,1.0497,1.04982,1.50,2.10
2012.03.14 08:44:59.550,1.0497,1.04982,2.25,3.60
2012.03.14 08:45:00.304,1.04973,1.04982,1.50,1.50
2012.03.14 08:45:00.811,1.04973,1.04983,1.50,1.69
2012.03.14 08:45:01.348,1.04973,1.04983,1.50,3.79
2012.03.14 08:45:01.416,1.04971,1.04981,1.50,1.50
2012.03.14 08:45:06.396,1.04971,1.04981,2.25,1.50
2012.03.14 08:45:07.042,1.04975,1.04983,1.50,1.88
2012.03.14 08:45:07.587,1.04975,1.04984,1.50,3.45
2012.03.14 08:45:08.693,1.04975,1.04984,3.00,3.45
2012.03.14 08:45:09.049,1.04975,1.04984,3.00,3.45
2012.03.14 08:45:09.270,1.04976,1.04984,2.25,3.45
2012.03.14 08:45:09.807,1.04984,1.04993,1.50,5.70
2012.03.14 08:45:09.960,1.04984,1.04993,1.20,2.25
2012.03.14 08:45:10.508,1.04984,1.04996,2.70,3.00
2012.03.14 08:45:11.195,1.04985,1.04995,2.25,1.50
2012.03.14 08:45:11.278,1.04986,1.04997,1.50,3.04
2012.03.14 08:45:11.790,1.0499,1.04998,1.50,2.89
2012.03.14 08:45:12.010,1.0499,1.04998,1.50,1.20
2012.03.14 08:45:12.078,1.04987,1.04998,1.50,1.20
2012.03.14 08:45:14.966,1.04987,1.04996,2.25,1.20
2012.03.14 08:45:15.187,1.04984,1.04994,2.25,2.25
2012.03.14 08:45:15.261,1.04988,1.04994,1.20,2.25
2012.03.14 08:45:15.347,1.04988,1.04996,1.95,1.50
2012.03.14 08:45:15.569,1.04991,1.04999,1.50,1.50
2012.03.14 08:45:16.139,1.04991,1.05001,1.50,1.88
2012.03.14 08:45:16.210,1.04993,1.05001,1.50,1.88
2012.03.14 08:45:16.350,1.04989,1.04999,1.50,1.50
2012.03.14 08:45:16.743,1.0499,1.05002,1.50,3.75
2012.03.14 08:45:16.822,1.04992,1.05003,1.50,5.44
2012.03.14 08:45:17.386,1.04991,1.05001,1.50,1.50
2012.03.14 08:45:17.796,1.04993,1.05003,1.50,2.25
2012.03.14 08:45:19.429,1.04997,1.05003,1.20,2.25
2012.03.14 08:45:19.644,1.04997,1.05006,3.45,2.25
2012.03.14 08:45:19.791,1.04999,1.05003,1.50,1.20
2012.03.14 08:45:19.870,1.04994,1.05003,4.50,1.20
2012.03.14 08:45:20.391,1.04994,1.05003,1.50,3.45
2012.03.14 08:45:20.481,1.0499,1.05,2.63,1.50
2012.03.14 08:45:21.029,1.04993,1.05003,1.50,6.45
2012.03.14 08:45:21.430,1.04992,1.05002,1.50,3.00
2012.03.14 08:45:21.776,1.04991,1.05003,1.50,6.45
2012.03.14 08:45:22.615,1.04991,1.05003,2.25,6.45
2012.03.14 08:45:22.749,1.04993,1.05003,1.50,3.45
2012.03.14 08:45:28.876,1.04992,1.05002,1.50,1.50
2012.03.14 08:45:35.289,1.04989,1.05001,4.20,1.50
2012.03.14 08:45:42.642,1.04989,1.05001,2.70,2.25
2012.03.14 08:45:48.341,1.0499,1.05001,1.50,2.25
2012.03.14 08:45:48.422,1.04991,1.05003,1.50,7.39
2012.03.14 08:45:48.617,1.0499,1.05,2.25,1.50
2012.03.14 08:45:52.085,1.04989,1.04999,1.20,1.50
2012.03.14 08:45:52.669,1.04989,1.04998,1.20,1.50
2012.03.14 08:45:52.742,1.04985,1.04997,5.15,1.50
2012.03.14 08:45:53.256,1.04988,1.04998,1.50,3.00
2012.03.14 08:45:53.390,1.04984,1.04996,1.50,1.50
2012.03.14 08:45:53.907,1.04985,1.04996,1.50,1.50
2012.03.14 08:45:53.975,1.04986,1.04998,1.50,1.50
2012.03.14 08:45:54.558,1.04989,1.04999,1.50,7.20
2012.03.14 08:45:55.111,1.04989,1.04999,3.00,1.50
2012.03.14 08:45:55.254,1.04991,1.05001,2.63,1.50
2012.03.14 08:45:56.607,1.04993,1.05002,1.50,2.25
2012.03.14 08:45:57.173,1.04993,1.05003,1.50,1.50
2012.03.14 08:45:57.611,1.04991,1.05001,2.70,1.50
2012.03.14 08:45:58.462,1.04991,1.05001,3.45,1.50
2012.03.14 08:45:58.683,1.04989,1.05,1.50,1.69
2012.03.14 08:45:58.759,1.04989,1.04998,1.50,1.50
2012.03.14 08:45:59.110,1.04989,1.04996,1.50,1.50
2012.03.14 08:45:59.392,1.04987,1.04997,1.95,1.50
2012.03.14 08:45:59.476,1.04987,1.04998,3.45,1.50
2012.03.14 08:46:00.100,1.04989,1.04998,1.50,1.50
2012.03.14 08:46:00.177,1.0499,1.05,1.50,3.00
2012.03.14 08:46:00.458,1.04987,1.04999,3.45,1.50
2012.03.14 08:46:00.668,1.04987,1.04996,1.20,1.50
2012.03.14 08:46:01.015,1.04983,1.04994,1.50,1.50
2012.03.14 08:46:01.086,1.04983,1.04994,1.13,1.50
2012.03.14 08:46:01.766,1.04985,1.04995,1.50,3.00
2012.03.14 08:46:02.314,1.04984,1.04996,1.50,2.70
2012.03.14 08:46:03.535,1.04984,1.04996,2.25,2.70
2012.03.14 08:46:04.318,1.04983,1.04993,2.25,1.50
2012.03.14 08:46:05.405,1.04983,1.04993,3.00,1.50
2012.03.14 08:46:05.967,1.04984,1.04993,1.50,1.50
2012.03.14 08:46:06.041,1.04985,1.04995,1.50,1.50
2012.03.14 08:46:06.392,1.04987,1.04997,1.50,1.50
2012.03.14 08:46:06.914,1.04988,1.04997,1.20,1.50
2012.03.14 08:46:08.120,1.04988,1.04996,1.20,1.50
2012.03.14 08:46:09.108,1.04988,1.04998,1.20,1.50
2012.03.14 08:46:09.936,1.04987,1.04998,2.25,3.45
2012.03.14 08:46:10.080,1.04987,1.04996,2.25,1.69
2012.03.14 08:46:10.150,1.04984,1.04996,2.25,1.69
2012.03.14 08:46:10.540,1.04982,1.04994,3.45,1.50
2012.03.14 08:46:10.612,1.04982,1.04994,3.45,1.50
2012.03.14 08:46:11.353,1.04982,1.04993,1.95,1.50
2012.03.14 08:46:11.435,1.04983,1.04996,1.50,3.19
2012.03.14 08:46:13.346,1.04982,1.04995,3.38,1.50
2012.03.14 08:46:15.535,1.04985,1.04995,1.43,3.00
2012.03.14 08:46:15.605,1.04982,1.04994,4.05,1.69
2012.03.14 08:46:15.817,1.04985,1.04995,1.43,3.75
2012.03.14 08:46:16.155,1.04989,1.04997,1.43,1.50
2012.03.14 08:46:16.717,1.04989,1.04999,1.43,2.25
2012.03.14 08:46:16.789,1.04987,1.04998,1.20,2.25
2012.03.14 08:46:21.348,1.04987,1.04998,1.20,2.25
2012.03.14 08:46:21.866,1.04987,1.04998,1.20,1.50
2012.03.14 08:46:22.388,1.04988,1.05,1.50,2.44
2012.03.14 08:46:22.709,1.04986,1.04992,2.85,1.20
2012.03.14 08:46:23.055,1.04979,1.0499,1.13,1.50
2012.03.14 08:46:23.620,1.04979,1.04989,2.25,1.50
2012.03.14 08:46:24.159,1.04981,1.04991,1.50,1.69
2012.03.14 08:46:25.927,1.04981,1.04991,1.50,1.50
2012.03.14 08:46:26.254,1.04983,1.04993,2.70,1.88
2012.03.14 08:46:27.056,1.04981,1.04988,1.50,1.65
2012.03.14 08:46:27.276,1.04974,1.04981,3.00,1.69
2012.03.14 08:46:27.445,1.04971,1.04981,1.13,1.69
2012.03.14 08:46:27.520,1.04969,1.04978,1.50,1.50
2012.03.14 08:46:27.587,1.04968,1.04978,2.25,1.50
2012.03.14 08:46:27.739,1.0497,1.0498,1.50,1.69
2012.03.14 08:46:28.329,1.04972,1.04982,1.50,2.25
2012.03.14 08:46:30.135,1.04972,1.04983,1.50,4.85
2012.03.14 08:46:33.642,1.04972,1.04983,1.50,2.33
2012.03.14 08:46:34.312,1.04979,1.04984,1.50,4.02
2012.03.14 08:46:34.393,1.04978,1.04987,1.20,1.50
2012.03.14 08:46:34.956,1.04977,1.04987,1.50,2.70
2012.03.14 08:46:37.220,1.04977,1.04987,5.70,1.50
2012.03.14 08:46:37.371,1.04982,1.04989,1.50,1.50
2012.03.14 08:46:37.449,1.04982,1.04992,3.30,3.00
2012.03.14 08:46:37.606,1.04985,1.04994,1.50,5.90
2012.03.14 08:46:37.889,1.04982,1.04993,1.50,1.58
2012.03.14 08:46:40.745,1.04983,1.04993,1.50,3.83
2012.03.14 08:46:41.142,1.04983,1.04994,2.25,1.50
2012.03.14 08:46:41.223,1.04986,1.04996,1.50,1.69
2012.03.14 08:46:41.568,1.04989,1.04998,1.50,1.39
2012.03.14 08:46:41.877,1.04986,1.04998,1.50,4.39
2012.03.14 08:46:42.801,1.04989,1.04998,1.50,1.20
2012.03.14 08:46:46.665,1.04986,1.04998,1.50,2.70
2012.03.14 08:46:49.145,1.04986,1.04998,2.25,2.70
2012.03.14 08:46:49.649,1.04989,1.04999,1.50,3.00
2012.03.14 08:46:49.927,1.0499,1.05002,1.50,1.69
2012.03.14 08:46:50.270,1.04988,1.05,2.25,1.50
2012.03.14 08:46:53.938,1.0499,1.05,4.50,1.50
2012.03.14 08:46:54.508,1.04991,1.05001,1.50,1.50
2012.03.14 08:46:54.789,1.04989,1.04999,3.19,1.50
2012.03.14 08:46:54.859,1.0499,1.05002,1.50,2.25
2012.03.14 08:46:55.479,1.0499,1.05001,1.50,3.00
2012.03.14 08:46:55.695,1.04987,1.04995,3.64,1.50
2012.03.14 08:46:55.910,1.04987,1.04997,2.44,2.70
2012.03.14 08:46:56.425,1.04989,1.04997,1.50,1.20
2012.03.14 08:46:56.888,1.04987,1.04997,3.00,2.70
2012.03.14 08:46:57.081,1.04985,1.04996,2.25,1.50
2012.03.14 08:46:57.471,1.04984,1.04994,1.50,1.50
2012.03.14 08:46:57.901,1.04986,1.04996,1.50,1.50
2012.03.14 08:46:59.187,1.04987,1.04997,1.50,1.20
2012.03.14 08:47:03.747,1.04986,1.04996,1.50,1.50
2012.03.14 08:47:04.268,1.04987,1.04996,1.95,1.50
2012.03.14 08:47:04.609,1.04993,1.05001,1.95,1.50
2012.03.14 08:47:05.136,1.0499,1.04997,1.88,1.20
2012.03.14 08:47:05.224,1.04988,1.04997,1.50,1.20
2012.03.14 08:47:05.293,1.04985,1.04997,2.63,2.70
2012.03.14 08:47:05.723,1.04985,1.04997,3.75,4.05
2012.03.14 08:47:06.083,1.04978,1.0499,4.95,1.50
2012.03.14 08:47:07.176,1.0498,1.04992,1.50,3.00
2012.03.14 08:47:07.677,1.0498,1.04991,1.50,1.50
2012.03.14 08:47:08.228,1.0498,1.04992,1.50,3.00
2012.03.14 08:47:08.920,1.0498,1.04992,2.63,1.50
2012.03.14 08:47:09.767,1.0498,1.04992,2.63,1.50
2012.03.14 08:47:09.842,1.0498,1.04992,2.25,1.50
2012.03.14 08:47:10.251,1.04984,1.04993,1.50,4.95
2012.03.14 08:47:10.592,1.04982,1.04993,1.50,3.45
2012.03.14 08:47:11.047,1.04979,1.04991,3.38,1.50
2012.03.14 08:47:11.522,1.04982,1.04991,1.50,1.50
2012.03.14 08:47:11.929,1.04983,1.04993,1.50,3.45
2012.03.14 08:47:12.067,1.04981,1.04993,1.50,6.45
2012.03.14 08:47:12.337,1.0498,1.0499,2.25,1.50
2012.03.14 08:47:18.157,1.04982,1.04992,1.50,1.50
2012.03.14 08:47:18.576,1.04979,1.04991,2.25,1.50
2012.03.14 08:47:19.008,1.04982,1.04992,1.50,1.50
2012.03.14 08:47:19.446,1.0498,1.0499,1.50,1.50
2012.03.14 08:47:22.677,1.0498,1.04987,1.50,1.20
2012.03.14 08:47:22.956,1.04978,1.04987,2.25,1.20
2012.03.14 08:47:23.906,1.04977,1.04987,2.25,1.20
2012.03.14 08:47:24.157,1.0498,1.04987,1.50,1.20
2012.03.14 08:47:28.908,1.04978,1.04987,2.25,1.20
2012.03.14 08:47:29.424,1.04979,1.04987,1.50,1.20
2012.03.14 08:47:29.910,1.0498,1.0499,1.50,1.50
2012.03.14 08:47:30.448,1.0498,1.04991,1.50,1.50
2012.03.14 08:47:31.042,1.0498,1.0499,1.50,1.50
2012.03.14 08:47:32.372,1.04982,1.04992,1.50,3.00
2012.03.14 08:47:32.688,1.0498,1.04992,1.50,4.50
2012.03.14 08:47:32.760,1.04978,1.0499,2.63,1.50
2012.03.14 08:47:33.247,1.04979,1.0499,1.13,1.50
2012.03.14 08:47:33.804,1.04983,1.04992,1.50,2.25
2012.03.14 08:47:33.948,1.0498,1.0499,2.25,1.50
2012.03.14 08:47:34.029,1.04978,1.04988,3.68,1.50
2012.03.14 08:47:34.495,1.0498,1.04992,1.50,3.75
2012.03.14 08:47:43.020,1.04978,1.04988,1.50,1.50
2012.03.14 08:47:43.358,1.04977,1.04986,2.70,1.50
2012.03.14 08:47:43.764,1.04979,1.04989,1.50,1.50
2012.03.14 08:47:43.841,1.04979,1.04987,1.50,2.25
2012.03.14 08:47:44.399,1.04977,1.04984,1.50,1.20
2012.03.14 08:47:44.618,1.04975,1.04985,1.88,1.50
2012.03.14 08:47:45.651,1.04975,1.04985,2.63,1.50
2012.03.14 08:47:47.001,1.04975,1.04985,2.63,1.50
2012.03.14 08:47:47.557,1.04976,1.04985,2.18,1.50
2012.03.14 08:47:47.632,1.0498,1.04989,1.50,2.25
2012.03.14 08:47:48.139,1.0498,1.0499,1.50,1.50
2012.03.14 08:47:48.613,1.04978,1.04988,1.50,1.69
2012.03.14 08:47:51.088,1.04978,1.04987,1.50,2.25
2012.03.14 08:47:51.815,1.04975,1.04987,2.63,3.75
2012.03.14 08:47:52.404,1.04976,1.04987,1.13,3.75
2012.03.14 08:47:52.678,1.0498,1.04988,1.50,1.69
2012.03.14 08:47:53.213,1.0498,1.04987,1.50,1.20
2012.03.14 08:47:53.427,1.04975,1.04987,2.63,2.70
2012.03.14 08:47:54.308,1.04978,1.04987,1.50,1.20
2012.03.14 08:47:54.834,1.04977,1.04987,2.25,1.20
2012.03.14 08:47:56.035,1.04972,1.04982,2.25,1.50
2012.03.14 08:47:56.238,1.04972,1.04982,2.25,1.50
2012.03.14 08:47:56.437,1.04974,1.04984,1.50,1.88
2012.03.14 08:47:56.987,1.04972,1.04982,2.25,1.50
2012.03.14 08:47:57.484,1.04973,1.04982,1.13,1.50
2012.03.14 08:47:57.560,1.04973,1.04985,2.63,1.50
2012.03.14 08:47:57.628,1.04975,1.04987,1.50,4.95
2012.03.14 08:47:58.118,1.04975,1.04985,1.13,1.50
2012.03.14 08:47:58.327,1.04975,1.04987,2.63,2.70
2012.03.14 08:47:59.828,1.04975,1.04987,2.25,2.70
2012.03.14 08:48:00.877,1.04975,1.04987,1.50,4.85
2012.03.14 08:48:01.066,1.04972,1.04984,2.25,1.50
2012.03.14 08:48:01.955,1.04972,1.04984,2.63,1.50
2012.03.14 08:48:02.947,1.04972,1.04984,2.25,1.50
2012.03.14 08:48:03.707,1.04972,1.04984,3.00,1.50
2012.03.14 08:48:04.049,1.04977,1.04987,1.50,4.20
2012.03.14 08:48:04.635,1.04977,1.04987,1.50,3.45
2012.03.14 08:48:05.044,1.04977,1.04986,1.50,1.88
2012.03.14 08:48:05.127,1.04972,1.04982,3.38,1.50
2012.03.14 08:48:05.346,1.04974,1.04982,1.05,1.50
2012.03.14 08:48:05.495,1.04973,1.04982,1.80,1.50
2012.03.14 08:48:05.577,1.04973,1.04982,1.50,1.50
2012.03.14 08:48:05.792,1.04975,1.04985,1.50,2.25
2012.03.14 08:48:05.948,1.04975,1.04981,1.50,1.20
2012.03.14 08:48:06.029,1.04972,1.04981,3.00,1.20
2012.03.14 08:48:06.477,1.04972,1.04977,1.50,1.20
2012.03.14 08:48:06.561,1.04968,1.04977,1.50,1.20
2012.03.14 08:48:07.097,1.04967,1.04977,2.25,1.20
2012.03.14 08:48:08.177,1.0497,1.04977,1.50,1.20
2012.03.14 08:48:10.538,1.04968,1.04977,1.50,1.20
2012.03.14 08:48:13.689,1.04965,1.04977,2.63,3.30
2012.03.14 08:48:14.318,1.04968,1.04977,1.50,1.20
2012.03.14 08:48:16.477,1.04968,1.04976,1.50,1.69
2012.03.14 08:48:16.620,1.04964,1.04974,1.50,1.50
2012.03.14 08:48:16.690,1.04964,1.04972,1.50,1.20
2012.03.14 08:48:16.762,1.04959,1.04971,3.75,1.50
2012.03.14 08:48:16.911,1.04959,1.04966,3.38,1.20
2012.03.14 08:48:17.455,1.04958,1.04966,2.25,1.20
2012.03.14 08:48:18.853,1.04958,1.04966,2.25,1.20
2012.03.14 08:48:22.165,1.04958,1.04965,1.50,2.90
2012.03.14 08:48:22.525,1.04947,1.04953,1.50,1.35
2012.03.14 08:48:22.611,1.04941,1.04946,1.88,1.20
2012.03.14 08:48:22.758,1.04936,1.04946,3.00,1.20
2012.03.14 08:48:24.618,1.04938,1.04946,2.25,1.95
2012.03.14 08:48:24.834,1.04938,1.04948,2.25,2.25
2012.03.14 08:48:24.910,1.0494,1.04949,1.50,2.44
2012.03.14 08:48:25.430,1.0494,1.0495,1.50,3.19
2012.03.14 08:48:25.677,1.0494,1.04949,1.50,1.69
2012.03.14 08:48:25.878,1.0494,1.0495,1.50,3.19
2012.03.14 08:48:26.386,1.0494,1.04949,1.50,1.69
2012.03.14 08:48:27.528,1.0494,1.04947,1.50,1.95
2012.03.14 08:48:27.599,1.04938,1.04947,2.25,1.95
2012.03.14 08:48:28.777,1.0494,1.04947,1.50,1.95
2012.03.14 08:48:29.430,1.0494,1.04944,1.50,1.20
2012.03.14 08:48:29.646,1.04935,1.04943,1.50,3.19
2012.03.14 08:48:29.862,1.04936,1.04946,1.50,1.50
2012.03.14 08:48:29.942,1.04937,1.04946,1.50,2.15
2012.03.14 08:48:30.161,1.04935,1.04943,1.50,2.25
2012.03.14 08:48:30.300,1.04935,1.04945,3.00,2.25
2012.03.14 08:48:30.783,1.04937,1.04947,3.00,3.75
2012.03.14 08:48:30.871,1.04939,1.04948,1.50,6.19
2012.03.14 08:48:32.008,1.04939,1.04948,1.50,4.50
2012.03.14 08:48:33.291,1.04939,1.04946,1.50,2.10
2012.03.14 08:48:33.374,1.04936,1.04943,1.13,3.00
2012.03.14 08:48:33.461,1.04935,1.04943,2.25,2.25
2012.03.14 08:48:33.534,1.04937,1.04943,1.20,2.25
2012.03.14 08:48:33.679,1.04937,1.04945,1.95,1.50
2012.03.14 08:48:33.825,1.04938,1.04948,1.50,3.19
2012.03.14 08:48:33.904,1.04941,1.04948,1.50,2.44
2012.03.14 08:48:34.118,1.04939,1.04948,1.50,2.14
2012.03.14 08:48:34.873,1.04938,1.0495,3.45,4.50
2012.03.14 08:48:35.345,1.04941,1.04951,1.50,5.15
2012.03.14 08:48:35.416,1.04941,1.04951,1.50,3.38
2012.03.14 08:48:35.938,1.04941,1.04951,1.50,3.38
2012.03.14 08:48:36.476,1.04941,1.04951,1.50,4.13
2012.03.14 08:48:36.800,1.04941,1.04951,1.50,4.13
2012.03.14 08:48:37.009,1.04941,1.04951,1.50,3.38
2012.03.14 08:48:37.599,1.04941,1.04951,1.50,3.38
2012.03.14 08:48:37.856,1.04941,1.0495,1.50,1.50
2012.03.14 08:48:38.548,1.04941,1.04951,1.50,3.38
2012.03.14 08:48:39.475,1.04941,1.0495,1.50,1.50
2012.03.14 08:48:40.044,1.04941,1.04951,1.50,4.13
2012.03.14 08:48:40.400,1.04938,1.04948,1.50,3.45
2012.03.14 08:48:40.826,1.04935,1.04947,2.63,2.25
2012.03.14 08:48:41.187,1.04933,1.04937,1.50,1.20
2012.03.14 08:48:41.812,1.04928,1.04937,2.25,1.20
2012.03.14 08:48:42.117,1.0493,1.04937,1.50,1.20
2012.03.14 08:48:42.427,1.04934,1.04939,1.50,2.25
2012.03.14 08:48:42.505,1.04934,1.04942,1.50,2.63
2012.03.14 08:48:43.144,1.04937,1.04943,1.50,3.27
2012.03.14 08:48:43.241,1.04933,1.04938,1.20,1.13
2012.03.14 08:48:43.383,1.04933,1.0494,1.20,1.50
2012.03.14 08:48:43.534,1.04935,1.04941,3.00,2.63
2012.03.14 08:48:43.683,1.04937,1.04942,1.20,1.50
2012.03.14 08:48:44.176,1.04937,1.04944,1.50,1.50
2012.03.14 08:48:44.520,1.04937,1.04947,1.50,4.69
2012.03.14 08:48:45.960,1.04937,1.04946,1.50,1.50
2012.03.14 08:48:46.090,1.04932,1.04944,2.70,5.44
2012.03.14 08:48:46.159,1.04932,1.04941,1.20,1.50
2012.03.14 08:48:46.676,1.04932,1.04941,2.70,1.50
2012.03.14 08:48:46.807,1.04934,1.04944,1.50,1.69
2012.03.14 08:48:47.417,1.04934,1.04944,1.50,1.69
2012.03.14 08:48:47.978,1.04934,1.04945,1.50,1.69
2012.03.14 08:48:48.600,1.04934,1.04945,1.50,1.69
2012.03.14 08:48:48.673,1.04932,1.04942,1.20,2.25
2012.03.14 08:48:49.297,1.04932,1.04944,2.70,3.00
2012.03.14 08:48:49.583,1.04932,1.04941,1.20,1.50
2012.03.14 08:48:51.202,1.04932,1.04944,2.70,4.50
2012.03.14 08:48:56.706,1.04932,1.04939,1.20,2.15
2012.03.14 08:48:56.781,1.04928,1.04937,1.20,1.69
2012.03.14 08:48:57.240,1.04927,1.04936,3.00,1.50
2012.03.14 08:48:57.380,1.04924,1.04936,3.00,3.00
2012.03.14 08:48:57.780,1.04931,1.04937,1.50,3.75
2012.03.14 08:48:58.287,1.04927,1.04939,2.70,3.00
2012.03.14 08:48:58.841,1.04927,1.04939,2.70,4.50
2012.03.14 08:48:59.184,1.04922,1.04932,4.20,4.69
2012.03.14 08:48:59.330,1.04922,1.04932,3.45,3.00
2012.03.14 08:48:59.474,1.04925,1.04931,1.20,1.50
2012.03.14 08:49:00.168,1.04924,1.04931,1.50,2.25
2012.03.14 08:49:00.250,1.0492,1.04932,1.50,5.14
2012.03.14 08:49:00.508,1.04925,1.04932,1.50,2.89
2012.03.14 08:49:00.992,1.04925,1.04932,1.50,1.50
2012.03.14 08:49:01.467,1.04927,1.04934,2.25,1.50
2012.03.14 08:49:01.610,1.04927,1.04937,2.25,2.27
2012.03.14 08:49:02.385,1.04928,1.0494,1.50,4.50
2012.03.14 08:49:02.465,1.04928,1.0494,1.50,2.25
2012.03.14 08:49:02.789,1.04927,1.04937,4.69,1.50
2012.03.14 08:49:04.658,1.04929,1.04939,1.50,1.50
2012.03.14 08:49:08.257,1.04929,1.04939,1.50,4.05
2012.03.14 08:49:08.398,1.04927,1.04936,1.50,1.50
2012.03.14 08:49:08.808,1.04925,1.04936,2.52,1.50
2012.03.14 08:49:09.340,1.04925,1.04936,2.52,1.50
2012.03.14 08:49:09.738,1.04924,1.04933,1.69,1.20
2012.03.14 08:49:09.940,1.0492,1.04932,3.00,1.50
2012.03.14 08:49:10.010,1.0492,1.0493,1.50,1.50
2012.03.14 08:49:10.150,1.0492,1.04932,3.00,1.50
2012.03.14 08:49:10.347,1.04922,1.04933,1.50,3.64
2012.03.14 08:49:10.676,1.04925,1.04933,1.50,3.64
2012.03.14 08:49:11.795,1.04928,1.04933,1.20,2.25
2012.03.14 08:49:11.870,1.04928,1.04937,1.20,1.50
2012.03.14 08:49:12.348,1.04928,1.04938,1.50,2.25
2012.03.14 08:49:12.881,1.04927,1.04936,2.25,1.50
2012.03.14 08:49:13.159,1.04927,1.04938,2.70,1.50
2012.03.14 08:49:13.547,1.04927,1.04937,1.50,1.95
2012.03.14 08:49:13.622,1.04923,1.04935,3.08,2.63
2012.03.14 08:49:13.697,1.04923,1.04935,2.70,2.63
2012.03.14 08:49:14.368,1.04923,1.04935,3.45,1.50
2012.03.14 08:49:14.836,1.04927,1.04937,1.50,4.95
2012.03.14 08:49:15.387,1.04927,1.04935,1.50,1.50
2012.03.14 08:49:15.516,1.04927,1.04936,1.50,2.07
2012.03.14 08:49:15.586,1.04924,1.04934,1.50,1.50
2012.03.14 08:49:16.130,1.04924,1.04934,1.50,2.25
2012.03.14 08:49:16.589,1.04927,1.04937,1.50,4.20
2012.03.14 08:49:17.246,1.04927,1.04935,1.50,1.13
2012.03.14 08:49:17.315,1.04923,1.04935,2.70,2.63
2012.03.14 08:49:18.096,1.04923,1.04932,1.20,1.50
2012.03.14 08:49:18.406,1.04923,1.0493,1.20,1.50
2012.03.14 08:49:18.680,1.04923,1.04932,1.20,1.13
2012.03.14 08:49:19.111,1.04923,1.04934,1.20,2.25
2012.03.14 08:49:19.181,1.04926,1.04936,1.50,2.44
2012.03.14 08:49:19.521,1.04922,1.04934,2.70,2.25
2012.03.14 08:49:19.721,1.04922,1.04934,7.80,1.50
2012.03.14 08:49:19.986,1.04929,1.04939,1.50,1.50
2012.03.14 08:49:25.019,1.04931,1.04941,1.50,4.20
2012.03.14 08:49:25.608,1.04929,1.04938,1.50,1.50
2012.03.14 08:49:25.690,1.0493,1.0494,1.50,1.50
2012.03.14 08:49:27.157,1.0493,1.0494,2.25,1.50
2012.03.14 08:49:28.092,1.0493,1.0494,2.25,1.50
2012.03.14 08:49:28.381,1.04928,1.04938,3.45,1.50
2012.03.14 08:49:28.913,1.0493,1.0494,1.50,1.50
2012.03.14 08:49:29.055,1.04928,1.04939,1.95,1.50
2012.03.14 08:49:29.402,1.04929,1.04941,1.50,3.75
2012.03.14 08:49:29.481,1.04929,1.0494,1.50,1.35
2012.03.14 08:49:29.817,1.04926,1.04936,1.32,1.50
2012.03.14 08:49:30.547,1.04926,1.04936,1.50,1.50
2012.03.14 08:49:31.449,1.0493,1.04941,1.50,2.25
2012.03.14 08:49:31.976,1.0493,1.04942,1.50,6.45
2012.03.14 08:49:32.107,1.04928,1.0494,4.95,1.69
2012.03.14 08:49:36.166,1.04928,1.04939,2.70,1.50
2012.03.14 08:49:36.675,1.04928,1.04938,1.20,1.50
2012.03.14 08:49:37.208,1.04929,1.04939,1.50,1.50
2012.03.14 08:49:41.663,1.04927,1.04937,4.95,1.50
2012.03.14 08:49:42.208,1.04927,1.04936,2.70,1.50
2012.03.14 08:49:42.347,1.04929,1.04939,1.50,1.50
2012.03.14 08:49:43.111,1.0493,1.04939,1.88,1.50
2012.03.14 08:49:43.197,1.04936,1.04942,1.20,1.50
2012.03.14 08:49:43.412,1.04938,1.04948,1.50,3.00
2012.03.14 08:49:44.119,1.04937,1.04947,2.25,1.50
2012.03.14 08:49:44.195,1.04936,1.04944,1.50,1.50
2012.03.14 08:49:44.266,1.04933,1.04944,3.00,1.50
2012.03.14 08:49:44.342,1.04934,1.04946,1.50,1.50
2012.03.14 08:49:45.607,1.04934,1.04945,1.50,2.25
2012.03.14 08:49:45.747,1.04934,1.04943,1.50,1.50
2012.03.14 08:49:46.097,1.04932,1.0494,1.20,1.50
2012.03.14 08:49:50.032,1.04932,1.0494,2.70,1.50
2012.03.14 08:49:50.184,1.04934,1.04944,2.25,1.50
2012.03.14 08:49:50.682,1.04937,1.04946,3.75,1.50
2012.03.14 08:49:51.180,1.04938,1.04948,1.50,1.50
2012.03.14 08:49:54.790,1.04938,1.04948,2.25,1.50
2012.03.14 08:49:54.931,1.04941,1.04948,2.15,1.50
2012.03.14 08:49:55.353,1.04947,1.04951,2.25,1.50
2012.03.14 08:49:55.445,1.04947,1.04956,1.50,1.13
2012.03.14 08:49:55.661,1.04945,1.04954,1.20,1.50
2012.03.14 08:49:56.012,1.04945,1.04951,1.20,1.50
2012.03.14 08:49:56.092,1.04942,1.04951,1.20,1.50
2012.03.14 08:49:57.460,1.04942,1.04952,2.70,1.50
2012.03.14 08:49:57.672,1.04945,1.04956,1.50,3.65
2012.03.14 08:49:57.818,1.04947,1.04958,1.50,3.45
2012.03.14 08:49:58.210,1.04945,1.04955,1.50,1.50
2012.03.14 08:50:00.272,1.04947,1.04958,1.50,2.70
2012.03.14 08:50:00.608,1.04946,1.04956,1.50,1.50
2012.03.14 08:50:01.593,1.04947,1.04955,3.45,1.50
2012.03.14 08:50:01.679,1.04949,1.04958,1.50,1.20
2012.03.14 08:50:01.820,1.04947,1.04959,2.25,4.20
2012.03.14 08:50:02.675,1.04949,1.04959,1.50,1.20
2012.03.14 08:50:03.029,1.04953,1.0496,1.20,1.50
2012.03.14 08:50:03.770,1.04953,1.04961,1.20,1.50
2012.03.14 08:50:03.852,1.04953,1.04963,1.95,3.00
2012.03.14 08:50:04.555,1.04958,1.04965,1.50,1.50
2012.03.14 08:50:04.699,1.04958,1.04968,2.70,2.63
2012.03.14 08:50:04.845,1.04958,1.0497,4.80,3.75
2012.03.14 08:50:05.559,1.04961,1.04971,1.50,1.50
2012.03.14 08:50:05.979,1.04963,1.04971,1.20,1.50
2012.03.14 08:50:06.056,1.04963,1.04973,1.20,2.25
2012.03.14 08:50:06.613,1.04963,1.04974,1.95,1.50
2012.03.14 08:50:06.688,1.04963,1.04971,1.95,1.50
2012.03.14 08:50:07.249,1.04962,1.04972,3.75,1.50
2012.03.14 08:50:07.797,1.04963,1.04973,2.25,1.20
2012.03.14 08:50:08.223,1.04965,1.04973,1.50,1.20
2012.03.14 08:50:08.305,1.04966,1.04975,3.45,2.25
2012.03.14 08:50:08.449,1.04969,1.04977,1.50,1.50
2012.03.14 08:50:08.787,1.04969,1.04981,1.50,2.44
2012.03.14 08:50:09.146,1.04969,1.04979,1.50,1.20
2012.03.14 08:50:09.497,1.04964,1.04973,2.70,2.25
2012.03.14 08:50:09.627,1.04964,1.04976,3.45,1.50
2012.03.14 08:50:09.828,1.04966,1.04977,1.50,1.50
2012.03.14 08:50:10.354,1.04965,1.04975,2.25,3.19
2012.03.14 08:50:10.505,1.0496,1.04971,6.75,1.50
2012.03.14 08:50:11.056,1.0496,1.04971,1.13,1.50
2012.03.14 08:50:11.136,1.04962,1.04972,1.50,1.50
2012.03.14 08:50:11.671,1.04962,1.04972,1.50,2.25
2012.03.14 08:50:12.196,1.04962,1.04972,1.50,2.25
2012.03.14 08:50:14.596,1.04962,1.04972,2.25,1.50
2012.03.14 08:50:14.982,1.04963,1.04972,1.50,1.50
2012.03.14 08:50:15.074,1.04968,1.04975,2.89,1.50
2012.03.14 08:50:15.154,1.04968,1.04977,3.64,1.50
2012.03.14 08:50:15.780,1.04964,1.04976,4.20,1.50
2012.03.14 08:50:16.391,1.04964,1.04976,4.58,1.50
2012.03.14 08:50:16.969,1.04964,1.04976,4.95,1.50
2012.03.14 08:50:17.105,1.04966,1.04976,1.13,1.50
2012.03.14 08:50:17.308,1.04968,1.04978,1.50,2.70
2012.03.14 08:50:17.441,1.04968,1.04977,2.25,2.15
2012.03.14 08:50:17.661,1.04962,1.04973,2.63,1.50
2012.03.14 08:50:17.735,1.04962,1.04973,2.25,1.50
2012.03.14 08:50:17.809,1.04964,1.04973,1.39,3.75
2012.03.14 08:50:17.955,1.04965,1.04976,3.19,1.50
2012.03.14 08:50:18.029,1.04967,1.04976,1.50,1.50
2012.03.14 08:50:18.101,1.04967,1.04978,1.50,2.70
2012.03.14 08:50:19.216,1.04965,1.04973,1.50,1.50
2012.03.14 08:50:19.621,1.04966,1.04976,2.25,1.50
2012.03.14 08:50:19.698,1.04966,1.04978,1.69,2.70
2012.03.14 08:50:20.412,1.04964,1.04974,1.95,1.50
2012.03.14 08:50:20.936,1.04964,1.04974,2.70,1.50
2012.03.14 08:50:21.331,1.04967,1.04977,1.50,1.50
2012.03.14 08:50:21.849,1.04965,1.04976,2.25,1.50
2012.03.14 08:50:21.916,1.04964,1.04976,3.45,1.50
2012.03.14 08:50:22.347,1.04967,1.04977,1.50,1.50
2012.03.14 08:50:22.849,1.04967,1.04978,1.50,1.20
2012.03.14 08:50:23.110,1.04964,1.04976,2.70,1.50
2012.03.14 08:50:23.848,1.04966,1.04977,1.50,2.25
2012.03.14 08:50:24.177,1.04968,1.04978,1.50,1.20
2012.03.14 08:50:24.706,1.04969,1.04978,1.50,1.95
2012.03.14 08:50:25.062,1.04967,1.04978,1.50,3.45
2012.03.14 08:50:25.136,1.04967,1.04975,1.50,1.50
2012.03.14 08:50:25.207,1.04964,1.04975,1.95,1.50
2012.03.14 08:50:25.667,1.04966,1.04976,1.50,1.50
2012.03.14 08:50:26.724,1.0496,1.04972,6.45,1.50
2012.03.14 08:50:27.276,1.0496,1.04972,3.45,1.50
2012.03.14 08:50:27.476,1.04962,1.04974,1.50,7.24
2012.03.14 08:50:28.017,1.04962,1.04974,1.50,9.49
2012.03.14 08:50:29.926,1.04962,1.04969,1.50,1.20
2012.03.14 08:50:30.408,1.04959,1.04969,1.50,1.20
2012.03.14 08:50:30.937,1.04959,1.04971,2.70,1.50
2012.03.14 08:50:31.202,1.04962,1.04972,1.50,3.75
2012.03.14 08:50:33.060,1.04962,1.04972,1.50,3.00
2012.03.14 08:50:33.616,1.04962,1.04972,1.50,1.50
2012.03.14 08:50:36.136,1.04964,1.04973,1.50,1.20
2012.03.14 08:50:38.158,1.04961,1.04973,3.00,5.70
2012.03.14 08:50:39.994,1.04963,1.04973,1.50,2.14
2012.03.14 08:50:42.740,1.04963,1.04973,1.50,2.33
2012.03.14 08:50:43.281,1.04961,1.04973,1.50,5.33
2012.03.14 08:50:43.689,1.0496,1.0497,2.25,1.50
2012.03.14 08:50:44.949,1.0496,1.0497,2.25,1.50
2012.03.14 08:50:45.089,1.04962,1.04972,2.25,3.00
2012.03.14 08:50:45.703,1.04962,1.04972,2.25,1.50
2012.03.14 08:50:45.786,1.04964,1.04972,2.70,1.50
2012.03.14 08:50:46.009,1.04967,1.04977,1.50,1.50
2012.03.14 08:50:46.197,1.04965,1.04975,2.44,1.50
2012.03.14 08:50:47.211,1.04965,1.04975,3.38,1.50
2012.03.14 08:50:47.274,1.04965,1.04975,2.63,1.50
2012.03.14 08:50:47.828,1.04964,1.04974,1.20,1.50
2012.03.14 08:50:50.077,1.04966,1.04976,1.50,1.50
2012.03.14 08:50:51.029,1.04964,1.04975,1.95,1.50
2012.03.14 08:50:51.789,1.04964,1.04972,1.20,1.50
2012.03.14 08:50:53.927,1.04964,1.0497,1.20,1.50
2012.03.14 08:50:54.344,1.04964,1.04973,1.20,1.50
2012.03.14 08:50:55.418,1.04962,1.04973,2.25,1.50
2012.03.14 08:50:55.697,1.0496,1.04969,1.50,3.27
2012.03.14 08:50:56.054,1.04953,1.04957,1.50,1.50
2012.03.14 08:50:56.137,1.0495,1.04957,1.13,1.50
2012.03.14 08:50:56.594,1.04946,1.04957,2.44,1.50
2012.03.14 08:50:57.116,1.04948,1.04958,2.25,2.70
2012.03.14 08:50:57.188,1.0495,1.0496,1.50,1.50
2012.03.14 08:50:58.229,1.04952,1.04962,1.50,1.50
2012.03.14 08:50:58.699,1.04949,1.04961,1.69,1.50
2012.03.14 08:50:59.452,1.04949,1.04961,1.50,1.50
2012.03.14 08:51:01.905,1.04949,1.04961,3.00,1.50
2012.03.14 08:51:02.568,1.04952,1.04962,1.50,1.50
2012.03.14 08:51:05.468,1.04954,1.04962,1.20,1.50
2012.03.14 08:51:09.277,1.04952,1.04962,1.50,1.50
2012.03.14 08:51:09.406,1.0495,1.0496,1.50,1.50
2012.03.14 08:51:09.907,1.04952,1.04962,1.50,1.50
2012.03.14 08:51:14.188,1.0495,1.0496,3.00,1.50
2012.03.14 08:51:17.708,1.0495,1.04957,1.50,1.95
2012.03.14 08:51:17.921,1.04944,1.04953,2.63,2.25
2012.03.14 08:51:18.211,1.04946,1.04957,1.50,4.20
2012.03.14 08:51:18.689,1.04949,1.04957,1.50,1.20
2012.03.14 08:51:19.443,1.04949,1.04958,1.50,1.20
2012.03.14 08:51:19.997,1.04948,1.04957,1.20,1.50
2012.03.14 08:51:22.796,1.04947,1.04957,2.25,1.50
2012.03.14 08:51:23.267,1.04949,1.04959,1.50,3.94
2012.03.14 08:51:23.957,1.04948,1.04958,1.95,1.50
2012.03.14 08:51:32.503,1.04948,1.0496,3.83,2.44
2012.03.14 08:51:32.851,1.04952,1.04962,1.50,3.90
2012.03.14 08:51:33.108,1.0495,1.04959,1.50,1.20
2012.03.14 08:51:33.659,1.0495,1.04962,1.50,4.88
2012.03.14 08:51:34.981,1.0495,1.04959,2.25,1.20
2012.03.14 08:51:35.528,1.04949,1.0496,2.25,1.50
2012.03.14 08:51:36.088,1.04949,1.04961,2.25,2.44
2012.03.14 08:51:36.899,1.04949,1.04961,2.25,2.44
2012.03.14 08:51:39.036,1.04949,1.04961,2.25,3.00
2012.03.14 08:51:40.569,1.04949,1.04957,2.25,2.15
2012.03.14 08:51:40.794,1.04948,1.04956,1.20,1.50
2012.03.14 08:51:41.337,1.04947,1.04958,2.25,1.39
2012.03.14 08:51:42.168,1.04947,1.04958,2.25,1.20
2012.03.14 08:51:42.308,1.04947,1.04958,2.25,1.20
2012.03.14 08:51:46.836,1.04947,1.04958,2.25,2.89
2012.03.14 08:51:48.507,1.04947,1.04958,1.50,1.20
2012.03.14 08:51:49.660,1.04946,1.04955,1.50,1.50
2012.03.14 08:51:49.801,1.04948,1.04958,2.25,2.70
2012.03.14 08:51:50.329,1.04948,1.04958,2.70,1.50
2012.03.14 08:51:50.853,1.04948,1.04957,1.20,1.50
2012.03.14 08:51:52.295,1.04946,1.04957,1.50,1.50
2012.03.14 08:51:52.849,1.04946,1.04957,1.50,1.50
2012.03.14 08:51:53.396,1.04948,1.04959,1.50,2.89
2012.03.14 08:51:54.296,1.04948,1.0496,3.45,1.69
2012.03.14 08:51:55.074,1.04949,1.0496,1.50,1.69
2012.03.14 08:51:56.425,1.04949,1.0496,2.25,1.69
2012.03.14 08:51:57.466,1.04949,1.0496,1.50,1.69
2012.03.14 08:51:58.668,1.04949,1.0496,1.69,1.50
2012.03.14 08:51:58.743,1.04951,1.04961,2.25,3.00
2012.03.14 08:51:58.818,1.04952,1.04963,2.25,5.25
2012.03.14 08:51:59.080,1.04952,1.04963,2.25,5.75
2012.03.14 08:51:59.347,1.0495,1.04962,2.25,3.00
2012.03.14 08:52:00.397,1.0495,1.04962,3.00,2.25
2012.03.14 08:52:01.243,1.04948,1.04959,2.70,1.50
2012.03.14 08:52:02.577,1.04948,1.04959,1.95,1.50
2012.03.14 08:52:03.307,1.04948,1.04959,1.95,1.50
2012.03.14 08:52:03.719,1.04947,1.04958,3.75,1.20
2012.03.14 08:52:03.852,1.04946,1.04955,3.00,1.50
2012.03.14 08:52:04.503,1.04947,1.04958,1.50,1.20
2012.03.14 08:52:07.897,1.04947,1.04958,2.25,1.20
2012.03.14 08:52:08.454,1.04947,1.04958,2.25,1.20
2012.03.14 08:52:09.896,1.04947,1.04958,3.00,1.20
2012.03.14 08:52:10.488,1.04947,1.04958,2.25,1.20
2012.03.14 08:52:10.698,1.04949,1.04959,1.20,1.50
2012.03.14 08:52:11.228,1.0495,1.04961,1.50,1.13
2012.03.14 08:52:11.776,1.04949,1.04959,3.45,1.50
2012.03.14 08:52:12.331,1.04949,1.04959,4.95,1.50
2012.03.14 08:52:12.852,1.04951,1.04961,1.50,1.88
2012.03.14 08:52:14.408,1.04949,1.04959,3.45,1.50
2012.03.14 08:52:14.941,1.04951,1.04961,1.50,1.88
2012.03.14 08:52:15.868,1.04951,1.04961,2.25,1.88
2012.03.14 08:52:16.424,1.04949,1.0496,2.70,1.50
2012.03.14 08:52:17.116,1.04951,1.04961,1.50,1.88
2012.03.14 08:52:18.396,1.04948,1.0496,3.00,1.50
2012.03.14 08:52:22.447,1.04948,1.0496,2.25,1.69
2012.03.14 08:52:23.544,1.04948,1.0496,2.25,1.69
2012.03.14 08:52:24.638,1.04952,1.04961,1.50,1.69
2012.03.14 08:52:24.777,1.0495,1.0496,1.50,1.69
2012.03.14 08:52:30.658,1.04948,1.04959,1.50,1.50
2012.03.14 08:52:30.798,1.04946,1.04957,3.00,1.50
2012.03.14 08:52:31.318,1.04945,1.04957,2.63,1.50
2012.03.14 08:52:31.940,1.04947,1.04958,1.50,1.20
2012.03.14 08:52:32.467,1.04947,1.04959,4.95,1.50
2012.03.14 08:52:32.871,1.0495,1.0496,1.50,1.50
2012.03.14 08:52:33.859,1.04951,1.04963,1.50,9.35
2012.03.14 08:52:34.647,1.0495,1.0496,1.50,1.50
2012.03.14 08:52:41.869,1.04948,1.04958,3.75,1.50
2012.03.14 08:52:42.219,1.0494,1.0495,1.95,1.50
2012.03.14 08:52:42.882,1.0494,1.04952,2.70,5.25
2012.03.14 08:52:42.948,1.0494,1.04952,3.45,4.50
2012.03.14 08:52:43.469,1.0494,1.04952,1.50,3.00
2012.03.14 08:52:46.021,1.04938,1.0495,4.50,1.69
2012.03.14 08:52:46.569,1.04938,1.0495,2.25,1.69
2012.03.14 08:52:46.768,1.04937,1.04948,3.45,1.50
2012.03.14 08:52:47.028,1.04936,1.04947,1.50,1.95
2012.03.14 08:52:47.097,1.04933,1.04943,5.97,1.50
2012.03.14 08:52:47.228,1.04934,1.04945,1.88,1.50
2012.03.14 08:52:47.595,1.04937,1.04947,1.50,4.39
2012.03.14 08:52:49.141,1.04935,1.04946,1.50,1.50
2012.03.14 08:52:49.952,1.04937,1.04947,2.25,3.64
2012.03.14 08:52:50.297,1.04935,1.04945,2.25,1.50
2012.03.14 08:52:50.366,1.04935,1.04945,2.25,1.50
2012.03.14 08:52:50.871,1.04935,1.04945,2.25,1.50
2012.03.14 08:52:51.228,1.04935,1.04943,1.50,1.20
2012.03.14 08:52:51.846,1.04935,1.04941,1.50,1.50
2012.03.14 08:52:51.933,1.0493,1.04942,1.50,3.75
2012.03.14 08:52:53.604,1.04928,1.0494,3.00,1.69
2012.03.14 08:52:53.705,1.04928,1.04939,1.50,1.13
2012.03.14 08:52:54.008,1.04928,1.04932,1.50,1.20
2012.03.14 08:52:54.161,1.04926,1.04932,1.50,2.70
2012.03.14 08:52:54.242,1.04922,1.04932,1.50,2.70
2012.03.14 08:52:54.328,1.0492,1.0493,1.50,1.50
2012.03.14 08:52:54.907,1.04924,1.04933,1.50,4.95
2012.03.14 08:52:55.476,1.04923,1.04933,2.70,3.00
2012.03.14 08:52:55.796,1.04921,1.04931,2.25,1.69
2012.03.14 08:52:56.607,1.0492,1.04931,2.25,1.69
2012.03.14 08:52:56.688,1.04922,1.04932,1.50,3.64
2012.03.14 08:52:56.833,1.0492,1.0493,1.50,1.50
2012.03.14 08:52:58.675,1.0492,1.0493,2.25,1.50
2012.03.14 08:52:59.237,1.04922,1.04932,1.50,3.64
2012.03.14 08:53:00.441,1.04919,1.04928,1.50,1.50
2012.03.14 08:53:00.770,1.04914,1.04924,3.94,1.50
2012.03.14 08:53:01.343,1.04913,1.04923,1.65,1.50
2012.03.14 08:53:02.117,1.04912,1.04923,4.73,1.50
2012.03.14 08:53:02.553,1.04912,1.04919,1.95,2.15
2012.03.14 08:53:02.699,1.04911,1.04919,1.58,2.90
2012.03.14 08:53:02.767,1.04911,1.0492,1.20,2.25
2012.03.14 08:53:03.120,1.04908,1.04918,3.75,1.50
2012.03.14 08:53:03.190,1.0491,1.04921,1.50,1.95
2012.03.14 08:53:03.842,1.0491,1.0492,1.50,2.25
2012.03.14 08:53:04.062,1.0491,1.04918,1.50,1.50
2012.03.14 08:53:04.140,1.0491,1.0492,1.50,3.00
2012.03.14 08:53:04.481,1.0491,1.04918,1.50,1.50
2012.03.14 08:53:04.819,1.04906,1.04913,1.50,3.45
2012.03.14 08:53:05.219,1.049,1.04912,2.25,1.69
2012.03.14 08:53:05.363,1.04905,1.04912,1.50,3.19
2012.03.14 08:53:05.441,1.04902,1.04912,1.50,3.19
2012.03.14 08:53:05.943,1.04899,1.04911,2.25,1.69
2012.03.14 08:53:08.169,1.04899,1.04911,2.25,2.63
2012.03.14 08:53:08.697,1.04898,1.04909,1.35,1.50
2012.03.14 08:53:09.229,1.04899,1.04911,2.25,4.13
2012.03.14 08:53:09.682,1.04898,1.04908,3.75,1.50
2012.03.14 08:53:11.016,1.04899,1.0491,1.50,1.50
2012.03.14 08:53:11.475,1.04898,1.04908,2.25,1.50
2012.03.14 08:53:12.510,1.04899,1.0491,1.50,1.50
2012.03.14 08:53:13.026,1.04899,1.04911,1.50,3.94
2012.03.14 08:53:14.822,1.04899,1.04911,3.00,1.50
2012.03.14 08:53:15.338,1.04899,1.04911,3.75,1.50
2012.03.14 08:53:16.391,1.04898,1.04909,3.45,1.50
2012.03.14 08:53:16.461,1.04899,1.04911,1.50,1.50
2012.03.14 08:53:16.777,1.04898,1.04908,3.45,1.50
2012.03.14 08:53:21.388,1.04899,1.04911,1.50,1.50
2012.03.14 08:53:21.718,1.04898,1.04909,1.95,1.50
2012.03.14 08:53:23.331,1.04899,1.04911,1.50,3.75
2012.03.14 08:53:24.226,1.04899,1.04911,1.69,2.25
2012.03.14 08:53:24.616,1.04899,1.04908,1.69,2.10
2012.03.14 08:53:25.248,1.04891,1.04902,1.47,3.45
2012.03.14 08:53:25.336,1.04888,1.04896,4.10,1.50
2012.03.14 08:53:25.418,1.04888,1.04896,1.58,1.50
2012.03.14 08:53:26.191,1.04886,1.04897,3.65,2.70
2012.03.14 08:53:26.469,1.0489,1.04897,1.50,1.20
2012.03.14 08:53:26.921,1.04887,1.04896,1.20,1.50
2012.03.14 08:53:27.126,1.0489,1.04899,1.50,1.50
2012.03.14 08:53:27.657,1.04888,1.049,2.63,2.25
2012.03.14 08:53:30.456,1.04888,1.04897,2.63,1.20
2012.03.14 08:53:31.236,1.04887,1.04897,2.63,1.20
2012.03.14 08:53:32.315,1.0489,1.04897,1.50,1.20
2012.03.14 08:53:32.387,1.04886,1.04897,1.50,2.70
2012.03.14 08:53:34.416,1.04889,1.04897,1.50,1.20
2012.03.14 08:53:35.102,1.04889,1.049,1.50,2.25
2012.03.14 08:53:35.183,1.04889,1.04898,1.50,1.20
2012.03.14 08:53:36.125,1.04889,1.04899,1.50,1.50
2012.03.14 08:53:36.497,1.04889,1.04901,1.50,3.00
2012.03.14 08:53:36.625,1.04888,1.04898,1.50,1.50
2012.03.14 08:53:37.348,1.0489,1.049,1.50,3.00
2012.03.14 08:53:38.147,1.04892,1.049,1.20,1.50
2012.03.14 08:53:38.350,1.04892,1.04902,2.70,1.50
2012.03.14 08:53:38.488,1.04894,1.04903,1.50,1.50
2012.03.14 08:53:38.947,1.04892,1.04902,2.70,1.50
2012.03.14 08:53:40.550,1.04892,1.04902,2.70,1.88
2012.03.14 08:53:40.638,1.04883,1.04891,3.00,1.50
2012.03.14 08:53:40.787,1.04884,1.04891,3.00,1.50
2012.03.14 08:53:40.935,1.04882,1.04892,2.25,4.77
2012.03.14 08:53:41.359,1.0488,1.04891,1.50,2.25
2012.03.14 08:53:41.934,1.0488,1.04891,1.50,2.82
2012.03.14 08:53:43.292,1.04878,1.0489,2.70,1.69
2012.03.14 08:53:43.954,1.04879,1.04891,2.25,4.69
2012.03.14 08:53:44.035,1.04879,1.04886,2.25,2.25
2012.03.14 08:53:44.481,1.04868,1.04881,4.20,1.50
2012.03.14 08:53:44.609,1.04869,1.04881,2.44,1.50
2012.03.14 08:53:44.681,1.04872,1.04882,1.50,1.50
2012.03.14 08:53:46.659,1.04879,1.04884,1.50,1.50
2012.03.14 08:53:46.994,1.04879,1.0489,1.50,1.13
2012.03.14 08:53:47.138,1.04878,1.0489,3.00,3.38
2012.03.14 08:53:49.627,1.04878,1.0489,3.00,3.00
2012.03.14 08:53:49.981,1.04883,1.04892,1.20,2.25
2012.03.14 08:53:50.058,1.04883,1.04892,1.20,2.25
2012.03.14 08:53:50.606,1.04886,1.04893,1.50,1.50
2012.03.14 08:53:51.236,1.04888,1.04898,4.39,3.00
2012.03.14 08:53:51.449,1.04889,1.04901,2.25,3.60
2012.03.14 08:53:51.521,1.04892,1.04901,1.50,2.10
2012.03.14 08:53:52.160,1.0489,1.04901,2.25,2.10
2012.03.14 08:53:52.244,1.04892,1.04902,2.70,1.50
2012.03.14 08:53:52.599,1.04894,1.04904,1.50,1.50
2012.03.14 08:53:56.171,1.04896,1.04904,1.20,1.50
2012.03.14 08:53:57.011,1.04898,1.04908,1.50,1.50
2012.03.14 08:53:57.094,1.04901,1.0491,1.50,1.20
2012.03.14 08:53:57.174,1.04899,1.04909,1.50,1.50
2012.03.14 08:53:57.736,1.04899,1.04909,2.25,1.50
2012.03.14 08:53:58.242,1.04899,1.04909,1.50,1.50
2012.03.14 08:53:58.772,1.04899,1.04907,1.50,1.50
2012.03.14 08:53:59.134,1.04901,1.04907,1.50,1.50
2012.03.14 08:53:59.330,1.04901,1.04912,1.50,3.75
2012.03.14 08:53:59.399,1.049,1.0491,1.50,1.50
2012.03.14 08:54:00.454,1.04902,1.04912,2.70,3.75
2012.03.14 08:54:00.750,1.049,1.04904,2.25,1.20
2012.03.14 08:54:01.101,1.04892,1.04904,3.75,4.95
2012.03.14 08:54:01.173,1.04893,1.04902,1.95,1.50
2012.03.14 08:54:01.397,1.04894,1.04904,1.50,1.50
2012.03.14 08:54:01.540,1.04897,1.04904,1.50,1.50
2012.03.14 08:54:02.162,1.04897,1.04907,1.50,2.70
2012.03.14 08:54:02.514,1.04894,1.04904,1.50,1.50
2012.03.14 08:54:04.380,1.04894,1.04902,1.50,1.50
2012.03.14 08:54:04.730,1.0489,1.04901,2.44,2.25
2012.03.14 08:54:04.875,1.04888,1.04898,1.50,1.50
2012.03.14 08:54:05.522,1.04885,1.04893,2.25,1.50
2012.03.14 08:54:05.600,1.04882,1.04893,1.20,4.50
2012.03.14 08:54:06.168,1.04882,1.0489,1.20,1.50
2012.03.14 08:54:07.759,1.04882,1.0489,1.20,3.00
2012.03.14 08:54:07.835,1.0488,1.04888,3.75,1.50
2012.03.14 08:54:07.916,1.0488,1.04886,3.75,1.05
2012.03.14 08:54:08.227,1.04871,1.04881,3.00,1.69
2012.03.14 08:54:08.302,1.04869,1.0488,1.88,2.25
2012.03.14 08:54:08.975,1.04869,1.0488,2.25,1.50
2012.03.14 08:54:09.337,1.04877,1.04882,2.25,1.20
2012.03.14 08:54:09.418,1.04874,1.04882,1.50,1.95
2012.03.14 08:54:09.980,1.04873,1.04883,3.45,1.50
2012.03.14 08:54:10.497,1.04873,1.04884,1.20,3.75
2012.03.14 08:54:10.771,1.04876,1.04881,3.45,1.50
2012.03.14 08:54:10.912,1.04876,1.04885,3.45,1.50
2012.03.14 08:54:10.989,1.04876,1.04882,2.25,1.20
2012.03.14 08:54:11.132,1.04873,1.04882,1.50,2.70
2012.03.14 08:54:11.699,1.04873,1.04883,2.25,1.50
2012.03.14 08:54:11.768,1.04874,1.04883,1.50,1.50
2012.03.14 08:54:11.843,1.04876,1.04885,1.50,1.50
2012.03.14 08:54:12.322,1.04879,1.04885,1.69,1.50
2012.03.14 08:54:12.409,1.04879,1.04891,1.69,2.25
2012.03.14 08:54:13.708,1.04883,1.04891,1.20,2.25
2012.03.14 08:54:15.005,1.04879,1.04888,1.50,1.50
2012.03.14 08:54:15.293,1.04876,1.04884,1.20,1.50
2012.03.14 08:54:15.589,1.04877,1.04889,1.69,3.75
2012.03.14 08:54:15.731,1.0488,1.0489,1.50,3.00
2012.03.14 08:54:16.390,1.04876,1.04883,1.50,4.20
2012.03.14 08:54:16.471,1.04869,1.0488,3.00,1.50
2012.03.14 08:54:16.750,1.0487,1.04882,2.25,1.50
2012.03.14 08:54:16.958,1.04873,1.04883,1.50,6.08
2012.03.14 08:54:17.895,1.04871,1.04881,1.50,1.50
2012.03.14 08:54:20.267,1.04873,1.04883,1.50,6.08
2012.03.14 08:54:21.469,1.04873,1.04883,3.45,1.50
2012.03.14 08:54:22.200,1.04873,1.04881,1.95,1.50
2012.03.14 08:54:22.764,1.04873,1.04882,1.95,1.50
2012.03.14 08:54:24.518,1.04872,1.04882,2.25,1.50
2012.03.14 08:54:24.660,1.0487,1.0488,2.25,1.50
2012.03.14 08:54:25.326,1.04872,1.04882,1.50,3.00
2012.03.14 08:54:26.450,1.04874,1.04883,1.50,5.25
2012.03.14 08:54:26.663,1.04872,1.04883,1.95,3.00
2012.03.14 08:54:26.745,1.04875,1.04884,1.20,1.50
2012.03.14 08:54:27.032,1.04878,1.04888,1.20,2.25
2012.03.14 08:54:27.657,1.04878,1.04889,3.45,1.13
2012.03.14 08:54:27.738,1.04877,1.04887,1.69,1.20
2012.03.14 08:54:28.161,1.04879,1.04887,1.50,1.95
2012.03.14 08:54:28.362,1.04873,1.04885,4.20,1.50
2012.03.14 08:54:28.921,1.04873,1.04885,3.45,1.50
2012.03.14 08:54:29.502,1.04873,1.04881,2.14,1.50
2012.03.14 08:54:29.591,1.04876,1.04886,1.20,4.50
2012.03.14 08:54:30.119,1.04876,1.04886,1.58,1.50
2012.03.14 08:54:30.468,1.04874,1.04886,4.88,1.50
2012.03.14 08:54:30.725,1.04872,1.04884,6.72,1.50
2012.03.14 08:54:31.255,1.04875,1.04885,1.50,1.50
2012.03.14 08:54:31.588,1.04877,1.04887,1.50,3.00
2012.03.14 08:54:32.142,1.04877,1.04886,1.50,1.50
2012.03.14 08:54:32.236,1.04873,1.04884,2.89,3.00
2012.03.14 08:54:32.379,1.04876,1.04886,3.00,1.50
2012.03.14 08:54:32.888,1.04877,1.04886,1.50,1.50
2012.03.14 08:54:33.098,1.04876,1.04886,1.50,3.75
2012.03.14 08:54:33.448,1.04872,1.04883,2.25,3.45
2012.03.14 08:54:34.223,1.04872,1.04883,1.50,5.70
2012.03.14 08:54:34.305,1.04869,1.04882,2.63,2.25
2012.03.14 08:54:34.383,1.04872,1.04882,1.50,1.50
2012.03.14 08:54:35.046,1.0487,1.04882,1.50,2.85
2012.03.14 08:54:35.407,1.04865,1.04874,1.50,3.45
2012.03.14 08:54:35.738,1.04861,1.0487,2.25,1.50
2012.03.14 08:54:36.245,1.04861,1.04872,2.25,2.25
2012.03.14 08:54:36.322,1.04863,1.04872,1.50,2.25
2012.03.14 08:54:36.848,1.04862,1.04872,1.50,4.95
2012.03.14 08:54:37.187,1.04864,1.04872,1.50,3.45
2012.03.14 08:54:38.930,1.04867,1.04874,1.50,1.50
2012.03.14 08:54:39.140,1.04869,1.04877,1.50,1.20
2012.03.14 08:54:42.958,1.04869,1.04879,1.69,2.25
2012.03.14 08:54:43.028,1.04869,1.04881,1.69,1.50
2012.03.14 08:54:43.751,1.04869,1.04881,2.44,2.25
2012.03.14 08:54:44.658,1.04871,1.04882,1.50,1.50
2012.03.14 08:54:46.080,1.04869,1.04881,2.44,1.50
2012.03.14 08:54:46.683,1.04871,1.04881,1.50,1.50
2012.03.14 08:54:46.758,1.04874,1.04882,2.33,1.50
2012.03.14 08:54:46.830,1.04876,1.04886,4.20,4.49
2012.03.14 08:54:47.243,1.04877,1.04884,1.50,2.25
2012.03.14 08:54:47.532,1.04873,1.04881,1.20,1.50
2012.03.14 08:54:47.750,1.04873,1.04883,2.70,1.50
2012.03.14 08:54:49.058,1.04875,1.04885,1.50,2.25
2012.03.14 08:54:49.629,1.04875,1.04885,1.50,2.25
2012.03.14 08:54:50.121,1.04877,1.04885,1.50,1.50
2012.03.14 08:54:50.452,1.04879,1.04885,1.50,1.50
2012.03.14 08:54:50.576,1.04879,1.04889,1.50,1.95
2012.03.14 08:54:50.930,1.04879,1.04883,1.50,2.25
2012.03.14 08:54:51.144,1.04874,1.04882,1.50,1.20
2012.03.14 08:54:51.809,1.04873,1.04884,1.20,1.50
2012.03.14 08:54:51.887,1.04877,1.04885,1.39,1.50
2012.03.14 08:54:52.239,1.04883,1.04891,1.50,1.95
2012.03.14 08:54:52.368,1.0488,1.04891,1.50,1.95
2012.03.14 08:54:52.880,1.0488,1.04891,1.50,1.20
2012.03.14 08:54:53.386,1.0488,1.04892,1.50,1.50
2012.03.14 08:54:55.388,1.0488,1.04892,1.69,2.25
2012.03.14 08:54:56.325,1.0488,1.04892,1.69,1.50
2012.03.14 08:54:57.105,1.0488,1.04892,1.69,2.25
2012.03.14 08:54:57.639,1.0488,1.04892,1.69,2.25
2012.03.14 08:54:58.197,1.0488,1.04892,1.69,2.25
2012.03.14 08:54:58.661,1.0488,1.04884,1.69,1.20
2012.03.14 08:54:58.872,1.04878,1.04883,1.50,3.75
2012.03.14 08:54:58.943,1.04872,1.04881,2.14,1.50
2012.03.14 08:54:59.276,1.04873,1.04883,2.44,1.50
2012.03.14 08:54:59.406,1.04877,1.04885,1.50,1.50
2012.03.14 08:54:59.929,1.04876,1.04886,1.50,3.00
2012.03.14 08:55:00.272,1.0488,1.04885,1.50,1.50
2012.03.14 08:55:00.493,1.04882,1.04889,1.50,1.50
2012.03.14 08:55:00.569,1.04882,1.04891,1.50,2.25
2012.03.14 08:55:00.961,1.04884,1.04891,1.50,1.50
2012.03.14 08:55:01.229,1.04882,1.04892,1.50,5.70
2012.03.14 08:55:02.621,1.04884,1.04894,1.50,4.50
2012.03.14 08:55:03.135,1.04884,1.04894,1.50,3.00
2012.03.14 08:55:04.069,1.04885,1.04894,2.15,1.50
2012.03.14 08:55:04.419,1.0489,1.04897,1.50,1.20
2012.03.14 08:55:04.488,1.04888,1.04897,1.50,1.20
2012.03.14 08:55:04.768,1.04888,1.04892,1.50,1.20
2012.03.14 08:55:04.840,1.04886,1.04892,1.77,1.20
2012.03.14 08:55:05.119,1.04883,1.04895,4.24,1.50
2012.03.14 08:55:05.510,1.04884,1.04895,3.01,1.50
2012.03.14 08:55:06.028,1.04886,1.04896,1.80,1.50
2012.03.14 08:55:06.467,1.04888,1.04898,1.50,2.70
2012.03.14 08:55:07.011,1.04888,1.04898,3.19,2.70
2012.03.14 08:55:07.538,1.0489,1.04898,1.50,1.20
2012.03.14 08:55:07.905,1.0489,1.049,1.50,2.25
2012.03.14 08:55:09.503,1.0489,1.04894,1.50,1.20
2012.03.14 08:55:09.861,1.04887,1.04894,1.95,1.50
2012.03.14 08:55:09.932,1.04886,1.04892,1.69,1.20
2012.03.14 08:55:10.221,1.04884,1.04892,1.50,3.45
2012.03.14 08:55:10.693,1.04882,1.04892,3.38,3.45
2012.03.14 08:55:11.827,1.04882,1.04892,2.63,3.45
2012.03.14 08:55:12.109,1.04882,1.04894,3.83,1.50
2012.03.14 08:55:12.379,1.04886,1.04894,1.95,1.50
2012.03.14 08:55:12.729,1.04887,1.04897,2.25,1.50
2012.03.14 08:55:12.799,1.04889,1.04898,1.50,2.63
2012.03.14 08:55:13.293,1.04892,1.049,1.50,1.95
2012.03.14 08:55:13.559,1.04892,1.04902,1.50,5.70
2012.03.14 08:55:13.760,1.04889,1.04901,1.69,1.50
2012.03.14 08:55:18.727,1.04895,1.04902,5.25,4.20
2012.03.14 08:55:19.477,1.04897,1.04907,2.44,2.63
2012.03.14 08:55:20.229,1.04897,1.04907,2.25,3.00
2012.03.14 08:55:20.782,1.04897,1.04907,2.25,3.00
2012.03.14 08:55:22.470,1.04897,1.04907,3.45,1.88
2012.03.14 08:55:23.420,1.04897,1.04907,3.45,1.88
2012.03.14 08:55:25.406,1.04898,1.04907,1.50,1.50
2012.03.14 08:55:25.554,1.049,1.04911,1.50,1.50
2012.03.14 08:55:26.660,1.04899,1.04909,1.69,1.50
2012.03.14 08:55:27.009,1.049,1.04912,3.00,1.50
2012.03.14 08:55:29.466,1.04902,1.04912,1.95,1.50
2012.03.14 08:55:31.089,1.049,1.04912,4.13,2.70
2012.03.14 08:55:31.629,1.04901,1.04911,1.50,1.50
2012.03.14 08:55:35.840,1.04901,1.04911,1.50,3.00
2012.03.14 08:55:35.982,1.04898,1.04907,1.95,1.50
2012.03.14 08:55:36.697,1.04898,1.04908,4.95,1.50
2012.03.14 08:55:37.219,1.04898,1.04909,2.89,1.50
2012.03.14 08:55:38.260,1.04899,1.04911,2.44,1.50
2012.03.14 08:55:39.096,1.04899,1.04911,3.57,1.50
2012.03.14 08:55:39.654,1.04901,1.04912,1.50,1.20
2012.03.14 08:55:43.999,1.04902,1.04913,1.20,1.50
2012.03.14 08:55:44.285,1.04901,1.04913,1.50,4.20
2012.03.14 08:55:44.913,1.04901,1.04909,2.10,1.50
2012.03.14 08:55:45.443,1.04906,1.04913,1.13,3.75
2012.03.14 08:55:45.532,1.04908,1.04918,2.25,4.47
2012.03.14 08:55:45.681,1.04908,1.04918,4.20,1.50
2012.03.14 08:55:45.752,1.0491,1.0492,1.69,2.25
2012.03.14 08:55:45.971,1.04913,1.04922,1.50,1.95
2012.03.14 08:55:46.544,1.04911,1.04921,3.00,1.50
2012.03.14 08:55:47.108,1.04917,1.04923,3.45,2.25
2012.03.14 08:55:47.187,1.04919,1.04926,1.50,1.88
2012.03.14 08:55:47.266,1.04922,1.04932,1.50,1.50
2012.03.14 08:55:47.479,1.04922,1.04927,1.50,1.20
2012.03.14 08:55:47.886,1.04919,1.04927,2.25,1.20
2012.03.14 08:55:48.678,1.04919,1.04927,1.50,1.20
2012.03.14 08:55:49.887,1.04925,1.0493,3.75,3.75
2012.03.14 08:55:50.031,1.04927,1.04931,2.25,1.50
2012.03.14 08:55:50.172,1.04927,1.04935,3.00,1.13
2012.03.14 08:55:50.244,1.0492,1.04924,1.14,2.25
2012.03.14 08:55:50.389,1.04922,1.04928,1.50,2.10
2012.03.14 08:55:50.462,1.04919,1.04924,1.88,2.25
2012.03.14 08:55:50.543,1.04914,1.04924,2.25,2.25
2012.03.14 08:55:51.677,1.04914,1.04926,2.63,3.00
2012.03.14 08:55:51.820,1.0492,1.04927,1.50,1.50
2012.03.14 08:55:52.161,1.0492,1.04929,1.50,2.25
2012.03.14 08:55:52.649,1.04921,1.04932,1.50,1.50
2012.03.14 08:55:52.791,1.04921,1.0493,1.50,1.50
2012.03.14 08:55:52.857,1.04921,1.04933,1.50,6.00
2012.03.14 08:55:53.711,1.04921,1.04933,1.50,3.75
2012.03.14 08:55:53.873,1.04923,1.04933,1.50,2.25
2012.03.14 08:55:54.442,1.04922,1.04932,1.50,1.50
2012.03.14 08:55:56.459,1.04922,1.04932,2.25,2.70
2012.03.14 08:55:56.998,1.04922,1.04932,1.50,2.70
2012.03.14 08:55:58.903,1.0492,1.0493,3.19,1.50
2012.03.14 08:55:59.182,1.04922,1.04932,1.50,1.50
2012.03.14 08:56:00.273,1.04922,1.04932,3.45,1.50
2012.03.14 08:56:04.387,1.04922,1.04932,3.45,1.50
2012.03.14 08:56:04.599,1.04923,1.04934,1.50,1.50
2012.03.14 08:56:05.137,1.04923,1.04935,1.50,1.50
2012.03.14 08:56:08.952,1.04926,1.04935,1.20,1.50
2012.03.14 08:56:09.297,1.04926,1.04937,3.45,1.13
2012.03.14 08:56:11.436,1.04927,1.04938,1.95,2.78
2012.03.14 08:56:11.995,1.04922,1.04932,4.20,1.50
2012.03.14 08:56:12.632,1.04922,1.04932,2.70,1.50
2012.03.14 08:56:13.210,1.0492,1.0493,2.44,1.50
2012.03.14 08:56:13.518,1.04922,1.04932,1.50,4.95
2012.03.14 08:56:23.019,1.04924,1.04932,1.50,3.45
2012.03.14 08:56:23.220,1.04921,1.04932,3.75,3.45
2012.03.14 08:56:23.727,1.04921,1.04932,2.25,3.45
2012.03.14 08:56:24.250,1.04921,1.04932,1.50,3.45
2012.03.14 08:56:30.513,1.0492,1.0493,3.00,1.50
2012.03.14 08:56:30.872,1.04921,1.04932,1.50,5.14
2012.03.14 08:56:33.509,1.04921,1.04932,1.50,4.39
2012.03.14 08:56:35.097,1.04919,1.04929,1.50,1.88
2012.03.14 08:56:35.791,1.04914,1.04924,1.50,1.50
2012.03.14 08:56:36.349,1.04913,1.04923,1.20,1.50
2012.03.14 08:56:36.910,1.04913,1.04922,1.20,1.50
2012.03.14 08:56:41.662,1.04914,1.04924,1.50,3.19
2012.03.14 08:56:41.870,1.04913,1.04922,1.20,1.50
2012.03.14 08:56:42.931,1.04916,1.04926,1.50,1.69
2012.03.14 08:56:43.458,1.04914,1.04924,3.38,1.50
2012.03.14 08:56:45.136,1.04914,1.04924,1.50,1.69
2012.03.14 08:56:49.339,1.04914,1.04924,1.50,1.50
2012.03.14 08:56:54.750,1.04914,1.04922,1.50,1.20
2012.03.14 08:56:54.889,1.04911,1.04922,1.50,1.20
2012.03.14 08:56:55.511,1.04913,1.04922,1.50,3.45
2012.03.14 08:56:56.703,1.04916,1.04922,1.20,2.25
2012.03.14 08:56:56.850,1.04918,1.04925,1.88,1.50
2012.03.14 08:56:56.922,1.04925,1.0493,1.50,1.39
2012.03.14 08:56:57.071,1.04922,1.04931,1.50,2.14
2012.03.14 08:56:57.411,1.0492,1.0493,3.00,1.69
2012.03.14 08:56:59.621,1.04918,1.04928,3.75,1.50
2012.03.14 08:57:00.103,1.04919,1.04931,2.25,1.50
2012.03.14 08:57:00.616,1.04918,1.04929,1.50,5.25
2012.03.14 08:57:00.900,1.04917,1.04928,3.45,2.25
2012.03.14 08:57:01.222,1.04916,1.04926,1.50,3.65
2012.03.14 08:57:01.370,1.04914,1.04925,2.25,3.00
2012.03.14 08:57:01.585,1.04913,1.04921,1.20,1.50
2012.03.14 08:57:02.361,1.04913,1.04922,1.95,1.50
2012.03.14 08:57:02.897,1.04913,1.04923,1.95,1.69
2012.03.14 08:57:03.440,1.04913,1.04923,1.58,1.69
2012.03.14 08:57:04.011,1.04913,1.04923,1.20,1.69
2012.03.14 08:57:04.654,1.04913,1.04921,1.58,1.50
2012.03.14 08:57:04.808,1.04914,1.04921,1.13,1.50
2012.03.14 08:57:04.886,1.04913,1.04923,4.20,1.50
2012.03.14 08:57:04.969,1.04918,1.04927,1.50,2.70
2012.03.14 08:57:05.500,1.04914,1.04926,2.25,1.50
2012.03.14 08:57:05.570,1.04913,1.04923,2.70,1.50
2012.03.14 08:57:06.677,1.04914,1.04926,2.25,1.69
2012.03.14 08:57:09.823,1.04913,1.0492,1.20,1.50
2012.03.14 08:57:09.901,1.04913,1.04922,1.20,1.50
2012.03.14 08:57:10.038,1.04914,1.04924,1.50,1.50
2012.03.14 08:57:10.556,1.04914,1.04926,1.50,1.69
2012.03.14 08:57:11.057,1.04913,1.04924,1.20,1.50
2012.03.14 08:57:13.205,1.04913,1.04921,1.20,1.50
2012.03.14 08:57:13.736,1.04913,1.04924,1.20,1.50
2012.03.14 08:57:14.522,1.04914,1.04924,1.13,1.50
2012.03.14 08:57:15.032,1.04913,1.04924,2.70,1.50
2012.03.14 08:57:17.627,1.04914,1.04926,2.25,1.69
2012.03.14 08:57:21.660,1.04913,1.04922,1.20,1.50
2012.03.14 08:57:22.140,1.04914,1.04926,1.50,1.50
2012.03.14 08:57:25.797,1.04914,1.04926,1.50,2.25
2012.03.14 08:57:25.941,1.04913,1.04923,2.70,1.50
2012.03.14 08:57:26.276,1.04913,1.04921,2.70,1.50
2012.03.14 08:57:27.112,1.04913,1.04922,1.20,1.50
2012.03.14 08:57:27.655,1.04913,1.04923,2.70,1.50
2012.03.14 08:57:28.015,1.04913,1.04921,1.20,1.50
2012.03.14 08:57:30.981,1.04913,1.04923,2.70,1.88
2012.03.14 08:57:31.997,1.04913,1.04922,1.20,1.50
2012.03.14 08:57:33.770,1.04913,1.04925,2.70,2.44
2012.03.14 08:57:34.307,1.04913,1.04925,2.70,3.19
2012.03.14 08:57:34.826,1.04913,1.04923,1.20,1.50
2012.03.14 08:57:35.389,1.04914,1.04925,1.50,2.25
2012.03.14 08:57:36.207,1.04913,1.04923,2.70,1.50
2012.03.14 08:57:36.550,1.04915,1.04925,1.50,2.25
2012.03.14 08:57:37.091,1.04915,1.04923,1.50,1.13
2012.03.14 08:57:37.167,1.04913,1.04922,1.20,1.88
2012.03.14 08:57:39.724,1.04912,1.04922,1.20,1.88
2012.03.14 08:57:41.663,1.0491,1.04922,2.25,1.88
2012.03.14 08:57:41.883,1.04908,1.0492,2.25,1.50
2012.03.14 08:57:43.981,1.04909,1.0492,1.50,1.69
2012.03.14 08:57:44.523,1.04913,1.04921,1.20,1.69
2012.03.14 08:57:46.141,1.04913,1.04922,1.95,1.50
2012.03.14 08:57:46.420,1.04913,1.04924,1.95,3.19
2012.03.14 08:57:47.028,1.04914,1.04925,2.25,1.50
2012.03.14 08:57:47.495,1.04916,1.04926,1.50,1.88
2012.03.14 08:57:47.825,1.04914,1.04924,1.50,1.50
2012.03.14 08:57:49.799,1.04914,1.04924,1.50,1.50
2012.03.14 08:57:50.456,1.04921,1.04929,1.50,3.19
2012.03.14 08:57:50.676,1.04918,1.04928,1.50,1.50
2012.03.14 08:57:51.701,1.04918,1.04928,3.45,1.50
2012.03.14 08:57:52.230,1.0492,1.0493,1.50,1.50
2012.03.14 08:57:52.300,1.04921,1.04932,1.50,6.08
2012.03.14 08:57:52.696,1.04919,1.04931,1.50,1.50
2012.03.14 08:57:53.221,1.04919,1.04931,1.50,2.25
2012.03.14 08:57:54.339,1.04919,1.04931,1.50,2.25
2012.03.14 08:57:54.536,1.04919,1.04931,1.50,3.00
2012.03.14 08:57:55.155,1.04918,1.04928,3.45,1.50
2012.03.14 08:57:55.406,1.04919,1.04931,1.50,2.63
2012.03.14 08:57:56.126,1.04919,1.04931,1.50,2.63
2012.03.14 08:57:56.659,1.04919,1.04931,3.75,3.75
2012.03.14 08:57:57.055,1.0492,1.04929,2.25,1.50
2012.03.14 08:57:57.141,1.04921,1.04931,1.50,2.25
2012.03.14 08:57:58.430,1.04926,1.04931,1.20,1.50
2012.03.14 08:57:58.716,1.04927,1.04936,1.50,3.00
2012.03.14 08:57:58.864,1.04925,1.04935,1.50,2.25
2012.03.14 08:57:59.272,1.04928,1.04935,1.20,2.25
2012.03.14 08:57:59.356,1.04925,1.04935,1.50,1.50
2012.03.14 08:57:59.509,1.04922,1.04932,2.33,1.50
2012.03.14 08:58:00.068,1.04922,1.04932,1.95,1.50
2012.03.14 08:58:00.487,1.04923,1.04934,1.20,2.25
2012.03.14 08:58:01.580,1.04923,1.04931,1.20,1.50
2012.03.14 08:58:05.385,1.04927,1.04931,1.20,1.50
2012.03.14 08:58:05.530,1.04927,1.04936,1.20,1.88
2012.03.14 08:58:06.058,1.04927,1.04936,1.20,1.88
2012.03.14 08:58:07.267,1.04928,1.04936,1.20,1.88
2012.03.14 08:58:08.722,1.04928,1.04937,1.20,3.00
2012.03.14 08:58:08.849,1.04931,1.04939,1.50,2.22
2012.03.14 08:58:09.132,1.04931,1.04941,1.50,1.50
2012.03.14 08:58:09.410,1.04932,1.0494,4.50,1.50
2012.03.14 08:58:09.556,1.04935,1.04942,2.25,2.25
2012.03.14 08:58:09.704,1.04936,1.04945,1.50,1.50
2012.03.14 08:58:10.245,1.04929,1.04937,1.50,1.50
2012.03.14 08:58:10.387,1.04933,1.04941,1.20,1.50
2012.03.14 08:58:11.986,1.04929,1.04941,2.25,1.50
2012.03.14 08:58:12.681,1.04929,1.04938,2.25,1.20
2012.03.14 08:58:13.266,1.04929,1.0494,2.25,1.50
2012.03.14 08:58:14.204,1.04929,1.04941,2.25,1.50
2012.03.14 08:58:14.492,1.04933,1.04941,1.20,2.25
2012.03.14 08:58:15.214,1.04932,1.04942,1.50,1.50
2012.03.14 08:58:15.638,1.04933,1.04943,2.48,1.50
2012.03.14 08:58:15.976,1.04938,1.04943,2.70,1.50
2012.03.14 08:58:16.188,1.0494,1.04948,1.50,1.20
2012.03.14 08:58:16.398,1.04937,1.04947,2.25,2.25
2012.03.14 08:58:16.787,1.04939,1.04948,1.50,4.95
2012.03.14 08:58:17.432,1.04937,1.04945,1.50,1.50
2012.03.14 08:58:17.513,1.04927,1.04937,2.74,1.50
2012.03.14 08:58:17.662,1.04925,1.04937,2.25,4.20
2012.03.14 08:58:17.806,1.04923,1.04933,5.70,1.50
2012.03.14 08:58:18.019,1.04924,1.04935,2.85,1.50
2012.03.14 08:58:18.487,1.04927,1.04935,1.20,1.50
2012.03.14 08:58:18.628,1.04927,1.04937,2.70,1.50
2012.03.14 08:58:18.700,1.04931,1.04938,1.50,1.20
2012.03.14 08:58:19.090,1.04929,1.04938,3.00,1.95
2012.03.14 08:58:19.656,1.04929,1.04938,1.50,1.20
2012.03.14 08:58:20.756,1.04929,1.04939,2.25,3.75
2012.03.14 08:58:21.788,1.04932,1.04942,1.50,4.95
2012.03.14 08:58:24.641,1.04932,1.04942,1.50,4.50
2012.03.14 08:58:25.092,1.04929,1.04935,1.20,1.50
2012.03.14 08:58:25.169,1.04924,1.04932,1.20,1.50
2012.03.14 08:58:25.687,1.04924,1.04933,1.20,1.50
2012.03.14 08:58:27.502,1.04924,1.04933,1.20,2.25
2012.03.14 08:58:28.059,1.04924,1.04933,1.20,2.25
2012.03.14 08:58:28.187,1.04923,1.04933,1.50,3.45
2012.03.14 08:58:28.507,1.04921,1.04931,1.50,1.50
2012.03.14 08:58:29.024,1.04921,1.04931,1.50,2.25
2012.03.14 08:58:29.628,1.04921,1.04931,1.50,1.50
2012.03.14 08:58:30.910,1.04921,1.04927,1.50,2.14
2012.03.14 08:58:31.124,1.04915,1.04922,1.50,2.25
2012.03.14 08:58:31.277,1.04913,1.04922,2.25,2.25
2012.03.14 08:58:35.198,1.04914,1.04922,1.20,2.25
2012.03.14 08:58:35.339,1.04914,1.04925,1.20,3.75
2012.03.14 08:58:36.229,1.04914,1.04924,2.70,1.50
2012.03.14 08:58:39.101,1.04914,1.04924,4.20,1.50
2012.03.14 08:58:39.240,1.04917,1.04928,1.50,3.83
2012.03.14 08:58:39.688,1.04919,1.04928,1.50,2.70
2012.03.14 08:58:39.826,1.04916,1.04928,2.25,4.20
2012.03.14 08:58:41.457,1.04919,1.04928,1.50,1.20
2012.03.14 08:58:41.889,1.04917,1.04928,3.00,1.20
2012.03.14 08:58:44.841,1.04918,1.04929,1.20,6.00
2012.03.14 08:58:45.373,1.04919,1.04929,1.50,1.50
2012.03.14 08:58:45.591,1.04923,1.04933,1.50,1.69
2012.03.14 08:58:45.732,1.04921,1.04933,1.50,3.94
2012.03.14 08:58:45.798,1.04919,1.04931,1.50,1.50
2012.03.14 08:58:47.423,1.04919,1.04931,2.25,1.50
2012.03.14 08:58:47.499,1.04927,1.04931,1.20,1.50
2012.03.14 08:58:48.055,1.04927,1.04933,3.45,2.25
2012.03.14 08:58:48.142,1.0492,1.04932,2.44,1.50
2012.03.14 08:58:48.471,1.04923,1.04933,1.50,3.75
2012.03.14 08:58:48.667,1.0492,1.04932,3.00,1.50
2012.03.14 08:58:49.215,1.0492,1.04932,3.75,1.50
2012.03.14 08:58:49.759,1.04923,1.04932,1.20,1.50
2012.03.14 08:58:50.455,1.0492,1.04932,3.75,1.50
2012.03.14 08:58:51.289,1.04919,1.04929,2.25,1.50
2012.03.14 08:58:52.603,1.04921,1.04931,1.50,1.50
2012.03.14 08:58:53.467,1.04921,1.04931,2.25,1.50
2012.03.14 08:58:53.985,1.04921,1.04931,1.50,1.50
2012.03.14 08:59:06.049,1.04918,1.0493,4.95,1.50
2012.03.14 08:59:07.421,1.04926,1.0493,1.20,1.50
2012.03.14 08:59:07.637,1.04927,1.04934,2.25,3.00
2012.03.14 08:59:07.852,1.04924,1.04933,1.50,1.95
2012.03.14 08:59:07.928,1.0492,1.0493,2.07,1.50
2012.03.14 08:59:08.145,1.04919,1.04928,1.58,1.50
2012.03.14 08:59:08.288,1.04919,1.04928,1.20,1.50
2012.03.14 08:59:08.862,1.04919,1.04927,1.20,1.50
2012.03.14 08:59:08.931,1.04919,1.04929,1.20,2.25
2012.03.14 08:59:09.356,1.04919,1.04931,4.58,1.50
2012.03.14 08:59:09.888,1.04919,1.04931,4.20,1.50
2012.03.14 08:59:09.963,1.04926,1.04931,1.20,1.50
2012.03.14 08:59:10.183,1.04925,1.04933,1.50,1.50
2012.03.14 08:59:10.732,1.04925,1.04929,1.50,1.50
2012.03.14 08:59:10.812,1.04919,1.04929,3.19,1.50
2012.03.14 08:59:10.963,1.0492,1.04932,1.73,1.50
2012.03.14 08:59:11.880,1.0492,1.04932,3.65,1.50
2012.03.14 08:59:12.231,1.04927,1.04935,2.25,1.50
2012.03.14 08:59:12.652,1.04924,1.04933,2.70,1.50
2012.03.14 08:59:12.730,1.04924,1.04931,1.20,1.50
2012.03.14 08:59:13.659,1.04924,1.04934,2.70,1.50
2012.03.14 08:59:14.190,1.04924,1.04933,1.20,1.50
2012.03.14 08:59:14.609,1.04924,1.04935,1.20,2.25
2012.03.14 08:59:14.739,1.04926,1.04935,1.20,2.25
2012.03.14 08:59:15.245,1.04926,1.04937,3.45,1.50
2012.03.14 08:59:15.839,1.04925,1.04937,1.50,2.25
2012.03.14 08:59:16.052,1.04924,1.0493,1.50,1.50
2012.03.14 08:59:16.481,1.04923,1.04933,1.95,1.50
2012.03.14 08:59:17.003,1.04923,1.04933,1.95,1.50
2012.03.14 08:59:17.517,1.04923,1.04933,1.20,1.50
2012.03.14 08:59:18.688,1.04926,1.04933,1.20,1.50
2012.03.14 08:59:18.892,1.04927,1.04936,2.25,1.50
2012.03.14 08:59:19.860,1.04929,1.04936,1.20,1.50
2012.03.14 08:59:20.425,1.04929,1.04935,1.20,1.50
2012.03.14 08:59:22.749,1.04928,1.04935,1.20,1.88
2012.03.14 08:59:26.482,1.04928,1.04935,1.20,2.25
2012.03.14 08:59:31.053,1.04927,1.04935,2.25,2.25
2012.03.14 08:59:31.136,1.04923,1.04934,3.28,2.25
2012.03.14 08:59:31.278,1.04923,1.04932,2.14,1.50
2012.03.14 08:59:32.236,1.04923,1.04932,1.95,1.50
2012.03.14 08:59:33.032,1.04923,1.04934,1.95,2.25
2012.03.14 08:59:33.107,1.04923,1.04932,1.95,1.50
2012.03.14 08:59:36.887,1.04927,1.04932,1.20,1.50
2012.03.14 08:59:37.026,1.04927,1.04934,3.45,1.50
2012.03.14 08:59:37.100,1.04927,1.04937,3.45,3.75
2012.03.14 08:59:37.717,1.04927,1.04937,3.45,1.88
2012.03.14 08:59:38.426,1.04927,1.04935,3.45,1.50
2012.03.14 08:59:39.087,1.04927,1.04935,3.45,1.50
2012.03.14 08:59:39.638,1.04927,1.04935,3.45,1.50
2012.03.14 08:59:40.196,1.04927,1.04937,3.45,1.88
2012.03.14 08:59:40.816,1.04928,1.04937,1.13,1.50
2012.03.14 08:59:40.894,1.0493,1.0494,2.25,1.50
2012.03.14 08:59:41.230,1.04933,1.0494,1.20,1.50
2012.03.14 08:59:41.440,1.04933,1.04943,1.95,2.25
2012.03.14 08:59:41.957,1.04933,1.04942,1.20,1.50
2012.03.14 08:59:42.294,1.04937,1.04942,1.20,1.50
2012.03.14 08:59:42.513,1.04937,1.04945,3.45,1.50
2012.03.14 08:59:42.595,1.04937,1.04943,2.25,1.20
2012.03.14 08:59:43.210,1.04937,1.04946,3.45,1.88
2012.03.14 08:59:43.624,1.04934,1.04946,1.50,1.88
2012.03.14 08:59:43.704,1.04934,1.04944,1.50,1.50
2012.03.14 08:59:44.048,1.04933,1.04942,1.20,1.50
2012.03.14 08:59:44.602,1.04933,1.04943,2.70,1.50
2012.03.14 08:59:45.146,1.04933,1.04943,3.45,1.50
2012.03.14 08:59:45.290,1.04935,1.04945,1.50,1.50
2012.03.14 08:59:47.417,1.04935,1.04943,1.88,1.20
2012.03.14 08:59:47.767,1.04933,1.04941,1.50,1.50
2012.03.14 08:59:48.054,1.04934,1.04943,2.63,2.25
2012.03.14 08:59:48.128,1.04934,1.04946,3.38,1.88
2012.03.14 08:59:48.478,1.04937,1.04946,1.20,1.88
2012.03.14 08:59:49.000,1.04938,1.04948,1.50,5.03
2012.03.14 08:59:49.552,1.04939,1.04948,2.14,1.88
2012.03.14 08:59:49.769,1.04939,1.04943,2.25,2.25
2012.03.14 08:59:49.912,1.04936,1.04943,1.50,2.25
2012.03.14 08:59:49.994,1.04939,1.04943,1.20,2.25
2012.03.14 08:59:50.211,1.04939,1.04946,1.20,1.50
2012.03.14 08:59:50.723,1.04942,1.04952,1.50,2.25
2012.03.14 08:59:51.004,1.04939,1.04951,3.45,1.50
2012.03.14 08:59:51.699,1.04939,1.04951,3.45,1.50
2012.03.14 08:59:52.288,1.04939,1.04951,3.45,1.50
2012.03.14 08:59:52.432,1.04944,1.04951,1.20,1.50
2012.03.14 08:59:52.701,1.04945,1.04954,1.50,1.13
2012.03.14 08:59:53.263,1.04944,1.04953,1.20,1.88
2012.03.14 08:59:55.505,1.04948,1.04955,1.20,3.00
2012.03.14 08:59:56.120,1.04948,1.04959,3.45,1.50
2012.03.14 08:59:56.612,1.04951,1.04961,2.25,1.50
2012.03.14 08:59:57.149,1.04949,1.0496,2.63,1.50
2012.03.14 08:59:57.912,1.04951,1.0496,1.50,1.50
2012.03.14 08:59:58.547,1.04949,1.0496,2.25,1.50
2012.03.14 08:59:59.701,1.04954,1.0496,1.20,1.50
