2015.08.30 22:00:00.095,0.71613,0.71652,0.75,0.75
2015.08.30 22:00:00.196,0.71619,0.71652,0.75,0.75
2015.08.30 22:00:00.449,0.71624,0.7166,0.75,0.90
2015.08.30 22:00:00.651,0.71619,0.71651,0.75,0.37
2015.08.30 22:00:00.755,0.71619,0.71653,1.12,0.37
2015.08.30 22:00:00.856,0.71622,0.71656,0.37,0.37
2015.08.30 22:00:01.047,0.7162,0.71656,0.75,0.75
2015.08.30 22:00:01.148,0.71619,0.71653,0.75,0.37
2015.08.30 22:00:01.357,0.71619,0.71655,1.12,1.12
2015.08.30 22:00:01.687,0.71616,0.71652,0.37,0.37
2015.08.30 22:00:02.007,0.71615,0.71649,1.12,0.37
2015.08.30 22:00:02.347,0.71618,0.71652,0.37,0.37
2015.08.30 22:00:03.076,0.71618,0.71653,0.37,0.75
2015.08.30 22:00:03.758,0.71622,0.71655,0.37,1.12
2015.08.30 22:00:04.130,0.71622,0.71652,0.75,0.75
2015.08.30 22:00:04.647,0.71622,0.7165,0.75,0.75
2015.08.30 22:00:05.677,0.71622,0.71651,0.75,0.75
2015.08.30 22:00:05.980,0.71622,0.7163,0.75,0.10
2015.08.30 22:00:06.184,0.7162,0.7163,0.37,0.10
2015.08.30 22:00:09.049,0.71618,0.7163,0.37,0.10
2015.08.30 22:00:09.150,0.71614,0.7163,0.75,0.10
2015.08.30 22:00:09.302,0.71612,0.7163,0.37,0.10
2015.08.30 22:00:10.476,0.71612,0.71633,0.37,0.10
2015.08.30 22:00:10.779,0.7161,0.71634,0.37,0.15
2015.08.30 22:00:10.885,0.71611,0.71641,0.75,0.75
2015.08.30 22:00:11.409,0.71612,0.7164,0.75,0.75
2015.08.30 22:00:12.148,0.71612,0.71641,0.75,0.75
2015.08.30 22:00:12.367,0.71612,0.71643,0.75,0.75
2015.08.30 22:00:12.418,0.71614,0.71643,0.37,0.75
2015.08.30 22:00:12.469,0.71615,0.71645,0.37,0.90
2015.08.30 22:00:12.570,0.71615,0.71648,0.37,0.75
2015.08.30 22:00:12.671,0.71613,0.71648,0.75,0.37
2015.08.30 22:00:12.952,0.71616,0.7165,0.37,0.37
2015.08.30 22:00:14.956,0.71616,0.71646,0.37,0.75
2015.08.30 22:00:15.858,0.71616,0.71645,0.37,0.75
2015.08.30 22:00:16.860,0.71616,0.71646,0.37,0.75
2015.08.30 22:00:17.888,0.71617,0.71646,0.37,0.75
2015.08.30 22:00:18.163,0.71617,0.7165,0.37,0.75
2015.08.30 22:00:18.467,0.71617,0.71648,0.37,0.75
2015.08.30 22:00:20.195,0.71617,0.71647,0.37,0.75
2015.08.30 22:00:20.297,0.71617,0.7165,0.37,0.75
2015.08.30 22:00:21.814,0.71617,0.71648,0.37,0.75
2015.08.30 22:00:22.617,0.71617,0.71649,0.37,0.75
2015.08.30 22:00:23.408,0.71616,0.71649,0.37,0.75
2015.08.30 22:00:23.460,0.71614,0.71649,0.37,0.75
2015.08.30 22:00:24.047,0.71614,0.71648,0.37,0.75
2015.08.30 22:00:24.695,0.71614,0.71647,0.37,0.75
2015.08.30 22:00:24.999,0.71614,0.7165,0.37,1.12
2015.08.30 22:00:29.138,0.71613,0.71647,0.37,0.37
2015.08.30 22:00:29.653,0.71614,0.71648,0.37,0.37
2015.08.30 22:00:29.981,0.71614,0.71646,0.37,0.75
2015.08.30 22:00:30.032,0.71614,0.71648,0.37,0.37
2015.08.30 22:00:30.136,0.71612,0.71645,0.75,0.37
2015.08.30 22:00:30.867,0.71611,0.71645,0.37,0.37
2015.08.30 22:00:31.208,0.71608,0.71642,1.12,0.37
2015.08.30 22:00:35.471,0.71609,0.71642,0.37,0.37
2015.08.30 22:00:35.522,0.71609,0.71644,0.75,0.75
2015.08.30 22:00:36.941,0.71609,0.71643,0.75,0.75
2015.08.30 22:00:38.434,0.71609,0.71644,0.75,0.75
2015.08.30 22:00:39.084,0.71609,0.71645,0.75,0.75
2015.08.30 22:00:39.367,0.71609,0.71643,0.75,0.75
2015.08.30 22:00:40.044,0.71609,0.71644,0.75,0.75
2015.08.30 22:00:40.749,0.71609,0.71643,0.75,0.75
2015.08.30 22:00:41.291,0.71608,0.71643,1.50,0.75
2015.08.30 22:00:41.835,0.71608,0.71644,1.50,1.50
2015.08.30 22:00:42.190,0.7161,0.71644,0.37,1.12
2015.08.30 22:00:43.515,0.71611,0.71644,0.37,1.12
2015.08.30 22:00:44.153,0.7161,0.71644,0.37,0.37
2015.08.30 22:00:44.747,0.71611,0.71644,0.37,0.37
2015.08.30 22:00:45.350,0.71613,0.71644,0.37,0.75
2015.08.30 22:00:46.310,0.71612,0.71644,0.37,0.75
2015.08.30 22:00:47.423,0.71611,0.71644,0.37,0.75
2015.08.30 22:00:48.317,0.7161,0.71644,0.75,0.37
2015.08.30 22:00:50.357,0.71612,0.71644,0.37,1.12
2015.08.30 22:00:51.319,0.71611,0.71644,0.37,1.12
2015.08.30 22:00:52.358,0.71614,0.71644,0.37,0.75
2015.08.30 22:00:52.919,0.71614,0.71643,0.37,0.75
2015.08.30 22:00:54.479,0.71613,0.71642,0.37,0.37
2015.08.30 22:00:55.342,0.71611,0.71644,0.37,1.50
2015.08.30 22:00:55.595,0.71611,0.71641,0.37,0.75
2015.08.30 22:00:55.949,0.71606,0.7164,0.37,0.37
2015.08.30 22:00:56.235,0.71606,0.71636,0.37,0.75
2015.08.30 22:00:56.595,0.71606,0.71638,0.37,0.75
2015.08.30 22:00:56.696,0.71606,0.7164,0.37,1.12
2015.08.30 22:00:57.281,0.71606,0.71639,0.37,0.75
2015.08.30 22:00:57.971,0.71607,0.71638,0.37,0.75
2015.08.30 22:00:58.510,0.71607,0.71639,0.37,0.75
2015.08.30 22:00:59.037,0.71606,0.71637,0.75,0.75
2015.08.30 22:00:59.348,0.71607,0.71641,0.37,0.37
2015.08.30 22:00:59.905,0.71607,0.7164,0.37,0.75
2015.08.30 22:01:00.208,0.71608,0.71642,0.75,1.12
2015.08.30 22:01:00.360,0.7161,0.71641,0.37,0.37
2015.08.30 22:01:02.513,0.7161,0.71639,0.37,0.75
2015.08.30 22:01:03.559,0.7161,0.7164,0.37,1.12
2015.08.30 22:01:04.221,0.7161,0.71639,0.37,0.75
2015.08.30 22:01:04.762,0.7161,0.71638,0.37,0.37
2015.08.30 22:01:07.780,0.71609,0.71641,0.37,1.12
2015.08.30 22:01:07.881,0.71608,0.71633,0.37,0.37
2015.08.30 22:01:07.983,0.71605,0.71633,1.12,0.37
2015.08.30 22:01:08.987,0.71605,0.71639,0.37,0.37
2015.08.30 22:01:09.515,0.71605,0.71638,0.37,0.75
2015.08.30 22:01:09.878,0.71606,0.7164,0.37,0.37
2015.08.30 22:01:11.188,0.71606,0.71641,0.37,1.12
2015.08.30 22:01:11.648,0.71606,0.71637,0.37,0.75
2015.08.30 22:01:12.166,0.71605,0.71639,0.75,0.75
2015.08.30 22:01:13.796,0.71605,0.71638,0.37,0.75
2015.08.30 22:01:13.897,0.71607,0.71638,0.37,0.75
2015.08.30 22:01:14.269,0.71607,0.71636,0.37,0.75
2015.08.30 22:01:14.477,0.71607,0.71639,0.37,0.75
2015.08.30 22:01:15.253,0.71607,0.7164,0.37,1.50
2015.08.30 22:01:15.862,0.71608,0.71639,0.37,1.12
2015.08.30 22:01:19.609,0.71608,0.71637,0.37,0.75
2015.08.30 22:01:20.013,0.71608,0.71639,0.37,0.37
2015.08.30 22:01:20.620,0.71609,0.71635,0.75,0.75
2015.08.30 22:01:21.167,0.71608,0.71634,0.37,0.75
2015.08.30 22:01:23.158,0.71608,0.71635,0.37,0.75
2015.08.30 22:01:23.928,0.71609,0.71635,0.37,0.75
2015.08.30 22:01:25.380,0.71609,0.71634,0.37,0.75
2015.08.30 22:01:27.778,0.71609,0.71635,0.37,0.75
2015.08.30 22:01:28.919,0.71608,0.71631,0.37,0.37
2015.08.30 22:01:29.021,0.71606,0.71631,0.37,0.37
2015.08.30 22:01:29.949,0.71606,0.71635,0.37,0.75
2015.08.30 22:01:32.951,0.71609,0.71635,0.37,0.75
2015.08.30 22:01:33.258,0.71609,0.71633,0.37,0.75
2015.08.30 22:01:33.911,0.71608,0.71633,0.37,0.75
2015.08.30 22:01:35.066,0.71608,0.71632,0.37,0.75
2015.08.30 22:01:35.688,0.71608,0.71633,0.37,0.75
2015.08.30 22:01:37.673,0.71608,0.71634,0.37,0.75
2015.08.30 22:01:38.105,0.71608,0.71632,0.37,0.75
2015.08.30 22:01:39.677,0.71608,0.71633,0.37,0.75
2015.08.30 22:01:45.733,0.71608,0.71635,0.37,0.75
2015.08.30 22:01:46.255,0.71608,0.71634,0.37,0.75
2015.08.30 22:01:47.717,0.71608,0.71633,0.37,0.75
2015.08.30 22:01:49.703,0.71608,0.71634,0.37,0.75
2015.08.30 22:01:51.636,0.71608,0.71635,0.37,0.75
2015.08.30 22:01:51.788,0.71608,0.71632,0.37,0.75
2015.08.30 22:01:53.587,0.71612,0.71632,0.37,0.75
2015.08.30 22:01:54.275,0.71612,0.71634,0.75,0.75
2015.08.30 22:01:55.287,0.7161,0.71634,0.75,1.50
2015.08.30 22:01:55.946,0.7161,0.71633,0.75,0.75
2015.08.30 22:01:56.447,0.7161,0.71634,0.75,1.50
2015.08.30 22:01:58.071,0.7161,0.71632,0.75,0.75
2015.08.30 22:01:59.059,0.7161,0.71634,0.75,1.50
2015.08.30 22:01:59.161,0.7161,0.71632,0.75,0.75
2015.08.30 22:02:00.264,0.7161,0.71634,0.75,0.75
2015.08.30 22:02:08.434,0.7161,0.71633,0.75,0.75
2015.08.30 22:02:10.281,0.7161,0.71634,0.75,0.75
2015.08.30 22:02:13.347,0.7161,0.71633,0.75,0.75
2015.08.30 22:02:13.849,0.7161,0.71634,0.75,1.50
2015.08.30 22:02:17.634,0.7161,0.71633,0.75,0.75
2015.08.30 22:02:19.615,0.7161,0.71634,0.75,1.50
2015.08.30 22:02:20.682,0.71611,0.71634,0.37,1.50
2015.08.30 22:02:21.202,0.71611,0.71633,0.37,0.75
2015.08.30 22:02:21.709,0.71611,0.71634,0.37,1.50
2015.08.30 22:02:22.713,0.7161,0.71634,0.75,1.50
2015.08.30 22:02:25.126,0.7161,0.71632,1.12,0.75
2015.08.30 22:02:25.632,0.7161,0.71633,0.75,0.75
2015.08.30 22:02:26.679,0.7161,0.71634,0.75,1.50
2015.08.30 22:02:31.310,0.7161,0.71633,0.75,0.75
2015.08.30 22:02:32.748,0.7161,0.71634,0.75,0.75
2015.08.30 22:02:35.345,0.7161,0.71633,0.75,0.75
2015.08.30 22:02:36.997,0.7161,0.71634,0.75,1.50
2015.08.30 22:02:41.201,0.71611,0.71634,0.37,0.37
2015.08.30 22:02:41.758,0.71611,0.71635,0.75,0.75
2015.08.30 22:02:42.387,0.71611,0.71633,0.75,0.75
2015.08.30 22:02:44.402,0.71611,0.71634,0.75,0.75
2015.08.30 22:02:46.364,0.71611,0.71635,0.75,1.50
2015.08.30 22:02:46.864,0.71611,0.71633,0.75,0.75
2015.08.30 22:02:47.836,0.71612,0.71633,0.37,0.75
2015.08.30 22:02:48.121,0.71612,0.71635,0.75,0.75
2015.08.30 22:02:48.673,0.71612,0.71634,0.75,0.75
2015.08.30 22:02:50.085,0.71612,0.71633,0.75,0.75
2015.08.30 22:02:52.090,0.71612,0.71636,0.75,1.50
2015.08.30 22:02:52.191,0.71612,0.71633,0.75,0.75
2015.08.30 22:02:53.296,0.71612,0.71634,0.75,0.75
2015.08.30 22:02:53.844,0.71611,0.71634,0.37,0.75
2015.08.30 22:02:55.604,0.71611,0.71635,0.37,0.37
2015.08.30 22:02:55.937,0.71611,0.71633,0.37,0.75
2015.08.30 22:02:56.927,0.71611,0.71634,0.37,0.75
2015.08.30 22:02:57.432,0.71611,0.71633,0.37,0.75
2015.08.30 22:02:59.244,0.71611,0.71635,0.37,0.37
2015.08.30 22:02:59.768,0.71611,0.71634,0.37,0.75
2015.08.30 22:03:01.229,0.71611,0.71635,0.37,1.12
2015.08.30 22:03:02.074,0.71611,0.71634,0.37,0.75
2015.08.30 22:03:03.188,0.71611,0.71635,0.37,0.37
2015.08.30 22:03:05.153,0.71611,0.71634,0.37,0.75
2015.08.30 22:03:07.248,0.71611,0.71635,0.37,1.12
2015.08.30 22:03:09.574,0.71611,0.71633,0.37,0.75
2015.08.30 22:03:10.167,0.71611,0.71635,0.37,0.37
2015.08.30 22:03:15.681,0.7161,0.71634,0.75,0.75
2015.08.30 22:03:18.796,0.71611,0.71634,0.37,0.75
2015.08.30 22:03:19.815,0.7161,0.71634,0.75,0.75
2015.08.30 22:03:27.853,0.71612,0.71634,0.37,0.37
2015.08.30 22:03:53.136,0.71613,0.71634,0.37,0.37
2015.08.30 22:03:53.400,0.71614,0.71638,0.37,0.37
2015.08.30 22:03:58.564,0.71614,0.71635,0.37,0.75
2015.08.30 22:03:58.883,0.71602,0.71617,0.37,0.37
2015.08.30 22:03:59.732,0.716,0.71617,0.75,0.37
2015.08.30 22:04:00.303,0.71608,0.71617,0.37,0.37
2015.08.30 22:04:00.455,0.71608,0.71628,0.37,0.37
2015.08.30 22:04:00.608,0.71608,0.7163,0.75,0.37
2015.08.30 22:04:01.950,0.71608,0.71628,0.37,0.37
2015.08.30 22:04:03.035,0.71606,0.71628,0.75,0.37
2015.08.30 22:04:04.021,0.71605,0.71634,1.12,1.75
2015.08.30 22:04:04.223,0.71607,0.71636,1.37,1.75
2015.08.30 22:04:07.836,0.71607,0.71637,1.12,1.87
2015.08.30 22:04:09.652,0.71607,0.71637,1.37,1.87
2015.08.30 22:04:23.387,0.71606,0.71637,1.12,3.75
2015.08.30 22:04:24.046,0.71605,0.71637,1.12,3.75
2015.08.30 22:04:26.863,0.71607,0.71631,1.00,1.00
2015.08.30 22:04:27.866,0.71607,0.71631,1.37,1.00
2015.08.30 22:04:29.068,0.71606,0.71637,1.12,1.75
2015.08.30 22:04:30.949,0.71606,0.71637,1.12,1.75
2015.08.30 22:04:35.395,0.71607,0.71635,1.00,1.75
2015.08.30 22:04:37.366,0.71606,0.71635,1.12,1.75
2015.08.30 22:04:38.379,0.71606,0.71635,1.12,1.75
2015.08.30 22:04:40.058,0.71605,0.71629,1.12,1.12
2015.08.30 22:04:40.362,0.71603,0.71627,1.37,1.75
2015.08.30 22:04:41.413,0.71603,0.71627,1.12,1.75
2015.08.30 22:04:42.396,0.71602,0.71632,1.50,1.75
2015.08.30 22:04:42.598,0.71604,0.71636,1.12,3.00
2015.08.30 22:04:44.592,0.71604,0.71627,1.12,1.00
2015.08.30 22:04:44.896,0.71591,0.71618,1.95,1.75
2015.08.30 22:04:44.947,0.71591,0.71618,1.87,1.75
2015.08.30 22:04:45.201,0.71595,0.71616,1.00,1.12
2015.08.30 22:04:46.509,0.71594,0.71616,1.00,1.12
2015.08.30 22:04:47.129,0.71593,0.71617,1.00,1.50
2015.08.30 22:04:53.282,0.71593,0.71616,1.37,1.00
2015.08.30 22:04:53.383,0.71592,0.71618,1.87,1.50
2015.08.30 22:04:54.496,0.71595,0.71622,1.57,1.75
2015.08.30 22:04:56.709,0.71593,0.71622,1.65,1.75
2015.08.30 22:05:00.325,0.71593,0.71622,1.65,1.75
2015.08.30 22:05:01.527,0.71593,0.71622,1.65,1.75
2015.08.30 22:05:04.338,0.71592,0.7162,2.02,1.75
2015.08.30 22:05:05.839,0.71592,0.71619,1.65,1.37
2015.08.30 22:05:06.117,0.71592,0.7162,1.52,1.00
2015.08.30 22:05:14.703,0.71592,0.7162,1.65,1.37
2015.08.30 22:05:14.754,0.71592,0.7162,2.02,1.75
2015.08.30 22:05:17.813,0.71594,0.71616,1.65,1.12
2015.08.30 22:05:18.355,0.71594,0.71616,1.27,1.50
2015.08.30 22:05:19.486,0.71594,0.71616,1.00,1.50
2015.08.30 22:05:20.988,0.71592,0.71619,2.02,2.25
2015.08.30 22:05:21.653,0.71592,0.7162,2.02,2.25
2015.08.30 22:05:22.736,0.71593,0.7162,1.20,2.25
2015.08.30 22:05:26.695,0.71593,0.7162,1.17,2.25
2015.08.30 22:05:27.085,0.71592,0.71615,1.15,1.37
2015.08.30 22:05:27.591,0.71592,0.71613,1.17,1.00
2015.08.30 22:05:28.387,0.71592,0.71615,1.17,1.12
2015.08.30 22:05:28.792,0.71592,0.71613,1.17,1.00
2015.08.30 22:05:29.709,0.71592,0.71613,1.07,1.00
2015.08.30 22:05:29.912,0.71597,0.71615,1.00,1.37
2015.08.30 22:05:30.114,0.71593,0.71616,1.15,1.37
2015.08.30 22:05:30.665,0.71593,0.71617,1.17,1.12
2015.08.30 22:05:31.167,0.71593,0.71617,1.17,1.12
2015.08.30 22:05:31.649,0.71593,0.71617,1.20,1.12
2015.08.30 22:05:32.206,0.71593,0.71617,1.10,1.12
2015.08.30 22:05:32.715,0.71593,0.71617,1.17,1.12
2015.08.30 22:05:35.190,0.71593,0.71617,1.15,1.12
2015.08.30 22:05:35.777,0.71593,0.71617,1.15,1.12
2015.08.30 22:05:36.819,0.71593,0.71617,1.07,1.12
2015.08.30 22:05:38.443,0.71593,0.71618,1.92,1.87
2015.08.30 22:05:38.916,0.7159,0.71612,1.82,1.37
2015.08.30 22:05:38.967,0.7159,0.71611,1.00,1.12
2015.08.30 22:05:39.827,0.7159,0.71612,1.75,1.87
2015.08.30 22:05:42.615,0.71592,0.71615,1.75,2.62
2015.08.30 22:05:42.829,0.71592,0.71615,1.87,1.00
2015.08.30 22:05:42.880,0.71592,0.7162,2.02,1.50
2015.08.30 22:05:42.931,0.71589,0.7162,3.00,1.50
2015.08.30 22:05:43.234,0.71596,0.71621,1.45,1.12
2015.08.30 22:05:43.336,0.71596,0.71622,1.82,1.12
2015.08.30 22:05:44.301,0.71596,0.71622,1.82,1.12
2015.08.30 22:05:45.392,0.71596,0.71622,1.82,1.12
2015.08.30 22:05:46.001,0.71593,0.71622,1.90,1.12
2015.08.30 22:05:46.229,0.71591,0.71621,2.70,1.12
2015.08.30 22:05:46.533,0.71579,0.71597,2.25,1.00
2015.08.30 22:05:46.937,0.71592,0.71601,1.00,1.00
2015.08.30 22:05:47.479,0.71584,0.716,2.25,1.00
2015.08.30 22:05:47.580,0.71585,0.71603,1.75,1.12
2015.08.30 22:05:47.631,0.71586,0.71603,1.75,1.37
2015.08.30 22:05:47.733,0.71589,0.71601,1.00,1.00
2015.08.30 22:05:47.834,0.71583,0.71602,2.25,1.00
2015.08.30 22:05:47.935,0.71584,0.71604,2.25,1.00
2015.08.30 22:05:48.138,0.71584,0.71605,2.25,1.37
2015.08.30 22:05:48.239,0.71583,0.71605,2.25,1.00
2015.08.30 22:05:48.391,0.7159,0.71614,1.00,1.00
2015.08.30 22:05:48.442,0.71588,0.71616,1.75,1.00
2015.08.30 22:05:48.846,0.71595,0.71619,1.50,1.00
2015.08.30 22:05:50.649,0.71588,0.71617,1.85,1.00
2015.08.30 22:05:50.705,0.71588,0.71617,1.85,1.37
2015.08.30 22:05:50.806,0.71587,0.71613,1.92,1.37
2015.08.30 22:05:50.858,0.71586,0.71609,1.15,1.50
2015.08.30 22:05:50.966,0.71582,0.71606,1.75,1.12
2015.08.30 22:05:51.017,0.71582,0.71604,1.75,1.37
2015.08.30 22:05:51.320,0.71582,0.71607,1.75,1.37
2015.08.30 22:05:51.422,0.71579,0.71608,1.75,1.37
2015.08.30 22:05:52.027,0.7158,0.71608,1.75,1.12
2015.08.30 22:05:52.567,0.71578,0.71606,2.25,1.00
2015.08.30 22:05:53.133,0.71579,0.71607,1.75,1.00
2015.08.30 22:05:53.772,0.71584,0.71606,1.50,1.00
2015.08.30 22:05:54.546,0.71584,0.71604,1.50,1.00
2015.08.30 22:05:54.925,0.71582,0.71607,1.75,1.37
2015.08.30 22:05:54.976,0.71583,0.71604,1.75,1.00
2015.08.30 22:05:55.178,0.71582,0.71607,1.75,1.87
2015.08.30 22:05:55.280,0.71577,0.71606,1.87,1.00
2015.08.30 22:05:55.331,0.71577,0.71606,1.75,1.87
2015.08.30 22:05:55.382,0.7158,0.71604,1.00,1.00
2015.08.30 22:05:55.869,0.71575,0.71606,1.75,1.27
2015.08.30 22:05:55.971,0.71575,0.71606,1.75,1.27
2015.08.30 22:05:56.357,0.71573,0.71605,2.25,1.57
2015.08.30 22:05:56.459,0.71573,0.71605,2.25,1.50
2015.08.30 22:05:56.610,0.71572,0.71604,1.75,1.87
2015.08.30 22:05:57.293,0.71573,0.71604,3.00,2.62
2015.08.30 22:05:57.532,0.71573,0.71604,3.00,2.62
2015.08.30 22:05:57.735,0.71573,0.71604,2.25,1.87
2015.08.30 22:05:58.073,0.71573,0.71603,3.00,1.75
2015.08.30 22:05:58.127,0.71573,0.71603,3.00,1.75
2015.08.30 22:05:58.334,0.71573,0.71603,3.00,1.75
2015.08.30 22:05:58.436,0.71573,0.71603,2.25,1.75
2015.08.30 22:05:59.591,0.71573,0.716,2.25,1.00
2015.08.30 22:06:00.176,0.71573,0.716,1.75,1.00
2015.08.30 22:06:01.056,0.71574,0.71603,1.75,1.00
2015.08.30 22:06:01.563,0.71574,0.71604,1.75,2.62
2015.08.30 22:06:02.251,0.71574,0.71604,2.25,1.87
2015.08.30 22:06:02.651,0.71576,0.71608,2.25,1.95
2015.08.30 22:06:02.703,0.71583,0.71607,1.00,1.00
2015.08.30 22:06:03.654,0.71578,0.7161,1.75,1.75
2015.08.30 22:06:03.705,0.71585,0.71609,1.00,1.00
2015.08.30 22:06:04.220,0.71586,0.7161,1.00,1.00
2015.08.30 22:06:10.281,0.71586,0.71606,1.00,1.00
2015.08.30 22:06:10.638,0.71585,0.71604,1.00,1.00
2015.08.30 22:06:11.378,0.71585,0.71603,1.00,1.00
2015.08.30 22:06:11.581,0.71575,0.71603,3.75,1.00
2015.08.30 22:06:12.084,0.71576,0.71603,1.75,1.00
2015.08.30 22:06:12.186,0.71577,0.71603,2.25,1.00
2015.08.30 22:06:12.489,0.71583,0.71603,1.75,1.00
2015.08.30 22:06:13.359,0.71579,0.7161,2.25,1.87
2015.08.30 22:06:14.356,0.71586,0.7161,1.00,1.87
2015.08.30 22:06:19.169,0.71581,0.7161,1.75,1.12
2015.08.30 22:06:19.220,0.71581,0.71609,1.75,1.37
2015.08.30 22:06:19.679,0.71578,0.71609,1.12,1.87
2015.08.30 22:06:20.185,0.71577,0.71607,2.25,1.37
2015.08.30 22:06:23.376,0.7158,0.71612,1.75,1.75
2015.08.30 22:06:23.427,0.71583,0.71615,1.75,2.32
2015.08.30 22:06:23.478,0.71583,0.71612,1.75,1.12
2015.08.30 22:06:23.680,0.71583,0.71614,1.75,1.37
2015.08.30 22:06:24.186,0.71583,0.71614,1.75,1.00
2015.08.30 22:06:24.698,0.71593,0.71617,1.00,1.00
2015.08.30 22:06:25.587,0.71593,0.71617,1.00,1.37
2015.08.30 22:06:25.790,0.71593,0.71617,1.00,1.00
2015.08.30 22:06:26.094,0.71587,0.71616,1.75,1.12
2015.08.30 22:06:26.564,0.71587,0.71616,1.75,1.12
2015.08.30 22:06:27.765,0.71584,0.71616,3.00,1.75
2015.08.30 22:06:27.816,0.71584,0.71616,1.75,1.75
2015.08.30 22:06:28.707,0.71591,0.71615,1.00,1.00
2015.08.30 22:06:29.117,0.71587,0.71619,1.75,1.75
2015.08.30 22:06:29.368,0.71591,0.71617,1.00,1.37
2015.08.30 22:06:30.206,0.71587,0.71617,1.75,1.12
2015.08.30 22:06:30.811,0.71584,0.71614,2.25,1.50
2015.08.30 22:06:30.913,0.7158,0.71609,2.25,1.12
2015.08.30 22:06:31.296,0.71579,0.71606,2.25,1.00
2015.08.30 22:06:31.599,0.71578,0.71606,1.75,1.12
2015.08.30 22:06:32.125,0.71581,0.71605,1.75,1.00
2015.08.30 22:06:34.695,0.71577,0.71604,2.25,1.37
2015.08.30 22:06:34.746,0.71578,0.71602,1.00,1.00
2015.08.30 22:06:34.797,0.71578,0.71602,1.00,1.37
2015.08.30 22:06:34.899,0.71578,0.71602,1.00,1.87
2015.08.30 22:06:35.051,0.71578,0.71599,1.00,1.00
2015.08.30 22:06:35.102,0.7157,0.71592,1.00,1.00
2015.08.30 22:06:35.153,0.71569,0.71589,1.50,1.50
2015.08.30 22:06:35.649,0.71569,0.71584,1.00,1.12
2015.08.30 22:06:35.953,0.71569,0.71584,1.75,1.12
2015.08.30 22:06:36.155,0.71561,0.71586,1.75,1.37
2015.08.30 22:06:36.257,0.71564,0.71582,1.00,1.00
2015.08.30 22:06:36.359,0.71563,0.71578,1.00,1.00
2015.08.30 22:06:36.814,0.71564,0.71584,1.00,1.52
2015.08.30 22:06:37.128,0.71557,0.71581,2.25,1.52
2015.08.30 22:06:37.179,0.71553,0.71581,2.25,1.52
2015.08.30 22:06:37.281,0.71552,0.71575,1.00,1.37
2015.08.30 22:06:37.339,0.71552,0.71581,1.37,1.90
2015.08.30 22:06:37.593,0.7154,0.71572,2.25,1.87
2015.08.30 22:06:37.947,0.71542,0.71572,3.00,1.52
2015.08.30 22:06:38.293,0.71549,0.7157,1.00,1.12
2015.08.30 22:06:39.587,0.71544,0.71569,1.75,1.12
2015.08.30 22:06:39.689,0.71548,0.71572,1.75,1.00
2015.08.30 22:06:40.300,0.71548,0.71572,1.75,1.37
2015.08.30 22:06:40.401,0.71548,0.71572,1.75,1.37
2015.08.30 22:06:40.902,0.71547,0.71572,1.75,1.00
2015.08.30 22:06:41.205,0.71544,0.71572,1.75,1.50
2015.08.30 22:06:41.307,0.71542,0.71572,1.75,1.87
2015.08.30 22:06:41.510,0.71542,0.71571,1.75,1.37
2015.08.30 22:06:43.724,0.71544,0.71571,1.75,1.12
2015.08.30 22:06:44.462,0.71545,0.71569,1.00,1.00
2015.08.30 22:06:44.514,0.71548,0.71576,1.00,1.12
2015.08.30 22:06:44.818,0.71549,0.71579,1.75,1.75
2015.08.30 22:06:46.850,0.71552,0.71582,1.75,1.50
2015.08.30 22:06:46.901,0.71555,0.71584,1.75,1.75
2015.08.30 22:06:47.053,0.71556,0.71588,1.75,1.75
2015.08.30 22:06:47.105,0.71556,0.71588,2.25,1.75
2015.08.30 22:06:47.866,0.71561,0.71585,1.00,1.00
2015.08.30 22:07:03.906,0.71556,0.71588,1.00,1.00
2015.08.30 22:07:04.466,0.71556,0.71588,1.50,1.00
2015.08.30 22:07:11.077,0.71557,0.71589,1.12,1.87
2015.08.30 22:07:11.128,0.71557,0.71587,1.12,1.00
2015.08.30 22:07:11.452,0.71554,0.71586,1.12,1.37
2015.08.30 22:07:13.466,0.71554,0.71586,1.12,1.00
2015.08.30 22:07:16.794,0.71554,0.71586,1.12,1.37
2015.08.30 22:07:19.881,0.71553,0.71585,1.50,1.37
2015.08.30 22:07:22.632,0.71553,0.71585,1.12,1.37
2015.08.30 22:07:23.811,0.71553,0.71585,1.12,1.37
2015.08.30 22:07:32.515,0.71553,0.71585,1.12,1.37
2015.08.30 22:07:34.534,0.71553,0.71585,1.12,1.37
2015.08.30 22:07:35.552,0.71553,0.71585,1.12,1.37
2015.08.30 22:07:38.485,0.71552,0.71585,1.50,1.37
2015.08.30 22:07:41.419,0.71552,0.71585,1.50,1.37
2015.08.30 22:07:42.420,0.71552,0.71585,1.50,1.37
2015.08.30 22:07:43.027,0.71552,0.71585,1.50,1.37
2015.08.30 22:07:43.552,0.71552,0.71585,1.50,1.37
2015.08.30 22:07:46.530,0.71552,0.71585,1.12,1.37
2015.08.30 22:07:50.376,0.71552,0.71585,1.12,1.37
2015.08.30 22:07:51.083,0.71552,0.71585,1.12,1.37
2015.08.30 22:07:59.873,0.71552,0.71585,1.12,1.37
2015.08.30 22:08:00.935,0.71552,0.71585,1.12,1.37
2015.08.30 22:08:01.449,0.71552,0.71585,1.12,1.12
2015.08.30 22:08:11.526,0.71547,0.71569,1.12,0.75
2015.08.30 22:08:11.577,0.71546,0.71571,1.37,1.37
2015.08.30 22:08:11.678,0.71556,0.71573,1.00,1.00
2015.08.30 22:08:11.780,0.71538,0.71571,1.75,1.00
2015.08.30 22:08:11.831,0.71538,0.71571,1.75,1.00
2015.08.30 22:08:11.882,0.71536,0.71568,1.00,1.00
2015.08.30 22:08:15.659,0.71537,0.71568,3.00,1.00
2015.08.30 22:08:15.710,0.71539,0.7157,1.00,1.00
2015.08.30 22:08:16.239,0.7154,0.7157,3.37,1.00
2015.08.30 22:08:16.743,0.7154,0.7157,3.75,1.00
2015.08.30 22:08:18.374,0.71541,0.71574,1.12,1.00
2015.08.30 22:08:20.306,0.7154,0.71569,3.75,1.00
2015.08.30 22:08:20.664,0.71533,0.71557,1.00,1.00
2015.08.30 22:08:21.142,0.71536,0.71557,1.00,1.00
2015.08.30 22:08:21.455,0.71535,0.7156,1.00,1.00
2015.08.30 22:08:21.973,0.71534,0.7156,1.00,1.00
2015.08.30 22:08:22.900,0.71536,0.7156,1.00,1.00
2015.08.30 22:08:30.494,0.71535,0.7156,1.00,1.00
2015.08.30 22:08:30.696,0.71533,0.7156,1.00,1.00
2015.08.30 22:08:32.422,0.71533,0.71561,1.00,1.50
2015.08.30 22:08:32.473,0.71536,0.71561,1.00,1.50
2015.08.30 22:08:35.255,0.71536,0.71559,1.00,1.00
2015.08.30 22:08:35.760,0.71535,0.71559,1.00,1.00
2015.08.30 22:08:36.350,0.71534,0.71559,1.00,1.00
2015.08.30 22:08:38.382,0.71533,0.71559,1.00,1.00
2015.08.30 22:08:38.915,0.71536,0.7156,1.00,1.12
2015.08.30 22:08:41.892,0.71535,0.71559,1.00,1.00
2015.08.30 22:08:42.622,0.71535,0.7156,1.00,1.12
2015.08.30 22:08:44.790,0.71536,0.7156,1.00,1.12
2015.08.30 22:08:46.285,0.71533,0.7156,1.00,1.50
2015.08.30 22:08:46.712,0.71534,0.71557,1.00,1.00
2015.08.30 22:08:47.218,0.71533,0.71558,1.00,1.00
2015.08.30 22:08:51.586,0.71536,0.71558,1.00,1.00
2015.08.30 22:08:51.738,0.71533,0.71559,1.00,1.00
2015.08.30 22:08:51.839,0.71535,0.71559,1.00,1.00
2015.08.30 22:08:52.095,0.71533,0.71559,1.00,1.00
2015.08.30 22:08:52.703,0.71536,0.71559,1.00,2.25
2015.08.30 22:08:52.804,0.71534,0.71559,1.00,1.50
2015.08.30 22:08:52.906,0.71534,0.71561,1.00,1.00
2015.08.30 22:08:53.780,0.71534,0.71562,1.00,3.00
2015.08.30 22:08:55.091,0.71534,0.71561,1.00,1.00
2015.08.30 22:08:55.948,0.71533,0.71562,1.00,1.87
2015.08.30 22:08:56.460,0.71533,0.71561,1.00,1.00
2015.08.30 22:08:56.966,0.71533,0.71562,1.00,1.12
2015.08.30 22:08:58.142,0.71535,0.71563,1.00,1.12
2015.08.30 22:08:58.550,0.71535,0.71563,1.00,1.50
2015.08.30 22:08:58.652,0.71533,0.71562,1.00,1.37
2015.08.30 22:08:58.930,0.71535,0.71563,1.00,1.50
2015.08.30 22:08:59.541,0.71535,0.71564,1.00,2.62
2015.08.30 22:09:00.236,0.71534,0.71561,1.00,1.00
2015.08.30 22:09:01.252,0.71534,0.71564,1.00,1.12
2015.08.30 22:09:02.045,0.71533,0.71561,1.00,1.00
2015.08.30 22:09:02.348,0.71535,0.71561,1.00,1.00
2015.08.30 22:09:04.562,0.71535,0.71561,1.00,1.37
2015.08.30 22:09:05.116,0.71534,0.7156,1.00,1.37
2015.08.30 22:09:05.270,0.71534,0.71562,1.00,1.00
2015.08.30 22:09:05.863,0.71534,0.71563,1.00,1.50
2015.08.30 22:09:06.468,0.71534,0.71562,1.00,1.00
2015.08.30 22:09:07.304,0.71533,0.71562,1.50,1.50
2015.08.30 22:09:07.880,0.71534,0.71562,1.00,1.00
2015.08.30 22:09:08.032,0.71532,0.71562,1.50,1.00
2015.08.30 22:09:08.134,0.71537,0.71565,1.50,1.75
2015.08.30 22:09:08.185,0.71539,0.71569,1.00,1.00
2015.08.30 22:09:08.237,0.71544,0.71569,3.00,1.00
2015.08.30 22:09:08.288,0.71544,0.71577,3.75,1.50
2015.08.30 22:09:08.492,0.71547,0.71579,1.00,1.12
2015.08.30 22:09:13.176,0.71548,0.71582,1.00,1.00
2015.08.30 22:09:14.030,0.71548,0.71582,1.00,1.50
2015.08.30 22:09:14.541,0.71548,0.71582,1.00,1.50
2015.08.30 22:09:18.614,0.71547,0.7158,1.00,1.00
2015.08.30 22:09:18.921,0.71545,0.71577,1.00,1.12
2015.08.30 22:09:23.833,0.71544,0.71575,1.00,1.00
2015.08.30 22:09:30.801,0.71544,0.71576,1.00,1.00
2015.08.30 22:09:33.635,0.71544,0.71576,1.50,1.00
2015.08.30 22:09:34.242,0.71544,0.71576,1.00,1.00
2015.08.30 22:09:41.941,0.71544,0.71579,1.12,1.00
2015.08.30 22:09:51.695,0.71544,0.71579,1.12,1.37
2015.08.30 22:09:52.704,0.71544,0.71579,1.12,1.37
2015.08.30 22:09:52.906,0.71544,0.71579,1.12,1.00
2015.08.30 22:09:53.591,0.71544,0.71579,1.12,1.37
2015.08.30 22:09:54.968,0.71544,0.71579,1.12,1.12
2015.08.30 22:10:00.210,0.71548,0.71581,1.00,1.87
2015.08.30 22:10:00.874,0.71548,0.71581,1.00,1.12
2015.08.30 22:10:01.251,0.71548,0.71581,1.00,1.75
2015.08.30 22:10:01.767,0.71548,0.71581,1.00,1.50
2015.08.30 22:10:05.325,0.71547,0.71579,1.00,1.00
2015.08.30 22:10:09.890,0.71544,0.71575,1.00,1.00
2015.08.30 22:10:10.215,0.71536,0.7157,1.00,1.75
2015.08.30 22:10:10.268,0.71536,0.71568,1.00,1.00
2015.08.30 22:10:10.573,0.71533,0.71567,1.00,1.50
2015.08.30 22:10:11.116,0.71533,0.71567,1.50,1.00
2015.08.30 22:10:18.501,0.71532,0.71569,1.50,1.37
2015.08.30 22:10:23.223,0.71534,0.71568,1.37,1.00
2015.08.30 22:10:24.096,0.71535,0.71569,1.12,1.12
2015.08.30 22:10:24.350,0.71535,0.71569,1.00,1.50
2015.08.30 22:10:24.760,0.71535,0.71569,1.00,1.00
2015.08.30 22:10:25.758,0.71534,0.71566,1.00,1.00
2015.08.30 22:10:26.263,0.7153,0.71566,1.85,1.00
2015.08.30 22:10:26.951,0.71533,0.71568,1.12,1.00
2015.08.30 22:10:27.255,0.71534,0.71568,1.50,1.00
2015.08.30 22:10:27.791,0.71534,0.71568,1.37,1.00
2015.08.30 22:10:28.301,0.71534,0.71568,1.12,1.00
2015.08.30 22:10:30.720,0.71534,0.71568,1.37,1.00
2015.08.30 22:10:31.820,0.71536,0.71567,1.00,1.00
2015.08.30 22:10:33.265,0.71534,0.71551,1.00,1.00
2015.08.30 22:10:33.367,0.71534,0.71553,1.00,1.00
2015.08.30 22:10:33.468,0.71525,0.71553,1.00,1.00
2015.08.30 22:10:33.570,0.71527,0.7156,1.00,1.00
2015.08.30 22:10:33.621,0.7153,0.71563,1.00,1.00
2015.08.30 22:10:33.925,0.71531,0.71553,1.00,1.00
2015.08.30 22:10:33.976,0.71526,0.71553,1.00,1.00
2015.08.30 22:10:34.027,0.7153,0.71553,1.00,1.00
2015.08.30 22:10:34.129,0.71524,0.71554,1.72,1.00
2015.08.30 22:10:34.432,0.71523,0.71556,1.10,1.37
2015.08.30 22:10:35.079,0.71523,0.71556,1.37,1.37
2015.08.30 22:10:35.130,0.71523,0.71557,1.50,1.12
2015.08.30 22:10:35.383,0.71528,0.71557,4.12,1.00
2015.08.30 22:10:35.536,0.71523,0.71557,2.02,1.00
2015.08.30 22:10:35.587,0.71526,0.7156,1.00,1.00
2015.08.30 22:10:35.638,0.71531,0.71564,1.12,1.00
2015.08.30 22:10:35.941,0.71525,0.71561,1.85,1.00
2015.08.30 22:10:36.636,0.71525,0.71561,1.57,1.87
2015.08.30 22:10:37.144,0.71525,0.71561,1.37,1.87
2015.08.30 22:10:37.802,0.71525,0.71561,1.37,1.50
2015.08.30 22:10:38.271,0.71525,0.7156,1.00,1.75
2015.08.30 22:10:38.604,0.71521,0.71556,1.52,1.12
2015.08.30 22:10:40.418,0.71521,0.71556,1.80,1.37
2015.08.30 22:10:40.819,0.71521,0.71552,1.27,1.00
2015.08.30 22:10:42.819,0.71523,0.71553,1.10,1.00
2015.08.30 22:10:43.125,0.71523,0.71551,1.12,1.00
2015.08.30 22:10:43.728,0.71523,0.71551,1.50,1.00
2015.08.30 22:10:44.877,0.71523,0.71551,1.12,1.00
2015.08.30 22:10:49.617,0.71525,0.71553,1.00,1.00
2015.08.30 22:10:54.303,0.71526,0.71555,1.00,1.00
2015.08.30 22:10:54.930,0.71524,0.71555,1.40,1.00
2015.08.30 22:10:55.464,0.71525,0.71556,1.85,1.00
2015.08.30 22:10:55.970,0.71524,0.71555,1.12,1.00
2015.08.30 22:10:56.502,0.71524,0.71554,1.87,1.00
2015.08.30 22:10:58.474,0.71524,0.71554,1.87,1.00
2015.08.30 22:10:59.586,0.71525,0.71554,1.10,1.00
2015.08.30 22:11:03.408,0.71528,0.71552,1.00,1.00
2015.08.30 22:11:03.510,0.71525,0.71554,1.10,1.00
2015.08.30 22:11:03.972,0.71525,0.71554,1.35,1.00
2015.08.30 22:11:04.363,0.71531,0.7155,1.00,1.00
2015.08.30 22:11:07.528,0.71525,0.71552,1.20,1.00
2015.08.30 22:11:07.680,0.71524,0.71547,1.45,1.00
2015.08.30 22:11:07.731,0.71527,0.71547,1.10,1.00
2015.08.30 22:11:11.858,0.71526,0.71547,1.00,1.00
2015.08.30 22:11:12.874,0.71527,0.71547,1.00,1.00
2015.08.30 22:11:13.635,0.71526,0.71546,1.00,1.00
2015.08.30 22:11:14.195,0.71527,0.71547,1.00,1.00
2015.08.30 22:11:19.372,0.71524,0.71548,1.00,1.00
2015.08.30 22:11:19.734,0.71522,0.71547,1.00,1.00
2015.08.30 22:11:19.937,0.71524,0.71547,1.00,1.00
2015.08.30 22:11:20.039,0.71522,0.71547,1.00,1.00
2015.08.30 22:11:23.942,0.71522,0.71547,1.50,1.00
2015.08.30 22:11:24.372,0.71521,0.71547,1.00,1.37
2015.08.30 22:11:24.678,0.71514,0.71543,1.10,1.12
2015.08.30 22:11:25.979,0.71514,0.71543,1.47,1.00
2015.08.30 22:11:26.864,0.71514,0.71543,1.57,1.00
2015.08.30 22:11:27.982,0.71514,0.71543,1.57,1.00
2015.08.30 22:11:30.250,0.71514,0.71543,1.57,1.00
2015.08.30 22:11:32.292,0.71514,0.71543,1.95,1.00
2015.08.30 22:11:33.506,0.71514,0.71541,1.95,1.00
2015.08.30 22:11:33.627,0.71514,0.71543,1.57,1.00
2015.08.30 22:11:34.257,0.71514,0.71543,1.57,1.00
2015.08.30 22:11:36.295,0.71514,0.71543,1.57,1.00
2015.08.30 22:11:37.310,0.71514,0.71543,1.57,1.00
2015.08.30 22:11:38.306,0.71514,0.71543,1.57,1.00
2015.08.30 22:11:42.400,0.7153,0.71543,0.37,1.00
2015.08.30 22:11:43.388,0.71515,0.71543,1.37,1.00
2015.08.30 22:11:43.893,0.71516,0.71541,1.37,1.00
2015.08.30 22:11:44.338,0.71515,0.71543,1.37,1.00
2015.08.30 22:11:47.875,0.71519,0.71543,1.37,1.00
2015.08.30 22:11:48.379,0.71514,0.71544,2.17,1.00
2015.08.30 22:11:48.723,0.71521,0.71542,1.37,1.00
2015.08.30 22:11:48.875,0.71521,0.71542,1.37,1.00
2015.08.30 22:11:50.898,0.71516,0.71542,1.37,1.00
2015.08.30 22:11:55.935,0.71521,0.71542,1.37,1.00
2015.08.30 22:11:56.936,0.71516,0.71542,1.37,1.00
2015.08.30 22:11:57.279,0.71516,0.71544,1.37,1.00
2015.08.30 22:11:57.330,0.71516,0.71544,1.37,1.00
2015.08.30 22:11:57.852,0.71516,0.71542,1.37,1.00
2015.08.30 22:11:58.369,0.71521,0.71542,1.37,1.00
2015.08.30 22:11:59.338,0.71521,0.71542,1.37,1.00
2015.08.30 22:12:02.229,0.71521,0.71541,1.37,1.00
2015.08.30 22:12:02.331,0.71514,0.71541,2.85,1.00
2015.08.30 22:12:03.296,0.71521,0.71541,1.37,1.00
2015.08.30 22:12:06.709,0.71517,0.71541,1.37,1.00
2015.08.30 22:12:07.214,0.71515,0.71541,2.10,1.00
2015.08.30 22:12:07.946,0.71517,0.71542,1.37,1.00
2015.08.30 22:12:08.582,0.71517,0.71542,1.37,1.00
2015.08.30 22:12:09.350,0.71521,0.71542,1.37,1.00
2015.08.30 22:12:11.541,0.7152,0.71542,1.87,1.00
2015.08.30 22:12:11.592,0.7152,0.71546,1.37,1.00
2015.08.30 22:12:11.643,0.7152,0.71546,1.12,1.00
2015.08.30 22:12:11.948,0.71519,0.71544,1.87,1.00
2015.08.30 22:12:13.839,0.71522,0.71544,1.37,1.00
2015.08.30 22:12:14.862,0.71522,0.71544,1.37,1.00
2015.08.30 22:12:15.862,0.7152,0.71544,1.37,1.00
2015.08.30 22:12:16.621,0.7152,0.71544,1.00,1.00
2015.08.30 22:12:17.819,0.7152,0.71544,1.37,1.12
2015.08.30 22:12:18.974,0.7152,0.71544,1.00,1.12
2015.08.30 22:12:19.478,0.7152,0.71543,1.00,1.00
2015.08.30 22:12:20.007,0.71521,0.71544,1.00,1.12
2015.08.30 22:12:20.057,0.71521,0.71542,1.00,1.00
2015.08.30 22:12:24.227,0.71521,0.71541,1.00,1.00
2015.08.30 22:12:29.289,0.71516,0.71541,1.87,1.00
2015.08.30 22:12:29.636,0.71512,0.71539,2.25,1.00
2015.08.30 22:12:29.737,0.71512,0.71541,2.25,1.00
2015.08.30 22:12:30.648,0.71515,0.71541,1.50,1.00
2015.08.30 22:12:31.407,0.71518,0.71541,1.00,1.00
2015.08.30 22:12:31.609,0.71516,0.71542,1.12,1.00
2015.08.30 22:12:31.660,0.71516,0.71542,1.37,1.00
2015.08.30 22:12:32.166,0.71511,0.71541,2.25,1.00
2015.08.30 22:12:32.481,0.71511,0.71539,2.25,1.00
2015.08.30 22:12:32.586,0.71511,0.71541,2.25,1.00
2015.08.30 22:12:33.189,0.71511,0.71541,2.25,1.00
2015.08.30 22:12:33.820,0.71511,0.7154,2.25,1.00
2015.08.30 22:12:34.745,0.71511,0.7154,2.25,1.00
2015.08.30 22:12:35.635,0.71511,0.71538,2.25,1.00
2015.08.30 22:12:43.357,0.71511,0.71538,1.75,1.00
2015.08.30 22:12:43.971,0.71511,0.7154,1.75,1.00
2015.08.30 22:12:44.385,0.71511,0.7154,1.75,1.00
2015.08.30 22:12:45.643,0.71518,0.71539,1.00,1.00
2015.08.30 22:12:45.745,0.71516,0.7154,1.00,1.00
2015.08.30 22:12:51.891,0.71516,0.71541,1.00,1.00
2015.08.30 22:12:52.531,0.71516,0.7154,1.00,1.00
2015.08.30 22:12:52.582,0.71518,0.7154,1.00,1.12
2015.08.30 22:12:56.559,0.71516,0.7154,1.00,1.00
2015.08.30 22:12:57.073,0.71515,0.7154,1.12,1.00
2015.08.30 22:12:57.303,0.71519,0.7154,1.00,1.00
2015.08.30 22:12:57.851,0.71519,0.71538,1.00,1.00
2015.08.30 22:12:57.902,0.71513,0.71538,1.00,1.00
2015.08.30 22:12:58.222,0.71513,0.7154,1.00,1.00
2015.08.30 22:12:58.273,0.71513,0.71538,1.00,1.00
2015.08.30 22:12:59.308,0.71513,0.71538,1.37,1.00
2015.08.30 22:13:00.475,0.71513,0.71538,1.12,1.00
2015.08.30 22:13:01.595,0.71513,0.7154,1.12,1.00
2015.08.30 22:13:03.671,0.71513,0.71538,1.12,1.00
2015.08.30 22:13:05.075,0.71513,0.7154,1.00,1.00
2015.08.30 22:13:05.632,0.71513,0.7154,1.37,1.00
2015.08.30 22:13:06.179,0.71513,0.71539,1.37,1.00
2015.08.30 22:13:07.705,0.71513,0.71539,1.50,1.00
2015.08.30 22:13:07.757,0.71513,0.71541,1.87,1.00
2015.08.30 22:13:08.619,0.71515,0.71539,1.72,1.00
2015.08.30 22:13:09.078,0.71515,0.71541,1.50,1.00
2015.08.30 22:13:10.142,0.71515,0.71541,2.05,1.00
2015.08.30 22:13:10.396,0.71517,0.71539,1.12,1.00
2015.08.30 22:13:10.649,0.71513,0.71539,1.50,1.00
2015.08.30 22:13:11.497,0.71513,0.7154,1.50,1.00
2015.08.30 22:13:12.751,0.71512,0.7154,2.62,1.00
2015.08.30 22:13:13.855,0.71512,0.7154,2.62,1.00
2015.08.30 22:13:14.823,0.71512,0.7154,2.62,1.00
2015.08.30 22:13:16.854,0.71512,0.7154,2.62,1.00
2015.08.30 22:13:19.767,0.71512,0.7154,2.62,1.00
2015.08.30 22:13:20.750,0.71512,0.7154,2.62,1.00
2015.08.30 22:13:21.881,0.71512,0.7154,2.62,1.00
2015.08.30 22:13:22.714,0.71509,0.71536,2.32,1.22
2015.08.30 22:13:22.765,0.71509,0.71529,1.07,1.30
2015.08.30 22:13:22.816,0.71503,0.71525,1.37,1.37
2015.08.30 22:13:22.867,0.71501,0.71525,1.17,1.37
2015.08.30 22:13:22.918,0.71501,0.71525,1.10,1.00
2015.08.30 22:13:22.969,0.71489,0.71519,1.90,1.00
2015.08.30 22:13:23.274,0.7148,0.71499,1.10,1.00
2015.08.30 22:13:23.426,0.71469,0.71495,1.55,1.00
2015.08.30 22:13:23.477,0.71464,0.71496,1.90,1.00
2015.08.30 22:13:23.733,0.71466,0.71493,1.10,1.00
2015.08.30 22:13:23.886,0.71464,0.71495,1.65,1.00
2015.08.30 22:13:24.932,0.71466,0.71495,1.20,1.00
2015.08.30 22:13:25.272,0.71466,0.71495,1.27,1.00
2015.08.30 22:13:25.779,0.71464,0.71495,1.65,1.00
2015.08.30 22:13:27.259,0.71467,0.71495,1.50,1.00
2015.08.30 22:13:27.648,0.71463,0.71492,1.65,1.22
2015.08.30 22:13:27.851,0.71463,0.71494,1.52,1.00
2015.08.30 22:13:28.104,0.71463,0.71496,1.37,1.27
2015.08.30 22:13:28.632,0.71463,0.71494,1.65,1.00
2015.08.30 22:13:28.986,0.71465,0.71495,1.20,1.00
2015.08.30 22:13:30.393,0.71467,0.71495,1.50,1.00
2015.08.30 22:13:30.957,0.71466,0.71495,1.87,1.00
2015.08.30 22:13:31.304,0.71483,0.71515,1.37,1.00
2015.08.30 22:13:32.606,0.71483,0.71522,1.75,1.27
2015.08.30 22:13:33.113,0.71483,0.71522,1.75,1.00
2015.08.30 22:13:34.670,0.71492,0.71524,1.00,1.37
2015.08.30 22:13:34.976,0.71506,0.71536,1.00,1.10
2015.08.30 22:13:35.381,0.71504,0.71536,1.00,1.10
2015.08.30 22:13:35.786,0.71496,0.7153,1.37,1.00
2015.08.30 22:13:35.888,0.71496,0.7153,1.37,1.37
2015.08.30 22:13:36.093,0.71495,0.71527,1.00,1.12
2015.08.30 22:13:36.600,0.71494,0.71527,1.75,1.12
2015.08.30 22:13:40.466,0.71494,0.71527,1.50,1.87
2015.08.30 22:13:41.798,0.71493,0.71525,1.12,1.00
2015.08.30 22:13:46.262,0.71493,0.71526,1.12,1.00
2015.08.30 22:13:47.083,0.71493,0.71526,1.12,1.37
2015.08.30 22:13:47.917,0.71493,0.71526,1.37,1.37
2015.08.30 22:13:48.121,0.71493,0.71526,1.37,1.12
2015.08.30 22:13:49.324,0.7149,0.71519,1.12,1.00
2015.08.30 22:13:49.426,0.71487,0.71519,1.37,1.00
2015.08.30 22:13:49.477,0.71487,0.71519,1.00,1.00
2015.08.30 22:13:49.780,0.71484,0.71517,1.75,1.00
2015.08.30 22:13:51.137,0.71484,0.71517,1.12,1.00
2015.08.30 22:13:53.728,0.71481,0.71515,1.87,1.00
2015.08.30 22:13:54.228,0.71479,0.71512,1.87,1.00
2015.08.30 22:13:54.869,0.71479,0.71512,1.50,1.00
2015.08.30 22:13:55.468,0.71479,0.71512,1.12,1.00
2015.08.30 22:13:55.776,0.71482,0.71515,1.50,1.37
2015.08.30 22:13:56.297,0.71482,0.71515,1.87,1.00
2015.08.30 22:13:58.327,0.71482,0.71515,1.87,1.00
2015.08.30 22:13:58.754,0.71482,0.71515,1.87,1.00
2015.08.30 22:13:59.083,0.71482,0.71518,1.87,1.12
2015.08.30 22:13:59.135,0.71482,0.71516,1.12,1.00
2015.08.30 22:13:59.186,0.71485,0.71518,1.75,1.00
2015.08.30 22:13:59.237,0.71485,0.71518,1.87,1.00
2015.08.30 22:14:00.225,0.71485,0.71518,1.87,1.50
2015.08.30 22:14:00.649,0.71486,0.71522,1.87,1.50
2015.08.30 22:14:00.750,0.71486,0.71522,1.87,2.25
2015.08.30 22:14:03.930,0.71488,0.71522,1.37,1.00
2015.08.30 22:14:04.234,0.71497,0.71527,1.87,1.00
2015.08.30 22:14:04.533,0.71493,0.71515,1.00,1.00
2015.08.30 22:14:04.584,0.7148,0.71515,1.87,1.00
2015.08.30 22:14:07.054,0.71486,0.71521,1.00,2.25
2015.08.30 22:14:07.359,0.71488,0.71524,1.75,1.87
2015.08.30 22:14:07.913,0.71488,0.71524,1.75,1.87
2015.08.30 22:14:08.267,0.71488,0.71524,1.75,1.87
2015.08.30 22:14:10.007,0.7149,0.71524,1.00,1.12
2015.08.30 22:14:10.331,0.7149,0.71524,1.00,1.37
2015.08.30 22:14:10.709,0.71495,0.71524,1.00,1.37
2015.08.30 22:14:12.377,0.71495,0.71524,1.00,1.37
2015.08.30 22:14:13.370,0.71495,0.71524,1.00,1.37
2015.08.30 22:14:14.364,0.71495,0.71523,1.00,1.12
2015.08.30 22:14:15.371,0.71495,0.71523,1.00,1.37
2015.08.30 22:14:17.352,0.71495,0.71523,1.00,1.00
2015.08.30 22:14:18.857,0.71495,0.71523,1.00,1.37
2015.08.30 22:14:18.958,0.71495,0.71521,1.00,1.00
2015.08.30 22:14:19.009,0.71495,0.71518,1.00,1.00
2015.08.30 22:14:20.071,0.71495,0.71518,1.00,1.50
2015.08.30 22:14:21.054,0.71495,0.71518,1.00,1.12
2015.08.30 22:14:28.895,0.71495,0.71518,1.00,1.65
2015.08.30 22:14:31.914,0.71495,0.71515,1.00,1.50
2015.08.30 22:14:34.675,0.71479,0.71514,1.37,1.12
2015.08.30 22:14:34.978,0.71485,0.71514,1.00,1.12
2015.08.30 22:14:39.742,0.71485,0.71514,1.00,1.75
2015.08.30 22:14:40.129,0.71485,0.71513,1.00,1.12
2015.08.30 22:14:44.807,0.71485,0.7151,1.00,1.00
2015.08.30 22:14:45.802,0.71485,0.7151,1.00,1.37
2015.08.30 22:14:46.804,0.71485,0.7151,1.00,1.00
2015.08.30 22:14:49.167,0.71485,0.71506,1.00,1.00
2015.08.30 22:14:49.977,0.71485,0.7151,1.00,1.87
2015.08.30 22:14:50.606,0.71485,0.7151,1.00,1.00
2015.08.30 22:14:51.116,0.71485,0.71513,1.00,1.00
2015.08.30 22:14:51.167,0.71485,0.71516,1.00,1.12
2015.08.30 22:14:51.674,0.71485,0.71517,1.00,1.50
2015.08.30 22:14:52.533,0.71485,0.71512,1.00,1.00
2015.08.30 22:14:52.837,0.71485,0.71508,1.00,1.00
2015.08.30 22:14:55.150,0.71485,0.71512,1.00,1.12
2015.08.30 22:14:55.252,0.71485,0.71512,1.00,1.75
2015.08.30 22:14:57.212,0.71485,0.7151,1.00,1.12
2015.08.30 22:14:58.030,0.71485,0.71509,1.00,1.00
2015.08.30 22:14:59.117,0.71485,0.71511,1.00,1.00
2015.08.30 22:14:59.622,0.71485,0.71512,1.00,1.00
2015.08.30 22:15:06.265,0.71485,0.71515,1.00,1.12
2015.08.30 22:15:21.347,0.71485,0.71516,1.00,1.50
2015.08.30 22:15:21.398,0.71485,0.71516,1.00,1.50
2015.08.30 22:15:21.915,0.71485,0.71516,1.00,1.50
2015.08.30 22:15:22.457,0.71485,0.71516,1.00,1.12
2015.08.30 22:15:23.259,0.71485,0.71512,1.00,1.50
2015.08.30 22:15:23.564,0.71485,0.71507,1.00,1.00
2015.08.30 22:15:29.535,0.71485,0.71508,1.00,1.00
2015.08.30 22:15:41.549,0.71485,0.71509,1.00,1.00
2015.08.30 22:15:49.513,0.71485,0.71509,1.00,1.37
2015.08.30 22:15:53.319,0.71485,0.71509,1.00,1.00
2015.08.30 22:15:59.638,0.71485,0.71512,1.00,1.12
2015.08.30 22:15:59.992,0.71485,0.7151,1.00,1.00
2015.08.30 22:16:00.467,0.71485,0.71503,1.00,1.00
2015.08.30 22:16:00.771,0.71485,0.71503,1.00,1.75
2015.08.30 22:16:01.278,0.71485,0.715,1.00,1.00
2015.08.30 22:16:05.823,0.71485,0.71503,1.00,2.62
2015.08.30 22:16:05.925,0.71485,0.71503,1.00,1.12
2015.08.30 22:16:10.862,0.71485,0.71505,1.00,1.12
2015.08.30 22:16:18.567,0.71485,0.71504,1.00,1.00
2015.08.30 22:16:18.618,0.71485,0.71497,1.00,1.15
2015.08.30 22:16:19.125,0.71485,0.71497,1.00,1.90
2015.08.30 22:16:19.631,0.71485,0.71501,1.00,1.75
2015.08.30 22:16:19.732,0.71485,0.71501,1.00,1.50
2015.08.30 22:16:20.238,0.71485,0.71501,1.00,1.12
2015.08.30 22:16:29.633,0.71485,0.71501,1.00,1.37
2015.08.30 22:16:49.049,0.71485,0.71501,1.00,1.87
2015.08.30 22:16:50.057,0.71485,0.71501,1.00,2.62
2015.08.30 22:17:08.558,0.71485,0.71501,1.00,2.62
2015.08.30 22:17:09.559,0.71485,0.715,1.00,1.00
2015.08.30 22:17:22.810,0.71485,0.71501,1.00,1.50
2015.08.30 22:17:23.316,0.71485,0.71505,1.00,2.40
2015.08.30 22:17:24.929,0.71485,0.71502,1.00,1.50
2015.08.30 22:17:24.980,0.71485,0.71502,1.00,1.75
2015.08.30 22:17:26.341,0.71485,0.71502,1.00,1.50
2015.08.30 22:17:27.992,0.71485,0.71502,1.00,1.37
2015.08.30 22:17:31.056,0.71485,0.71502,1.00,1.00
2015.08.30 22:17:31.993,0.71485,0.71503,1.00,1.87
2015.08.30 22:17:33.814,0.71485,0.71503,1.00,1.50
2015.08.30 22:17:40.944,0.71485,0.71504,1.00,1.75
2015.08.30 22:17:41.429,0.71485,0.71502,1.00,1.12
2015.08.30 22:17:43.743,0.71485,0.71502,1.00,1.75
2015.08.30 22:17:44.441,0.71485,0.71501,1.00,1.75
2015.08.30 22:18:03.032,0.71485,0.71494,1.00,1.37
2015.08.30 22:18:08.003,0.71485,0.71495,1.00,1.75
2015.08.30 22:18:08.380,0.71485,0.71494,1.00,1.00
2015.08.30 22:18:08.583,0.71485,0.71498,1.00,1.00
2015.08.30 22:18:08.787,0.71485,0.71495,1.00,1.50
2015.08.30 22:18:08.991,0.71485,0.71497,1.00,1.12
2015.08.30 22:18:09.194,0.71485,0.715,1.00,1.75
2015.08.30 22:18:09.447,0.71485,0.71502,1.00,3.75
2015.08.30 22:18:09.905,0.71485,0.715,1.00,1.75
2015.08.30 22:18:10.684,0.71485,0.71499,1.00,2.40
2015.08.30 22:18:11.224,0.71485,0.71496,1.00,1.00
2015.08.30 22:18:11.729,0.71485,0.71497,1.00,1.00
2015.08.30 22:18:20.650,0.71485,0.71497,0.99,1.50
2015.08.30 22:18:24.896,0.71485,0.71497,0.99,1.50
2015.08.30 22:18:25.718,0.71485,0.71496,0.99,1.00
2015.08.30 22:18:26.338,0.71485,0.71498,0.99,1.50
2015.08.30 22:18:27.949,0.71485,0.71496,0.99,1.00
2015.08.30 22:18:28.762,0.71485,0.71497,0.99,1.00
2015.08.30 22:18:29.291,0.71485,0.71496,0.99,1.00
2015.08.30 22:18:30.010,0.71485,0.71497,0.99,1.00
2015.08.30 22:18:30.517,0.71485,0.71498,0.99,1.12
2015.08.30 22:18:30.568,0.71485,0.71496,0.99,1.00
2015.08.30 22:18:30.670,0.71485,0.71498,0.99,1.00
2015.08.30 22:18:31.892,0.71485,0.71497,0.99,1.00
2015.08.30 22:18:33.006,0.71485,0.71498,0.99,1.00
2015.08.30 22:18:35.378,0.71485,0.71497,0.99,1.00
2015.08.30 22:18:36.071,0.71485,0.71495,0.99,1.00
2015.08.30 22:18:36.600,0.71485,0.71496,0.99,1.00
2015.08.30 22:18:38.185,0.71485,0.71497,0.99,1.00
2015.08.30 22:18:39.620,0.71485,0.71498,0.99,1.00
2015.08.30 22:18:41.920,0.71485,0.71496,0.99,1.00
2015.08.30 22:18:43.334,0.71485,0.71495,0.99,1.00
2015.08.30 22:18:45.644,0.71485,0.71488,0.99,1.00
2015.08.30 22:18:45.848,0.71485,0.7149,0.99,1.00
2015.08.30 22:18:46.202,0.71485,0.71493,0.99,1.50
2015.08.30 22:18:46.708,0.71485,0.71495,0.99,1.50
2015.08.30 22:18:47.289,0.71485,0.71493,0.99,1.00
2015.08.30 22:18:49.332,0.71485,0.71492,0.99,1.00
2015.08.30 22:18:49.942,0.71485,0.71493,0.99,1.12
2015.08.30 22:18:51.362,0.71485,0.71486,0.99,4.50
2015.08.30 22:18:51.666,0.71485,0.71486,0.99,6.37
2015.08.30 22:18:51.768,0.71461,0.71483,1.00,1.00
2015.08.30 22:18:51.819,0.71461,0.71476,1.00,1.00
2015.08.30 22:18:51.920,0.71464,0.71481,1.00,1.50
2015.08.30 22:18:52.123,0.71468,0.7148,1.00,1.00
2015.08.30 22:18:52.528,0.71468,0.71482,1.00,1.00
2015.08.30 22:18:53.787,0.71468,0.71483,1.00,1.00
2015.08.30 22:18:54.369,0.71468,0.71484,1.00,1.00
2015.08.30 22:18:54.870,0.71468,0.71483,1.00,1.00
2015.08.30 22:18:56.325,0.71468,0.71484,1.00,1.00
2015.08.30 22:18:56.477,0.71468,0.71486,1.00,1.00
2015.08.30 22:18:57.387,0.71467,0.71486,1.00,1.00
2015.08.30 22:18:57.993,0.71467,0.71488,1.00,1.00
2015.08.30 22:18:58.619,0.71467,0.71486,1.00,1.00
2015.08.30 22:18:59.930,0.71467,0.71488,1.00,2.25
2015.08.30 22:19:00.153,0.71467,0.71486,1.00,1.00
2015.08.30 22:19:01.910,0.71467,0.71487,1.00,1.32
2015.08.30 22:19:02.419,0.71468,0.71487,1.00,1.00
2015.08.30 22:19:03.023,0.71463,0.71483,1.75,1.00
2015.08.30 22:19:03.277,0.71442,0.71463,1.75,3.75
2015.08.30 22:19:03.379,0.71438,0.71458,1.75,1.00
2015.08.30 22:19:03.430,0.71438,0.71458,1.12,1.00
2015.08.30 22:19:03.582,0.71438,0.71451,1.12,1.00
2015.08.30 22:19:03.633,0.71431,0.71451,1.50,1.50
2015.08.30 22:19:03.684,0.71435,0.71451,1.00,1.50
2015.08.30 22:19:03.786,0.71429,0.7145,1.00,1.75
2015.08.30 22:19:03.838,0.71431,0.7145,2.25,1.00
2015.08.30 22:19:04.040,0.71427,0.7145,1.37,1.75
2015.08.30 22:19:04.142,0.7143,0.71448,1.00,1.12
2015.08.30 22:19:04.447,0.7143,0.7145,1.12,1.00
2015.08.30 22:19:04.682,0.71433,0.71451,1.00,1.00
2015.08.30 22:19:04.986,0.71439,0.71454,1.00,1.50
2015.08.30 22:19:05.239,0.71439,0.71462,1.00,1.03
2015.08.30 22:19:05.290,0.71439,0.71462,1.00,1.00
2015.08.30 22:19:05.341,0.71441,0.71471,1.00,3.75
2015.08.30 22:19:05.846,0.71441,0.71469,1.00,1.75
2015.08.30 22:19:05.898,0.71441,0.71465,1.50,1.00
2015.08.30 22:19:07.799,0.71441,0.7147,1.37,1.79
2015.08.30 22:19:08.507,0.71441,0.71468,1.00,2.25
2015.08.30 22:19:09.199,0.7145,0.71467,1.00,1.00
2015.08.30 22:19:09.250,0.7145,0.71473,1.12,1.50
2015.08.30 22:19:09.453,0.7145,0.71474,1.12,1.12
2015.08.30 22:19:09.504,0.7145,0.71473,1.00,1.50
2015.08.30 22:19:09.859,0.7145,0.7147,1.00,1.00
2015.08.30 22:19:10.413,0.7145,0.71474,1.00,1.75
2015.08.30 22:19:11.763,0.71446,0.71474,1.50,1.75
2015.08.30 22:19:11.814,0.71446,0.71465,1.50,1.00
2015.08.30 22:19:12.118,0.71446,0.71461,1.00,1.50
2015.08.30 22:19:12.371,0.71446,0.71463,1.00,1.00
2015.08.30 22:19:12.590,0.71446,0.71463,1.00,1.37
2015.08.30 22:19:12.692,0.71446,0.71463,1.00,1.00
2015.08.30 22:19:13.722,0.71446,0.71461,1.00,1.00
2015.08.30 22:19:13.823,0.71446,0.71464,1.00,1.00
2015.08.30 22:19:14.333,0.71446,0.71464,1.00,1.37
2015.08.30 22:19:15.603,0.71446,0.71464,1.00,1.87
2015.08.30 22:19:15.705,0.71446,0.71464,1.00,1.00
2015.08.30 22:19:16.083,0.71446,0.71461,1.00,1.00
2015.08.30 22:19:16.147,0.71443,0.71461,1.00,1.00
2015.08.30 22:19:19.464,0.71441,0.71461,1.00,1.50
2015.08.30 22:19:20.253,0.71441,0.71461,1.00,1.12
2015.08.30 22:19:20.860,0.71441,0.7146,1.00,1.00
2015.08.30 22:19:21.929,0.71441,0.71462,1.00,1.50
2015.08.30 22:19:26.194,0.71432,0.71454,1.00,1.12
2015.08.30 22:19:26.245,0.71432,0.7145,1.00,1.00
2015.08.30 22:19:26.346,0.7143,0.71451,1.00,1.00
2015.08.30 22:19:26.397,0.71432,0.71458,1.00,2.25
2015.08.30 22:19:26.448,0.71432,0.71453,1.00,1.00
2015.08.30 22:19:26.550,0.71432,0.71458,1.00,3.00
2015.08.30 22:19:27.069,0.71432,0.7146,1.00,3.00
2015.08.30 22:19:27.373,0.71434,0.71459,1.00,2.25
2015.08.30 22:19:29.609,0.71432,0.71452,1.00,1.00
2015.08.30 22:19:29.811,0.71434,0.71458,1.00,1.75
2015.08.30 22:19:30.064,0.71426,0.71454,4.24,1.75
2015.08.30 22:19:30.115,0.71426,0.71452,1.61,1.75
2015.08.30 22:19:30.428,0.71426,0.71447,1.00,1.12
2015.08.30 22:19:30.479,0.71424,0.71447,1.00,1.12
2015.08.30 22:19:30.884,0.71431,0.71448,1.00,1.75
2015.08.30 22:19:30.935,0.71431,0.71448,1.00,1.50
2015.08.30 22:19:31.037,0.71431,0.7145,1.00,1.50
2015.08.30 22:19:31.088,0.71427,0.7145,1.00,1.50
2015.08.30 22:19:31.139,0.71427,0.71449,1.00,1.12
2015.08.30 22:19:31.342,0.71427,0.71449,1.00,1.12
2015.08.30 22:19:31.443,0.71427,0.71449,1.00,1.12
2015.08.30 22:19:31.646,0.71427,0.71452,1.00,1.75
2015.08.30 22:19:31.748,0.71427,0.71449,1.00,1.00
2015.08.30 22:19:32.936,0.71427,0.71452,1.00,1.87
2015.08.30 22:19:39.127,0.71423,0.7144,1.12,1.80
2015.08.30 22:19:39.179,0.71418,0.71438,1.00,1.12
2015.08.30 22:19:39.280,0.71418,0.71446,1.12,2.10
2015.08.30 22:19:39.382,0.71423,0.71442,1.00,1.50
2015.08.30 22:19:39.433,0.7142,0.71442,1.00,1.37
2015.08.30 22:19:39.484,0.7142,0.71446,1.00,1.12
2015.08.30 22:19:39.687,0.7142,0.71442,1.00,1.03
2015.08.30 22:19:42.070,0.7142,0.71441,1.00,1.00
2015.08.30 22:19:42.273,0.7142,0.71443,1.00,1.00
2015.08.30 22:19:42.425,0.7142,0.71446,1.00,1.12
2015.08.30 22:19:43.610,0.71419,0.7144,1.00,1.00
2015.08.30 22:19:44.155,0.7142,0.7144,1.00,1.00
2015.08.30 22:19:45.368,0.71418,0.7144,1.37,1.00
2015.08.30 22:19:45.672,0.71422,0.7144,1.00,1.00
2015.08.30 22:19:46.897,0.71422,0.71446,1.00,1.78
2015.08.30 22:19:46.998,0.71422,0.71448,1.00,1.12
2015.08.30 22:19:47.049,0.71436,0.71444,0.75,1.00
2015.08.30 22:19:47.100,0.7144,0.71449,1.00,1.37
2015.08.30 22:19:47.151,0.71446,0.71454,1.00,1.00
2015.08.30 22:19:47.202,0.71448,0.71462,1.00,1.47
2015.08.30 22:19:47.304,0.71447,0.71463,1.00,1.00
2015.08.30 22:19:47.357,0.71441,0.71465,1.87,1.00
2015.08.30 22:19:47.459,0.7144,0.71469,2.25,1.75
2015.08.30 22:19:47.813,0.71437,0.71467,1.50,1.75
2015.08.30 22:19:47.864,0.71437,0.71461,1.50,1.37
2015.08.30 22:19:48.167,0.71435,0.71459,1.00,1.37
2015.08.30 22:19:48.737,0.71435,0.71464,1.00,3.75
2015.08.30 22:19:50.654,0.71435,0.71446,1.00,1.37
2015.08.30 22:19:50.711,0.71424,0.71446,1.00,1.75
2015.08.30 22:19:50.863,0.71421,0.71446,1.37,1.75
2015.08.30 22:19:50.964,0.71421,0.71446,1.00,1.75
2015.08.30 22:19:51.670,0.71421,0.71444,1.00,1.00
2015.08.30 22:19:52.058,0.71421,0.71444,1.37,1.00
2015.08.30 22:19:52.510,0.71421,0.7145,1.37,3.75
2015.08.30 22:19:52.872,0.71421,0.71445,1.00,1.75
2015.08.30 22:19:53.877,0.71421,0.71446,1.00,1.87
2015.08.30 22:19:54.029,0.71421,0.71446,1.00,1.87
2015.08.30 22:19:54.872,0.71421,0.71446,1.00,1.87
2015.08.30 22:19:54.973,0.71421,0.71441,1.00,1.00
2015.08.30 22:19:57.388,0.71425,0.71445,1.00,1.75
2015.08.30 22:19:57.599,0.71425,0.71442,1.00,1.00
2015.08.30 22:19:58.485,0.71425,0.71444,1.00,1.50
2015.08.30 22:20:06.212,0.71425,0.71445,1.00,1.12
2015.08.30 22:20:06.739,0.71425,0.71445,1.00,1.12
2015.08.30 22:20:07.339,0.71425,0.71446,1.00,2.62
2015.08.30 22:20:08.567,0.71423,0.71445,1.00,1.75
2015.08.30 22:20:09.120,0.71423,0.71445,1.00,1.75
2015.08.30 22:20:11.730,0.71423,0.71443,1.00,1.00
2015.08.30 22:20:12.920,0.71423,0.71444,1.00,1.75
2015.08.30 22:20:13.275,0.71423,0.71444,1.00,1.50
2015.08.30 22:20:13.799,0.71425,0.71444,1.00,1.50
2015.08.30 22:20:14.440,0.71425,0.71442,1.00,1.37
2015.08.30 22:20:15.754,0.71425,0.71443,1.00,1.50
2015.08.30 22:20:16.134,0.71425,0.71445,1.00,1.87
2015.08.30 22:20:16.640,0.71425,0.71443,1.00,1.75
2015.08.30 22:20:17.168,0.71425,0.71443,1.00,1.75
2015.08.30 22:20:17.472,0.71416,0.71428,1.00,1.00
2015.08.30 22:20:17.674,0.71418,0.71436,1.00,1.50
2015.08.30 22:20:17.927,0.71424,0.71437,1.00,1.50
2015.08.30 22:20:18.079,0.71424,0.7144,1.00,1.00
2015.08.30 22:20:18.332,0.71424,0.7144,1.00,1.37
2015.08.30 22:20:19.354,0.71424,0.71439,1.00,1.87
2015.08.30 22:20:21.829,0.71424,0.71438,1.00,1.00
2015.08.30 22:20:23.674,0.71424,0.71439,1.00,1.00
2015.08.30 22:20:25.111,0.71424,0.71438,1.00,1.00
2015.08.30 22:20:25.673,0.71424,0.71439,1.00,1.00
2015.08.30 22:20:26.584,0.71424,0.71438,1.00,1.00
2015.08.30 22:20:26.988,0.71424,0.7144,1.00,1.00
2015.08.30 22:20:27.515,0.71424,0.71439,1.00,1.00
2015.08.30 22:20:27.567,0.71424,0.71437,1.00,1.00
2015.08.30 22:20:28.117,0.7142,0.71435,1.50,1.00
2015.08.30 22:20:28.218,0.7142,0.71437,1.00,1.50
2015.08.30 22:20:28.269,0.71417,0.71436,1.00,1.00
2015.08.30 22:20:28.320,0.71417,0.71434,1.00,1.00
2015.08.30 22:20:29.270,0.71417,0.71436,1.00,1.00
2015.08.30 22:20:29.321,0.71417,0.71434,1.00,1.00
2015.08.30 22:20:29.892,0.71417,0.71432,1.00,1.00
2015.08.30 22:20:30.442,0.71417,0.71433,1.00,1.00
2015.08.30 22:20:31.938,0.71417,0.71434,1.00,1.00
2015.08.30 22:20:32.241,0.71417,0.71432,1.00,1.00
2015.08.30 22:20:34.057,0.71417,0.71433,1.00,1.00
2015.08.30 22:20:36.226,0.71416,0.71433,1.00,1.00
2015.08.30 22:20:37.481,0.71416,0.71434,1.00,1.00
2015.08.30 22:20:38.019,0.71416,0.71432,1.00,1.00
2015.08.30 22:20:38.321,0.71416,0.71434,1.00,1.00
2015.08.30 22:20:39.321,0.71416,0.71436,1.00,2.25
2015.08.30 22:20:39.423,0.71416,0.71433,1.00,1.00
2015.08.30 22:20:41.041,0.71416,0.71434,1.00,1.00
2015.08.30 22:20:41.498,0.71418,0.71433,1.00,1.00
2015.08.30 22:20:42.032,0.71418,0.71434,1.00,1.00
2015.08.30 22:20:42.534,0.71418,0.71435,1.00,1.50
2015.08.30 22:20:44.505,0.71418,0.71434,1.00,1.00
2015.08.30 22:20:47.102,0.71417,0.71434,1.00,1.00
2015.08.30 22:20:47.663,0.71417,0.71433,1.00,1.00
2015.08.30 22:20:51.186,0.71417,0.71434,1.00,1.00
2015.08.30 22:20:51.665,0.71417,0.71432,1.00,1.00
2015.08.30 22:20:52.288,0.71417,0.71435,1.00,1.00
2015.08.30 22:20:52.822,0.71416,0.71435,1.00,1.00
2015.08.30 22:20:53.193,0.71418,0.71435,1.00,1.00
2015.08.30 22:20:55.180,0.71418,0.71437,1.00,2.25
2015.08.30 22:20:55.358,0.71418,0.71435,1.00,1.00
2015.08.30 22:20:57.164,0.71418,0.71434,1.00,1.00
2015.08.30 22:21:01.961,0.71418,0.71433,1.00,1.00
2015.08.30 22:21:04.084,0.71418,0.71436,1.00,1.50
2015.08.30 22:21:04.286,0.71418,0.71433,1.00,1.00
2015.08.30 22:21:06.048,0.71418,0.71435,1.00,1.00
2015.08.30 22:21:07.289,0.71418,0.71436,1.00,1.50
2015.08.30 22:21:07.570,0.71418,0.71433,1.00,1.00
2015.08.30 22:21:09.264,0.71418,0.71435,1.00,1.00
2015.08.30 22:21:09.365,0.71418,0.71433,1.00,1.00
2015.08.30 22:21:09.770,0.7142,0.71433,1.00,1.00
2015.08.30 22:21:10.395,0.71419,0.71433,1.00,1.00
2015.08.30 22:21:10.497,0.71416,0.71433,1.00,1.00
2015.08.30 22:21:11.200,0.71416,0.71434,1.00,1.00
2015.08.30 22:21:13.178,0.71416,0.71433,1.00,1.00
2015.08.30 22:21:13.330,0.71416,0.71436,1.00,2.25
2015.08.30 22:21:13.432,0.71416,0.71434,1.00,1.00
2015.08.30 22:21:13.973,0.71416,0.71433,1.00,1.00
2015.08.30 22:21:15.825,0.71416,0.71434,1.00,1.00
2015.08.30 22:21:18.568,0.71416,0.71436,1.00,1.50
2015.08.30 22:21:18.927,0.71414,0.71434,1.00,1.00
2015.08.30 22:21:19.386,0.71413,0.71436,1.00,1.00
2015.08.30 22:21:24.284,0.71413,0.7143,1.12,1.00
2015.08.30 22:21:24.335,0.71409,0.7143,1.00,1.00
2015.08.30 22:21:24.437,0.7141,0.71428,1.00,1.50
2015.08.30 22:21:24.740,0.71411,0.71425,1.00,1.00
2015.08.30 22:21:25.241,0.71411,0.71426,1.00,1.00
2015.08.30 22:21:25.843,0.71411,0.71425,1.00,1.00
2015.08.30 22:21:26.420,0.71411,0.71426,1.00,1.00
2015.08.30 22:21:26.925,0.71412,0.71425,1.00,1.00
2015.08.30 22:21:26.977,0.7141,0.71425,1.00,1.00
2015.08.30 22:21:27.549,0.7141,0.71426,1.00,1.00
2015.08.30 22:21:28.601,0.7141,0.71425,1.00,1.00
2015.08.30 22:21:28.868,0.71404,0.71425,1.12,1.00
2015.08.30 22:21:28.970,0.71409,0.71424,1.00,1.00
2015.08.30 22:21:29.566,0.71409,0.71425,1.00,1.00
2015.08.30 22:21:29.868,0.71409,0.71423,1.00,1.00
2015.08.30 22:21:30.392,0.7141,0.71423,1.00,1.00
2015.08.30 22:21:31.877,0.71404,0.71426,1.00,1.00
2015.08.30 22:21:31.928,0.71404,0.71426,1.50,1.00
2015.08.30 22:21:32.133,0.71408,0.71428,1.00,1.00
2015.08.30 22:21:32.637,0.71408,0.7143,1.00,1.50
2015.08.30 22:21:33.424,0.71408,0.71431,1.12,1.00
2015.08.30 22:21:33.778,0.71411,0.71436,1.00,1.87
2015.08.30 22:21:33.829,0.71411,0.71436,1.00,1.00
2015.08.30 22:21:33.930,0.7141,0.71433,1.00,1.00
2015.08.30 22:21:33.981,0.71411,0.71436,1.00,1.00
2015.08.30 22:21:34.082,0.71411,0.71433,1.00,1.00
2015.08.30 22:21:34.866,0.71409,0.71432,1.00,1.00
2015.08.30 22:21:36.608,0.71406,0.71431,1.37,1.00
2015.08.30 22:21:37.153,0.71406,0.71431,2.25,1.00
2015.08.30 22:21:37.815,0.71406,0.71431,2.25,1.00
2015.08.30 22:21:38.337,0.71409,0.71431,1.00,1.00
2015.08.30 22:21:39.930,0.71409,0.71433,1.00,1.00
2015.08.30 22:21:40.444,0.7141,0.71434,1.00,1.00
2015.08.30 22:21:40.913,0.71408,0.71433,1.00,1.00
2015.08.30 22:21:41.014,0.71406,0.71431,1.37,1.00
2015.08.30 22:21:42.084,0.71406,0.71431,1.12,1.00
2015.08.30 22:21:44.983,0.71406,0.71431,1.50,1.00
2015.08.30 22:21:47.898,0.71404,0.71429,1.75,1.00
2015.08.30 22:21:48.101,0.71404,0.71429,1.00,1.00
2015.08.30 22:21:48.152,0.71407,0.71429,1.00,1.00
2015.08.30 22:21:48.203,0.71406,0.71431,1.00,1.50
2015.08.30 22:21:48.709,0.71406,0.71428,1.00,1.00
2015.08.30 22:21:54.599,0.71404,0.71429,1.37,1.00
2015.08.30 22:21:55.160,0.71404,0.71429,1.12,1.00
2015.08.30 22:21:56.553,0.71404,0.71429,1.37,1.00
2015.08.30 22:21:57.078,0.71404,0.71429,1.12,1.00
2015.08.30 22:21:57.862,0.71404,0.71429,1.37,1.00
2015.08.30 22:21:58.368,0.71406,0.7143,1.00,1.00
2015.08.30 22:21:58.671,0.71405,0.71428,1.12,1.00
2015.08.30 22:21:58.974,0.71407,0.7143,1.00,1.00
2015.08.30 22:21:59.279,0.71406,0.71428,1.00,1.00
2015.08.30 22:22:05.116,0.71406,0.71429,1.12,1.00
2015.08.30 22:22:05.902,0.71407,0.71431,1.00,1.00
2015.08.30 22:22:06.417,0.71405,0.7143,1.37,1.00
2015.08.30 22:22:06.519,0.71404,0.71428,1.37,1.00
2015.08.30 22:22:06.721,0.71404,0.71428,1.00,1.50
2015.08.30 22:22:08.017,0.71405,0.7143,1.00,1.00
2015.08.30 22:22:10.975,0.71405,0.71429,1.12,1.00
2015.08.30 22:22:11.526,0.71405,0.7143,1.12,1.50
2015.08.30 22:22:12.337,0.71405,0.71429,1.12,1.00
2015.08.30 22:22:13.130,0.71411,0.71429,1.00,1.00
2015.08.30 22:22:13.183,0.71411,0.71435,1.00,1.00
2015.08.30 22:22:13.588,0.71414,0.71436,1.00,1.00
2015.08.30 22:22:14.132,0.71411,0.71436,1.87,1.00
2015.08.30 22:22:14.284,0.71411,0.71434,1.12,1.00
2015.08.30 22:22:14.837,0.71411,0.71435,1.12,1.00
2015.08.30 22:22:15.689,0.71411,0.71436,1.12,2.25
2015.08.30 22:22:16.207,0.71411,0.71435,1.12,1.00
2015.08.30 22:22:17.000,0.71411,0.71436,1.37,2.25
2015.08.30 22:22:18.002,0.71411,0.71436,1.12,2.25
2015.08.30 22:22:18.539,0.71411,0.71435,1.12,1.50
2015.08.30 22:22:20.268,0.7142,0.71435,1.00,1.00
2015.08.30 22:22:20.573,0.71426,0.71439,1.00,1.00
2015.08.30 22:22:21.387,0.71425,0.71437,1.00,1.00
2015.08.30 22:22:21.893,0.71425,0.71438,1.00,1.00
2015.08.30 22:22:23.392,0.71423,0.71438,1.00,1.00
2015.08.30 22:22:23.443,0.71419,0.71438,1.12,1.00
2015.08.30 22:22:23.544,0.71413,0.71437,1.37,1.00
2015.08.30 22:22:23.848,0.71413,0.71437,1.00,1.50
2015.08.30 22:22:23.950,0.71413,0.71435,1.00,1.00
2015.08.30 22:22:24.253,0.71409,0.7143,1.00,1.00
2015.08.30 22:22:31.567,0.71407,0.71431,1.00,1.50
2015.08.30 22:22:34.676,0.7141,0.71432,1.00,1.50
2015.08.30 22:22:35.183,0.71413,0.71436,1.00,1.50
2015.08.30 22:22:35.679,0.71414,0.71438,1.00,1.00
2015.08.30 22:22:37.889,0.71422,0.71437,1.00,1.00
2015.08.30 22:22:37.991,0.71422,0.7144,1.00,1.00
2015.08.30 22:22:38.143,0.7142,0.7144,1.00,1.00
2015.08.30 22:22:38.447,0.71418,0.71441,1.00,1.00
2015.08.30 22:22:38.599,0.71418,0.71439,1.00,1.00
2015.08.30 22:22:39.478,0.71416,0.71438,1.37,1.00
2015.08.30 22:22:39.993,0.71416,0.71438,1.00,1.50
2015.08.30 22:22:45.309,0.71415,0.71437,1.00,1.00
2015.08.30 22:22:48.308,0.71414,0.71435,1.00,1.00
2015.08.30 22:22:48.966,0.71415,0.71437,1.00,1.00
2015.08.30 22:22:52.323,0.71415,0.71436,1.00,1.50
2015.08.30 22:22:52.526,0.71415,0.71434,1.00,1.00
2015.08.30 22:22:52.627,0.71415,0.71437,1.00,1.00
2015.08.30 22:22:53.006,0.71413,0.71435,1.00,1.00
2015.08.30 22:22:53.512,0.71414,0.71436,1.00,1.00
2015.08.30 22:22:53.614,0.71414,0.71438,1.00,1.00
2015.08.30 22:22:54.757,0.71414,0.71437,1.00,1.00
2015.08.30 22:22:55.264,0.71414,0.71436,1.00,1.00
2015.08.30 22:22:55.417,0.71414,0.71438,1.00,1.00
2015.08.30 22:22:56.272,0.71414,0.71437,1.00,1.00
2015.08.30 22:22:56.866,0.71414,0.71438,1.00,1.50
2015.08.30 22:22:57.372,0.71414,0.71437,1.00,1.00
2015.08.30 22:22:58.522,0.71413,0.71437,1.50,1.50
2015.08.30 22:22:59.028,0.71413,0.71436,1.00,1.00
2015.08.30 22:22:59.231,0.71415,0.71435,1.00,1.00
2015.08.30 22:22:59.333,0.71413,0.71435,1.00,1.00
2015.08.30 22:22:59.925,0.71414,0.71436,1.00,1.00
2015.08.30 22:23:00.786,0.71411,0.71435,1.00,1.00
2015.08.30 22:23:00.938,0.71409,0.71433,1.37,1.00
2015.08.30 22:23:01.503,0.71409,0.71433,1.00,1.00
2015.08.30 22:23:01.831,0.71408,0.71431,1.00,1.00
2015.08.30 22:23:06.574,0.71408,0.71432,1.00,1.00
2015.08.30 22:23:09.425,0.71411,0.71433,1.00,1.00
2015.08.30 22:23:10.033,0.71411,0.71436,1.00,1.87
2015.08.30 22:23:10.186,0.7141,0.71434,1.00,1.00
2015.08.30 22:23:10.338,0.71408,0.71433,1.12,1.00
2015.08.30 22:23:11.523,0.71408,0.71432,1.00,1.50
2015.08.30 22:23:12.028,0.71408,0.71433,1.00,1.00
2015.08.30 22:23:14.088,0.71408,0.71432,1.00,1.00
2015.08.30 22:23:14.745,0.71408,0.71433,1.00,1.00
2015.08.30 22:23:17.275,0.71409,0.71431,1.00,1.00
2015.08.30 22:23:24.883,0.7141,0.71434,1.00,1.00
2015.08.30 22:23:25.295,0.71412,0.71436,1.00,1.37
2015.08.30 22:23:25.346,0.7141,0.71435,1.00,1.12
2015.08.30 22:23:25.851,0.71409,0.71433,1.00,1.00
2015.08.30 22:23:26.206,0.71411,0.71434,1.00,1.00
2015.08.30 22:23:26.966,0.71409,0.71433,1.00,1.00
2015.08.30 22:23:27.517,0.71411,0.71434,1.00,1.00
2015.08.30 22:23:30.317,0.71408,0.71433,1.00,1.00
2015.08.30 22:23:30.671,0.71408,0.71431,1.00,1.00
2015.08.30 22:23:30.974,0.71408,0.71429,1.00,1.00
2015.08.30 22:23:31.130,0.71408,0.71431,1.00,1.00
2015.08.30 22:23:31.939,0.71408,0.7143,1.00,1.00
2015.08.30 22:23:34.152,0.71408,0.71431,1.50,1.00
2015.08.30 22:23:36.455,0.71408,0.7143,1.00,1.00
2015.08.30 22:23:36.992,0.71408,0.71431,1.50,1.00
2015.08.30 22:23:41.840,0.71409,0.7143,1.00,1.00
2015.08.30 22:23:43.619,0.71408,0.71431,1.00,1.00
2015.08.30 22:23:44.129,0.71409,0.7143,1.00,1.00
2015.08.30 22:23:45.622,0.71408,0.71431,1.00,1.00
2015.08.30 22:23:51.981,0.71409,0.7143,1.00,1.00
2015.08.30 22:23:53.671,0.71408,0.71431,1.00,1.00
2015.08.30 22:23:54.269,0.71409,0.7143,1.00,1.00
2015.08.30 22:23:58.186,0.71408,0.7143,1.50,1.00
2015.08.30 22:24:00.542,0.71408,0.71431,1.50,1.50
2015.08.30 22:24:06.495,0.71407,0.7143,1.00,1.00
2015.08.30 22:24:06.605,0.71407,0.71431,1.00,1.87
2015.08.30 22:24:06.958,0.71408,0.71429,1.00,1.00
2015.08.30 22:24:07.060,0.71407,0.71432,1.00,3.00
2015.08.30 22:24:07.598,0.71407,0.71432,1.00,2.62
2015.08.30 22:24:08.154,0.71407,0.71429,1.00,1.00
2015.08.30 22:24:22.339,0.71407,0.71427,1.50,1.00
2015.08.30 22:24:24.701,0.71407,0.71432,1.50,3.00
2015.08.30 22:24:26.895,0.71408,0.71429,1.00,1.00
2015.08.30 22:24:27.199,0.71407,0.71427,1.50,1.00
2015.08.30 22:24:27.802,0.71409,0.71428,1.00,1.00
2015.08.30 22:24:27.905,0.71409,0.7143,1.00,1.00
2015.08.30 22:24:28.451,0.71409,0.71431,1.00,1.00
2015.08.30 22:24:34.176,0.71408,0.71432,1.00,1.50
2015.08.30 22:24:34.530,0.71408,0.7143,1.00,1.00
2015.08.30 22:24:34.904,0.71407,0.71432,1.00,1.00
2015.08.30 22:24:35.824,0.71408,0.71432,1.00,1.50
2015.08.30 22:24:36.331,0.71407,0.71432,1.00,1.00
2015.08.30 22:24:36.842,0.71408,0.71431,1.00,1.00
2015.08.30 22:24:37.450,0.71407,0.71432,1.12,1.00
2015.08.30 22:24:38.563,0.71407,0.71432,1.37,1.50
2015.08.30 22:24:39.069,0.71407,0.71432,1.00,1.00
2015.08.30 22:24:39.223,0.71409,0.71431,1.00,1.00
2015.08.30 22:24:39.627,0.71409,0.71429,1.00,1.00
2015.08.30 22:24:39.931,0.71409,0.71426,1.00,1.00
2015.08.30 22:24:40.833,0.71409,0.71429,1.00,1.00
2015.08.30 22:24:41.380,0.71409,0.7143,1.00,1.00
2015.08.30 22:24:42.327,0.71409,0.71431,1.00,1.00
2015.08.30 22:24:43.949,0.71409,0.71428,1.00,1.00
2015.08.30 22:24:44.354,0.71409,0.71425,1.00,1.00
2015.08.30 22:24:44.456,0.71409,0.71427,1.00,1.00
2015.08.30 22:24:44.507,0.71407,0.71427,1.50,1.00
2015.08.30 22:24:44.558,0.71407,0.71429,1.00,1.00
2015.08.30 22:24:45.082,0.71408,0.71432,1.00,1.37
2015.08.30 22:24:46.104,0.71408,0.71432,1.00,1.12
2015.08.30 22:24:47.946,0.71408,0.71432,1.00,1.37
2015.08.30 22:24:49.158,0.71408,0.71432,1.00,1.12
2015.08.30 22:24:50.660,0.71408,0.71429,1.00,1.00
2015.08.30 22:25:01.064,0.71408,0.7143,1.00,1.00
2015.08.30 22:25:01.600,0.71409,0.71431,1.00,1.50
2015.08.30 22:25:02.499,0.71409,0.7143,1.00,1.00
2015.08.30 22:25:03.044,0.71409,0.71431,1.00,1.00
2015.08.30 22:25:07.045,0.7141,0.71431,1.00,1.00
2015.08.30 22:25:09.873,0.7141,0.71432,1.00,1.50
2015.08.30 22:25:11.195,0.7141,0.7143,1.00,1.00
2015.08.30 22:25:11.796,0.7141,0.71431,1.00,1.00
2015.08.30 22:25:12.301,0.7141,0.7143,1.00,1.00
2015.08.30 22:25:15.191,0.7141,0.71432,1.00,1.50
2015.08.30 22:25:15.845,0.7141,0.71435,1.00,1.87
2015.08.30 22:25:16.635,0.7141,0.71432,1.00,1.00
2015.08.30 22:25:17.267,0.7141,0.71431,1.00,1.00
2015.08.30 22:25:17.773,0.7141,0.71432,1.00,1.00
2015.08.30 22:25:18.704,0.7141,0.71431,1.00,1.00
2015.08.30 22:25:19.711,0.7141,0.71429,1.00,1.00
2015.08.30 22:25:20.521,0.7141,0.71432,1.00,1.50
2015.08.30 22:25:21.140,0.7141,0.71431,1.00,1.00
2015.08.30 22:25:21.648,0.7141,0.71432,1.00,1.50
2015.08.30 22:25:23.831,0.71409,0.7143,1.00,1.00
2015.08.30 22:25:30.335,0.71409,0.71431,1.00,1.50
2015.08.30 22:25:53.480,0.71411,0.71432,1.00,1.50
2015.08.30 22:25:54.004,0.71411,0.71433,1.50,1.00
2015.08.30 22:26:00.579,0.71411,0.71434,1.00,1.50
2015.08.30 22:26:02.062,0.71411,0.71434,1.00,2.25
2015.08.30 22:26:03.415,0.71408,0.71432,1.87,1.37
2015.08.30 22:26:03.567,0.71408,0.71431,1.50,1.75
2015.08.30 22:26:03.975,0.71408,0.71429,1.00,1.75
2015.08.30 22:26:06.084,0.7141,0.71429,1.00,1.75
2015.08.30 22:26:06.939,0.71409,0.7143,1.00,1.75
2015.08.30 22:26:07.193,0.7141,0.71431,1.00,1.75
2015.08.30 22:26:07.345,0.71411,0.71431,1.00,1.00
2015.08.30 22:26:07.396,0.71413,0.71431,1.00,1.00
2015.08.30 22:26:07.548,0.71411,0.71432,1.00,1.50
2015.08.30 22:26:07.809,0.71413,0.71433,1.00,1.87
2015.08.30 22:26:09.950,0.71413,0.7143,1.00,1.00
2015.08.30 22:26:11.199,0.71412,0.7143,1.00,1.00
2015.08.30 22:26:11.546,0.71395,0.71409,2.62,1.00
2015.08.30 22:26:11.652,0.71394,0.71413,1.00,1.75
2015.08.30 22:26:11.703,0.71397,0.71412,1.00,1.50
2015.08.30 22:26:12.007,0.71401,0.71414,1.00,1.87
2015.08.30 22:26:12.260,0.71395,0.71414,1.00,1.87
2015.08.30 22:26:12.362,0.71395,0.71411,1.00,1.00
2015.08.30 22:26:12.967,0.71396,0.71411,1.00,1.00
2015.08.30 22:26:13.472,0.71395,0.71411,1.00,1.00
2015.08.30 22:26:18.677,0.71394,0.71411,1.00,1.00
2015.08.30 22:26:19.444,0.71394,0.71413,1.00,1.50
2015.08.30 22:26:20.684,0.71394,0.71412,1.00,1.00
2015.08.30 22:26:21.336,0.71394,0.71413,1.00,1.50
2015.08.30 22:26:21.387,0.71397,0.71412,1.00,1.00
2015.08.30 22:26:21.903,0.71398,0.71412,1.00,1.00
2015.08.30 22:26:22.085,0.71394,0.71412,1.00,1.00
2015.08.30 22:26:22.686,0.71394,0.71413,1.00,1.50
2015.08.30 22:26:23.261,0.71394,0.71412,1.00,1.00
2015.08.30 22:26:23.974,0.71394,0.71414,1.50,1.00
2015.08.30 22:26:24.126,0.71399,0.71415,1.00,1.00
2015.08.30 22:26:24.549,0.71399,0.71413,1.00,1.00
2015.08.30 22:26:27.279,0.71399,0.71415,1.00,1.12
2015.08.30 22:26:27.993,0.71399,0.71414,1.00,1.00
2015.08.30 22:26:30.633,0.71399,0.71412,1.00,1.00
2015.08.30 22:26:31.196,0.71399,0.71413,1.00,1.00
2015.08.30 22:26:31.399,0.71399,0.71418,1.00,1.12
2015.08.30 22:26:31.500,0.71399,0.71415,1.00,1.00
2015.08.30 22:26:32.005,0.71406,0.71419,1.00,1.50
2015.08.30 22:26:32.309,0.71418,0.71437,1.00,3.00
2015.08.30 22:26:32.360,0.71418,0.71437,1.00,1.50
2015.08.30 22:26:32.512,0.71418,0.7144,1.00,2.25
2015.08.30 22:26:32.614,0.71414,0.71436,1.00,1.12
2015.08.30 22:26:32.871,0.71414,0.71429,1.00,1.00
2015.08.30 22:26:32.922,0.71408,0.71429,1.00,1.00
2015.08.30 22:26:33.074,0.71403,0.71424,1.87,1.00
2015.08.30 22:26:33.125,0.71403,0.71424,1.12,1.00
2015.08.30 22:26:33.176,0.71401,0.71422,1.47,1.00
2015.08.30 22:26:33.227,0.71401,0.71422,1.10,1.00
2015.08.30 22:26:33.480,0.71399,0.71421,1.12,1.50
2015.08.30 22:26:33.990,0.71399,0.71421,1.12,1.50
2015.08.30 22:26:34.423,0.71399,0.71419,1.00,1.50
2015.08.30 22:26:34.943,0.71399,0.71416,1.00,1.00
2015.08.30 22:26:35.632,0.71401,0.71418,1.00,1.37
2015.08.30 22:26:36.623,0.71398,0.71418,1.00,1.37
2015.08.30 22:26:36.948,0.71398,0.7142,1.00,2.25
2015.08.30 22:26:37.407,0.71402,0.71422,1.00,2.62
2015.08.30 22:26:37.508,0.71402,0.71422,1.00,1.50
2015.08.30 22:26:39.845,0.71402,0.71421,1.00,1.00
2015.08.30 22:26:40.056,0.71398,0.71419,1.37,1.37
2015.08.30 22:26:40.514,0.71398,0.71412,1.00,1.00
2015.08.30 22:26:41.020,0.71399,0.71413,1.00,1.00
2015.08.30 22:26:49.541,0.71399,0.71412,1.00,1.00
2015.08.30 22:26:50.066,0.71399,0.71413,1.00,1.00
2015.08.30 22:26:53.558,0.71398,0.71413,1.00,1.00
2015.08.30 22:26:54.173,0.71398,0.71412,1.00,1.00
2015.08.30 22:27:03.268,0.71398,0.71415,1.00,1.00
2015.08.30 22:27:04.324,0.71399,0.71415,1.00,1.00
2015.08.30 22:27:04.375,0.714,0.71417,1.00,1.00
2015.08.30 22:27:05.163,0.714,0.71419,1.00,1.12
2015.08.30 22:27:05.467,0.714,0.71415,1.00,1.00
2015.08.30 22:27:06.478,0.714,0.71417,1.00,1.00
2015.08.30 22:27:07.287,0.714,0.71419,1.00,1.12
2015.08.30 22:27:07.831,0.714,0.71418,1.00,1.00
2015.08.30 22:27:11.693,0.71398,0.71418,1.00,1.00
2015.08.30 22:27:12.300,0.71398,0.71416,1.00,1.00
2015.08.30 22:27:13.495,0.71398,0.71414,1.00,1.00
2015.08.30 22:27:14.278,0.71398,0.71415,1.00,1.00
2015.08.30 22:27:22.279,0.71398,0.71416,1.00,1.00
2015.08.30 22:27:23.187,0.71398,0.71418,1.00,1.00
2015.08.30 22:27:23.707,0.71398,0.71415,1.00,1.00
2015.08.30 22:27:24.414,0.71398,0.71416,1.00,1.00
2015.08.30 22:27:25.127,0.71398,0.71418,1.00,1.12
2015.08.30 22:27:25.387,0.71398,0.71415,1.00,1.00
2015.08.30 22:27:26.305,0.71398,0.71414,1.00,1.00
2015.08.30 22:27:32.250,0.71398,0.71413,1.00,1.00
2015.08.30 22:27:32.793,0.71398,0.71412,1.00,1.00
2015.08.30 22:27:36.917,0.71398,0.71411,1.00,1.00
2015.08.30 22:27:39.122,0.71398,0.71413,1.00,1.00
2015.08.30 22:27:39.224,0.71398,0.71416,1.00,1.00
2015.08.30 22:27:39.376,0.71398,0.71419,1.00,1.00
2015.08.30 22:27:41.656,0.71398,0.71418,1.00,1.00
2015.08.30 22:27:43.071,0.71398,0.71415,1.00,1.00
2015.08.30 22:27:43.578,0.71398,0.71417,1.00,1.12
2015.08.30 22:27:48.854,0.71397,0.71414,1.00,1.00
2015.08.30 22:27:51.953,0.71394,0.71411,1.00,1.00
2015.08.30 22:27:52.163,0.71394,0.71415,1.00,1.00
2015.08.30 22:27:52.214,0.71396,0.71416,1.00,1.87
2015.08.30 22:27:52.731,0.71396,0.71415,1.00,1.00
2015.08.30 22:28:00.629,0.71395,0.71415,1.00,1.50
2015.08.30 22:28:13.224,0.71395,0.71412,1.00,1.00
2015.08.30 22:28:13.729,0.71395,0.71413,1.00,1.12
2015.08.30 22:28:15.417,0.71395,0.71415,1.00,1.50
2015.08.30 22:28:15.984,0.71395,0.71414,1.00,1.00
2015.08.30 22:28:19.784,0.71395,0.71415,1.00,1.50
2015.08.30 22:28:55.885,0.71394,0.71415,1.12,1.00
2015.08.30 22:29:01.513,0.71395,0.71415,1.00,1.00
2015.08.30 22:29:37.312,0.71397,0.71415,1.00,1.00
2015.08.30 22:29:38.859,0.71397,0.71414,1.12,1.00
2015.08.30 22:29:40.041,0.71396,0.71415,1.12,1.00
2015.08.30 22:29:41.346,0.71394,0.71413,1.12,1.00
2015.08.30 22:29:41.650,0.7139,0.71407,1.00,1.37
2015.08.30 22:29:46.364,0.7139,0.71405,1.00,1.00
2015.08.30 22:29:47.300,0.71391,0.71407,1.00,1.00
2015.08.30 22:29:53.997,0.7139,0.71407,1.00,1.00
2015.08.30 22:29:54.505,0.71389,0.71407,1.50,1.00
2015.08.30 22:29:57.827,0.71389,0.71402,1.00,1.00
2015.08.30 22:29:57.928,0.71389,0.71405,1.50,1.00
2015.08.30 22:29:58.434,0.71389,0.71406,1.50,1.00
2015.08.30 22:30:00.628,0.7139,0.71406,1.00,1.00
2015.08.30 22:30:01.611,0.71389,0.71406,1.00,1.00
2015.08.30 22:30:02.136,0.7139,0.71406,1.00,1.00
2015.08.30 22:30:02.586,0.7139,0.71408,1.00,1.00
2015.08.30 22:30:02.688,0.71392,0.7141,1.00,1.50
2015.08.30 22:30:03.238,0.71391,0.71412,2.62,1.37
2015.08.30 22:30:03.390,0.71392,0.71415,1.50,1.00
2015.08.30 22:30:04.001,0.71394,0.71415,1.00,1.00
2015.08.30 22:30:04.103,0.71397,0.71415,1.00,1.00
2015.08.30 22:30:06.034,0.71395,0.71413,1.12,1.00
2015.08.30 22:30:06.135,0.71395,0.71415,1.12,1.50
2015.08.30 22:30:06.558,0.71392,0.71415,1.50,1.87
2015.08.30 22:30:06.760,0.71392,0.71414,1.00,1.37
2015.08.30 22:30:07.317,0.71391,0.71413,1.00,1.37
2015.08.30 22:30:07.822,0.71391,0.71413,1.00,1.00
2015.08.30 22:30:16.832,0.7139,0.71413,1.12,1.00
2015.08.30 22:30:18.522,0.71392,0.71414,1.00,1.12
2015.08.30 22:30:18.826,0.71392,0.71411,1.12,1.00
2015.08.30 22:30:22.944,0.71393,0.71414,1.00,1.12
2015.08.30 22:30:23.494,0.71393,0.71414,1.37,1.00
2015.08.30 22:30:27.863,0.71393,0.71414,1.12,1.00
2015.08.30 22:30:29.151,0.71393,0.71413,1.12,1.00
2015.08.30 22:30:33.388,0.71393,0.71413,1.50,1.00
2015.08.30 22:30:33.837,0.71396,0.71414,1.75,1.00
2015.08.30 22:30:33.989,0.71397,0.71418,1.50,1.00
2015.08.30 22:30:34.040,0.714,0.71421,1.00,4.50
2015.08.30 22:30:34.551,0.714,0.71421,1.37,1.00
2015.08.30 22:30:39.563,0.71401,0.71422,1.12,1.00
2015.08.30 22:31:03.518,0.71404,0.71423,1.00,1.00
2015.08.30 22:31:03.821,0.71406,0.71423,1.00,1.00
2015.08.30 22:31:05.180,0.71406,0.71425,1.12,1.00
2015.08.30 22:31:20.060,0.71406,0.71424,1.00,1.00
2015.08.30 22:31:33.191,0.71407,0.71424,1.00,1.00
2015.08.30 22:31:35.101,0.71407,0.71425,1.00,1.00
2015.08.30 22:31:35.499,0.71415,0.71431,1.00,1.87
2015.08.30 22:31:35.652,0.71416,0.71434,1.00,1.00
2015.08.30 22:31:36.289,0.71417,0.71435,1.00,1.00
2015.08.30 22:31:36.345,0.71424,0.71442,1.00,3.75
2015.08.30 22:31:36.396,0.71424,0.71442,1.00,3.37
2015.08.30 22:31:36.447,0.71424,0.71445,1.00,1.87
2015.08.30 22:31:36.548,0.71424,0.71446,1.00,1.00
2015.08.30 22:31:37.409,0.71426,0.71445,1.00,1.00
2015.08.30 22:31:39.958,0.71427,0.71445,1.00,1.00
2015.08.30 22:31:40.468,0.71427,0.71444,1.00,1.00
2015.08.30 22:31:49.874,0.71424,0.71442,1.12,3.00
2015.08.30 22:31:49.925,0.71424,0.71439,1.12,1.00
2015.08.30 22:31:50.027,0.7142,0.71439,1.12,1.00
2015.08.30 22:31:50.078,0.71422,0.71437,1.00,1.00
2015.08.30 22:31:50.326,0.71415,0.71437,1.50,1.00
2015.08.30 22:31:51.442,0.7142,0.71436,1.00,1.00
2015.08.30 22:31:51.979,0.71417,0.71435,1.00,1.00
2015.08.30 22:31:52.839,0.71417,0.71434,1.00,1.00
2015.08.30 22:31:53.355,0.71415,0.71433,1.50,1.00
2015.08.30 22:32:17.090,0.71416,0.71434,1.00,1.00
2015.08.30 22:32:20.094,0.71419,0.71436,1.00,1.00
2015.08.30 22:32:22.944,0.71418,0.71436,1.00,1.00
2015.08.30 22:32:40.066,0.71418,0.71435,1.00,1.00
2015.08.30 22:33:10.527,0.71418,0.71437,1.00,1.00
2015.08.30 22:33:10.578,0.71421,0.71437,1.00,1.00
2015.08.30 22:33:10.780,0.7142,0.71439,1.12,1.12
2015.08.30 22:33:10.831,0.71423,0.71439,1.00,1.12
2015.08.30 22:33:11.088,0.71423,0.71442,1.12,1.50
2015.08.30 22:33:11.844,0.71428,0.71442,1.00,1.50
2015.08.30 22:33:13.252,0.71432,0.71442,1.00,1.00
2015.08.30 22:33:13.757,0.71432,0.71443,1.00,1.00
2015.08.30 22:33:14.304,0.71433,0.71443,1.00,1.00
2015.08.30 22:33:14.805,0.71432,0.71443,1.00,1.00
2015.08.30 22:33:19.129,0.71432,0.71444,1.00,1.00
2015.08.30 22:33:19.467,0.71432,0.71442,1.00,1.00
2015.08.30 22:33:25.612,0.71432,0.71445,1.00,1.00
2015.08.30 22:33:29.016,0.71432,0.71446,1.00,1.00
2015.08.30 22:33:31.355,0.71431,0.71447,1.00,1.00
2015.08.30 22:33:31.564,0.71433,0.71446,1.00,1.00
2015.08.30 22:33:33.355,0.71434,0.71446,1.00,1.00
2015.08.30 22:33:35.166,0.71432,0.71446,1.00,1.00
2015.08.30 22:33:40.069,0.71431,0.71446,1.00,1.00
2015.08.30 22:33:44.688,0.71431,0.71445,1.00,1.00
2015.08.30 22:33:53.536,0.71431,0.71444,1.00,1.00
2015.08.30 22:33:58.790,0.71431,0.71445,1.00,1.00
2015.08.30 22:34:05.197,0.71431,0.71448,1.00,2.25
2015.08.30 22:34:06.931,0.71428,0.71443,1.00,1.00
2015.08.30 22:34:08.119,0.71426,0.71444,1.50,1.00
2015.08.30 22:34:11.613,0.71428,0.71444,1.00,1.00
2015.08.30 22:34:11.867,0.71428,0.71447,1.00,1.00
2015.08.30 22:34:16.677,0.71426,0.71447,2.25,1.50
2015.08.30 22:34:21.636,0.71429,0.71448,1.00,1.00
2015.08.30 22:34:22.180,0.71431,0.71451,1.00,1.00
2015.08.30 22:34:22.686,0.71431,0.71452,1.00,1.50
2015.08.30 22:34:23.574,0.71431,0.71451,1.00,1.00
2015.08.30 22:34:26.895,0.71439,0.71451,1.00,1.00
2015.08.30 22:34:26.996,0.71435,0.71451,1.12,1.00
2015.08.30 22:34:27.098,0.71432,0.71454,1.37,1.00
2015.08.30 22:34:27.199,0.71435,0.71454,1.00,1.00
2015.08.30 22:34:27.503,0.71431,0.71452,1.37,1.50
2015.08.30 22:34:27.605,0.71431,0.71452,1.00,1.87
2015.08.30 22:34:28.067,0.71436,0.71452,1.37,1.00
2015.08.30 22:34:28.119,0.71436,0.71454,1.75,1.12
2015.08.30 22:34:28.271,0.71434,0.71453,1.37,1.50
2015.08.30 22:34:28.372,0.71432,0.71453,1.37,1.00
2015.08.30 22:34:28.907,0.71434,0.71453,1.00,1.00
2015.08.30 22:34:29.059,0.71434,0.71455,1.50,1.12
2015.08.30 22:34:29.692,0.71436,0.71456,1.00,1.50
2015.08.30 22:34:36.499,0.71436,0.71457,1.00,1.50
2015.08.30 22:34:37.004,0.71437,0.71457,1.00,1.00
2015.08.30 22:34:38.110,0.71437,0.71458,1.00,1.00
2015.08.30 22:34:39.997,0.71437,0.71458,1.00,1.00
2015.08.30 22:34:41.374,0.7144,0.71459,1.00,1.00
2015.08.30 22:34:41.678,0.71447,0.7146,1.00,1.00
2015.08.30 22:34:41.962,0.71439,0.71457,1.00,1.00
2015.08.30 22:34:43.726,0.7144,0.71456,1.00,1.00
2015.08.30 22:34:47.816,0.71439,0.71455,1.00,1.00
2015.08.30 22:34:48.363,0.7144,0.71456,1.00,1.00
2015.08.30 22:34:51.727,0.71441,0.71454,1.00,1.00
2015.08.30 22:34:58.777,0.71437,0.71455,1.00,1.50
2015.08.30 22:34:59.384,0.71439,0.71455,1.00,1.50
2015.08.30 22:35:07.191,0.71437,0.71455,1.00,1.50
2015.08.30 22:35:18.554,0.71437,0.71454,1.00,1.00
2015.08.30 22:35:18.706,0.71439,0.71454,1.00,1.00
2015.08.30 22:35:19.045,0.71441,0.71454,1.00,1.50
2015.08.30 22:35:20.082,0.71437,0.71455,1.00,1.00
2015.08.30 22:35:20.894,0.71439,0.71455,1.00,1.00
2015.08.30 22:35:20.997,0.71437,0.71455,1.00,1.00
2015.08.30 22:35:23.307,0.71438,0.71455,1.00,1.00
2015.08.30 22:35:24.222,0.71439,0.71455,1.00,1.50
2015.08.30 22:35:24.486,0.71437,0.71455,1.00,1.00
2015.08.30 22:35:25.132,0.71438,0.71455,1.00,1.00
2015.08.30 22:35:25.416,0.7144,0.71455,1.00,1.50
2015.08.30 22:35:28.107,0.71437,0.71455,1.00,1.50
2015.08.30 22:35:28.502,0.71439,0.71455,1.00,1.50
2015.08.30 22:35:31.095,0.71439,0.71454,1.00,1.00
2015.08.30 22:35:31.416,0.71434,0.71447,1.00,1.00
2015.08.30 22:35:31.922,0.71433,0.71448,1.00,1.50
2015.08.30 22:35:35.800,0.71433,0.71446,1.00,1.00
2015.08.30 22:35:36.306,0.71434,0.71446,1.00,1.00
2015.08.30 22:35:37.249,0.71433,0.71446,1.00,1.50
2015.08.30 22:35:37.654,0.7143,0.71446,1.00,1.50
2015.08.30 22:35:38.202,0.71431,0.71446,1.00,1.50
2015.08.30 22:35:39.328,0.7143,0.71446,1.00,1.50
2015.08.30 22:35:50.734,0.7143,0.71445,1.00,1.00
2015.08.30 22:35:52.344,0.7143,0.71447,1.00,1.50
2015.08.30 22:36:00.088,0.7143,0.71444,1.00,1.00
2015.08.30 22:36:00.190,0.71431,0.71446,1.00,1.00
2015.08.30 22:36:00.563,0.71429,0.71445,1.00,1.00
2015.08.30 22:36:01.070,0.7143,0.71445,1.00,1.00
2015.08.30 22:36:02.394,0.71432,0.7145,1.00,2.62
2015.08.30 22:36:02.546,0.71434,0.7145,1.00,1.00
2015.08.30 22:36:03.098,0.71434,0.71451,1.00,1.00
2015.08.30 22:36:03.408,0.71438,0.71451,1.00,1.00
2015.08.30 22:36:03.611,0.71438,0.71453,1.00,1.00
2015.08.30 22:36:04.123,0.71437,0.71453,1.00,1.00
2015.08.30 22:36:04.482,0.71439,0.71454,1.00,1.50
2015.08.30 22:36:04.686,0.71437,0.71454,1.00,1.50
2015.08.30 22:36:04.788,0.71435,0.71452,1.00,1.00
2015.08.30 22:36:05.193,0.71437,0.71452,1.00,1.00
2015.08.30 22:36:05.295,0.71435,0.71452,1.00,1.00
2015.08.30 22:36:06.064,0.71435,0.71454,1.00,1.00
2015.08.30 22:36:06.115,0.71437,0.71454,1.00,1.00
2015.08.30 22:36:06.419,0.71436,0.71451,1.00,1.00
2015.08.30 22:36:06.926,0.71437,0.71451,1.00,1.00
2015.08.30 22:36:07.027,0.71437,0.71454,1.00,1.50
2015.08.30 22:36:08.608,0.71436,0.71454,1.00,1.00
2015.08.30 22:36:09.417,0.71437,0.71454,1.00,1.00
2015.08.30 22:36:09.518,0.71439,0.71454,1.00,1.00
2015.08.30 22:36:09.670,0.71439,0.71456,1.00,2.25
2015.08.30 22:36:09.887,0.71439,0.71453,1.00,1.00
2015.08.30 22:36:09.938,0.71437,0.71453,1.00,1.00
2015.08.30 22:36:09.989,0.71439,0.71453,1.00,1.00
2015.08.30 22:36:10.219,0.71437,0.71454,1.00,1.50
2015.08.30 22:36:10.320,0.71439,0.71454,1.00,1.50
2015.08.30 22:36:11.499,0.7144,0.71454,1.00,1.00
2015.08.30 22:36:12.047,0.71438,0.71454,1.00,1.00
2015.08.30 22:36:12.553,0.71439,0.71454,1.00,1.00
2015.08.30 22:36:13.058,0.7144,0.71454,1.00,1.50
2015.08.30 22:36:13.210,0.71437,0.71454,1.00,1.00
2015.08.30 22:36:13.311,0.7144,0.71454,1.00,1.00
2015.08.30 22:36:13.812,0.7144,0.71453,1.00,1.00
2015.08.30 22:36:14.216,0.7144,0.71455,1.00,1.00
2015.08.30 22:36:18.916,0.71439,0.71456,1.00,1.00
2015.08.30 22:36:19.423,0.71441,0.71454,1.00,1.00
2015.08.30 22:36:24.557,0.71439,0.71457,1.00,1.50
2015.08.30 22:36:24.608,0.71439,0.71455,1.00,1.00
2015.08.30 22:36:24.659,0.71434,0.71452,1.00,1.00
2015.08.30 22:36:24.862,0.71434,0.7145,1.00,1.00
2015.08.30 22:36:25.368,0.71435,0.71451,1.00,1.00
2015.08.30 22:36:25.893,0.71435,0.71452,1.00,1.00
2015.08.30 22:36:26.198,0.71437,0.71452,1.00,1.00
2015.08.30 22:36:27.049,0.71436,0.71451,1.00,1.00
2015.08.30 22:36:27.151,0.71437,0.71454,1.00,1.00
2015.08.30 22:36:27.556,0.7144,0.71454,1.00,1.50
2015.08.30 22:36:27.657,0.71437,0.71454,1.00,1.00
2015.08.30 22:36:27.759,0.71439,0.71454,1.00,1.00
2015.08.30 22:36:27.911,0.71438,0.71456,1.00,2.25
2015.08.30 22:36:28.164,0.71441,0.71455,1.00,1.00
2015.08.30 22:36:28.366,0.71434,0.71454,1.00,1.00
2015.08.30 22:36:28.777,0.71434,0.71452,1.00,1.00
2015.08.30 22:36:29.181,0.71437,0.71452,1.00,1.00
2015.08.30 22:36:29.335,0.71437,0.71454,1.00,1.00
2015.08.30 22:36:29.489,0.71438,0.71456,1.00,1.87
2015.08.30 22:36:29.996,0.71439,0.71456,1.00,1.12
2015.08.30 22:36:30.415,0.71439,0.71454,1.00,1.00
2015.08.30 22:36:30.920,0.71438,0.71454,1.00,1.00
2015.08.30 22:36:31.427,0.71439,0.71454,1.00,1.00
2015.08.30 22:36:32.048,0.71438,0.71454,1.00,1.00
2015.08.30 22:36:32.554,0.71439,0.71455,1.00,1.50
2015.08.30 22:36:33.061,0.71438,0.71454,1.00,1.00
2015.08.30 22:36:34.209,0.7144,0.71455,1.00,1.00
2015.08.30 22:36:35.007,0.71439,0.71455,1.00,1.00
2015.08.30 22:36:41.413,0.71441,0.71455,1.00,1.00
2015.08.30 22:36:41.615,0.71439,0.71454,1.00,1.00
2015.08.30 22:36:43.138,0.71439,0.71455,1.00,1.00
2015.08.30 22:36:43.668,0.71439,0.71454,1.00,1.00
2015.08.30 22:36:44.904,0.71439,0.71455,1.00,1.00
2015.08.30 22:36:45.014,0.71438,0.71453,1.00,1.00
2015.08.30 22:36:45.317,0.71436,0.71453,1.00,1.00
2015.08.30 22:36:49.946,0.71435,0.71454,1.00,1.00
2015.08.30 22:36:50.048,0.71438,0.71453,1.00,1.00
2015.08.30 22:36:50.556,0.71437,0.71453,1.00,1.00
2015.08.30 22:36:53.451,0.71437,0.71452,1.00,1.00
2015.08.30 22:37:09.370,0.71438,0.71453,1.00,1.00
2015.08.30 22:37:10.164,0.71439,0.71455,1.00,1.00
2015.08.30 22:37:10.501,0.71442,0.71455,1.00,1.00
2015.08.30 22:37:13.886,0.71445,0.71461,1.00,1.12
2015.08.30 22:37:13.988,0.71448,0.71462,1.00,1.00
2015.08.30 22:37:14.637,0.71448,0.71463,1.00,1.00
2015.08.30 22:37:14.890,0.71448,0.71465,1.00,1.00
2015.08.30 22:37:15.861,0.71447,0.71465,1.00,1.00
2015.08.30 22:37:16.413,0.71448,0.71465,1.00,1.00
2015.08.30 22:37:16.947,0.71447,0.71465,1.00,1.00
2015.08.30 22:37:17.596,0.71448,0.71465,1.00,1.00
2015.08.30 22:37:17.697,0.71451,0.71467,1.00,1.87
2015.08.30 22:37:17.801,0.71448,0.71465,1.00,1.00
2015.08.30 22:37:17.902,0.71448,0.71467,1.00,1.00
2015.08.30 22:37:18.408,0.7145,0.71467,1.00,1.00
2015.08.30 22:37:18.816,0.71448,0.71461,1.00,1.00
2015.08.30 22:37:18.917,0.71446,0.71461,1.00,1.00
2015.08.30 22:37:24.782,0.71447,0.71461,1.00,1.00
2015.08.30 22:37:25.325,0.71446,0.71461,1.00,1.00
2015.08.30 22:37:31.327,0.71447,0.71464,1.00,1.00
2015.08.30 22:37:31.530,0.71447,0.71462,1.00,1.00
2015.08.30 22:37:51.245,0.71449,0.71462,1.00,1.00
2015.08.30 22:37:53.965,0.71447,0.71462,1.00,1.00
2015.08.30 22:37:59.793,0.71448,0.71462,1.00,1.00
2015.08.30 22:37:59.949,0.71448,0.71464,1.00,1.00
2015.08.30 22:38:00.459,0.71447,0.71465,1.00,1.00
2015.08.30 22:38:01.762,0.71452,0.71466,1.00,1.00
2015.08.30 22:38:16.839,0.71452,0.71469,1.00,1.12
2015.08.30 22:38:17.143,0.71452,0.71467,1.00,1.00
2015.08.30 22:38:17.810,0.71452,0.71466,1.00,1.00
2015.08.30 22:38:17.865,0.71452,0.71469,1.00,1.12
2015.08.30 22:38:18.240,0.71452,0.71467,1.00,1.00
2015.08.30 22:38:18.440,0.71452,0.71469,1.00,1.12
2015.08.30 22:38:18.541,0.71452,0.71466,1.00,1.00
2015.08.30 22:38:18.643,0.71452,0.71468,1.00,1.00
2015.08.30 22:38:18.913,0.71455,0.71468,1.00,1.00
2015.08.30 22:38:19.014,0.71453,0.71467,1.00,1.00
2015.08.30 22:38:20.068,0.71451,0.71467,1.50,1.00
2015.08.30 22:38:20.422,0.71451,0.71469,1.00,1.12
2015.08.30 22:38:24.645,0.71451,0.71467,1.00,1.00
2015.08.30 22:38:25.808,0.7145,0.71467,1.50,1.00
2015.08.30 22:38:25.859,0.7145,0.71469,1.50,1.12
2015.08.30 22:38:26.163,0.71451,0.71466,1.00,1.00
2015.08.30 22:38:31.662,0.71452,0.71466,1.00,1.00
2015.08.30 22:38:33.702,0.71449,0.71466,1.50,1.00
2015.08.30 22:38:34.966,0.7145,0.71463,1.00,1.00
2015.08.30 22:38:35.957,0.71449,0.71464,1.00,1.00
2015.08.30 22:38:36.262,0.71449,0.71462,1.00,1.00
2015.08.30 22:38:40.121,0.71448,0.71462,1.50,1.00
2015.08.30 22:38:52.843,0.71448,0.71464,1.50,1.00
2015.08.30 22:38:53.303,0.71448,0.71466,1.50,1.00
2015.08.30 22:38:54.340,0.71448,0.71465,1.50,1.00
2015.08.30 22:38:54.846,0.71448,0.71464,1.50,1.00
2015.08.30 22:38:55.366,0.71449,0.71464,1.00,1.00
2015.08.30 22:38:56.264,0.71449,0.71463,1.00,1.00
2015.08.30 22:38:57.353,0.71448,0.71465,1.50,1.00
2015.08.30 22:39:03.842,0.71448,0.71464,1.50,1.00
2015.08.30 22:39:03.893,0.71452,0.71464,1.00,1.00
2015.08.30 22:39:04.280,0.71449,0.71464,1.00,1.00
2015.08.30 22:39:05.985,0.71448,0.71464,1.50,1.00
2015.08.30 22:39:07.090,0.71448,0.71466,1.50,1.00
2015.08.30 22:39:09.367,0.71449,0.71466,1.00,1.00
2015.08.30 22:39:13.489,0.71449,0.71467,1.50,1.00
2015.08.30 22:39:14.012,0.7145,0.71467,1.00,1.00
2015.08.30 22:39:15.670,0.71451,0.71467,1.00,1.00
2015.08.30 22:39:16.063,0.7145,0.71469,1.50,1.00
2015.08.30 22:39:17.174,0.7145,0.71468,1.50,1.00
2015.08.30 22:39:17.225,0.71454,0.71468,1.00,1.00
2015.08.30 22:39:17.478,0.71451,0.7147,1.50,1.00
2015.08.30 22:39:17.579,0.71455,0.71471,1.00,1.00
2015.08.30 22:39:19.404,0.71455,0.71467,1.00,1.00
2015.08.30 22:39:20.029,0.71454,0.71467,1.50,1.00
2015.08.30 22:39:20.538,0.71455,0.71468,1.00,1.00
2015.08.30 22:39:20.842,0.71451,0.71469,1.12,1.00
2015.08.30 22:39:20.943,0.71449,0.7147,2.25,1.87
2015.08.30 22:39:20.994,0.71454,0.71468,1.00,1.00
2015.08.30 22:39:21.403,0.71451,0.71472,2.62,1.50
2015.08.30 22:39:21.937,0.71452,0.71472,1.00,1.50
2015.08.30 22:39:22.408,0.71453,0.7147,1.00,1.00
2015.08.30 22:39:22.459,0.71451,0.7147,1.50,1.00
2015.08.30 22:39:22.970,0.71452,0.71471,1.00,1.00
2015.08.30 22:39:30.078,0.71453,0.71471,1.00,1.50
2015.08.30 22:39:31.599,0.71454,0.71472,1.00,1.00
2015.08.30 22:39:32.104,0.71453,0.71471,1.50,1.00
2015.08.30 22:39:37.522,0.71455,0.71471,1.00,1.00
2015.08.30 22:39:38.327,0.71455,0.71469,1.00,1.00
2015.08.30 22:39:39.029,0.71456,0.71469,1.00,1.00
2015.08.30 22:39:39.333,0.71454,0.71471,1.00,1.00
2015.08.30 22:39:39.862,0.71453,0.71471,1.50,1.00
2015.08.30 22:39:42.556,0.71451,0.7147,1.50,1.00
2015.08.30 22:39:43.077,0.71452,0.71471,1.00,1.50
2015.08.30 22:39:49.082,0.71451,0.71471,1.00,1.50
2015.08.30 22:39:49.133,0.71457,0.7147,1.00,1.00
2015.08.30 22:39:49.639,0.71456,0.71471,1.00,1.50
2015.08.30 22:39:50.231,0.71457,0.71471,1.00,1.00
2015.08.30 22:39:52.868,0.71455,0.71471,1.00,1.00
2015.08.30 22:39:53.853,0.71456,0.7147,1.00,1.00
2015.08.30 22:39:54.248,0.71451,0.71472,1.50,1.50
2015.08.30 22:39:54.350,0.7145,0.71465,1.50,1.00
2015.08.30 22:39:54.452,0.7145,0.71465,1.00,1.00
2015.08.30 22:39:54.554,0.71448,0.71462,1.00,1.00
2015.08.30 22:39:55.075,0.71447,0.71462,1.00,1.00
2015.08.30 22:40:02.879,0.71448,0.71463,1.00,1.50
2015.08.30 22:40:04.267,0.71446,0.71463,1.00,1.00
2015.08.30 22:40:04.318,0.71443,0.71453,1.12,1.00
2015.08.30 22:40:04.369,0.71439,0.71452,1.12,1.50
2015.08.30 22:40:04.470,0.71437,0.71452,1.00,1.50
2015.08.30 22:40:04.673,0.71435,0.7145,1.00,1.00
2015.08.30 22:40:04.977,0.71433,0.71447,1.00,1.00
2015.08.30 22:40:05.180,0.7143,0.71449,1.50,1.00
2015.08.30 22:40:05.697,0.71431,0.71451,1.00,1.00
2015.08.30 22:40:08.562,0.71431,0.7145,1.00,1.00
2015.08.30 22:40:08.882,0.71433,0.7145,1.00,1.00
2015.08.30 22:40:11.081,0.71433,0.71448,1.00,1.50
2015.08.30 22:40:11.132,0.71428,0.71445,1.50,1.00
2015.08.30 22:40:11.183,0.71428,0.71443,1.12,1.00
2015.08.30 22:40:11.688,0.71429,0.71443,1.00,1.00
2015.08.30 22:40:13.724,0.71425,0.71433,1.12,1.00
2015.08.30 22:40:13.775,0.71424,0.7143,1.00,1.00
2015.08.30 22:40:13.876,0.71419,0.7143,1.37,1.00
2015.08.30 22:40:13.927,0.71414,0.71432,1.00,1.00
2015.08.30 22:40:14.079,0.71411,0.71432,1.87,1.00
2015.08.30 22:40:14.592,0.71411,0.7143,1.00,1.00
2015.08.30 22:40:15.089,0.71406,0.71422,1.37,1.50
2015.08.30 22:40:15.241,0.71404,0.71422,1.00,1.00
2015.08.30 22:40:15.766,0.71405,0.71422,1.12,1.00
2015.08.30 22:40:24.909,0.71405,0.71423,1.12,1.00
2015.08.30 22:40:30.069,0.71405,0.71419,1.12,1.00
2015.08.30 22:40:30.731,0.71404,0.71419,1.50,1.00
2015.08.30 22:40:39.377,0.71406,0.71418,1.00,1.00
2015.08.30 22:40:39.919,0.71407,0.71418,1.00,1.00
2015.08.30 22:40:40.433,0.71407,0.71419,1.00,1.00
2015.08.30 22:40:43.411,0.71407,0.71418,1.00,1.00
2015.08.30 22:40:58.681,0.71407,0.71419,1.00,1.00
2015.08.30 22:41:06.209,0.71408,0.71419,1.00,1.00
2015.08.30 22:41:17.971,0.71406,0.71419,1.00,1.00
2015.08.30 22:41:18.489,0.71407,0.71419,1.00,1.00
2015.08.30 22:41:22.595,0.71409,0.71419,1.00,1.00
2015.08.30 22:41:23.152,0.71408,0.71419,1.00,1.00
2015.08.30 22:41:30.467,0.71406,0.71419,1.00,1.00
2015.08.30 22:41:33.762,0.71406,0.71421,1.00,1.00
2015.08.30 22:41:33.914,0.71408,0.71421,1.00,1.00
2015.08.30 22:41:36.795,0.71407,0.71421,1.00,1.00
2015.08.30 22:41:36.947,0.71407,0.71424,1.00,1.00
2015.08.30 22:41:37.099,0.71409,0.71424,1.00,1.00
2015.08.30 22:41:38.274,0.71409,0.71421,1.00,1.00
2015.08.30 22:41:38.780,0.71408,0.71421,1.00,1.00
2015.08.30 22:41:41.606,0.71406,0.71421,1.00,1.00
2015.08.30 22:41:42.112,0.71403,0.71421,1.50,1.00
2015.08.30 22:41:42.417,0.71404,0.71419,1.00,1.00
2015.08.30 22:41:43.509,0.71402,0.71419,1.00,1.00
2015.08.30 22:41:43.560,0.71405,0.71421,1.00,1.00
2015.08.30 22:41:44.116,0.71404,0.71421,1.00,1.50
2015.08.30 22:41:44.621,0.71404,0.7142,1.00,1.00
2015.08.30 22:41:54.174,0.71404,0.71417,1.00,1.00
2015.08.30 22:41:54.478,0.71394,0.71409,1.12,1.00
2015.08.30 22:41:55.661,0.71391,0.71409,1.87,1.00
2015.08.30 22:41:55.762,0.71397,0.71409,1.00,1.00
2015.08.30 22:41:57.854,0.71393,0.71409,1.12,1.00
2015.08.30 22:41:59.972,0.71395,0.71409,1.00,1.00
2015.08.30 22:42:00.510,0.71395,0.71408,1.00,1.00
2015.08.30 22:42:05.553,0.71395,0.7141,1.00,1.00
2015.08.30 22:42:06.360,0.71395,0.71401,1.00,1.00
2015.08.30 22:42:06.411,0.71395,0.71405,1.00,1.00
2015.08.30 22:42:06.809,0.71392,0.71408,1.00,1.00
2015.08.30 22:42:07.611,0.71394,0.71408,1.00,1.00
2015.08.30 22:42:09.811,0.71395,0.71408,1.00,1.00
2015.08.30 22:42:11.381,0.71395,0.71405,1.00,1.00
2015.08.30 22:42:13.329,0.71392,0.71399,1.00,1.00
2015.08.30 22:42:13.380,0.71388,0.71396,1.00,1.00
2015.08.30 22:42:13.583,0.71382,0.71396,1.50,1.00
2015.08.30 22:42:13.634,0.71382,0.71393,1.50,1.00
2015.08.30 22:42:13.979,0.71379,0.71392,1.00,1.12
2015.08.30 22:42:14.031,0.71376,0.71388,1.00,1.00
2015.08.30 22:42:14.133,0.71374,0.71388,1.50,1.00
2015.08.30 22:42:14.386,0.71374,0.71385,1.50,1.00
2015.08.30 22:42:14.893,0.71375,0.71385,1.00,1.00
2015.08.30 22:42:15.393,0.71358,0.71372,1.00,1.00
2015.08.30 22:42:15.444,0.71366,0.71372,1.00,1.00
2015.08.30 22:42:15.546,0.71356,0.71372,1.00,1.00
2015.08.30 22:42:15.952,0.71356,0.7137,1.00,1.00
2015.08.30 22:42:16.255,0.71353,0.71365,1.12,1.00
2015.08.30 22:42:16.559,0.71356,0.71367,1.00,1.00
2015.08.30 22:42:17.098,0.71355,0.71367,1.00,1.00
2015.08.30 22:42:17.604,0.71354,0.71367,1.00,1.00
2015.08.30 22:42:17.908,0.71354,0.71364,1.00,1.00
2015.08.30 22:42:18.682,0.71354,0.71368,1.00,1.00
2015.08.30 22:42:18.738,0.71355,0.71366,1.00,1.00
2015.08.30 22:42:19.244,0.71356,0.71366,1.00,1.00
2015.08.30 22:42:19.548,0.71357,0.71368,1.00,1.12
2015.08.30 22:42:20.067,0.71356,0.71367,1.00,1.00
2015.08.30 22:42:22.660,0.71356,0.71365,1.00,1.00
2015.08.30 22:42:22.879,0.71356,0.71367,1.00,1.00
2015.08.30 22:42:22.981,0.71357,0.71369,1.00,1.00
2015.08.30 22:42:23.284,0.71355,0.71369,1.00,1.00
2015.08.30 22:42:26.898,0.71356,0.71369,1.00,1.00
2015.08.30 22:42:30.798,0.71356,0.71368,1.00,1.00
2015.08.30 22:42:30.900,0.71356,0.71366,1.00,1.00
2015.08.30 22:42:31.597,0.71356,0.71367,1.00,1.00
2015.08.30 22:42:31.699,0.71358,0.7137,1.00,1.50
2015.08.30 22:42:32.206,0.71357,0.7137,1.00,1.00
2015.08.30 22:42:32.759,0.71359,0.7137,1.00,1.00
2015.08.30 22:42:32.860,0.71357,0.7137,1.00,1.00
2015.08.30 22:42:33.366,0.71358,0.7137,1.00,1.00
2015.08.30 22:42:33.569,0.71356,0.7137,1.00,1.00
2015.08.30 22:42:33.873,0.71358,0.7137,1.00,1.00
2015.08.30 22:42:34.178,0.71359,0.71366,1.00,1.00
2015.08.30 22:42:34.279,0.71354,0.71367,1.54,1.00
2015.08.30 22:42:39.984,0.71354,0.71365,1.00,1.00
2015.08.30 22:42:40.888,0.71353,0.71365,1.00,1.00
2015.08.30 22:42:42.656,0.71354,0.71365,1.00,1.00
2015.08.30 22:42:42.757,0.71356,0.71369,1.00,1.12
2015.08.30 22:42:42.809,0.71359,0.71371,1.00,1.12
2015.08.30 22:42:43.255,0.71363,0.71369,1.00,1.00
2015.08.30 22:42:43.306,0.71356,0.71369,1.00,1.00
2015.08.30 22:42:43.669,0.71354,0.71365,1.00,1.00
2015.08.30 22:42:46.598,0.71352,0.71365,1.00,1.00
2015.08.30 22:42:47.216,0.71352,0.71368,1.00,1.00
2015.08.30 22:42:47.267,0.71354,0.7137,1.50,1.00
2015.08.30 22:42:47.571,0.71357,0.71372,1.00,1.00
2015.08.30 22:42:48.077,0.71359,0.71372,1.00,1.00
2015.08.30 22:42:48.183,0.71355,0.71372,1.50,1.00
2015.08.30 22:42:48.335,0.71355,0.71369,2.25,1.00
2015.08.30 22:42:49.337,0.71354,0.71369,1.00,1.00
2015.08.30 22:42:49.792,0.71355,0.71367,1.00,1.00
2015.08.30 22:42:50.601,0.71355,0.71366,1.00,1.00
2015.08.30 22:42:54.952,0.71354,0.71366,1.00,1.00
2015.08.30 22:42:55.869,0.71353,0.71366,1.50,1.00
2015.08.30 22:42:56.559,0.71353,0.71365,1.50,1.00
2015.08.30 22:42:57.050,0.71347,0.71361,1.50,1.00
2015.08.30 22:42:57.313,0.71347,0.71353,1.00,1.00
2015.08.30 22:42:57.617,0.71342,0.71353,1.00,1.00
2015.08.30 22:42:57.870,0.71342,0.71351,1.00,1.00
2015.08.30 22:42:59.155,0.7134,0.71351,1.00,1.00
2015.08.30 22:42:59.684,0.71341,0.71351,1.00,1.00
2015.08.30 22:43:00.127,0.71344,0.71351,1.00,1.00
2015.08.30 22:43:00.583,0.71342,0.71346,1.00,1.00
2015.08.30 22:43:01.094,0.71341,0.71346,1.00,1.00
2015.08.30 22:43:01.799,0.71342,0.71346,1.00,1.00
2015.08.30 22:43:02.355,0.71339,0.71346,1.00,1.00
2015.08.30 22:43:02.406,0.71339,0.7135,1.00,1.00
2015.08.30 22:43:05.110,0.71342,0.71352,1.00,1.00
2015.08.30 22:43:06.311,0.7134,0.71352,1.00,1.00
2015.08.30 22:43:06.463,0.71342,0.71352,1.00,1.00
2015.08.30 22:43:07.572,0.71343,0.71352,1.00,1.00
2015.08.30 22:43:08.146,0.71341,0.71352,1.00,1.00
2015.08.30 22:43:10.548,0.71345,0.71352,1.00,1.00
2015.08.30 22:43:11.183,0.71346,0.71352,1.00,1.00
2015.08.30 22:43:11.808,0.71343,0.71349,1.00,1.00
2015.08.30 22:43:11.859,0.71342,0.71347,1.00,1.00
2015.08.30 22:43:11.960,0.71342,0.71349,1.00,1.00
2015.08.30 22:43:12.112,0.71337,0.71346,1.00,1.00
2015.08.30 22:43:12.315,0.71337,0.71348,1.00,1.00
2015.08.30 22:43:12.568,0.71336,0.71345,1.50,1.00
2015.08.30 22:43:12.771,0.71336,0.71348,1.00,1.00
2015.08.30 22:43:12.823,0.71337,0.71351,1.00,1.00
2015.08.30 22:43:12.874,0.71342,0.71355,1.00,1.00
2015.08.30 22:43:13.556,0.71344,0.71358,1.12,1.00
2015.08.30 22:43:13.657,0.71346,0.71358,1.00,1.00
2015.08.30 22:43:13.962,0.71344,0.71356,1.00,1.00
2015.08.30 22:43:14.013,0.71341,0.71358,1.87,1.00
2015.08.30 22:43:14.115,0.71344,0.71358,1.50,1.00
2015.08.30 22:43:14.370,0.71347,0.71362,1.00,1.00
2015.08.30 22:43:14.421,0.71343,0.71362,1.00,1.00
2015.08.30 22:43:14.649,0.71347,0.71362,1.50,1.00
2015.08.30 22:43:14.852,0.71347,0.71365,1.50,1.00
2015.08.30 22:43:15.106,0.71351,0.71364,1.00,1.00
2015.08.30 22:43:15.309,0.71351,0.71366,1.00,1.00
2015.08.30 22:43:15.841,0.7135,0.71366,1.12,1.00
2015.08.30 22:43:16.904,0.71348,0.71366,1.00,1.00
2015.08.30 22:43:16.955,0.7135,0.71366,1.00,1.00
2015.08.30 22:43:17.490,0.7135,0.71362,1.00,1.00
2015.08.30 22:43:17.794,0.71343,0.71355,1.00,1.00
2015.08.30 22:43:18.098,0.71339,0.7135,1.00,1.00
2015.08.30 22:43:19.246,0.71339,0.71347,1.00,1.00
2015.08.30 22:43:19.398,0.71336,0.71347,1.00,1.00
2015.08.30 22:43:21.381,0.71337,0.71347,1.00,1.00
2015.08.30 22:43:21.767,0.71337,0.71345,1.00,1.00
2015.08.30 22:43:28.591,0.71339,0.71345,1.00,1.00
2015.08.30 22:43:29.380,0.7134,0.71345,1.00,1.00
2015.08.30 22:43:29.432,0.7134,0.71347,1.00,1.00
2015.08.30 22:43:30.104,0.71336,0.71345,1.00,1.00
2015.08.30 22:43:30.256,0.71337,0.71347,1.00,1.00
2015.08.30 22:43:34.041,0.71336,0.71347,1.00,1.00
2015.08.30 22:43:34.542,0.71337,0.71347,1.00,1.00
2015.08.30 22:43:36.045,0.71337,0.71346,1.00,1.00
2015.08.30 22:43:40.334,0.71336,0.71346,1.00,1.00
2015.08.30 22:43:40.436,0.71338,0.71346,1.00,1.00
2015.08.30 22:43:40.560,0.71338,0.71349,1.00,1.00
2015.08.30 22:43:40.611,0.71339,0.71352,1.00,1.00
2015.08.30 22:43:40.662,0.71344,0.71353,1.00,1.87
2015.08.30 22:43:40.865,0.71342,0.71353,1.00,1.00
2015.08.30 22:43:41.406,0.71341,0.71353,1.00,1.00
2015.08.30 22:43:41.917,0.71342,0.71353,1.00,1.00
2015.08.30 22:43:43.177,0.71343,0.71357,1.00,1.00
2015.08.30 22:43:43.279,0.71346,0.71357,1.00,1.00
2015.08.30 22:43:43.614,0.71343,0.7135,1.00,1.00
2015.08.30 22:43:43.665,0.71339,0.71347,1.00,1.00
2015.08.30 22:43:44.175,0.7134,0.71347,1.00,1.00
2015.08.30 22:44:01.593,0.71339,0.71347,1.00,1.00
2015.08.30 22:44:09.152,0.71338,0.71347,1.00,1.00
2015.08.30 22:44:09.718,0.71339,0.71347,1.00,1.00
2015.08.30 22:44:09.769,0.71339,0.71349,1.00,1.00
2015.08.30 22:44:09.870,0.71339,0.71351,1.00,1.00
2015.08.30 22:44:10.073,0.71338,0.71354,1.87,1.00
2015.08.30 22:44:10.600,0.71339,0.71354,1.00,1.00
2015.08.30 22:44:11.846,0.71339,0.71355,1.00,1.00
2015.08.30 22:44:11.948,0.71344,0.71356,1.00,1.00
2015.08.30 22:44:13.256,0.71344,0.71357,1.00,1.00
2015.08.30 22:44:20.274,0.71345,0.71357,1.00,1.00
2015.08.30 22:44:20.877,0.71344,0.71359,1.12,1.00
2015.08.30 22:44:20.979,0.71342,0.71362,1.75,1.00
2015.08.30 22:44:21.846,0.71344,0.7136,1.50,1.00
2015.08.30 22:44:22.380,0.71344,0.7136,1.00,1.00
2015.08.30 22:44:23.538,0.71343,0.7136,1.12,1.00
2015.08.30 22:44:26.389,0.71345,0.71362,1.87,1.00
2015.08.30 22:44:26.592,0.71345,0.71364,2.25,1.50
2015.08.30 22:44:26.643,0.71347,0.71364,1.12,1.50
2015.08.30 22:44:29.853,0.71348,0.71364,1.00,1.00
2015.08.30 22:44:30.178,0.7135,0.71364,1.00,1.00
2015.08.30 22:44:30.532,0.7135,0.71357,1.00,1.00
2015.08.30 22:44:30.684,0.71346,0.71357,1.00,1.00
2015.08.30 22:44:31.191,0.71345,0.71358,1.00,1.00
2015.08.30 22:44:31.715,0.71344,0.71358,1.87,1.00
2015.08.30 22:44:32.079,0.71348,0.71358,1.00,1.00
2015.08.30 22:44:33.860,0.71348,0.71359,1.00,1.00
2015.08.30 22:44:34.468,0.71349,0.71359,1.00,1.00
2015.08.30 22:44:36.600,0.71348,0.71359,1.00,1.00
2015.08.30 22:44:37.543,0.71347,0.71359,1.00,1.00
2015.08.30 22:44:37.847,0.71349,0.71359,1.00,1.00
2015.08.30 22:44:37.898,0.71349,0.71363,1.00,1.00
2015.08.30 22:44:37.949,0.71351,0.71363,1.00,1.00
2015.08.30 22:44:38.303,0.71349,0.71363,1.00,1.00
2015.08.30 22:44:38.455,0.71349,0.71365,1.00,1.00
2015.08.30 22:44:43.609,0.71349,0.71366,1.00,1.00
2015.08.30 22:44:43.710,0.71349,0.71366,1.75,1.00
2015.08.30 22:44:44.572,0.7135,0.71366,1.50,1.00
2015.08.30 22:44:44.623,0.7135,0.71368,1.75,1.00
2015.08.30 22:44:44.926,0.71353,0.71368,1.75,1.00
2015.08.30 22:44:44.977,0.71354,0.71368,1.00,1.00
2015.08.30 22:44:47.245,0.71352,0.71363,1.50,1.00
2015.08.30 22:44:47.498,0.71341,0.71354,1.50,1.00
2015.08.30 22:44:47.600,0.71341,0.71346,1.00,1.00
2015.08.30 22:44:47.651,0.71338,0.71345,1.00,1.00
2015.08.30 22:44:47.703,0.71336,0.71346,1.00,1.00
2015.08.30 22:44:48.002,0.71336,0.71354,1.37,1.00
2015.08.30 22:44:48.054,0.71336,0.71351,1.75,1.00
2015.08.30 22:44:48.105,0.71337,0.71354,1.12,1.00
2015.08.30 22:44:48.156,0.71337,0.71356,1.12,1.00
2015.08.30 22:44:48.687,0.71338,0.71356,1.00,1.00
2015.08.30 22:44:48.990,0.71338,0.71358,1.00,1.00
2015.08.30 22:44:49.092,0.7134,0.71358,1.37,1.00
2015.08.30 22:44:55.037,0.71338,0.71359,1.75,1.00
2015.08.30 22:44:55.364,0.71337,0.71355,1.50,1.00
2015.08.30 22:44:55.667,0.71337,0.71355,1.75,1.00
2015.08.30 22:44:59.367,0.71337,0.71357,1.75,1.00
2015.08.30 22:45:02.477,0.71339,0.71361,1.50,1.00
2015.08.30 22:45:02.579,0.7134,0.71361,1.75,1.00
2015.08.30 22:45:04.837,0.71341,0.7136,1.75,1.00
2015.08.30 22:45:05.374,0.71342,0.71361,1.50,1.00
2015.08.30 22:45:07.840,0.71342,0.71361,1.50,1.00
2015.08.30 22:45:08.191,0.7134,0.71355,1.75,1.00
2015.08.30 22:45:08.241,0.7134,0.71355,1.75,1.00
2015.08.30 22:45:08.680,0.71341,0.71357,1.50,1.00
2015.08.30 22:45:08.732,0.71343,0.7136,1.00,1.00
2015.08.30 22:45:08.834,0.71345,0.7136,1.00,1.00
2015.08.30 22:45:12.899,0.71344,0.7136,1.50,1.00
2015.08.30 22:45:13.300,0.71346,0.7136,1.00,1.00
2015.08.30 22:45:14.029,0.71346,0.71361,1.00,1.00
2015.08.30 22:45:16.835,0.71345,0.71361,1.00,1.00
2015.08.30 22:45:18.058,0.71347,0.71361,1.00,1.00
2015.08.30 22:45:20.349,0.71345,0.71361,1.00,1.00
2015.08.30 22:45:20.646,0.71348,0.71361,1.00,1.00
2015.08.30 22:45:20.747,0.71345,0.71361,1.00,1.00
2015.08.30 22:45:20.953,0.71347,0.71361,1.00,1.00
2015.08.30 22:45:21.459,0.71346,0.71361,1.00,1.00
2015.08.30 22:45:22.462,0.71345,0.71361,1.00,1.00
2015.08.30 22:45:22.866,0.71347,0.71361,1.00,1.00
2015.08.30 22:45:23.271,0.71345,0.71361,1.00,1.00
2015.08.30 22:45:23.776,0.71345,0.71361,1.50,1.00
2015.08.30 22:45:24.282,0.71345,0.71361,1.50,1.00
2015.08.30 22:45:25.163,0.71351,0.71361,1.00,1.00
2015.08.30 22:45:25.972,0.71352,0.71364,1.00,1.00
2015.08.30 22:45:26.074,0.71349,0.71364,1.00,1.50
2015.08.30 22:45:26.178,0.71347,0.71364,1.00,1.50
2015.08.30 22:45:30.649,0.71348,0.71363,1.00,1.00
2015.08.30 22:45:31.810,0.71348,0.71361,1.00,1.00
2015.08.30 22:45:32.164,0.71348,0.71363,1.00,1.00
2015.08.30 22:45:32.791,0.71349,0.71364,1.00,1.50
2015.08.30 22:45:37.681,0.71352,0.71364,1.00,1.00
2015.08.30 22:45:38.137,0.71352,0.71367,1.00,1.50
2015.08.30 22:45:38.188,0.71357,0.7137,1.00,1.00
2015.08.30 22:45:38.289,0.71356,0.71372,1.00,1.00
2015.08.30 22:45:38.677,0.71356,0.71374,1.50,1.00
2015.08.30 22:45:38.728,0.71361,0.71382,1.00,1.50
2015.08.30 22:45:39.032,0.71363,0.71383,1.00,2.25
2015.08.30 22:45:39.235,0.71363,0.71386,2.62,1.12
2015.08.30 22:45:39.741,0.71363,0.71386,1.87,1.00
2015.08.30 22:45:39.843,0.71363,0.71386,1.87,1.00
2015.08.30 22:45:40.355,0.71363,0.71386,1.50,1.00
2015.08.30 22:45:40.860,0.71365,0.71387,1.00,1.50
2015.08.30 22:45:40.962,0.71365,0.71387,2.25,1.00
2015.08.30 22:45:41.266,0.7137,0.71386,1.00,1.00
2015.08.30 22:45:41.747,0.71372,0.71387,1.00,1.00
2015.08.30 22:45:42.254,0.71373,0.71387,1.00,1.00
2015.08.30 22:45:43.061,0.71373,0.71382,1.00,1.00
2015.08.30 22:45:43.112,0.71366,0.71385,1.00,1.75
2015.08.30 22:45:43.314,0.71372,0.71383,1.00,1.00
2015.08.30 22:45:43.365,0.71372,0.71387,1.00,1.12
2015.08.30 22:45:43.906,0.71372,0.71388,1.00,1.00
2015.08.30 22:45:44.210,0.71367,0.71388,1.50,1.00
2015.08.30 22:45:44.414,0.71368,0.7139,1.12,1.12
2015.08.30 22:45:45.071,0.71368,0.7139,1.00,1.50
2015.08.30 22:45:45.806,0.71368,0.71387,1.50,1.00
2015.08.30 22:45:46.110,0.71371,0.7139,1.00,1.00
2015.08.30 22:45:46.627,0.71368,0.7139,1.50,1.50
2015.08.30 22:45:47.580,0.71368,0.7139,1.50,1.50
2015.08.30 22:45:48.164,0.71368,0.7139,1.50,1.37
2015.08.30 22:45:48.689,0.71373,0.7139,1.00,1.37
2015.08.30 22:45:48.891,0.71373,0.71391,1.00,1.00
2015.08.30 22:45:49.397,0.71374,0.7139,1.00,1.00
2015.08.30 22:45:50.034,0.71374,0.71389,1.00,1.00
2015.08.30 22:45:56.046,0.71373,0.71389,1.00,1.50
2015.08.30 22:46:05.912,0.71375,0.71389,1.00,1.00
2015.08.30 22:46:05.963,0.71378,0.71394,1.00,1.00
2015.08.30 22:46:06.065,0.71375,0.71395,1.37,1.50
2015.08.30 22:46:06.116,0.71375,0.71398,1.37,1.50
2015.08.30 22:46:06.167,0.71378,0.71398,1.00,1.12
2015.08.30 22:46:06.268,0.71378,0.71401,1.75,1.00
2015.08.30 22:46:06.925,0.71382,0.71404,1.50,1.00
2015.08.30 22:46:07.078,0.71382,0.71404,1.12,1.00
2015.08.30 22:46:08.037,0.71386,0.71404,1.00,1.00
2015.08.30 22:46:08.139,0.71384,0.71404,1.00,1.12
2015.08.30 22:46:08.637,0.71388,0.71404,1.00,1.12
2015.08.30 22:46:09.143,0.71388,0.71405,1.00,1.87
2015.08.30 22:46:09.244,0.7138,0.71402,2.25,1.50
2015.08.30 22:46:09.346,0.71381,0.714,1.37,1.00
2015.08.30 22:46:09.548,0.71382,0.71402,1.00,1.12
2015.08.30 22:46:09.700,0.71388,0.71405,1.00,1.00
2015.08.30 22:46:12.597,0.71388,0.71407,1.00,1.87
2015.08.30 22:46:14.600,0.71388,0.71407,1.00,1.87
2015.08.30 22:46:17.688,0.7139,0.71407,1.00,1.12
2015.08.30 22:46:17.995,0.71394,0.7141,1.00,1.37
2015.08.30 22:46:21.525,0.71394,0.71412,1.00,1.50
2015.08.30 22:46:24.207,0.71397,0.71412,1.00,1.87
2015.08.30 22:46:24.410,0.71396,0.71412,1.00,1.00
2015.08.30 22:46:24.562,0.71394,0.71411,1.00,1.00
2015.08.30 22:46:24.613,0.71396,0.71412,1.00,1.87
2015.08.30 22:46:24.866,0.71399,0.71418,1.00,1.87
2015.08.30 22:46:25.177,0.71399,0.71419,1.00,1.37
2015.08.30 22:46:25.229,0.71404,0.71419,1.00,1.00
2015.08.30 22:46:25.331,0.71406,0.71423,1.00,1.50
2015.08.30 22:46:25.484,0.71408,0.71423,1.00,1.00
2015.08.30 22:46:25.636,0.71408,0.71429,1.00,2.62
2015.08.30 22:46:25.838,0.71411,0.71429,1.00,1.87
2015.08.30 22:46:25.889,0.71411,0.71428,1.00,1.00
2015.08.30 22:46:26.395,0.7141,0.7143,1.00,1.37
2015.08.30 22:46:26.966,0.71408,0.71428,1.00,1.12
2015.08.30 22:46:27.471,0.71408,0.71429,1.00,1.12
2015.08.30 22:46:27.977,0.71408,0.71429,1.00,1.12
2015.08.30 22:46:28.509,0.71409,0.71429,1.00,1.37
2015.08.30 22:46:29.923,0.71406,0.71427,1.00,1.00
2015.08.30 22:46:29.974,0.71408,0.71428,1.00,1.37
2015.08.30 22:46:30.480,0.71407,0.71429,1.00,1.87
2015.08.30 22:46:30.909,0.71409,0.71429,1.00,1.12
2015.08.30 22:46:31.622,0.7141,0.71429,1.00,1.12
2015.08.30 22:46:31.674,0.71408,0.71429,1.50,1.87
2015.08.30 22:46:32.180,0.71408,0.71428,1.00,1.00
2015.08.30 22:46:32.822,0.71408,0.71429,1.00,1.12
2015.08.30 22:46:32.974,0.7141,0.71429,1.00,1.12
2015.08.30 22:46:33.389,0.71412,0.71428,1.00,1.37
2015.08.30 22:46:33.440,0.7141,0.7143,1.00,1.12
2015.08.30 22:46:34.628,0.7141,0.7143,1.00,1.37
2015.08.30 22:46:35.135,0.71411,0.7143,1.00,1.37
2015.08.30 22:46:35.387,0.71409,0.71431,1.00,1.50
2015.08.30 22:46:35.489,0.71411,0.7143,1.00,1.12
2015.08.30 22:46:35.545,0.71409,0.71431,1.00,1.87
2015.08.30 22:46:36.102,0.71411,0.7143,1.00,1.12
2015.08.30 22:46:36.616,0.7141,0.71429,1.00,1.50
2015.08.30 22:46:39.084,0.71411,0.7143,1.00,1.12
2015.08.30 22:46:39.287,0.71409,0.71431,1.00,2.25
2015.08.30 22:46:40.251,0.71409,0.7143,1.00,1.12
2015.08.30 22:46:41.216,0.71409,0.7143,1.00,1.12
2015.08.30 22:46:43.546,0.71409,0.71429,1.00,1.12
2015.08.30 22:46:43.951,0.71407,0.71428,1.00,1.87
2015.08.30 22:46:44.003,0.7141,0.71428,1.00,1.75
2015.08.30 22:46:45.015,0.71409,0.71428,1.00,1.37
2015.08.30 22:46:45.583,0.71408,0.71427,1.00,1.37
2015.08.30 22:46:46.857,0.7141,0.71429,1.00,1.37
2015.08.30 22:46:47.333,0.71415,0.71434,1.00,1.37
2015.08.30 22:46:47.739,0.71417,0.71436,1.00,1.50
2015.08.30 22:46:48.621,0.71419,0.71438,1.00,1.37
2015.08.30 22:46:48.826,0.71419,0.7144,1.00,1.87
2015.08.30 22:46:49.826,0.71419,0.7144,1.00,2.62
2015.08.30 22:46:50.728,0.71417,0.7144,1.37,1.50
2015.08.30 22:46:51.254,0.71417,0.71439,1.00,1.75
2015.08.30 22:46:51.557,0.71417,0.71438,1.00,1.87
2015.08.30 22:46:52.456,0.71417,0.71439,1.12,1.50
2015.08.30 22:46:52.733,0.71419,0.71439,1.00,1.37
2015.08.30 22:46:52.936,0.71417,0.71437,1.00,1.50
2015.08.30 22:46:53.442,0.71418,0.71439,1.00,1.50
2015.08.30 22:46:55.691,0.71418,0.7144,1.00,1.75
2015.08.30 22:46:56.850,0.71417,0.71438,1.00,1.37
2015.08.30 22:46:57.361,0.71417,0.71437,1.00,1.37
2015.08.30 22:46:59.364,0.71417,0.71438,1.12,1.37
2015.08.30 22:47:00.357,0.71417,0.71438,1.12,1.37
2015.08.30 22:47:01.338,0.71417,0.71438,1.12,1.37
2015.08.30 22:47:01.761,0.71419,0.71438,1.00,1.37
2015.08.30 22:47:02.668,0.71419,0.71442,1.12,3.00
2015.08.30 22:47:04.855,0.71419,0.71442,1.12,2.25
2015.08.30 22:47:06.651,0.71419,0.71442,1.87,1.75
2015.08.30 22:47:07.667,0.71419,0.71442,1.12,1.75
2015.08.30 22:47:08.274,0.71422,0.71442,1.00,1.37
2015.08.30 22:47:09.690,0.71422,0.71441,1.00,1.12
2015.08.30 22:47:17.040,0.71422,0.71439,1.00,1.00
2015.08.30 22:47:19.646,0.71431,0.71443,1.50,1.87
2015.08.30 22:47:19.799,0.71431,0.71446,1.00,1.00
2015.08.30 22:47:20.254,0.71431,0.71448,1.00,1.00
2015.08.30 22:47:20.357,0.71431,0.7145,1.00,1.12
2015.08.30 22:47:20.963,0.7143,0.71452,1.00,1.12
2015.08.30 22:47:24.152,0.7143,0.71449,1.00,1.00
2015.08.30 22:47:26.027,0.71426,0.71449,1.12,1.00
2015.08.30 22:47:27.037,0.71431,0.71449,1.50,1.00
2015.08.30 22:47:27.189,0.71431,0.71451,1.12,1.12
2015.08.30 22:47:27.393,0.71438,0.71453,1.50,1.37
2015.08.30 22:47:27.596,0.71433,0.71453,1.00,1.00
2015.08.30 22:47:27.749,0.71429,0.71455,1.12,1.75
2015.08.30 22:47:27.800,0.71429,0.71455,1.12,1.75
2015.08.30 22:47:29.600,0.71431,0.71451,1.00,1.00
2015.08.30 22:47:31.682,0.71432,0.71451,1.00,1.50
2015.08.30 22:47:32.313,0.71433,0.71454,1.00,1.37
2015.08.30 22:47:32.365,0.71433,0.71454,1.00,1.12
2015.08.30 22:47:32.518,0.71433,0.71452,1.00,1.00
2015.08.30 22:47:33.194,0.71432,0.71453,1.87,1.00
2015.08.30 22:47:33.706,0.71434,0.71452,1.00,1.00
2015.08.30 22:47:33.808,0.71432,0.71453,1.87,1.00
2015.08.30 22:47:34.856,0.71433,0.71453,1.00,1.00
2015.08.30 22:47:34.907,0.71435,0.71453,1.00,1.00
2015.08.30 22:47:35.009,0.71435,0.71456,1.00,1.12
2015.08.30 22:47:35.110,0.71437,0.71456,1.00,1.87
2015.08.30 22:47:35.518,0.7144,0.71455,1.00,1.00
2015.08.30 22:47:36.025,0.71438,0.71453,1.00,1.00
2015.08.30 22:47:36.127,0.71434,0.71452,1.00,1.00
2015.08.30 22:47:39.789,0.71434,0.71453,1.00,1.00
2015.08.30 22:47:42.209,0.71437,0.71456,1.00,1.50
2015.08.30 22:47:42.361,0.71437,0.71457,1.00,1.50
2015.08.30 22:47:42.513,0.71439,0.71454,1.00,1.00
2015.08.30 22:47:43.030,0.71437,0.71455,1.00,1.00
2015.08.30 22:47:43.334,0.71439,0.71455,1.00,1.00
2015.08.30 22:47:43.738,0.71437,0.71455,1.00,1.00
2015.08.30 22:47:43.940,0.71439,0.71456,1.00,1.00
2015.08.30 22:47:44.143,0.71435,0.71454,1.00,1.87
2015.08.30 22:47:44.403,0.71431,0.71454,1.00,1.37
2015.08.30 22:47:44.656,0.7143,0.71452,1.00,1.75
2015.08.30 22:47:45.162,0.71429,0.7145,1.00,2.25
2015.08.30 22:47:45.516,0.71431,0.7145,1.00,1.12
2015.08.30 22:47:46.021,0.7143,0.7145,1.00,1.12
2015.08.30 22:47:46.544,0.71431,0.71452,1.00,1.87
2015.08.30 22:47:46.746,0.71433,0.71453,1.00,1.87
2015.08.30 22:47:47.049,0.71435,0.71453,1.00,1.50
2015.08.30 22:47:47.555,0.7143,0.71454,2.25,1.87
2015.08.30 22:47:47.757,0.71431,0.71454,1.37,1.12
2015.08.30 22:47:48.060,0.71436,0.71454,1.00,1.12
2015.08.30 22:47:48.646,0.71437,0.71454,1.00,1.12
2015.08.30 22:47:48.747,0.71433,0.71452,1.00,1.00
2015.08.30 22:47:48.849,0.71431,0.7145,1.00,1.12
2015.08.30 22:47:49.051,0.71429,0.7145,1.50,1.50
2015.08.30 22:47:49.254,0.71432,0.7145,1.00,1.50
2015.08.30 22:47:49.355,0.7143,0.71451,1.00,1.75
2015.08.30 22:47:50.836,0.71431,0.71451,1.00,2.62
2015.08.30 22:47:52.035,0.7143,0.71451,1.00,1.50
2015.08.30 22:47:53.023,0.71429,0.71448,1.00,1.00
2015.08.30 22:47:53.428,0.71431,0.71447,1.00,1.00
2015.08.30 22:47:58.559,0.71438,0.71449,1.00,1.00
2015.08.30 22:47:58.711,0.71434,0.71455,1.00,1.37
2015.08.30 22:47:58.761,0.71445,0.71456,1.00,2.25
2015.08.30 22:47:58.863,0.71438,0.71453,1.00,1.00
2015.08.30 22:47:59.105,0.71438,0.71451,1.00,1.50
2015.08.30 22:47:59.163,0.71435,0.71451,1.00,1.87
2015.08.30 22:47:59.669,0.71429,0.71445,1.00,1.00
2015.08.30 22:47:59.720,0.71426,0.71445,2.25,1.37
2015.08.30 22:47:59.821,0.71423,0.71441,1.00,2.62
2015.08.30 22:48:00.417,0.71423,0.71441,1.00,1.75
2015.08.30 22:48:00.772,0.71423,0.71435,1.00,1.00
2015.08.30 22:48:01.711,0.71423,0.71434,1.00,1.00
2015.08.30 22:48:05.257,0.71423,0.71436,1.00,1.00
2015.08.30 22:48:05.785,0.71423,0.71435,1.00,1.00
2015.08.30 22:48:06.475,0.71423,0.71436,1.00,1.00
2015.08.30 22:48:16.266,0.71425,0.71436,1.00,1.00
2015.08.30 22:48:19.032,0.71425,0.71437,1.00,1.50
2015.08.30 22:48:24.826,0.71425,0.71436,1.00,1.00
2015.08.30 22:48:29.955,0.71426,0.71436,1.00,1.00
2015.08.30 22:48:39.876,0.71426,0.71434,1.00,1.00
2015.08.30 22:48:40.186,0.71434,0.71439,1.00,1.00
2015.08.30 22:48:40.237,0.71437,0.71445,1.00,1.00
2015.08.30 22:48:40.744,0.71436,0.71445,1.00,1.00
2015.08.30 22:48:40.980,0.71436,0.71447,1.00,1.00
2015.08.30 22:48:41.490,0.71436,0.71446,1.00,1.00
2015.08.30 22:48:41.996,0.71436,0.71445,1.00,1.00
2015.08.30 22:48:42.551,0.71436,0.71447,1.00,1.00
2015.08.30 22:48:43.082,0.71436,0.71446,1.00,1.00
2015.08.30 22:48:47.373,0.71434,0.71446,1.00,1.00
2015.08.30 22:48:48.627,0.71434,0.71447,1.00,1.00
2015.08.30 22:48:48.728,0.71436,0.71449,1.00,1.50
2015.08.30 22:48:49.234,0.71436,0.7145,1.00,1.00
2015.08.30 22:48:49.740,0.71436,0.71449,1.00,1.00
2015.08.30 22:48:58.757,0.71437,0.71449,1.00,1.00
2015.08.30 22:48:59.061,0.71438,0.71447,1.00,1.00
2015.08.30 22:49:04.025,0.71437,0.71447,1.00,1.00
2015.08.30 22:49:07.642,0.7144,0.71447,1.00,1.00
2015.08.30 22:49:07.946,0.71453,0.71459,1.00,1.00
2015.08.30 22:49:08.048,0.71453,0.71463,1.12,1.00
2015.08.30 22:49:08.554,0.71453,0.71464,1.12,1.00
2015.08.30 22:49:09.504,0.71453,0.71462,1.12,1.00
2015.08.30 22:49:10.053,0.71453,0.71463,1.12,1.00
2015.08.30 22:49:10.607,0.71453,0.71462,1.12,1.00
2015.08.30 22:49:11.139,0.71453,0.71463,1.12,1.00
2015.08.30 22:49:16.176,0.71452,0.71463,1.12,1.00
2015.08.30 22:49:16.379,0.7145,0.71463,1.12,1.00
2015.08.30 22:49:16.734,0.7145,0.71461,1.00,1.00
2015.08.30 22:49:16.836,0.7145,0.71463,1.00,1.50
2015.08.30 22:49:17.090,0.7145,0.71461,1.00,1.00
2015.08.30 22:49:17.612,0.71449,0.71461,1.12,1.00
2015.08.30 22:49:18.934,0.71446,0.71458,1.12,1.00
2015.08.30 22:49:23.420,0.71443,0.71458,1.50,1.00
2015.08.30 22:49:23.971,0.71443,0.71457,1.50,1.00
2015.08.30 22:49:24.625,0.71443,0.71458,1.50,1.50
2015.08.30 22:49:25.258,0.71443,0.71457,1.50,1.00
2015.08.30 22:49:31.809,0.71448,0.71457,1.00,1.00
2015.08.30 22:49:31.961,0.71449,0.7146,1.00,1.00
2015.08.30 22:49:32.466,0.71449,0.71463,1.87,1.00
2015.08.30 22:49:32.975,0.71449,0.71463,1.87,1.00
2015.08.30 22:49:33.511,0.71451,0.71463,1.50,1.00
2015.08.30 22:49:34.695,0.71451,0.71462,1.00,1.00
2015.08.30 22:49:34.897,0.71449,0.71462,2.25,1.00
2015.08.30 22:49:35.969,0.71449,0.71461,1.50,1.00
2015.08.30 22:49:36.492,0.71448,0.71461,1.00,1.00
2015.08.30 22:49:37.557,0.71449,0.71461,1.00,1.00
2015.08.30 22:49:37.608,0.71449,0.71463,1.00,1.00
2015.08.30 22:49:37.710,0.71448,0.71461,1.12,1.00
2015.08.30 22:49:38.071,0.71449,0.71463,1.00,1.00
2015.08.30 22:49:38.577,0.71448,0.71462,1.50,1.00
2015.08.30 22:49:39.110,0.71448,0.71463,1.87,1.00
2015.08.30 22:49:39.778,0.71448,0.71463,1.87,1.00
2015.08.30 22:49:39.880,0.71448,0.71461,1.87,1.00
2015.08.30 22:49:40.965,0.71449,0.71461,1.00,1.00
2015.08.30 22:49:41.016,0.71449,0.71464,1.00,1.50
2015.08.30 22:49:41.219,0.71448,0.71461,1.12,1.00
2015.08.30 22:49:49.920,0.71447,0.71463,1.87,1.00
2015.08.30 22:49:50.486,0.71448,0.71462,1.12,1.00
2015.08.30 22:49:51.196,0.71449,0.71462,1.00,1.00
2015.08.30 22:49:51.697,0.71448,0.71462,1.00,1.00
2015.08.30 22:49:52.024,0.71448,0.71464,1.50,1.00
2015.08.30 22:49:52.126,0.71448,0.71461,1.00,1.00
2015.08.30 22:49:52.487,0.71448,0.71463,1.50,1.00
2015.08.30 22:49:52.993,0.71449,0.71462,1.00,1.00
2015.08.30 22:49:53.095,0.71448,0.71464,1.00,1.00
2015.08.30 22:49:53.602,0.71448,0.71465,1.12,1.50
2015.08.30 22:49:57.784,0.71448,0.71464,1.00,1.00
2015.08.30 22:49:57.973,0.71448,0.71462,1.12,1.00
2015.08.30 22:49:58.629,0.71448,0.71463,1.12,1.50
2015.08.30 22:49:58.951,0.71448,0.71461,1.00,1.00
2015.08.30 22:49:59.103,0.71448,0.71463,1.00,1.50
2015.08.30 22:49:59.615,0.71447,0.71463,1.12,1.00
2015.08.30 22:49:59.919,0.71447,0.71457,1.12,1.00
2015.08.30 22:50:00.475,0.71443,0.71458,1.37,1.00
2015.08.30 22:50:00.881,0.71445,0.7146,1.37,1.00
2015.08.30 22:50:00.932,0.71445,0.7146,1.00,1.00
2015.08.30 22:50:02.413,0.71442,0.7146,1.50,1.00
2015.08.30 22:50:02.755,0.7144,0.71458,1.75,1.00
2015.08.30 22:50:05.817,0.7144,0.71456,1.75,1.00
2015.08.30 22:50:06.121,0.7143,0.71438,1.37,1.00
2015.08.30 22:50:06.223,0.71422,0.71436,1.50,1.00
2015.08.30 22:50:06.324,0.71418,0.71435,1.00,1.00
2015.08.30 22:50:06.602,0.71418,0.71431,1.00,1.00
2015.08.30 22:50:07.109,0.71413,0.71431,2.25,1.00
2015.08.30 22:50:09.148,0.71417,0.71433,1.12,1.00
2015.08.30 22:50:09.300,0.71419,0.71433,1.00,1.00
2015.08.30 22:50:09.351,0.7142,0.71435,1.00,1.00
2015.08.30 22:50:09.402,0.71424,0.71435,1.00,1.00
2015.08.30 22:50:09.453,0.71424,0.71441,1.50,1.00
2015.08.30 22:50:09.503,0.71424,0.71441,1.87,1.00
2015.08.30 22:50:09.859,0.71426,0.71443,1.87,1.00
2015.08.30 22:50:15.849,0.71425,0.71442,1.12,1.50
2015.08.30 22:50:15.951,0.71424,0.71436,1.12,1.00
2015.08.30 22:50:16.052,0.7142,0.71436,1.00,1.00
2015.08.30 22:50:16.845,0.7142,0.71438,2.25,1.00
2015.08.30 22:50:16.997,0.71421,0.71438,1.50,1.00
2015.08.30 22:50:17.584,0.71424,0.71439,1.00,1.00
2015.08.30 22:50:22.055,0.71421,0.71439,1.75,1.00
2015.08.30 22:50:22.157,0.71424,0.71439,1.00,1.00
2015.08.30 22:50:24.832,0.71424,0.71438,1.00,1.00
2015.08.30 22:50:25.085,0.71424,0.71441,1.00,1.00
2015.08.30 22:50:25.287,0.71424,0.71439,1.00,1.00
2015.08.30 22:50:25.592,0.71424,0.7144,1.75,1.00
2015.08.30 22:50:25.644,0.71424,0.71442,1.75,1.50
2015.08.30 22:50:25.924,0.7143,0.71444,1.75,1.00
2015.08.30 22:50:26.076,0.71432,0.71447,1.12,1.00
2015.08.30 22:50:26.279,0.71428,0.71443,1.50,1.00
2015.08.30 22:50:26.634,0.71426,0.71446,1.75,1.00
2015.08.30 22:50:26.836,0.71431,0.71448,1.50,1.00
2015.08.30 22:50:26.887,0.71431,0.71445,1.50,1.00
2015.08.30 22:50:27.040,0.71427,0.71442,1.00,1.00
2015.08.30 22:50:27.141,0.7143,0.71448,1.12,1.00
2015.08.30 22:50:27.395,0.71431,0.71445,1.00,1.00
2015.08.30 22:50:27.446,0.71428,0.71445,1.87,1.50
2015.08.30 22:50:27.810,0.71431,0.71449,1.12,1.00
2015.08.30 22:50:28.063,0.71428,0.71446,1.00,1.00
2015.08.30 22:50:28.397,0.71426,0.71444,1.00,1.00
2015.08.30 22:50:28.901,0.71427,0.71445,1.00,1.00
2015.08.30 22:50:30.345,0.71426,0.71443,1.50,1.00
2015.08.30 22:50:32.308,0.71426,0.71445,1.50,1.50
2015.08.30 22:50:32.460,0.71426,0.71443,1.50,1.00
2015.08.30 22:50:32.763,0.71426,0.71441,1.00,1.00
2015.08.30 22:50:33.372,0.71425,0.71441,1.12,1.00
2015.08.30 22:50:33.851,0.71425,0.71443,1.12,1.00
2015.08.30 22:50:34.012,0.71425,0.71441,1.12,1.00
2015.08.30 22:50:35.765,0.71425,0.71443,1.12,1.00
2015.08.30 22:50:36.272,0.71425,0.71442,1.12,1.00
2015.08.30 22:50:42.952,0.71424,0.71442,1.12,1.00
2015.08.30 22:50:43.466,0.71424,0.71441,1.12,1.00
2015.08.30 22:50:43.618,0.71424,0.71439,1.12,1.00
2015.08.30 22:50:43.776,0.71421,0.71437,1.00,1.50
2015.08.30 22:50:43.877,0.71416,0.71436,1.00,1.50
2015.08.30 22:50:44.182,0.71413,0.71433,1.00,1.00
2015.08.30 22:50:44.707,0.71412,0.71432,1.12,1.00
2015.08.30 22:50:45.010,0.71413,0.71432,1.50,1.00
2015.08.30 22:50:49.070,0.71412,0.71429,1.75,1.00
2015.08.30 22:50:49.374,0.71412,0.71426,1.00,1.00
2015.08.30 22:50:50.078,0.71413,0.71426,1.00,1.00
2015.08.30 22:50:50.129,0.71412,0.71429,1.00,1.00
2015.08.30 22:50:50.231,0.71413,0.71431,1.00,1.50
2015.08.30 22:50:50.585,0.71413,0.71429,1.00,1.00
2015.08.30 22:50:50.687,0.71414,0.71432,1.00,1.00
2015.08.30 22:50:51.201,0.71413,0.71431,1.00,1.00
2015.08.30 22:50:53.553,0.71412,0.71427,1.12,1.00
2015.08.30 22:50:53.857,0.71412,0.71425,1.00,1.00
2015.08.30 22:50:53.958,0.71409,0.71425,1.12,1.00
2015.08.30 22:50:54.244,0.71409,0.71427,1.00,1.50
2015.08.30 22:50:54.987,0.71409,0.71428,1.00,1.00
2015.08.30 22:50:55.139,0.71408,0.71428,3.00,1.00
2015.08.30 22:50:55.241,0.7141,0.7143,1.37,1.50
2015.08.30 22:50:55.444,0.71408,0.71428,3.00,1.00
2015.08.30 22:50:59.960,0.71409,0.71429,1.50,1.00
2015.08.30 22:51:00.467,0.71409,0.71427,1.50,1.00
2015.08.30 22:51:00.924,0.71409,0.71428,1.00,1.00
2015.08.30 22:51:07.876,0.71409,0.71426,1.00,1.00
2015.08.30 22:51:08.381,0.71408,0.71426,1.00,1.50
2015.08.30 22:51:08.634,0.71406,0.71425,1.00,1.00
2015.08.30 22:51:09.166,0.71407,0.71425,1.00,1.00
2015.08.30 22:51:09.825,0.71405,0.71425,1.12,1.00
2015.08.30 22:51:10.282,0.71405,0.71423,1.12,1.00
2015.08.30 22:51:11.068,0.71405,0.71425,1.00,1.50
2015.08.30 22:51:11.170,0.71405,0.71423,1.00,1.50
2015.08.30 22:51:21.749,0.71403,0.71423,2.25,1.50
2015.08.30 22:51:21.952,0.714,0.7142,1.12,1.00
2015.08.30 22:51:22.256,0.71398,0.71418,1.00,1.00
2015.08.30 22:51:23.057,0.71398,0.71416,1.00,1.00
2015.08.30 22:51:24.685,0.71396,0.71416,1.37,1.00
2015.08.30 22:51:25.039,0.71395,0.71415,2.62,1.00
2015.08.30 22:51:30.105,0.71397,0.71417,1.50,1.50
2015.08.30 22:51:30.602,0.71398,0.71414,1.00,1.00
2015.08.30 22:51:35.587,0.71397,0.71414,1.12,1.50
2015.08.30 22:51:36.094,0.71396,0.71413,1.00,1.00
2015.08.30 22:51:38.185,0.71397,0.71413,1.00,1.00
2015.08.30 22:51:39.299,0.71398,0.71413,1.00,1.00
2015.08.30 22:51:39.800,0.71397,0.71413,2.25,1.00
2015.08.30 22:51:39.850,0.71398,0.71415,1.00,1.00
2015.08.30 22:51:40.356,0.71398,0.71416,1.00,1.00
2015.08.30 22:51:41.305,0.71399,0.71418,1.37,1.00
2015.08.30 22:51:41.810,0.71399,0.71419,2.62,1.00
2015.08.30 22:51:42.348,0.71399,0.71418,1.87,1.00
2015.08.30 22:51:43.150,0.71401,0.71419,1.00,1.00
2015.08.30 22:51:43.650,0.71399,0.71417,2.62,1.00
2015.08.30 22:51:48.099,0.71399,0.71416,1.37,1.00
2015.08.30 22:51:49.563,0.71397,0.71417,1.37,1.50
2015.08.30 22:51:49.613,0.71397,0.71417,1.12,1.50
2015.08.30 22:51:50.087,0.71396,0.71415,1.50,1.00
2015.08.30 22:51:50.643,0.71396,0.71414,2.25,1.00
2015.08.30 22:51:52.195,0.71396,0.71414,1.87,1.00
2015.08.30 22:51:52.550,0.71396,0.71416,1.37,1.50
2015.08.30 22:51:52.853,0.71396,0.71414,1.37,1.00
2015.08.30 22:51:53.564,0.71396,0.71415,1.37,1.50
2015.08.30 22:52:00.115,0.71395,0.71415,2.25,1.50
2015.08.30 22:52:10.034,0.71395,0.71414,1.37,1.00
2015.08.30 22:52:10.344,0.71394,0.71413,1.12,1.00
2015.08.30 22:52:20.011,0.71394,0.71414,1.87,1.50
2015.08.30 22:52:20.553,0.71393,0.71411,1.50,1.00
2015.08.30 22:52:36.390,0.71394,0.71412,1.12,1.00
2015.08.30 22:52:37.404,0.71393,0.71413,1.87,1.50
2015.08.30 22:52:37.966,0.71394,0.71412,1.12,1.00
2015.08.30 22:52:38.471,0.7139,0.7141,2.25,1.00
2015.08.30 22:52:38.676,0.7139,0.71408,1.87,1.00
2015.08.30 22:52:39.082,0.71389,0.71406,2.25,1.00
2015.08.30 22:52:39.588,0.71389,0.71405,1.00,1.00
2015.08.30 22:52:40.996,0.71389,0.71404,1.00,1.00
2015.08.30 22:52:42.918,0.71386,0.71403,1.75,1.00
2015.08.30 22:52:43.019,0.71386,0.71403,1.12,1.00
2015.08.30 22:52:44.007,0.71383,0.71401,1.50,1.00
2015.08.30 22:52:44.209,0.71382,0.71401,2.25,1.00
2015.08.30 22:52:45.322,0.7138,0.71399,1.12,1.00
2015.08.30 22:52:45.828,0.71381,0.71399,1.00,1.00
2015.08.30 22:52:46.334,0.71379,0.71397,1.00,1.00
2015.08.30 22:52:46.839,0.71379,0.71398,1.00,1.00
2015.08.30 22:52:47.364,0.7138,0.71398,1.00,1.00
2015.08.30 22:52:47.749,0.7138,0.714,1.50,1.00
2015.08.30 22:52:48.264,0.71379,0.71399,2.25,1.00
2015.08.30 22:52:52.800,0.7138,0.714,1.50,1.00
2015.08.30 22:52:53.305,0.71381,0.71401,1.00,1.50
2015.08.30 22:52:53.921,0.7138,0.714,1.50,1.00
2015.08.30 22:53:00.631,0.71381,0.71401,1.00,1.00
2015.08.30 22:53:00.784,0.71383,0.71401,1.00,1.00
2015.08.30 22:53:01.130,0.71391,0.71403,1.00,1.00
2015.08.30 22:53:02.172,0.71384,0.71402,1.12,1.00
2015.08.30 22:53:02.274,0.71381,0.71395,1.50,1.00
2015.08.30 22:53:02.706,0.7138,0.71393,1.12,1.00
2015.08.30 22:53:03.012,0.7138,0.7139,1.00,1.00
2015.08.30 22:53:05.472,0.71378,0.71389,1.00,1.00
2015.08.30 22:53:07.144,0.71377,0.71389,1.00,1.00
2015.08.30 22:53:07.648,0.71376,0.71389,1.12,1.00
2015.08.30 22:53:10.068,0.71371,0.71388,2.02,1.50
2015.08.30 22:53:10.170,0.71372,0.71386,1.37,1.00
2015.08.30 22:53:10.474,0.71371,0.71384,1.00,1.00
2015.08.30 22:53:10.677,0.71366,0.71381,1.87,1.00
2015.08.30 22:53:10.949,0.71367,0.71383,1.00,1.00
2015.08.30 22:53:11.050,0.71369,0.71383,1.00,1.00
2015.08.30 22:53:11.152,0.71366,0.71383,1.87,1.00
2015.08.30 22:53:11.405,0.71368,0.71383,1.00,1.00
2015.08.30 22:53:11.456,0.71368,0.71386,1.00,1.50
2015.08.30 22:53:11.608,0.71365,0.71385,1.50,1.00
2015.08.30 22:53:11.760,0.71364,0.71384,2.25,1.00
2015.08.30 22:53:11.811,0.71367,0.71386,1.00,1.87
2015.08.30 22:53:12.166,0.71365,0.71385,1.50,1.00
2015.08.30 22:53:12.760,0.71366,0.71382,1.50,1.00
2015.08.30 22:53:13.165,0.71367,0.7138,1.00,1.00
2015.08.30 22:53:13.267,0.71367,0.71382,1.00,1.00
2015.08.30 22:53:13.369,0.71364,0.71381,1.00,1.00
2015.08.30 22:53:13.879,0.71364,0.71382,1.12,1.00
2015.08.30 22:53:14.263,0.71364,0.7138,1.12,1.00
2015.08.30 22:53:15.763,0.71363,0.7138,1.87,1.00
2015.08.30 22:53:16.270,0.71364,0.7138,1.00,1.00
2015.08.30 22:53:16.997,0.71363,0.7138,2.62,1.00
2015.08.30 22:53:17.099,0.71366,0.71384,1.12,1.00
2015.08.30 22:53:17.301,0.71366,0.71386,1.87,1.00
2015.08.30 22:53:17.352,0.71366,0.71384,1.87,1.00
2015.08.30 22:53:17.656,0.71368,0.71386,1.00,1.00
2015.08.30 22:53:18.263,0.71367,0.71385,1.00,1.00
2015.08.30 22:53:19.179,0.71366,0.71384,2.25,1.00
2015.08.30 22:53:20.288,0.71366,0.71386,1.50,1.50
2015.08.30 22:53:23.053,0.71365,0.71385,1.12,1.00
2015.08.30 22:53:27.814,0.71365,0.71385,1.37,1.00
2015.08.30 22:53:29.862,0.71365,0.71384,1.50,1.00
2015.08.30 22:53:30.318,0.71368,0.71387,1.00,1.00
2015.08.30 22:53:31.074,0.71368,0.71386,1.00,1.00
2015.08.30 22:53:35.040,0.71368,0.71383,1.00,1.00
2015.08.30 22:53:35.142,0.71365,0.71383,1.12,1.00
2015.08.30 22:53:35.648,0.71365,0.71383,1.50,1.00
2015.08.30 22:53:35.850,0.71365,0.71381,1.50,1.00
2015.08.30 22:53:35.952,0.71363,0.71383,1.87,1.50
2015.08.30 22:53:36.482,0.71366,0.71386,1.00,1.00
2015.08.30 22:53:36.946,0.71366,0.71386,1.50,1.00
2015.08.30 22:53:37.452,0.71367,0.71387,1.37,1.50
2015.08.30 22:53:38.101,0.71367,0.71385,1.50,1.00
2015.08.30 22:53:40.161,0.71367,0.71385,1.00,1.00
2015.08.30 22:53:42.079,0.71366,0.71384,1.00,1.00
2015.08.30 22:53:46.583,0.71365,0.71384,1.00,1.00
2015.08.30 22:53:47.089,0.71365,0.71385,1.37,1.50
2015.08.30 22:53:51.011,0.71364,0.7138,1.37,1.00
2015.08.30 22:53:51.062,0.71364,0.7138,1.00,1.00
2015.08.30 22:53:51.567,0.71362,0.7138,1.87,1.00
2015.08.30 22:53:51.891,0.71362,0.71382,1.12,1.50
2015.08.30 22:53:52.195,0.71364,0.71382,1.00,1.50
2015.08.30 22:53:52.699,0.71364,0.71381,1.00,1.00
2015.08.30 22:53:52.852,0.71361,0.71381,2.25,1.50
2015.08.30 22:53:52.902,0.71361,0.71379,2.25,1.00
2015.08.30 22:53:53.585,0.7136,0.71377,1.50,1.00
2015.08.30 22:53:54.092,0.71359,0.71376,1.50,1.00
2015.08.30 22:53:54.194,0.7136,0.71378,1.12,1.00
2015.08.30 22:53:54.598,0.71359,0.71375,1.75,1.00
2015.08.30 22:53:54.699,0.7136,0.71377,1.00,1.00
2015.08.30 22:53:54.969,0.71359,0.71377,1.75,1.00
2015.08.30 22:53:55.474,0.7136,0.71378,1.50,1.50
2015.08.30 22:53:56.010,0.7136,0.71377,1.50,1.00
2015.08.30 22:53:58.090,0.71361,0.71378,1.37,1.00
2015.08.30 22:53:58.293,0.71362,0.7138,1.12,1.00
2015.08.30 22:53:58.344,0.7136,0.71378,1.75,1.00
2015.08.30 22:53:58.496,0.7136,0.7138,1.12,1.00
2015.08.30 22:53:59.881,0.71357,0.71377,1.37,1.00
2015.08.30 22:54:00.409,0.71358,0.71376,1.00,1.00
2015.08.30 22:54:01.447,0.71358,0.71378,1.00,1.00
2015.08.30 22:54:04.414,0.71358,0.71377,1.00,1.00
2015.08.30 22:54:04.566,0.71357,0.71374,1.00,1.00
2015.08.30 22:54:05.047,0.71355,0.71375,1.50,1.00
2015.08.30 22:54:05.553,0.71355,0.71374,1.00,1.00
2015.08.30 22:54:09.725,0.71356,0.71374,1.00,1.00
2015.08.30 22:54:10.380,0.71356,0.71373,1.00,2.25
2015.08.30 22:54:10.883,0.71356,0.71372,1.00,1.00
2015.08.30 22:54:11.741,0.71355,0.71372,1.00,1.00
2015.08.30 22:54:11.843,0.71352,0.71369,1.00,1.50
2015.08.30 22:54:12.162,0.71349,0.71364,1.00,1.00
2015.08.30 22:54:12.567,0.71347,0.71363,1.00,1.50
2015.08.30 22:54:13.110,0.71347,0.71362,1.00,1.00
2015.08.30 22:54:20.348,0.71352,0.71363,1.00,1.50
2015.08.30 22:54:20.864,0.71353,0.71364,1.00,1.00
2015.08.30 22:54:22.850,0.71352,0.71364,1.00,1.00
2015.08.30 22:54:23.428,0.71351,0.71364,1.00,1.00
2015.08.30 22:54:30.047,0.71348,0.71364,1.50,1.00
2015.08.30 22:54:30.199,0.71345,0.71363,1.87,1.50
2015.08.30 22:54:30.250,0.71346,0.7136,1.00,1.00
2015.08.30 22:54:30.566,0.71346,0.71362,1.00,1.00
2015.08.30 22:54:30.617,0.7135,0.71359,1.37,1.00
2015.08.30 22:54:30.719,0.71351,0.71369,3.00,1.50
2015.08.30 22:54:31.326,0.71352,0.71369,1.00,1.00
2015.08.30 22:54:31.579,0.71352,0.71371,1.50,1.00
2015.08.30 22:54:31.680,0.71352,0.71372,1.87,1.50
2015.08.30 22:54:32.057,0.71354,0.71369,1.12,1.00
2015.08.30 22:54:32.109,0.71354,0.71371,1.12,1.00
2015.08.30 22:54:32.614,0.71354,0.7137,1.12,1.00
2015.08.30 22:54:36.805,0.71353,0.7137,1.00,1.00
2015.08.30 22:54:37.311,0.71354,0.7137,1.00,1.00
2015.08.30 22:54:37.964,0.71353,0.7137,1.00,1.00
2015.08.30 22:54:38.550,0.71353,0.71369,1.00,1.00
2015.08.30 22:55:01.714,0.71356,0.7137,1.00,1.50
2015.08.30 22:55:01.816,0.71354,0.7137,1.00,1.50
2015.08.30 22:55:02.333,0.71353,0.71369,1.00,1.00
2015.08.30 22:55:04.335,0.71357,0.71369,1.00,1.00
2015.08.30 22:55:04.607,0.71357,0.71371,1.00,1.00
2015.08.30 22:55:12.734,0.71357,0.7137,1.00,1.00
2015.08.30 22:55:12.936,0.71354,0.71368,1.12,1.00
2015.08.30 22:55:13.038,0.71352,0.71368,1.12,1.00
2015.08.30 22:55:13.570,0.71352,0.71369,1.12,1.00
2015.08.30 22:55:21.682,0.71353,0.71369,1.00,1.00
2015.08.30 22:55:27.851,0.71353,0.71369,1.37,1.00
2015.08.30 22:55:31.754,0.71355,0.71369,1.50,1.00
2015.08.30 22:55:31.860,0.71355,0.71371,1.50,1.00
2015.08.30 22:55:32.525,0.71355,0.7137,1.50,1.00
2015.08.30 22:55:39.574,0.71355,0.71365,1.00,1.00
2015.08.30 22:55:39.776,0.71345,0.71356,1.00,1.00
2015.08.30 22:55:39.979,0.71344,0.71362,1.50,1.50
2015.08.30 22:55:40.339,0.71344,0.7136,1.12,1.00
2015.08.30 22:55:40.643,0.71346,0.71361,1.12,1.00
2015.08.30 22:55:41.176,0.71346,0.71362,1.12,1.00
2015.08.30 22:55:41.692,0.71345,0.71361,1.37,1.00
2015.08.30 22:55:46.598,0.71351,0.71364,1.00,1.00
2015.08.30 22:55:46.832,0.71354,0.71368,1.00,1.00
2015.08.30 22:55:46.883,0.71354,0.7137,1.00,1.00
2015.08.30 22:55:47.389,0.71354,0.71368,1.00,1.00
2015.08.30 22:55:49.634,0.71356,0.71368,1.00,1.00
2015.08.30 22:55:49.937,0.71358,0.71369,1.00,1.00
2015.08.30 22:55:50.219,0.71356,0.71369,1.00,1.00
2015.08.30 22:55:50.473,0.71356,0.71366,1.00,1.00
2015.08.30 22:55:50.523,0.71353,0.71366,1.50,1.50
2015.08.30 22:55:50.625,0.71352,0.71368,1.00,1.00
2015.08.30 22:55:52.996,0.71351,0.71368,1.00,1.00
2015.08.30 22:55:53.421,0.71355,0.71372,1.00,1.00
2015.08.30 22:55:54.826,0.71356,0.71372,1.00,1.00
2015.08.30 22:55:54.928,0.71356,0.71374,1.00,1.00
2015.08.30 22:55:55.680,0.71356,0.71372,1.50,1.00
2015.08.30 22:55:56.085,0.71358,0.71375,1.00,1.00
2015.08.30 22:55:57.538,0.71362,0.71375,1.00,1.00
2015.08.30 22:55:57.591,0.71362,0.71379,1.00,1.00
2015.08.30 22:55:58.549,0.71361,0.71379,1.00,1.00
2015.08.30 22:55:58.804,0.71358,0.71377,1.00,1.00
2015.08.30 22:55:58.854,0.71363,0.71377,1.00,1.00
2015.08.30 22:55:59.385,0.71363,0.71378,1.00,1.00
2015.08.30 22:56:00.656,0.71366,0.71382,1.00,1.00
2015.08.30 22:56:00.758,0.71365,0.7138,1.00,1.00
2015.08.30 22:56:00.911,0.71362,0.71381,1.87,1.00
2015.08.30 22:56:01.165,0.71365,0.7138,1.50,1.00
2015.08.30 22:56:01.644,0.71365,0.71382,1.00,1.00
2015.08.30 22:56:01.796,0.71363,0.71382,1.00,1.00
2015.08.30 22:56:02.114,0.71364,0.71379,1.00,1.00
2015.08.30 22:56:02.215,0.71362,0.71379,1.00,1.00
2015.08.30 22:56:03.016,0.71359,0.71375,1.37,1.00
2015.08.30 22:56:03.320,0.71359,0.71378,1.00,2.25
2015.08.30 22:56:04.790,0.71358,0.71375,1.50,1.00
2015.08.30 22:56:10.390,0.71359,0.71377,1.00,1.00
2015.08.30 22:56:10.492,0.71363,0.71378,1.00,1.00
2015.08.30 22:56:10.997,0.71362,0.71378,1.00,1.50
2015.08.30 22:56:11.661,0.71365,0.7138,1.00,1.00
2015.08.30 22:56:11.976,0.7136,0.71377,1.50,1.00
2015.08.30 22:56:12.482,0.71359,0.71377,1.12,1.00
2015.08.30 22:56:12.583,0.71359,0.71379,1.12,1.50
2015.08.30 22:56:12.988,0.71357,0.71377,1.87,1.00
2015.08.30 22:56:13.493,0.7136,0.71377,1.00,1.50
2015.08.30 22:56:15.933,0.7136,0.71376,1.00,1.00
2015.08.30 22:56:19.475,0.71358,0.71376,1.00,1.00
2015.08.30 22:56:20.517,0.71361,0.71376,1.00,1.50
2015.08.30 22:56:21.607,0.7136,0.71376,1.00,1.00
2015.08.30 22:56:22.124,0.71359,0.71376,1.00,1.00
2015.08.30 22:56:22.474,0.71361,0.71376,1.00,1.00
2015.08.30 22:56:23.015,0.7136,0.71376,1.00,1.50
2015.08.30 22:56:23.596,0.71361,0.71376,1.00,1.00
2015.08.30 22:56:23.698,0.71359,0.71376,1.00,1.00
2015.08.30 22:56:24.027,0.71361,0.71376,1.00,1.00
2015.08.30 22:56:24.129,0.71359,0.71376,1.00,1.00
2015.08.30 22:56:24.798,0.7136,0.71376,1.00,1.00
2015.08.30 22:56:31.609,0.71362,0.71377,1.00,1.50
2015.08.30 22:56:33.030,0.71362,0.71376,1.00,1.00
2015.08.30 22:56:37.028,0.71362,0.71382,1.50,3.00
2015.08.30 22:56:37.079,0.71364,0.71382,1.00,2.62
2015.08.30 22:56:37.332,0.7137,0.71387,1.00,1.50
2015.08.30 22:56:37.434,0.71372,0.71388,1.00,1.50
2015.08.30 22:56:37.939,0.71371,0.71386,1.00,1.00
2015.08.30 22:56:41.830,0.71373,0.71386,1.00,1.00
2015.08.30 22:56:41.881,0.71373,0.71388,1.00,1.12
2015.08.30 22:56:41.933,0.71378,0.71391,1.00,1.12
2015.08.30 22:56:42.084,0.71377,0.71394,1.50,1.00
2015.08.30 22:56:42.136,0.71381,0.71398,1.00,1.50
2015.08.30 22:56:42.186,0.71381,0.71398,1.00,1.50
2015.08.30 22:56:42.692,0.71382,0.71398,1.00,1.00
2015.08.30 22:56:43.866,0.71383,0.71401,1.00,1.50
2015.08.30 22:56:43.917,0.71387,0.71401,1.00,1.00
2015.08.30 22:56:44.170,0.71387,0.71403,1.50,1.00
2015.08.30 22:56:44.372,0.71389,0.71403,1.00,1.00
2015.08.30 22:56:44.676,0.71391,0.71406,1.00,1.00
2015.08.30 22:56:45.216,0.7139,0.71406,1.00,1.00
2015.08.30 22:56:45.880,0.71391,0.71406,1.00,1.00
2015.08.30 22:56:58.911,0.71392,0.71406,1.00,1.14
2015.08.30 22:57:00.661,0.71391,0.71406,1.00,1.00
2015.08.30 22:57:01.287,0.7139,0.71406,1.00,1.00
2015.08.30 22:57:01.342,0.7139,0.71403,1.00,1.00
2015.08.30 22:57:03.799,0.7139,0.71401,1.00,1.00
2015.08.30 22:57:03.901,0.71388,0.71401,1.00,1.00
2015.08.30 22:57:04.471,0.71387,0.71402,1.00,1.00
2015.08.30 22:57:04.572,0.71389,0.71402,1.00,1.00
2015.08.30 22:57:05.078,0.71388,0.71401,1.00,1.00
2015.08.30 22:57:05.584,0.71387,0.71401,1.00,1.00
2015.08.30 22:57:08.009,0.71387,0.71402,1.00,1.00
2015.08.30 22:57:08.604,0.71388,0.71402,1.00,1.00
2015.08.30 22:57:09.216,0.71387,0.71402,1.00,1.00
2015.08.30 22:57:09.767,0.71387,0.71403,1.00,1.00
2015.08.30 22:57:10.305,0.71388,0.71402,1.00,1.00
2015.08.30 22:57:10.407,0.71386,0.71402,1.00,1.00
2015.08.30 22:57:10.610,0.71384,0.71403,1.50,1.00
2015.08.30 22:57:10.971,0.71384,0.71401,1.50,1.00
2015.08.30 22:57:11.481,0.71384,0.71402,1.50,1.00
2015.08.30 22:57:11.986,0.71385,0.71403,1.00,1.00
2015.08.30 22:57:12.817,0.71389,0.71403,1.00,1.00
2015.08.30 22:57:13.173,0.7139,0.71405,1.00,1.00
2015.08.30 22:57:13.682,0.7139,0.71406,1.00,1.00
2015.08.30 22:57:21.646,0.7139,0.71401,1.00,1.00
2015.08.30 22:57:26.870,0.71391,0.71401,1.00,1.00
2015.08.30 22:57:27.376,0.71392,0.71402,1.00,1.00
2015.08.30 22:57:29.478,0.71395,0.71402,1.00,1.00
2015.08.30 22:57:29.580,0.71395,0.71405,1.00,1.00
2015.08.30 22:57:29.844,0.71398,0.71407,1.00,1.00
2015.08.30 22:57:29.945,0.71396,0.71407,1.00,1.00
2015.08.30 22:57:30.460,0.71396,0.71408,1.00,1.00
2015.08.30 22:57:31.637,0.71399,0.71408,1.00,1.00
2015.08.30 22:57:31.840,0.71397,0.71408,1.00,1.00
2015.08.30 22:57:38.144,0.71399,0.71408,1.00,1.00
2015.08.30 22:57:38.452,0.71399,0.7141,1.00,1.00
2015.08.30 22:57:44.319,0.71399,0.71414,1.00,1.00
2015.08.30 22:57:44.775,0.71401,0.71415,1.00,1.00
2015.08.30 22:57:45.282,0.71402,0.71416,1.00,1.00
2015.08.30 22:57:45.792,0.71402,0.71417,1.00,1.00
2015.08.30 22:57:53.190,0.71403,0.71417,1.00,1.00
2015.08.30 22:57:53.443,0.71407,0.71424,1.00,1.37
2015.08.30 22:57:53.695,0.71409,0.71424,1.00,1.00
2015.08.30 22:57:54.111,0.71409,0.71421,1.00,1.00
2015.08.30 22:57:54.313,0.71409,0.71423,1.00,1.00
2015.08.30 22:57:57.784,0.71411,0.71423,1.00,1.00
2015.08.30 22:57:57.886,0.71409,0.71423,1.00,1.00
2015.08.30 22:57:58.139,0.71409,0.71426,1.00,1.50
2015.08.30 22:58:00.496,0.71408,0.71426,1.00,1.00
2015.08.30 22:58:00.598,0.7141,0.71426,1.00,1.00
2015.08.30 22:58:00.902,0.71409,0.71424,1.00,1.00
2015.08.30 22:58:01.356,0.71409,0.71422,1.00,1.00
2015.08.30 22:58:01.458,0.71404,0.71419,1.00,1.20
2015.08.30 22:58:01.750,0.71398,0.71416,1.50,1.00
2015.08.30 22:58:01.801,0.71402,0.71421,1.00,1.00
2015.08.30 22:58:01.852,0.71402,0.71418,1.00,1.00
2015.08.30 22:58:01.903,0.71398,0.71418,1.00,1.50
2015.08.30 22:58:02.359,0.71398,0.71416,1.00,1.00
2015.08.30 22:58:02.662,0.71398,0.71418,1.00,1.50
2015.08.30 22:58:02.764,0.71397,0.71416,1.50,1.00
2015.08.30 22:58:03.118,0.714,0.71418,1.00,1.00
2015.08.30 22:58:03.546,0.714,0.71416,1.00,1.00
2015.08.30 22:58:03.849,0.714,0.71413,1.00,1.00
2015.08.30 22:58:04.002,0.714,0.71416,1.00,1.00
2015.08.30 22:58:04.104,0.714,0.71414,1.00,1.00
2015.08.30 22:58:04.407,0.71403,0.71414,1.00,1.00
2015.08.30 22:58:04.559,0.71404,0.71416,1.00,1.00
2015.08.30 22:58:04.813,0.71406,0.71416,1.00,1.00
2015.08.30 22:58:05.044,0.71404,0.71416,1.00,1.00
2015.08.30 22:58:05.550,0.71405,0.71416,1.00,1.00
2015.08.30 22:58:06.055,0.71406,0.71416,1.00,1.00
2015.08.30 22:58:06.207,0.71404,0.71415,1.00,1.00
2015.08.30 22:58:06.709,0.71398,0.71414,1.00,1.00
2015.08.30 22:58:07.315,0.71398,0.71418,3.00,1.00
2015.08.30 22:58:07.544,0.71403,0.71418,1.00,1.00
2015.08.30 22:58:07.847,0.71402,0.71416,1.00,1.00
2015.08.30 22:58:08.361,0.71402,0.71415,1.00,1.00
2015.08.30 22:58:09.024,0.71402,0.71416,1.00,1.00
2015.08.30 22:58:09.529,0.71402,0.71417,1.00,1.00
2015.08.30 22:58:11.023,0.71403,0.71417,1.00,1.00
2015.08.30 22:58:11.933,0.71402,0.71417,1.00,1.00
2015.08.30 22:58:12.506,0.71403,0.71417,1.00,1.00
2015.08.30 22:58:12.808,0.71403,0.71415,1.00,1.00
2015.08.30 22:58:17.283,0.71403,0.71419,1.00,1.00
2015.08.30 22:58:20.080,0.71402,0.71419,1.00,1.00
2015.08.30 22:58:20.585,0.71403,0.71419,1.00,1.00
2015.08.30 22:58:30.989,0.71402,0.71419,1.00,1.50
2015.08.30 22:58:35.803,0.71404,0.7142,1.00,1.00
2015.08.30 22:58:36.308,0.71403,0.7142,1.00,1.00
2015.08.30 22:58:36.812,0.71404,0.7142,1.00,1.00
2015.08.30 22:58:37.170,0.71402,0.7142,1.00,1.00
2015.08.30 22:58:37.474,0.71404,0.71421,1.00,1.00
2015.08.30 22:58:37.525,0.71404,0.71423,1.00,1.00
2015.08.30 22:58:38.081,0.71404,0.71424,1.50,1.00
2015.08.30 22:58:38.284,0.71409,0.71423,1.00,1.00
2015.08.30 22:58:38.637,0.7141,0.71425,1.00,1.00
2015.08.30 22:58:39.139,0.71409,0.71424,1.00,1.00
2015.08.30 22:58:39.867,0.7141,0.71424,1.00,1.00
2015.08.30 22:58:40.469,0.71409,0.71424,1.00,1.00
2015.08.30 22:58:49.910,0.7141,0.71424,1.00,1.00
2015.08.30 22:58:50.415,0.71408,0.71425,1.00,1.50
2015.08.30 22:59:01.361,0.71408,0.7142,1.00,1.00
2015.08.30 22:59:01.412,0.71404,0.71418,1.00,1.00
2015.08.30 22:59:01.614,0.71402,0.71416,1.00,1.00
2015.08.30 22:59:01.716,0.71401,0.71418,1.00,1.00
2015.08.30 22:59:01.867,0.71399,0.71417,1.00,1.00
2015.08.30 22:59:02.401,0.71398,0.71418,2.25,1.00
2015.08.30 22:59:03.140,0.71398,0.71414,1.50,1.00
2015.08.30 22:59:03.678,0.71398,0.71413,1.00,1.00
2015.08.30 22:59:03.931,0.71385,0.71405,1.50,1.00
2015.08.30 22:59:04.496,0.71386,0.71406,1.00,1.50
2015.08.30 22:59:04.547,0.71386,0.71404,1.00,1.00
2015.08.30 22:59:04.598,0.71386,0.71406,1.00,1.50
2015.08.30 22:59:04.850,0.71388,0.71406,1.00,1.00
2015.08.30 22:59:05.053,0.71392,0.71412,1.00,1.50
2015.08.30 22:59:05.558,0.71393,0.71413,1.00,1.87
2015.08.30 22:59:06.121,0.71394,0.71406,1.00,1.00
2015.08.30 22:59:06.772,0.71394,0.71407,1.00,1.00
2015.08.30 22:59:07.304,0.71395,0.71407,1.00,1.00
2015.08.30 22:59:08.010,0.71392,0.71397,1.00,1.00
2015.08.30 22:59:08.061,0.71385,0.71397,1.00,1.00
2015.08.30 22:59:08.112,0.71378,0.71394,1.00,1.00
2015.08.30 22:59:08.315,0.7138,0.71397,1.00,1.00
2015.08.30 22:59:08.366,0.71384,0.71397,1.00,1.00
2015.08.30 22:59:08.872,0.71384,0.71396,1.00,1.00
2015.08.30 22:59:08.924,0.71379,0.71396,1.00,1.50
2015.08.30 22:59:09.126,0.71379,0.71392,1.00,1.00
2015.08.30 22:59:09.677,0.71374,0.71388,1.12,1.00
2015.08.30 22:59:10.213,0.71375,0.71388,1.00,1.00
2015.08.30 22:59:10.365,0.71373,0.71388,1.00,1.00
2015.08.30 22:59:10.416,0.71373,0.71385,1.00,1.00
2015.08.30 22:59:10.467,0.7137,0.71385,1.00,1.00
2015.08.30 22:59:10.772,0.71371,0.71389,1.00,1.50
2015.08.30 22:59:10.873,0.71374,0.71389,1.00,1.50
2015.08.30 22:59:11.263,0.71371,0.71384,1.00,1.00
2015.08.30 22:59:11.314,0.71368,0.71384,1.00,1.00
2015.08.30 22:59:11.871,0.71369,0.71384,1.00,1.00
2015.08.30 22:59:12.650,0.71372,0.71385,1.00,1.00
2015.08.30 22:59:12.752,0.71368,0.71385,1.50,1.00
2015.08.30 22:59:12.802,0.71368,0.71379,1.00,1.24
2015.08.30 22:59:13.029,0.71367,0.71381,1.00,1.00
2015.08.30 22:59:13.508,0.71368,0.71383,1.00,1.00
2015.08.30 22:59:13.610,0.71368,0.71385,1.00,1.00
2015.08.30 22:59:14.014,0.7137,0.71384,1.00,1.00
2015.08.30 22:59:14.317,0.71375,0.71385,1.00,1.00
2015.08.30 22:59:14.835,0.71374,0.71387,1.00,1.00
2015.08.30 22:59:14.987,0.71376,0.71387,1.00,1.00
2015.08.30 22:59:15.089,0.71371,0.71387,1.50,1.00
2015.08.30 22:59:15.882,0.71375,0.71387,1.00,1.00
2015.08.30 22:59:16.684,0.71377,0.71387,1.00,1.00
2015.08.30 22:59:17.239,0.71377,0.71388,1.00,1.00
2015.08.30 22:59:17.788,0.71377,0.71389,1.00,1.00
2015.08.30 22:59:18.091,0.7138,0.71389,1.00,1.00
2015.08.30 22:59:18.426,0.71382,0.71389,1.00,1.00
2015.08.30 22:59:18.485,0.71381,0.71394,1.00,1.00
2015.08.30 22:59:18.788,0.71381,0.71397,1.00,1.00
2015.08.30 22:59:19.095,0.71381,0.71393,1.00,1.00
2015.08.30 22:59:19.348,0.71381,0.71396,1.00,1.00
2015.08.30 22:59:19.399,0.71386,0.71396,1.00,1.00
2015.08.30 22:59:19.450,0.71386,0.71403,1.00,1.00
2015.08.30 22:59:20.757,0.71387,0.71405,1.50,1.12
2015.08.30 22:59:21.083,0.71387,0.71407,1.50,1.00
2015.08.30 22:59:21.184,0.7139,0.71407,1.00,1.00
2015.08.30 22:59:21.500,0.71392,0.71406,1.00,1.00
2015.08.30 22:59:22.107,0.7139,0.71402,1.00,1.00
2015.08.30 22:59:22.371,0.71388,0.71402,1.00,1.00
2015.08.30 22:59:22.423,0.71388,0.71399,1.00,1.00
2015.08.30 22:59:22.474,0.71386,0.71399,1.00,1.00
2015.08.30 22:59:22.526,0.71383,0.71397,1.12,1.00
2015.08.30 22:59:22.627,0.7138,0.71397,1.00,1.00
2015.08.30 22:59:22.728,0.71378,0.71392,1.00,1.00
2015.08.30 22:59:23.234,0.71378,0.71391,1.00,1.00
2015.08.30 22:59:24.029,0.71379,0.71391,1.00,1.00
2015.08.30 22:59:24.534,0.71378,0.71391,1.00,1.00
2015.08.30 22:59:28.037,0.71376,0.71391,1.87,1.00
2015.08.30 22:59:28.586,0.71376,0.7139,1.87,1.00
2015.08.30 22:59:31.621,0.71379,0.7139,1.00,1.00
2015.08.30 22:59:32.126,0.71378,0.7139,1.00,1.00
2015.08.30 22:59:35.362,0.71376,0.7139,1.50,1.00
2015.08.30 22:59:35.899,0.71377,0.7139,1.00,1.00
2015.08.30 22:59:37.450,0.71376,0.7139,1.00,1.00
2015.08.30 22:59:38.952,0.71374,0.7139,1.00,1.00
2015.08.30 22:59:39.003,0.71374,0.71388,1.00,1.00
2015.08.30 22:59:39.307,0.71376,0.71388,1.00,1.00
2015.08.30 22:59:39.812,0.71376,0.71387,1.00,1.00
2015.08.30 22:59:40.338,0.71375,0.71387,1.00,1.00
2015.08.30 22:59:54.218,0.71377,0.71389,1.00,1.00
2015.08.30 22:59:54.732,0.71376,0.71389,1.00,1.00
2015.08.30 22:59:55.036,0.71378,0.71389,1.00,1.00
2015.08.30 22:59:55.544,0.71377,0.71389,1.00,1.00
2015.08.30 22:59:56.256,0.71378,0.71389,1.00,1.00
