2014.06.26 06:00:00.765,0.94071,0.94078,1.00,1.84
2014.06.26 06:00:00.917,0.94069,0.94078,1.00,1.84
2014.06.26 06:00:01.732,0.94069,0.94076,1.00,1.00
2014.06.26 06:00:02.249,0.94069,0.94077,1.00,1.20
2014.06.26 06:00:02.758,0.94068,0.94076,1.00,1.13
2014.06.26 06:00:04.821,0.94067,0.94076,2.25,1.25
2014.06.26 06:00:06.371,0.94067,0.94076,1.50,1.69
2014.06.26 06:00:07.556,0.94067,0.94076,1.50,1.69
2014.06.26 06:00:07.657,0.94074,0.94081,1.38,1.00
2014.06.26 06:00:07.911,0.94077,0.94086,1.10,1.00
2014.06.26 06:00:08.063,0.9408,0.94086,2.18,1.50
2014.06.26 06:00:08.215,0.94077,0.94086,1.77,2.25
2014.06.26 06:00:08.645,0.94076,0.94084,1.19,1.10
2014.06.26 06:00:08.696,0.94075,0.94084,1.25,1.02
2014.06.26 06:00:09.070,0.94075,0.94081,1.00,1.00
2014.06.26 06:00:09.329,0.94073,0.94081,1.00,1.69
2014.06.26 06:00:09.836,0.94071,0.94081,2.52,2.44
2014.06.26 06:00:10.345,0.94071,0.94081,1.77,3.19
2014.06.26 06:00:15.328,0.94071,0.94079,1.02,1.00
2014.06.26 06:00:15.793,0.94071,0.94075,1.10,1.69
2014.06.26 06:00:15.995,0.94065,0.94072,2.59,1.00
2014.06.26 06:00:16.098,0.94068,0.94077,1.00,2.22
2014.06.26 06:00:16.149,0.94069,0.94078,1.50,3.72
2014.06.26 06:00:17.730,0.94069,0.94076,1.47,1.00
2014.06.26 06:00:18.794,0.94069,0.94076,1.39,1.00
2014.06.26 06:00:19.344,0.94069,0.94076,1.39,1.00
2014.06.26 06:00:21.701,0.94072,0.94076,1.00,1.50
2014.06.26 06:00:22.055,0.9407,0.94076,1.10,1.50
2014.06.26 06:00:22.561,0.94069,0.94076,1.39,1.50
2014.06.26 06:00:23.066,0.94069,0.94075,1.39,1.00
2014.06.26 06:00:23.579,0.94069,0.94075,1.47,1.00
2014.06.26 06:00:25.203,0.94069,0.94075,1.47,1.00
2014.06.26 06:00:27.289,0.94069,0.94075,1.47,1.00
2014.06.26 06:00:29.734,0.94069,0.94075,1.39,1.00
2014.06.26 06:00:30.280,0.94069,0.94075,1.47,1.00
2014.06.26 06:00:32.065,0.94068,0.94074,1.47,1.00
2014.06.26 06:00:32.591,0.94068,0.94074,1.39,1.00
2014.06.26 06:00:34.049,0.94068,0.94074,1.77,1.00
2014.06.26 06:00:35.051,0.94068,0.94074,1.02,1.00
2014.06.26 06:00:35.563,0.94068,0.94075,1.25,1.00
2014.06.26 06:00:38.412,0.94068,0.94075,1.08,1.00
2014.06.26 06:00:38.973,0.94068,0.94075,1.10,1.00
2014.06.26 06:00:40.108,0.94069,0.94075,1.69,1.00
2014.06.26 06:00:40.260,0.94071,0.94078,1.00,1.18
2014.06.26 06:00:40.768,0.94071,0.94078,1.00,1.10
2014.06.26 06:00:41.498,0.94071,0.9408,2.33,2.59
2014.06.26 06:00:42.021,0.94071,0.94079,2.25,1.09
2014.06.26 06:00:48.141,0.94071,0.94079,1.10,1.77
2014.06.26 06:00:48.773,0.94071,0.94079,1.00,1.84
2014.06.26 06:00:52.478,0.9407,0.94079,1.09,1.77
2014.06.26 06:00:52.782,0.9407,0.94079,1.25,1.84
2014.06.26 06:00:53.305,0.9407,0.94079,1.02,1.84
2014.06.26 06:00:54.006,0.9407,0.94079,1.25,1.84
2014.06.26 06:01:01.219,0.9407,0.94079,1.02,1.84
2014.06.26 06:01:04.483,0.9407,0.94079,1.25,1.84
2014.06.26 06:01:04.990,0.9407,0.94079,1.02,1.84
2014.06.26 06:01:07.458,0.9407,0.94079,1.25,1.84
2014.06.26 06:01:08.249,0.9407,0.94079,1.02,1.84
2014.06.26 06:01:10.293,0.9407,0.94079,1.25,1.84
2014.06.26 06:01:10.889,0.9407,0.94079,1.02,1.84
2014.06.26 06:01:11.237,0.94071,0.94079,2.25,1.77
2014.06.26 06:01:11.760,0.94072,0.9408,2.33,1.50
2014.06.26 06:01:13.344,0.94071,0.94079,3.27,1.00
2014.06.26 06:01:14.749,0.94072,0.94081,2.33,3.19
2014.06.26 06:01:15.259,0.94071,0.9408,5.14,1.25
2014.06.26 06:01:15.793,0.94072,0.9408,2.33,1.25
2014.06.26 06:01:16.298,0.94073,0.94081,2.33,1.69
2014.06.26 06:01:16.831,0.94072,0.9408,3.27,1.00
2014.06.26 06:01:17.337,0.94073,0.94081,2.33,2.44
2014.06.26 06:01:22.561,0.94072,0.9408,4.02,1.00
2014.06.26 06:01:23.079,0.94073,0.94081,2.33,1.25
2014.06.26 06:01:23.585,0.94077,0.94082,1.28,1.00
2014.06.26 06:01:23.636,0.94077,0.94085,1.47,1.00
2014.06.26 06:01:23.738,0.94079,0.94086,1.18,1.00
2014.06.26 06:01:24.042,0.94081,0.94089,2.33,1.25
2014.06.26 06:01:24.585,0.9408,0.94088,3.27,1.00
2014.06.26 06:01:25.091,0.9408,0.94088,2.52,1.00
2014.06.26 06:01:25.640,0.9408,0.94087,2.52,1.00
2014.06.26 06:01:26.514,0.94079,0.94087,4.09,1.00
2014.06.26 06:01:27.021,0.94079,0.94088,3.27,1.69
2014.06.26 06:01:28.817,0.94079,0.94087,3.27,1.00
2014.06.26 06:01:32.086,0.94079,0.94087,3.72,1.00
2014.06.26 06:01:32.610,0.94081,0.94087,1.15,1.00
2014.06.26 06:01:38.077,0.94083,0.94088,1.10,1.00
2014.06.26 06:01:40.118,0.94082,0.9409,1.09,1.00
2014.06.26 06:01:40.640,0.94082,0.94091,1.47,1.02
2014.06.26 06:01:41.884,0.94082,0.94092,2.22,1.77
2014.06.26 06:01:46.047,0.94082,0.9409,1.15,1.25
2014.06.26 06:01:46.350,0.94077,0.94082,1.28,1.00
2014.06.26 06:01:46.502,0.94082,0.94088,1.00,1.02
2014.06.26 06:01:47.021,0.94081,0.94087,1.00,1.00
2014.06.26 06:01:47.799,0.94078,0.94087,2.97,1.00
2014.06.26 06:01:48.343,0.94078,0.94087,2.22,1.25
2014.06.26 06:01:51.528,0.94079,0.94087,1.09,1.00
2014.06.26 06:02:02.987,0.94079,0.94088,2.59,1.10
2014.06.26 06:02:05.971,0.9408,0.94088,1.08,1.25
2014.06.26 06:02:06.521,0.94082,0.94088,1.00,1.25
2014.06.26 06:02:08.195,0.94081,0.94088,1.58,1.00
2014.06.26 06:02:08.397,0.94083,0.9409,1.00,1.84
2014.06.26 06:02:08.700,0.94084,0.94093,1.08,1.58
2014.06.26 06:02:08.916,0.94085,0.94093,1.40,1.13
2014.06.26 06:02:09.270,0.94088,0.94097,1.50,1.34
2014.06.26 06:02:09.784,0.94088,0.94097,1.65,1.27
2014.06.26 06:02:10.300,0.94088,0.94098,1.84,2.59
2014.06.26 06:02:10.829,0.94093,0.94098,1.00,1.84
2014.06.26 06:02:10.981,0.94093,0.94099,1.00,1.10
2014.06.26 06:02:11.638,0.94093,0.941,1.00,1.10
2014.06.26 06:02:12.093,0.94093,0.94101,1.00,2.14
2014.06.26 06:02:12.195,0.94093,0.94101,1.00,2.22
2014.06.26 06:02:12.718,0.94092,0.94101,3.08,2.97
2014.06.26 06:02:13.349,0.94092,0.941,1.00,1.33
2014.06.26 06:02:13.551,0.94089,0.941,3.38,1.47
2014.06.26 06:02:13.602,0.94089,0.94094,2.63,1.48
2014.06.26 06:02:13.704,0.94084,0.94092,2.40,1.69
2014.06.26 06:02:13.819,0.94084,0.94092,1.10,1.77
2014.06.26 06:02:13.870,0.94086,0.94092,1.00,1.77
2014.06.26 06:02:14.122,0.94084,0.94092,1.02,1.10
2014.06.26 06:02:14.173,0.94087,0.94093,1.00,1.09
2014.06.26 06:02:14.377,0.94083,0.94092,3.34,1.58
2014.06.26 06:02:14.933,0.94082,0.94092,2.22,2.52
2014.06.26 06:02:15.436,0.94085,0.94092,1.08,1.00
2014.06.26 06:02:15.638,0.94087,0.94095,1.95,1.10
2014.06.26 06:02:15.689,0.94091,0.94096,1.00,1.02
2014.06.26 06:02:15.994,0.94092,0.94098,1.00,1.10
2014.06.26 06:02:22.351,0.94089,0.94094,2.33,1.13
2014.06.26 06:02:22.404,0.94088,0.94093,1.08,1.13
2014.06.26 06:02:22.556,0.94083,0.94092,1.40,1.50
2014.06.26 06:02:23.064,0.94082,0.94092,2.97,1.77
2014.06.26 06:02:23.594,0.94086,0.94092,1.00,1.10
2014.06.26 06:02:23.746,0.94086,0.94095,1.10,2.59
2014.06.26 06:02:23.898,0.94086,0.94094,1.00,1.40
2014.06.26 06:02:28.851,0.94086,0.94093,1.00,1.02
2014.06.26 06:02:29.171,0.94085,0.94091,1.00,1.58
2014.06.26 06:02:29.323,0.94083,0.94091,1.10,2.52
2014.06.26 06:02:38.000,0.94083,0.94089,1.10,1.00
2014.06.26 06:02:38.278,0.94079,0.94086,1.10,1.38
2014.06.26 06:02:38.430,0.94074,0.94084,1.08,2.40
2014.06.26 06:02:38.481,0.94073,0.9408,1.18,1.00
2014.06.26 06:02:38.791,0.94071,0.9408,1.00,2.59
2014.06.26 06:02:39.305,0.94071,0.9408,1.10,2.59
2014.06.26 06:02:41.769,0.94071,0.9408,1.00,1.84
2014.06.26 06:02:42.288,0.9407,0.9408,2.59,2.59
2014.06.26 06:02:44.605,0.94072,0.9408,1.00,2.59
2014.06.26 06:02:46.334,0.94074,0.9408,1.00,1.18
2014.06.26 06:02:46.587,0.94075,0.94082,1.00,1.18
2014.06.26 06:02:47.386,0.94072,0.9408,1.84,1.00
2014.06.26 06:02:52.171,0.94071,0.9408,3.34,1.10
2014.06.26 06:02:56.859,0.94075,0.94082,1.00,2.59
2014.06.26 06:02:57.367,0.94075,0.94082,1.00,1.09
2014.06.26 06:03:04.255,0.94075,0.94083,1.10,2.22
2014.06.26 06:03:04.824,0.94075,0.94083,1.10,2.14
2014.06.26 06:03:08.156,0.94075,0.94083,1.58,1.77
2014.06.26 06:03:17.195,0.94075,0.94083,1.10,1.02
2014.06.26 06:03:17.696,0.94075,0.94083,1.10,1.77
2014.06.26 06:03:26.156,0.94075,0.94081,1.00,1.00
2014.06.26 06:03:26.661,0.94073,0.9408,1.00,1.02
2014.06.26 06:03:29.021,0.94072,0.9408,1.10,1.02
2014.06.26 06:03:54.021,0.94071,0.9408,2.59,1.25
2014.06.26 06:03:56.197,0.94072,0.9408,1.10,1.02
2014.06.26 06:03:56.741,0.94072,0.9408,1.18,1.25
2014.06.26 06:03:58.173,0.94072,0.9408,1.10,1.02
2014.06.26 06:04:02.154,0.94072,0.9408,1.00,1.84
2014.06.26 06:04:02.666,0.94071,0.9408,1.09,1.77
2014.06.26 06:04:03.363,0.94071,0.9408,1.02,1.84
2014.06.26 06:04:03.960,0.94071,0.9408,1.09,1.77
2014.06.26 06:04:05.108,0.94071,0.9408,1.02,1.84
2014.06.26 06:04:05.628,0.94071,0.9408,1.09,1.77
2014.06.26 06:04:06.544,0.94071,0.9408,1.02,1.84
2014.06.26 06:04:07.102,0.94071,0.9408,1.09,1.77
2014.06.26 06:04:07.916,0.9407,0.9408,3.34,1.77
2014.06.26 06:04:10.327,0.9407,0.9408,3.34,1.84
2014.06.26 06:04:11.290,0.9407,0.9408,2.52,2.59
2014.06.26 06:04:31.323,0.9407,0.94079,1.33,1.09
2014.06.26 06:04:46.380,0.94071,0.9408,3.27,1.28
2014.06.26 06:04:46.482,0.94074,0.94082,1.00,1.40
2014.06.26 06:04:47.036,0.94074,0.94082,1.00,1.40
2014.06.26 06:04:47.544,0.94074,0.94082,1.00,1.40
2014.06.26 06:04:48.122,0.94074,0.94082,1.00,1.40
2014.06.26 06:04:56.343,0.94072,0.94081,2.52,1.09
2014.06.26 06:04:56.858,0.94072,0.9408,1.25,1.18
2014.06.26 06:04:57.390,0.94072,0.9408,1.02,1.10
2014.06.26 06:04:59.730,0.94072,0.9408,1.00,1.09
2014.06.26 06:05:00.333,0.94071,0.9408,2.59,1.33
2014.06.26 06:05:02.035,0.94071,0.9408,1.77,1.20
2014.06.26 06:05:02.536,0.94071,0.9408,1.84,1.08
2014.06.26 06:05:03.043,0.94071,0.9408,1.84,1.02
2014.06.26 06:05:08.057,0.94071,0.9408,1.25,1.40
2014.06.26 06:05:08.568,0.94071,0.9408,1.77,1.18
2014.06.26 06:05:11.558,0.94071,0.9408,1.77,1.09
2014.06.26 06:05:13.655,0.94071,0.9408,2.44,1.09
2014.06.26 06:05:14.521,0.94071,0.9408,2.52,1.40
2014.06.26 06:05:15.400,0.94071,0.9408,1.69,1.09
2014.06.26 06:05:15.947,0.94071,0.9408,1.77,1.09
2014.06.26 06:05:16.525,0.94071,0.9408,1.69,1.40
2014.06.26 06:05:17.484,0.94071,0.9408,1.02,1.47
2014.06.26 06:05:18.171,0.94071,0.9408,1.69,1.47
2014.06.26 06:05:18.707,0.94071,0.9408,2.52,1.47
2014.06.26 06:05:19.593,0.94071,0.94079,1.50,1.18
2014.06.26 06:05:20.239,0.94071,0.94079,1.77,1.10
2014.06.26 06:05:21.104,0.94071,0.94079,1.69,1.08
2014.06.26 06:05:21.612,0.94071,0.94079,1.77,1.10
2014.06.26 06:05:23.162,0.94071,0.94079,1.25,1.18
2014.06.26 06:05:23.819,0.94071,0.94079,1.02,1.10
2014.06.26 06:05:24.508,0.94071,0.94079,1.25,1.18
2014.06.26 06:05:26.665,0.94071,0.94079,1.02,1.10
2014.06.26 06:05:31.783,0.94073,0.94081,1.25,2.03
2014.06.26 06:05:32.499,0.94071,0.9408,1.77,1.09
2014.06.26 06:05:45.055,0.94073,0.94081,1.00,2.59
2014.06.26 06:05:45.675,0.94074,0.94082,1.00,1.40
2014.06.26 06:05:45.776,0.94074,0.94083,1.25,2.22
2014.06.26 06:05:46.080,0.94076,0.94084,1.38,2.22
2014.06.26 06:05:46.232,0.94079,0.94084,1.00,1.10
2014.06.26 06:05:46.434,0.94076,0.94085,1.37,1.10
2014.06.26 06:05:46.535,0.94077,0.94085,1.00,1.15
2014.06.26 06:05:46.636,0.94075,0.94085,1.50,1.15
2014.06.26 06:05:47.531,0.94075,0.94084,1.02,1.09
2014.06.26 06:05:48.043,0.94075,0.94085,1.25,1.84
2014.06.26 06:05:54.524,0.94075,0.94084,1.77,1.15
2014.06.26 06:05:55.071,0.94077,0.94086,1.00,2.59
2014.06.26 06:05:57.782,0.94077,0.94086,1.25,1.84
2014.06.26 06:05:58.287,0.94075,0.94085,2.52,1.40
2014.06.26 06:06:00.067,0.94079,0.94085,1.00,1.40
2014.06.26 06:06:00.536,0.94079,0.94087,1.69,1.15
2014.06.26 06:06:01.195,0.94079,0.94088,1.69,1.40
2014.06.26 06:06:03.325,0.94079,0.94083,1.25,1.00
2014.06.26 06:06:03.628,0.94074,0.94084,1.84,1.77
2014.06.26 06:06:04.135,0.94077,0.94085,1.00,1.09
2014.06.26 06:06:04.641,0.94077,0.94085,1.02,1.10
2014.06.26 06:06:07.257,0.94075,0.94085,1.84,1.09
2014.06.26 06:06:07.763,0.94074,0.94083,1.84,1.10
2014.06.26 06:06:08.278,0.94074,0.94084,2.97,1.84
2014.06.26 06:06:08.780,0.94074,0.94084,2.97,1.84
2014.06.26 06:06:10.212,0.94074,0.94084,2.97,1.77
2014.06.26 06:06:13.996,0.94075,0.94084,1.29,1.65
2014.06.26 06:06:14.537,0.94074,0.94082,1.84,1.00
2014.06.26 06:06:14.740,0.94073,0.94081,1.10,2.14
2014.06.26 06:06:15.045,0.9407,0.9408,2.97,1.09
2014.06.26 06:06:15.603,0.9407,0.9408,2.59,1.02
2014.06.26 06:06:16.114,0.94074,0.9408,1.00,1.02
2014.06.26 06:06:16.422,0.94071,0.9408,1.18,1.58
2014.06.26 06:06:16.950,0.9407,0.94079,1.84,1.00
2014.06.26 06:06:17.916,0.94074,0.94079,1.00,1.00
2014.06.26 06:06:18.118,0.94071,0.9408,1.84,1.58
2014.06.26 06:06:18.638,0.9407,0.94079,2.59,1.00
2014.06.26 06:06:19.571,0.94075,0.94079,1.00,1.00
2014.06.26 06:06:20.076,0.94071,0.9408,2.14,1.18
2014.06.26 06:06:21.625,0.94075,0.94079,1.00,1.00
2014.06.26 06:06:22.189,0.94075,0.94081,1.00,1.18
2014.06.26 06:06:22.710,0.94075,0.94081,1.00,1.15
2014.06.26 06:06:23.301,0.94075,0.94081,1.00,1.18
2014.06.26 06:06:24.034,0.94072,0.9408,1.29,1.10
2014.06.26 06:06:24.236,0.9407,0.94079,2.97,1.10
2014.06.26 06:06:24.741,0.9407,0.94079,2.97,1.00
2014.06.26 06:06:25.842,0.94075,0.94079,1.00,1.00
2014.06.26 06:06:26.482,0.94075,0.94081,1.00,1.09
2014.06.26 06:06:27.022,0.94075,0.94082,1.00,1.18
2014.06.26 06:06:32.094,0.94075,0.9408,1.00,1.00
2014.06.26 06:06:32.195,0.94072,0.9408,1.09,2.25
2014.06.26 06:06:32.708,0.94071,0.9408,1.77,1.18
2014.06.26 06:06:33.254,0.9407,0.9408,3.34,1.84
2014.06.26 06:06:33.607,0.94075,0.94081,1.00,1.28
2014.06.26 06:06:33.746,0.94075,0.94084,1.58,2.52
2014.06.26 06:06:33.851,0.94077,0.94084,1.00,1.84
2014.06.26 06:06:35.566,0.94077,0.94085,1.10,3.27
2014.06.26 06:06:41.645,0.94077,0.94084,1.00,1.39
2014.06.26 06:06:58.148,0.94076,0.94085,1.10,2.97
2014.06.26 06:07:03.907,0.94076,0.94085,1.08,3.72
2014.06.26 06:07:04.570,0.94076,0.94084,1.10,1.39
2014.06.26 06:07:05.843,0.94076,0.94081,1.10,1.00
2014.06.26 06:07:09.342,0.94073,0.9408,1.39,1.88
2014.06.26 06:07:09.506,0.94074,0.9408,1.00,2.14
2014.06.26 06:07:10.014,0.94073,0.94078,1.00,1.13
2014.06.26 06:07:11.333,0.94075,0.94079,1.00,1.00
2014.06.26 06:07:11.435,0.94075,0.9408,1.00,1.00
2014.06.26 06:07:17.376,0.94073,0.94077,1.00,1.00
2014.06.26 06:07:18.264,0.94072,0.94076,1.00,1.00
2014.06.26 06:07:18.673,0.94071,0.94076,1.10,1.00
2014.06.26 06:07:19.311,0.94071,0.94076,1.77,1.00
2014.06.26 06:07:19.363,0.94074,0.9408,1.00,1.18
2014.06.26 06:07:19.869,0.94074,0.94081,1.00,1.18
2014.06.26 06:07:29.798,0.94074,0.94081,1.00,1.47
2014.06.26 06:07:29.900,0.94071,0.94079,1.09,1.88
2014.06.26 06:07:30.506,0.94071,0.94079,1.84,1.38
2014.06.26 06:07:31.359,0.94074,0.9408,1.00,1.10
2014.06.26 06:07:32.232,0.94074,0.94082,1.25,1.65
2014.06.26 06:07:32.747,0.94074,0.94082,1.00,1.84
2014.06.26 06:07:33.292,0.94074,0.94082,1.00,1.84
2014.06.26 06:07:33.803,0.94074,0.94081,1.00,1.18
2014.06.26 06:07:35.147,0.94074,0.94081,1.00,1.09
2014.06.26 06:07:36.911,0.94074,0.94081,1.00,1.08
2014.06.26 06:07:37.819,0.94071,0.94079,1.77,1.10
2014.06.26 06:07:38.324,0.9407,0.94079,1.29,3.53
2014.06.26 06:07:38.844,0.94069,0.94078,2.97,1.20
2014.06.26 06:07:39.432,0.94069,0.94078,2.97,1.13
2014.06.26 06:07:42.318,0.94074,0.9408,1.00,1.37
2014.06.26 06:07:42.522,0.94075,0.94082,1.00,3.34
2014.06.26 06:07:42.623,0.94075,0.94082,1.00,1.77
2014.06.26 06:07:53.773,0.94076,0.94082,1.00,1.00
2014.06.26 06:07:57.612,0.94075,0.94082,1.39,1.00
2014.06.26 06:07:58.158,0.94075,0.94082,1.84,1.00
2014.06.26 06:07:59.517,0.94076,0.94082,1.18,1.00
2014.06.26 06:08:00.052,0.94076,0.94082,1.10,1.00
2014.06.26 06:08:00.505,0.94078,0.94082,1.00,1.00
2014.06.26 06:08:01.010,0.94076,0.94084,2.22,1.38
2014.06.26 06:08:06.313,0.94077,0.94084,1.77,1.38
2014.06.26 06:08:07.349,0.94077,0.94084,1.10,1.38
2014.06.26 06:08:11.011,0.94075,0.94084,3.34,1.48
2014.06.26 06:08:11.516,0.94075,0.94084,2.44,1.53
2014.06.26 06:08:12.027,0.94075,0.94084,1.77,1.47
2014.06.26 06:08:12.536,0.94075,0.94084,1.69,1.78
2014.06.26 06:08:13.811,0.94075,0.94084,1.77,1.78
2014.06.26 06:08:14.347,0.94075,0.94084,1.69,1.78
2014.06.26 06:08:14.857,0.94075,0.94084,1.77,1.47
2014.06.26 06:08:16.251,0.94078,0.94084,1.00,1.47
2014.06.26 06:08:16.554,0.94079,0.94084,1.18,1.00
2014.06.26 06:08:16.656,0.9408,0.94088,1.10,1.29
2014.06.26 06:08:16.757,0.94081,0.94088,1.08,1.19
2014.06.26 06:08:16.808,0.94081,0.94089,1.18,1.69
2014.06.26 06:08:18.319,0.94082,0.94089,1.00,1.95
2014.06.26 06:08:18.826,0.9408,0.94089,1.84,1.02
2014.06.26 06:08:21.311,0.9408,0.94088,1.84,1.00
2014.06.26 06:08:21.862,0.9408,0.94088,1.58,1.02
2014.06.26 06:08:22.297,0.9408,0.94085,1.58,1.00
2014.06.26 06:08:22.602,0.94075,0.94083,1.50,2.59
2014.06.26 06:08:23.135,0.94075,0.94083,1.00,1.84
2014.06.26 06:08:31.836,0.94072,0.94079,1.28,1.38
2014.06.26 06:08:32.341,0.94071,0.94079,1.84,1.38
2014.06.26 06:08:33.365,0.94075,0.94081,1.00,1.65
2014.06.26 06:08:40.824,0.94072,0.94079,1.29,1.38
2014.06.26 06:08:41.331,0.9407,0.94079,2.59,2.63
2014.06.26 06:08:43.363,0.94075,0.94079,1.00,1.00
2014.06.26 06:08:43.868,0.94075,0.94081,1.00,1.09
2014.06.26 06:08:46.862,0.94075,0.94082,1.00,1.18
2014.06.26 06:09:00.461,0.94077,0.94084,1.00,1.65
2014.06.26 06:09:00.613,0.94077,0.94084,1.10,1.00
2014.06.26 06:09:04.941,0.94077,0.94084,1.02,1.38
2014.06.26 06:09:06.155,0.94075,0.94083,1.84,1.20
2014.06.26 06:09:06.256,0.94075,0.94083,1.00,1.77
2014.06.26 06:09:11.963,0.94072,0.94081,1.02,3.19
2014.06.26 06:09:12.065,0.94075,0.94082,1.00,2.22
2014.06.26 06:09:12.116,0.94072,0.94079,1.09,1.00
2014.06.26 06:09:12.419,0.94071,0.94079,1.02,1.58
2014.06.26 06:09:12.936,0.94071,0.94079,1.09,2.25
2014.06.26 06:09:13.531,0.94075,0.94079,1.00,1.50
2014.06.26 06:09:14.099,0.94075,0.94082,1.00,1.15
2014.06.26 06:09:14.671,0.94075,0.94082,1.00,1.18
2014.06.26 06:09:18.491,0.94075,0.94082,1.10,1.00
2014.06.26 06:09:19.005,0.94075,0.94083,1.10,1.77
2014.06.26 06:09:23.397,0.94074,0.94082,1.09,1.00
2014.06.26 06:09:24.388,0.94074,0.94081,1.09,1.00
2014.06.26 06:09:31.369,0.94079,0.94085,1.00,4.47
2014.06.26 06:09:31.420,0.94079,0.94083,1.00,1.00
2014.06.26 06:09:31.622,0.94074,0.94083,3.72,1.58
2014.06.26 06:09:32.131,0.94074,0.94083,1.77,2.40
2014.06.26 06:09:32.800,0.94074,0.94083,1.02,2.59
2014.06.26 06:09:38.837,0.94072,0.94078,4.09,1.00
2014.06.26 06:09:39.040,0.94072,0.94078,1.02,1.00
2014.06.26 06:09:40.383,0.94074,0.94079,1.25,1.00
2014.06.26 06:09:40.636,0.94074,0.94082,1.02,1.10
2014.06.26 06:09:42.922,0.94075,0.94083,1.00,1.84
2014.06.26 06:09:53.825,0.94072,0.94079,1.84,1.50
2014.06.26 06:09:54.281,0.94071,0.94079,1.02,1.58
2014.06.26 06:09:54.860,0.94071,0.94079,1.33,1.50
2014.06.26 06:09:55.525,0.94075,0.94082,1.00,2.59
2014.06.26 06:09:56.031,0.94075,0.94082,1.00,2.59
2014.06.26 06:09:56.567,0.94075,0.94082,1.00,1.84
2014.06.26 06:09:57.243,0.94075,0.94082,1.00,1.84
2014.06.26 06:09:57.749,0.94075,0.94082,1.00,2.59
2014.06.26 06:09:58.961,0.94075,0.94082,1.00,2.59
2014.06.26 06:10:01.088,0.94074,0.94081,1.00,1.40
2014.06.26 06:10:01.847,0.94071,0.94078,1.77,1.50
2014.06.26 06:10:02.355,0.94069,0.94078,3.72,1.58
2014.06.26 06:10:02.883,0.9407,0.94079,1.09,2.52
2014.06.26 06:10:03.413,0.94075,0.94081,1.00,1.84
2014.06.26 06:10:05.370,0.94075,0.94082,1.00,2.59
2014.06.26 06:10:05.910,0.94075,0.94082,1.00,2.97
2014.06.26 06:10:06.730,0.94075,0.94082,1.00,3.72
2014.06.26 06:10:09.886,0.94071,0.94078,1.09,1.00
2014.06.26 06:10:10.392,0.9407,0.94077,1.84,1.00
2014.06.26 06:10:12.057,0.94071,0.94077,1.29,1.00
2014.06.26 06:10:12.108,0.94075,0.9408,1.00,1.65
2014.06.26 06:10:12.210,0.94075,0.94081,1.00,1.40
2014.06.26 06:10:12.311,0.94075,0.94081,1.00,1.02
2014.06.26 06:10:12.413,0.94071,0.94079,1.47,1.50
2014.06.26 06:10:12.769,0.94075,0.94081,1.00,1.02
2014.06.26 06:10:13.838,0.94071,0.94078,1.47,1.00
2014.06.26 06:10:14.209,0.9407,0.94078,1.09,1.00
2014.06.26 06:10:18.571,0.94074,0.94079,1.00,1.02
2014.06.26 06:10:18.724,0.94075,0.94081,1.00,1.09
2014.06.26 06:10:18.825,0.94071,0.94079,2.22,1.00
2014.06.26 06:10:19.028,0.9407,0.94079,1.84,2.70
2014.06.26 06:10:20.344,0.94074,0.94079,1.00,1.10
2014.06.26 06:10:20.547,0.94075,0.94081,1.00,1.10
2014.06.26 06:10:28.022,0.94072,0.94079,2.97,1.00
2014.06.26 06:10:28.326,0.9407,0.94079,1.84,2.14
2014.06.26 06:10:30.185,0.9407,0.94079,1.84,2.82
2014.06.26 06:10:30.688,0.9407,0.94079,1.84,2.89
2014.06.26 06:10:41.350,0.94071,0.94079,1.18,2.07
2014.06.26 06:10:41.860,0.94071,0.94079,1.10,2.14
2014.06.26 06:10:52.454,0.94071,0.94079,1.08,1.63
2014.06.26 06:11:00.174,0.94071,0.94079,1.10,1.39
2014.06.26 06:11:00.734,0.94071,0.94079,1.18,2.07
2014.06.26 06:11:03.563,0.9407,0.94078,1.84,1.13
2014.06.26 06:11:04.084,0.9407,0.94078,1.65,1.13
2014.06.26 06:11:04.974,0.9407,0.94078,1.84,1.13
2014.06.26 06:11:05.758,0.9407,0.94078,1.84,1.13
2014.06.26 06:11:06.263,0.9407,0.94078,1.09,1.00
2014.06.26 06:11:06.819,0.94071,0.94078,1.08,1.00
2014.06.26 06:11:07.827,0.94071,0.94078,1.10,1.00
2014.06.26 06:11:08.375,0.94071,0.94078,1.08,1.00
2014.06.26 06:11:09.474,0.9407,0.94078,1.84,1.00
2014.06.26 06:11:10.024,0.9407,0.94078,2.22,1.00
2014.06.26 06:11:11.448,0.9407,0.94078,1.84,1.00
2014.06.26 06:11:11.955,0.9407,0.94078,2.22,1.00
2014.06.26 06:11:12.493,0.9407,0.94078,2.22,1.00
2014.06.26 06:11:13.503,0.9407,0.94078,1.40,1.00
2014.06.26 06:11:14.267,0.9407,0.94078,1.09,1.00
2014.06.26 06:11:15.142,0.9407,0.94079,1.09,3.27
2014.06.26 06:11:16.903,0.94075,0.94081,1.00,2.59
2014.06.26 06:11:17.307,0.94075,0.94082,1.00,2.59
2014.06.26 06:11:17.824,0.94075,0.94082,1.00,2.59
2014.06.26 06:11:18.986,0.94075,0.94082,1.00,1.09
2014.06.26 06:11:19.554,0.94075,0.94082,1.00,1.40
2014.06.26 06:11:22.860,0.94075,0.94081,1.00,1.84
2014.06.26 06:11:23.445,0.94075,0.94081,1.00,1.84
2014.06.26 06:11:27.744,0.94075,0.94081,1.00,1.02
2014.06.26 06:11:28.250,0.94075,0.94081,1.00,1.09
2014.06.26 06:11:29.485,0.94075,0.94082,1.18,2.44
2014.06.26 06:11:29.637,0.94079,0.94084,1.00,1.58
2014.06.26 06:11:30.044,0.94076,0.94083,1.00,1.10
2014.06.26 06:11:30.196,0.9408,0.94084,1.00,1.88
2014.06.26 06:11:30.398,0.94075,0.94082,1.65,1.00
2014.06.26 06:11:30.968,0.94075,0.94082,1.00,1.09
2014.06.26 06:11:33.110,0.94075,0.94079,1.00,1.00
2014.06.26 06:11:33.161,0.94072,0.94079,1.18,1.50
2014.06.26 06:11:33.565,0.9407,0.94078,1.77,1.10
2014.06.26 06:11:34.675,0.9407,0.94079,1.84,1.02
2014.06.26 06:11:38.509,0.9407,0.94079,1.84,1.77
2014.06.26 06:11:39.011,0.9407,0.94079,1.84,1.77
2014.06.26 06:11:45.890,0.94071,0.9408,1.09,2.52
2014.06.26 06:11:47.588,0.94072,0.9408,1.10,2.52
2014.06.26 06:11:50.473,0.94072,0.9408,1.10,2.52
2014.06.26 06:11:52.279,0.94072,0.9408,1.18,2.44
2014.06.26 06:11:53.465,0.94072,0.9408,1.58,1.77
2014.06.26 06:11:54.153,0.94072,0.9408,1.65,2.44
2014.06.26 06:11:56.082,0.94072,0.94079,1.65,1.00
2014.06.26 06:11:58.186,0.94072,0.94079,1.10,1.25
2014.06.26 06:12:05.327,0.94071,0.94079,2.33,1.02
2014.06.26 06:12:06.908,0.94071,0.94079,1.65,1.69
2014.06.26 06:12:08.610,0.94071,0.94079,1.65,1.77
2014.06.26 06:12:08.963,0.94071,0.94079,1.58,1.69
2014.06.26 06:12:09.540,0.94074,0.94079,1.00,1.69
2014.06.26 06:12:11.596,0.94074,0.9408,1.00,1.69
2014.06.26 06:12:15.621,0.94074,0.9408,1.00,2.44
2014.06.26 06:12:17.633,0.94074,0.9408,1.00,2.44
2014.06.26 06:12:27.173,0.94074,0.9408,1.00,1.84
2014.06.26 06:12:30.585,0.94074,0.9408,1.00,1.77
2014.06.26 06:12:31.208,0.94074,0.9408,1.00,1.84
2014.06.26 06:12:31.718,0.94074,0.9408,1.00,1.58
2014.06.26 06:12:32.269,0.94074,0.9408,1.00,1.65
2014.06.26 06:12:32.977,0.94074,0.9408,1.00,1.58
2014.06.26 06:12:33.528,0.94074,0.9408,1.00,1.18
2014.06.26 06:12:34.248,0.94074,0.9408,1.00,1.10
2014.06.26 06:12:34.753,0.94074,0.9408,1.00,1.18
2014.06.26 06:12:35.987,0.94074,0.9408,1.00,1.10
2014.06.26 06:12:36.409,0.94077,0.94083,1.00,1.45
2014.06.26 06:12:36.915,0.94076,0.94084,2.25,2.22
2014.06.26 06:12:39.819,0.94078,0.94085,1.00,4.02
2014.06.26 06:12:39.870,0.9408,0.94085,1.00,1.77
2014.06.26 06:12:40.280,0.94081,0.94086,1.00,1.77
2014.06.26 06:12:40.589,0.94081,0.94086,1.00,1.84
2014.06.26 06:12:40.640,0.94075,0.94081,1.84,1.00
2014.06.26 06:12:40.793,0.94077,0.94083,1.50,1.10
2014.06.26 06:12:40.895,0.9408,0.94085,1.00,1.39
2014.06.26 06:12:41.453,0.94081,0.94085,1.00,1.02
2014.06.26 06:12:43.904,0.94083,0.94088,1.00,1.37
2014.06.26 06:12:47.818,0.94082,0.94089,1.00,2.97
2014.06.26 06:12:51.505,0.94081,0.94089,1.50,2.97
2014.06.26 06:12:53.444,0.94081,0.94089,1.00,1.84
2014.06.26 06:12:53.956,0.94081,0.94089,1.00,1.40
2014.06.26 06:13:00.805,0.94081,0.94089,1.00,1.40
2014.06.26 06:13:08.505,0.94079,0.94089,4.47,1.84
2014.06.26 06:13:09.066,0.94079,0.94089,4.47,1.77
2014.06.26 06:13:09.571,0.9408,0.94089,1.40,1.69
2014.06.26 06:13:15.635,0.94081,0.9409,1.84,3.27
2014.06.26 06:13:16.999,0.94082,0.9409,1.65,1.69
2014.06.26 06:13:17.763,0.94082,0.9409,2.52,1.10
2014.06.26 06:13:18.290,0.94082,0.9409,2.59,1.00
2014.06.26 06:13:18.796,0.94082,0.9409,2.52,1.10
2014.06.26 06:13:19.389,0.94082,0.9409,2.59,1.00
2014.06.26 06:13:24.258,0.94082,0.9409,1.84,1.10
2014.06.26 06:13:25.581,0.94082,0.9409,1.84,1.00
2014.06.26 06:13:26.127,0.94082,0.94091,1.84,2.52
2014.06.26 06:13:36.630,0.94082,0.9409,2.59,1.00
2014.06.26 06:13:54.451,0.94082,0.9409,2.52,1.10
2014.06.26 06:13:54.981,0.94082,0.9409,2.59,1.00
2014.06.26 06:13:55.486,0.94082,0.9409,1.77,1.10
2014.06.26 06:13:56.109,0.94082,0.9409,1.84,1.50
2014.06.26 06:13:56.741,0.94082,0.9409,1.77,1.10
2014.06.26 06:13:58.376,0.94081,0.94088,1.09,1.00
2014.06.26 06:14:00.526,0.9408,0.94087,2.22,1.00
2014.06.26 06:14:01.323,0.9408,0.94087,1.84,1.00
2014.06.26 06:14:01.843,0.94079,0.94086,1.10,1.00
2014.06.26 06:14:05.104,0.94079,0.94087,1.10,1.77
2014.06.26 06:14:06.071,0.94078,0.94083,1.18,1.13
2014.06.26 06:14:06.223,0.94075,0.9408,1.50,2.44
2014.06.26 06:14:06.375,0.94074,0.94079,1.00,1.37
2014.06.26 06:14:06.427,0.94072,0.94079,1.00,1.84
2014.06.26 06:14:06.596,0.9407,0.94079,1.50,1.84
2014.06.26 06:14:07.140,0.9407,0.94079,1.10,2.59
2014.06.26 06:14:07.677,0.9407,0.94078,1.10,1.29
2014.06.26 06:14:08.336,0.9407,0.94078,1.08,1.19
2014.06.26 06:14:08.702,0.94075,0.94081,1.00,1.15
2014.06.26 06:14:08.905,0.94071,0.94079,1.19,1.18
2014.06.26 06:14:10.352,0.94075,0.94079,1.00,1.58
2014.06.26 06:14:10.560,0.94072,0.9408,1.69,1.18
2014.06.26 06:14:10.762,0.94071,0.9408,1.02,2.59
2014.06.26 06:14:11.517,0.94071,0.9408,1.25,3.34
2014.06.26 06:14:12.070,0.94075,0.9408,1.00,2.52
2014.06.26 06:14:12.584,0.94075,0.94079,1.00,1.10
2014.06.26 06:14:12.736,0.9407,0.94079,1.25,1.65
2014.06.26 06:14:13.278,0.94071,0.94079,1.19,1.18
2014.06.26 06:14:13.589,0.94068,0.94074,1.00,2.50
2014.06.26 06:14:13.641,0.94068,0.94072,1.25,1.00
2014.06.26 06:14:13.743,0.94065,0.9407,1.00,1.00
2014.06.26 06:14:13.794,0.94065,0.9407,1.00,1.10
2014.06.26 06:14:13.845,0.94066,0.94072,1.38,1.58
2014.06.26 06:14:13.947,0.94066,0.94072,1.63,2.25
2014.06.26 06:14:14.200,0.94064,0.9407,1.02,1.00
2014.06.26 06:14:14.721,0.94063,0.9407,1.25,1.58
2014.06.26 06:14:15.365,0.94062,0.9407,1.19,1.65
2014.06.26 06:14:16.183,0.94061,0.9407,1.25,1.84
2014.06.26 06:14:16.845,0.9406,0.9407,2.44,1.40
2014.06.26 06:14:17.047,0.94065,0.94071,1.00,1.09
2014.06.26 06:14:17.149,0.9406,0.94069,2.59,1.00
2014.06.26 06:14:17.250,0.9406,0.94069,1.69,1.15
2014.06.26 06:14:18.186,0.9406,0.94069,1.00,1.15
2014.06.26 06:14:18.884,0.94063,0.94069,1.00,1.40
2014.06.26 06:14:19.419,0.94063,0.94069,1.00,1.15
2014.06.26 06:14:19.723,0.94063,0.94071,1.00,3.08
2014.06.26 06:14:19.824,0.94066,0.94071,1.00,1.58
2014.06.26 06:14:20.128,0.94063,0.9407,1.00,1.84
2014.06.26 06:14:20.679,0.94063,0.9407,1.00,1.84
2014.06.26 06:14:21.344,0.94063,0.9407,1.00,1.84
2014.06.26 06:14:21.547,0.94065,0.9407,1.00,1.33
2014.06.26 06:14:22.087,0.94065,0.94071,1.00,1.15
2014.06.26 06:14:22.446,0.94063,0.94069,1.00,1.18
2014.06.26 06:14:22.994,0.94063,0.94069,1.00,1.10
2014.06.26 06:14:23.097,0.94065,0.94069,1.00,1.10
2014.06.26 06:14:23.602,0.94064,0.9407,1.00,2.40
2014.06.26 06:14:24.108,0.94063,0.9407,1.00,2.59
2014.06.26 06:14:37.399,0.94063,0.9407,1.00,1.84
2014.06.26 06:14:38.016,0.94063,0.9407,1.00,1.84
2014.06.26 06:14:39.014,0.9406,0.9407,3.34,1.84
2014.06.26 06:14:39.065,0.9406,0.94064,2.52,1.00
2014.06.26 06:14:39.369,0.94057,0.94065,1.50,1.18
2014.06.26 06:14:39.470,0.94057,0.94065,2.78,1.50
2014.06.26 06:14:39.572,0.94057,0.94064,1.00,1.10
2014.06.26 06:14:39.673,0.94057,0.94063,1.00,1.09
2014.06.26 06:14:40.187,0.94056,0.94063,1.00,1.02
2014.06.26 06:14:40.771,0.94056,0.94063,1.00,1.18
2014.06.26 06:14:41.566,0.94056,0.94063,1.00,1.15
2014.06.26 06:14:41.667,0.94056,0.94063,1.00,1.10
2014.06.26 06:14:43.338,0.9406,0.94065,1.00,3.64
2014.06.26 06:14:43.389,0.9406,0.94065,1.00,1.50
2014.06.26 06:14:43.642,0.94061,0.94067,1.00,1.58
2014.06.26 06:14:43.740,0.94061,0.94065,1.00,1.00
2014.06.26 06:14:44.174,0.94061,0.94068,1.00,1.58
2014.06.26 06:14:44.629,0.94063,0.9407,1.00,4.84
2014.06.26 06:14:45.611,0.94063,0.94069,1.00,1.84
2014.06.26 06:14:46.117,0.94062,0.94069,1.00,1.09
2014.06.26 06:14:46.575,0.94059,0.94064,1.50,1.48
2014.06.26 06:14:46.626,0.94059,0.94064,1.00,1.48
2014.06.26 06:14:46.778,0.94055,0.9406,2.59,1.00
2014.06.26 06:14:46.829,0.94057,0.94064,1.00,1.20
2014.06.26 06:14:47.082,0.94059,0.94065,1.00,2.22
2014.06.26 06:14:47.183,0.94059,0.94065,1.00,1.09
2014.06.26 06:14:47.385,0.94061,0.94065,1.00,1.10
2014.06.26 06:14:48.305,0.94058,0.94063,1.95,1.00
2014.06.26 06:14:48.612,0.94058,0.94062,1.00,1.00
2014.06.26 06:14:48.663,0.94058,0.94065,1.08,1.10
2014.06.26 06:14:48.767,0.94058,0.94065,1.50,1.18
2014.06.26 06:14:48.970,0.94059,0.94065,1.08,1.00
2014.06.26 06:15:20.302,0.94059,0.94065,1.28,1.00
2014.06.26 06:15:20.809,0.94059,0.94066,1.13,1.10
2014.06.26 06:15:21.357,0.9406,0.94066,1.10,1.00
2014.06.26 06:15:27.299,0.9406,0.94067,1.10,1.00
2014.06.26 06:15:27.602,0.94063,0.94069,1.13,1.10
2014.06.26 06:15:28.240,0.94063,0.94068,1.00,1.00
2014.06.26 06:15:29.135,0.94063,0.94069,1.00,1.10
2014.06.26 06:15:39.815,0.94063,0.94071,1.88,1.58
2014.06.26 06:15:39.967,0.94069,0.94075,1.00,2.25
2014.06.26 06:15:40.069,0.94072,0.94076,1.00,1.95
2014.06.26 06:15:40.221,0.94072,0.94077,1.00,1.00
2014.06.26 06:15:40.727,0.94073,0.94077,1.00,1.00
2014.06.26 06:15:43.838,0.94071,0.94076,1.50,1.00
2014.06.26 06:15:48.671,0.94073,0.94077,1.00,1.00
2014.06.26 06:15:49.176,0.94073,0.94077,1.00,1.00
2014.06.26 06:15:49.581,0.94073,0.94077,1.00,1.50
2014.06.26 06:15:50.526,0.94073,0.94077,1.00,1.50
2014.06.26 06:15:50.854,0.94071,0.94075,1.00,1.00
2014.06.26 06:15:51.112,0.94065,0.94072,4.50,1.00
2014.06.26 06:15:51.316,0.94066,0.94071,1.95,1.00
2014.06.26 06:15:51.468,0.94065,0.94071,1.00,1.65
2014.06.26 06:15:51.622,0.94061,0.94071,2.40,1.84
2014.06.26 06:15:51.673,0.94061,0.94068,2.40,1.00
2014.06.26 06:15:51.976,0.94061,0.94066,1.18,1.00
2014.06.26 06:15:52.078,0.94064,0.9407,1.00,1.58
2014.06.26 06:15:52.593,0.94063,0.9407,1.00,1.10
2014.06.26 06:15:53.102,0.94062,0.94071,3.08,2.40
2014.06.26 06:15:53.825,0.94063,0.94071,1.00,1.65
2014.06.26 06:15:53.927,0.94066,0.94071,1.00,1.18
2014.06.26 06:15:54.028,0.94067,0.94073,2.25,1.00
2014.06.26 06:15:54.231,0.94068,0.94075,1.10,1.00
2014.06.26 06:15:54.765,0.94069,0.94076,1.00,1.58
2014.06.26 06:15:59.132,0.9407,0.94077,1.00,1.65
2014.06.26 06:15:59.486,0.94068,0.94076,1.10,1.58
2014.06.26 06:16:10.571,0.9407,0.94076,1.00,1.10
2014.06.26 06:16:15.330,0.9407,0.94077,1.00,1.10
2014.06.26 06:16:19.176,0.9407,0.94077,1.00,1.18
2014.06.26 06:16:20.060,0.9407,0.94078,1.00,1.84
2014.06.26 06:16:21.320,0.94071,0.94079,1.00,2.59
2014.06.26 06:16:31.332,0.94069,0.94078,1.20,1.18
2014.06.26 06:16:31.845,0.94068,0.94076,1.65,1.00
2014.06.26 06:16:32.388,0.94068,0.94076,1.65,1.00
2014.06.26 06:16:33.054,0.94068,0.94076,1.65,1.00
2014.06.26 06:16:33.795,0.94068,0.94076,1.65,1.00
2014.06.26 06:16:34.369,0.94068,0.94076,1.65,1.50
2014.06.26 06:16:40.324,0.94068,0.94075,1.65,1.00
2014.06.26 06:16:42.408,0.94068,0.94074,1.65,1.00
2014.06.26 06:16:42.829,0.94066,0.9407,3.00,1.00
2014.06.26 06:16:42.934,0.94066,0.9407,1.10,1.00
2014.06.26 06:16:43.035,0.94064,0.9407,1.00,1.00
2014.06.26 06:16:43.186,0.94064,0.94068,1.00,1.00
2014.06.26 06:16:43.591,0.94062,0.94068,1.58,1.00
2014.06.26 06:16:47.348,0.94062,0.94069,1.58,1.00
2014.06.26 06:16:49.329,0.94062,0.94071,1.58,2.22
2014.06.26 06:16:49.431,0.94067,0.94073,1.50,1.95
2014.06.26 06:16:49.532,0.94064,0.94071,1.00,1.18
2014.06.26 06:16:50.895,0.94063,0.94069,1.50,1.00
2014.06.26 06:16:51.417,0.94062,0.94069,1.58,1.00
2014.06.26 06:16:52.217,0.94062,0.94069,1.65,1.00
2014.06.26 06:16:52.319,0.94062,0.94071,1.84,1.58
2014.06.26 06:16:52.370,0.94066,0.94071,1.50,1.10
2014.06.26 06:16:52.675,0.94069,0.94075,1.13,1.10
2014.06.26 06:16:53.205,0.9407,0.94075,1.00,1.00
2014.06.26 06:16:56.164,0.9407,0.94076,1.00,1.00
2014.06.26 06:17:03.897,0.9407,0.94078,2.25,1.65
2014.06.26 06:17:04.402,0.94071,0.94078,2.33,1.00
2014.06.26 06:17:15.118,0.94071,0.94079,2.33,1.10
2014.06.26 06:17:17.164,0.94072,0.94079,1.58,1.00
2014.06.26 06:17:17.836,0.94072,0.94078,2.40,1.00
2014.06.26 06:17:19.593,0.94072,0.94079,2.40,1.00
2014.06.26 06:17:29.490,0.94072,0.94079,2.33,1.00
2014.06.26 06:17:30.032,0.94072,0.94078,2.33,1.00
2014.06.26 06:17:30.644,0.94072,0.94079,2.33,1.00
2014.06.26 06:17:35.907,0.94072,0.94079,1.00,1.08
2014.06.26 06:17:36.415,0.94072,0.94079,1.00,1.10
2014.06.26 06:17:41.943,0.94072,0.94079,1.00,1.18
2014.06.26 06:17:42.551,0.94072,0.94079,1.00,1.15
2014.06.26 06:17:44.007,0.94072,0.94079,1.00,1.15
2014.06.26 06:17:45.216,0.94072,0.94079,2.25,1.10
2014.06.26 06:17:45.722,0.94072,0.94079,1.00,1.18
2014.06.26 06:17:53.615,0.94072,0.94079,1.00,1.10
2014.06.26 06:17:58.245,0.94072,0.94079,1.00,1.18
2014.06.26 06:17:58.751,0.94071,0.94078,1.00,1.10
2014.06.26 06:17:59.723,0.94071,0.94078,1.38,1.10
2014.06.26 06:18:00.645,0.94071,0.94077,1.38,1.00
2014.06.26 06:18:03.994,0.94069,0.94077,2.03,1.00
2014.06.26 06:18:08.052,0.94069,0.94077,2.03,1.00
2014.06.26 06:18:08.588,0.94069,0.94077,2.03,1.00
2014.06.26 06:18:09.341,0.94069,0.94077,2.03,1.00
2014.06.26 06:18:09.848,0.94069,0.94077,2.40,1.00
2014.06.26 06:18:10.365,0.94069,0.94077,2.40,1.00
2014.06.26 06:18:10.881,0.94069,0.94077,2.40,1.00
2014.06.26 06:18:12.527,0.94069,0.94077,2.59,1.00
2014.06.26 06:18:13.049,0.94071,0.94077,1.18,1.00
2014.06.26 06:18:13.600,0.94072,0.94078,1.10,1.00
2014.06.26 06:18:14.138,0.94072,0.94079,1.10,1.00
2014.06.26 06:18:19.670,0.94072,0.94077,1.10,1.00
2014.06.26 06:18:20.854,0.94071,0.94078,1.18,1.00
2014.06.26 06:18:22.162,0.94072,0.94078,1.18,1.00
2014.06.26 06:18:26.112,0.94072,0.94077,1.18,1.00
2014.06.26 06:18:28.067,0.94071,0.94077,1.65,1.00
2014.06.26 06:18:29.855,0.94071,0.94077,1.58,1.00
2014.06.26 06:18:31.483,0.94071,0.94077,1.18,1.00
2014.06.26 06:18:32.001,0.94071,0.94077,1.10,1.00
2014.06.26 06:18:32.102,0.94071,0.94081,1.10,1.47
2014.06.26 06:18:32.651,0.94071,0.94081,1.18,1.09
2014.06.26 06:18:33.196,0.94071,0.9408,1.10,1.09
2014.06.26 06:18:34.071,0.94072,0.9408,1.50,1.18
2014.06.26 06:18:38.705,0.94071,0.9408,2.40,1.08
2014.06.26 06:18:39.206,0.94071,0.9408,2.40,1.10
2014.06.26 06:18:39.748,0.94071,0.9408,2.33,1.18
2014.06.26 06:18:40.295,0.94072,0.9408,1.00,1.18
2014.06.26 06:18:41.132,0.94071,0.94081,3.53,1.09
2014.06.26 06:18:41.656,0.94073,0.94082,1.10,1.84
2014.06.26 06:18:43.125,0.94074,0.94082,1.00,1.09
2014.06.26 06:18:43.666,0.94072,0.94082,2.78,1.84
2014.06.26 06:18:44.206,0.94073,0.94082,1.00,1.40
2014.06.26 06:18:44.717,0.94073,0.94082,1.10,1.09
2014.06.26 06:18:51.058,0.94074,0.94083,1.00,1.34
2014.06.26 06:18:51.109,0.94076,0.94083,1.50,1.40
2014.06.26 06:18:51.362,0.94078,0.94086,1.88,1.18
2014.06.26 06:18:51.524,0.9408,0.94088,1.15,1.00
2014.06.26 06:18:51.676,0.94083,0.94092,1.50,2.22
2014.06.26 06:18:52.182,0.94084,0.94092,1.00,1.40
2014.06.26 06:18:52.845,0.94082,0.94091,1.10,1.18
2014.06.26 06:18:57.905,0.94083,0.94091,1.38,1.09
2014.06.26 06:18:58.108,0.94087,0.94095,1.08,1.00
2014.06.26 06:18:58.311,0.94089,0.94099,1.95,2.78
2014.06.26 06:18:58.821,0.94089,0.94099,4.20,2.22
2014.06.26 06:19:11.708,0.9409,0.941,1.00,1.84
2014.06.26 06:19:11.860,0.94091,0.941,1.10,1.09
2014.06.26 06:19:14.502,0.94091,0.94101,3.15,2.52
2014.06.26 06:19:15.033,0.94091,0.94101,3.15,2.59
2014.06.26 06:19:15.598,0.94091,0.94101,3.15,2.52
2014.06.26 06:19:16.198,0.94091,0.94101,3.15,1.84
2014.06.26 06:19:16.723,0.94091,0.94101,3.15,2.22
2014.06.26 06:19:17.325,0.94091,0.94101,3.15,2.22
2014.06.26 06:19:19.066,0.9409,0.94098,1.00,2.25
2014.06.26 06:19:19.372,0.94089,0.94096,1.88,1.40
2014.06.26 06:19:19.526,0.9409,0.94096,1.00,1.10
2014.06.26 06:19:19.831,0.9409,0.941,1.08,2.22
2014.06.26 06:19:20.368,0.94092,0.941,1.58,1.77
2014.06.26 06:19:20.723,0.94095,0.94102,1.50,1.47
2014.06.26 06:19:21.254,0.94094,0.94102,1.00,1.08
2014.06.26 06:19:24.522,0.94097,0.94102,1.00,1.18
2014.06.26 06:19:24.724,0.94099,0.94106,1.13,1.40
2014.06.26 06:19:25.253,0.94099,0.94108,1.13,1.40
2014.06.26 06:19:26.266,0.94099,0.94109,1.58,2.22
2014.06.26 06:19:27.247,0.94099,0.94109,1.50,2.22
2014.06.26 06:19:27.348,0.94099,0.94109,1.65,1.84
2014.06.26 06:19:29.092,0.94099,0.94108,1.10,1.18
2014.06.26 06:19:30.295,0.94099,0.94108,1.18,1.10
2014.06.26 06:19:30.895,0.94099,0.94108,1.10,1.18
2014.06.26 06:19:31.120,0.94101,0.94108,1.00,1.10
2014.06.26 06:19:31.625,0.941,0.94109,1.18,1.10
2014.06.26 06:19:37.698,0.94099,0.94109,3.53,1.09
2014.06.26 06:19:40.604,0.94099,0.94109,3.15,1.84
2014.06.26 06:19:41.172,0.94099,0.94109,3.15,1.84
2014.06.26 06:19:47.086,0.94101,0.94109,1.00,2.59
2014.06.26 06:19:48.003,0.94102,0.94109,1.00,2.97
2014.06.26 06:19:48.509,0.94101,0.94109,1.50,1.47
2014.06.26 06:19:49.886,0.94101,0.94109,1.00,1.84
2014.06.26 06:19:50.325,0.94097,0.94107,2.44,1.48
2014.06.26 06:19:50.628,0.941,0.94105,1.00,1.77
2014.06.26 06:19:50.831,0.94092,0.94105,2.18,2.89
2014.06.26 06:19:51.134,0.94093,0.941,1.00,1.58
2014.06.26 06:19:51.577,0.94095,0.94101,1.00,1.77
2014.06.26 06:19:51.639,0.94095,0.94102,1.00,2.22
2014.06.26 06:19:52.374,0.94095,0.94103,1.00,2.97
2014.06.26 06:19:58.727,0.94096,0.94103,1.00,2.22
2014.06.26 06:20:00.071,0.94096,0.94103,1.00,1.58
2014.06.26 06:20:00.594,0.94096,0.94103,1.00,1.28
2014.06.26 06:20:01.531,0.94098,0.94103,1.00,1.18
2014.06.26 06:20:01.939,0.94096,0.94102,1.10,1.10
2014.06.26 06:20:02.446,0.94096,0.94104,1.00,2.97
2014.06.26 06:20:02.951,0.94096,0.94104,1.00,2.97
2014.06.26 06:20:03.764,0.94095,0.94104,1.00,2.97
2014.06.26 06:20:04.343,0.94095,0.94104,1.10,2.97
2014.06.26 06:20:04.875,0.94097,0.94104,1.00,2.22
2014.06.26 06:20:05.178,0.941,0.94106,1.00,1.18
2014.06.26 06:20:05.483,0.94103,0.94109,1.00,1.18
2014.06.26 06:20:06.962,0.941,0.94109,1.77,1.18
2014.06.26 06:20:07.929,0.94102,0.94109,1.00,1.18
2014.06.26 06:20:08.459,0.94103,0.94109,1.00,1.18
2014.06.26 06:20:08.813,0.94103,0.9411,1.00,2.33
2014.06.26 06:20:09.884,0.94104,0.9411,1.00,1.58
2014.06.26 06:20:11.413,0.94104,0.94109,1.00,1.00
2014.06.26 06:20:12.887,0.94104,0.9411,1.00,2.25
2014.06.26 06:20:18.012,0.94103,0.9411,1.10,2.25
2014.06.26 06:20:18.164,0.94103,0.94108,1.10,1.00
2014.06.26 06:20:23.338,0.94103,0.94109,1.10,1.00
2014.06.26 06:20:23.861,0.94104,0.9411,1.08,1.50
2014.06.26 06:20:24.394,0.94103,0.9411,1.18,1.00
2014.06.26 06:20:24.597,0.94104,0.9411,1.15,1.00
2014.06.26 06:20:25.780,0.94105,0.9411,1.00,1.00
2014.06.26 06:20:30.563,0.94104,0.9411,1.10,1.50
2014.06.26 06:20:31.119,0.94104,0.94109,1.00,1.00
2014.06.26 06:20:31.424,0.94102,0.94108,1.10,1.00
2014.06.26 06:20:35.237,0.941,0.94105,2.52,1.00
2014.06.26 06:20:35.287,0.941,0.94105,1.50,1.95
2014.06.26 06:20:35.338,0.94098,0.94102,1.00,1.00
2014.06.26 06:20:35.440,0.94094,0.94099,1.84,1.00
2014.06.26 06:20:35.592,0.94094,0.94099,1.10,1.00
2014.06.26 06:20:36.108,0.94093,0.94099,1.15,1.00
2014.06.26 06:20:42.560,0.94094,0.94103,1.18,1.58
2014.06.26 06:20:42.914,0.94098,0.94104,1.00,1.65
2014.06.26 06:20:43.219,0.94101,0.94105,1.00,1.00
2014.06.26 06:20:43.270,0.94101,0.94109,1.10,1.08
2014.06.26 06:20:43.372,0.94101,0.9411,1.08,1.20
2014.06.26 06:20:43.877,0.94101,0.9411,1.10,1.18
2014.06.26 06:20:44.862,0.94101,0.94105,1.10,1.00
2014.06.26 06:20:45.014,0.94099,0.94105,1.58,1.00
2014.06.26 06:20:45.543,0.94099,0.94105,1.18,1.00
2014.06.26 06:20:46.129,0.94099,0.94104,1.18,1.00
2014.06.26 06:20:46.436,0.941,0.94108,1.00,1.18
2014.06.26 06:20:46.950,0.94099,0.94108,1.88,1.15
2014.06.26 06:20:47.865,0.94099,0.94104,1.00,1.00
2014.06.26 06:20:48.444,0.94098,0.94104,1.39,1.00
2014.06.26 06:20:48.841,0.94099,0.94107,1.88,1.18
2014.06.26 06:20:49.044,0.941,0.94108,1.00,1.00
2014.06.26 06:20:49.449,0.94101,0.94109,1.18,2.44
2014.06.26 06:20:49.955,0.94101,0.94109,1.10,1.10
2014.06.26 06:20:57.601,0.941,0.94107,1.18,1.00
2014.06.26 06:20:57.905,0.941,0.94107,1.18,1.00
2014.06.26 06:20:58.642,0.941,0.94108,1.18,1.00
2014.06.26 06:20:59.156,0.94101,0.94109,1.18,1.50
2014.06.26 06:20:59.669,0.94101,0.94109,1.10,1.58
2014.06.26 06:21:00.057,0.94101,0.94109,1.18,1.00
2014.06.26 06:21:00.627,0.941,0.94107,1.18,1.00
2014.06.26 06:21:01.132,0.941,0.94107,1.15,1.00
2014.06.26 06:21:03.347,0.941,0.94107,1.18,1.00
2014.06.26 06:21:04.334,0.941,0.94107,1.55,1.00
2014.06.26 06:21:04.639,0.94102,0.94109,1.28,1.50
2014.06.26 06:21:18.494,0.94103,0.94109,1.18,1.00
2014.06.26 06:21:19.280,0.94104,0.94112,1.48,1.77
2014.06.26 06:21:19.381,0.94106,0.94112,1.48,1.00
2014.06.26 06:21:19.483,0.94105,0.94114,1.47,1.10
2014.06.26 06:21:19.685,0.94105,0.94113,1.02,1.08
2014.06.26 06:21:19.888,0.94103,0.94109,1.18,1.00
2014.06.26 06:21:21.285,0.94102,0.94109,1.47,1.00
2014.06.26 06:21:23.024,0.94102,0.94109,2.47,1.00
2014.06.26 06:21:23.833,0.94102,0.94111,2.97,1.10
2014.06.26 06:21:24.086,0.94102,0.94109,2.22,1.00
2014.06.26 06:21:25.124,0.94102,0.94109,1.47,1.00
2014.06.26 06:21:25.776,0.94104,0.94109,1.00,1.00
2014.06.26 06:21:26.313,0.94104,0.9411,1.00,1.50
2014.06.26 06:21:26.836,0.94105,0.9411,1.00,1.50
2014.06.26 06:21:29.475,0.94102,0.9411,1.47,1.50
2014.06.26 06:21:32.132,0.94102,0.9411,1.47,1.50
2014.06.26 06:21:32.706,0.94103,0.9411,1.18,1.50
2014.06.26 06:21:34.070,0.94105,0.9411,1.00,1.00
2014.06.26 06:21:34.172,0.94105,0.94112,1.00,1.10
2014.06.26 06:21:35.849,0.94107,0.94112,1.00,1.10
2014.06.26 06:21:36.384,0.94107,0.94113,1.00,1.10
2014.06.26 06:21:44.067,0.94106,0.94114,1.00,1.65
2014.06.26 06:21:44.614,0.94105,0.94114,2.33,1.65
2014.06.26 06:21:46.873,0.94107,0.94114,1.00,3.15
2014.06.26 06:21:48.080,0.94108,0.94114,1.00,1.65
2014.06.26 06:21:49.326,0.94107,0.94114,1.00,2.03
2014.06.26 06:21:49.641,0.94105,0.94109,1.50,1.00
2014.06.26 06:21:50.191,0.94104,0.94108,1.10,1.00
2014.06.26 06:21:50.701,0.94105,0.9411,1.00,1.58
2014.06.26 06:21:51.359,0.94105,0.94113,2.25,2.97
2014.06.26 06:21:51.411,0.94107,0.94113,1.00,1.53
2014.06.26 06:21:51.563,0.94107,0.94113,1.00,1.10
2014.06.26 06:21:52.180,0.94108,0.94114,1.00,1.15
2014.06.26 06:21:58.224,0.94107,0.94114,1.00,1.15
2014.06.26 06:21:58.325,0.94105,0.94114,1.50,1.15
2014.06.26 06:21:58.987,0.94105,0.94114,1.58,1.18
2014.06.26 06:22:06.854,0.94105,0.94112,1.10,1.08
2014.06.26 06:22:07.366,0.94105,0.94114,1.50,1.47
2014.06.26 06:22:08.082,0.94105,0.94114,1.58,1.09
2014.06.26 06:22:12.657,0.94105,0.94114,1.50,1.09
2014.06.26 06:22:17.759,0.94105,0.94114,1.00,2.22
2014.06.26 06:22:24.307,0.94105,0.94114,1.50,1.47
2014.06.26 06:22:24.825,0.94105,0.94114,1.50,1.47
2014.06.26 06:22:25.348,0.94105,0.94114,1.50,1.47
2014.06.26 06:22:25.881,0.94105,0.94114,1.50,1.47
2014.06.26 06:22:27.605,0.94105,0.94114,1.00,2.22
2014.06.26 06:22:28.145,0.94105,0.94114,1.10,2.22
2014.06.26 06:22:47.859,0.94105,0.94114,1.18,1.77
2014.06.26 06:22:56.715,0.94103,0.94113,4.47,1.00
2014.06.26 06:22:57.220,0.94105,0.94115,1.18,1.84
2014.06.26 06:23:00.131,0.94108,0.94114,1.00,1.10
2014.06.26 06:23:00.467,0.94111,0.94118,1.02,1.00
2014.06.26 06:23:00.518,0.94111,0.94118,1.40,1.00
2014.06.26 06:23:00.721,0.94113,0.94121,1.10,1.10
2014.06.26 06:23:01.246,0.94112,0.94121,1.40,1.00
2014.06.26 06:23:01.756,0.94112,0.94121,1.09,1.10
2014.06.26 06:23:04.028,0.94114,0.94121,1.00,1.10
2014.06.26 06:23:04.352,0.94117,0.94123,1.13,1.33
2014.06.26 06:23:04.408,0.94117,0.94123,1.20,1.00
2014.06.26 06:23:04.459,0.94119,0.94123,1.00,1.00
2014.06.26 06:23:04.611,0.94119,0.94127,1.39,1.18
2014.06.26 06:23:04.662,0.94121,0.94129,1.33,1.08
2014.06.26 06:23:04.865,0.94122,0.9413,1.02,1.10
2014.06.26 06:23:12.256,0.94123,0.94131,1.18,1.50
2014.06.26 06:23:12.772,0.94124,0.94134,1.58,2.40
2014.06.26 06:23:14.095,0.94123,0.94129,1.37,1.00
2014.06.26 06:23:14.626,0.94121,0.94129,2.59,1.00
2014.06.26 06:23:15.141,0.94121,0.94128,1.15,1.00
2014.06.26 06:23:16.288,0.94121,0.9413,1.15,1.00
2014.06.26 06:23:20.082,0.94121,0.94131,1.40,2.33
2014.06.26 06:23:27.350,0.94122,0.94131,1.40,1.50
2014.06.26 06:23:29.804,0.94122,0.94131,1.84,1.58
2014.06.26 06:23:30.659,0.94122,0.94131,1.84,1.50
2014.06.26 06:23:31.164,0.94122,0.94131,1.84,1.58
2014.06.26 06:23:37.553,0.94122,0.94131,1.84,1.50
2014.06.26 06:23:38.186,0.94122,0.94131,1.84,1.58
2014.06.26 06:23:40.599,0.94122,0.94131,2.40,1.50
2014.06.26 06:23:41.336,0.94123,0.94131,1.20,1.58
2014.06.26 06:23:43.238,0.94123,0.94131,1.18,1.00
2014.06.26 06:23:43.850,0.94124,0.94132,3.08,1.10
2014.06.26 06:23:44.356,0.94124,0.94133,2.44,1.15
2014.06.26 06:23:45.150,0.94124,0.94134,2.52,1.28
2014.06.26 06:23:45.723,0.94124,0.94134,2.44,1.28
2014.06.26 06:23:48.799,0.94125,0.94135,1.00,4.39
2014.06.26 06:23:48.850,0.94125,0.94135,1.18,2.22
2014.06.26 06:23:49.053,0.94128,0.94135,1.00,2.14
2014.06.26 06:23:49.699,0.94128,0.94135,1.00,2.03
2014.06.26 06:23:51.014,0.94128,0.94135,1.00,2.03
2014.06.26 06:23:51.874,0.94128,0.94135,1.00,2.03
2014.06.26 06:23:52.385,0.94128,0.94135,1.00,1.28
2014.06.26 06:23:53.821,0.94128,0.94135,1.00,1.28
2014.06.26 06:23:54.363,0.94128,0.94135,1.00,2.03
2014.06.26 06:23:56.630,0.94127,0.94135,1.00,2.03
2014.06.26 06:23:57.166,0.94127,0.94132,1.00,1.00
2014.06.26 06:24:00.326,0.94127,0.94132,1.00,1.18
2014.06.26 06:24:00.378,0.94124,0.94132,1.69,1.18
2014.06.26 06:24:00.911,0.94124,0.94132,1.77,1.10
2014.06.26 06:24:01.418,0.94124,0.94132,1.77,1.10
2014.06.26 06:24:01.929,0.94124,0.94132,1.84,1.00
2014.06.26 06:24:06.269,0.94124,0.94132,1.02,1.58
2014.06.26 06:24:06.320,0.94125,0.94134,1.00,2.03
2014.06.26 06:24:06.640,0.94127,0.94134,1.25,1.65
2014.06.26 06:24:06.844,0.94129,0.94134,1.00,1.08
2014.06.26 06:24:07.046,0.94126,0.94134,1.67,1.58
2014.06.26 06:24:07.552,0.94125,0.94134,1.77,1.18
2014.06.26 06:24:08.112,0.94125,0.94134,1.84,1.10
2014.06.26 06:24:08.440,0.94125,0.94134,1.69,1.15
2014.06.26 06:24:08.966,0.94125,0.94134,1.77,1.65
2014.06.26 06:24:10.583,0.94125,0.94133,1.25,1.18
2014.06.26 06:24:13.349,0.94124,0.94133,1.84,1.10
2014.06.26 06:24:13.980,0.94124,0.94133,1.77,1.18
2014.06.26 06:24:14.233,0.94124,0.94134,2.59,2.33
2014.06.26 06:24:14.753,0.94125,0.94134,1.02,2.40
2014.06.26 06:24:15.561,0.94125,0.94129,1.02,1.00
2014.06.26 06:24:16.066,0.94123,0.94129,1.84,1.00
2014.06.26 06:24:17.212,0.94123,0.94129,1.09,1.00
2014.06.26 06:24:17.721,0.94123,0.94129,2.59,1.00
2014.06.26 06:24:18.458,0.94123,0.94129,2.52,1.00
2014.06.26 06:24:19.942,0.94123,0.94129,1.77,1.00
2014.06.26 06:24:22.230,0.94123,0.94129,2.59,1.00
2014.06.26 06:24:24.470,0.94122,0.94129,1.25,1.10
2014.06.26 06:24:27.470,0.94122,0.9413,1.77,1.58
2014.06.26 06:24:28.410,0.94122,0.9413,1.77,1.58
2014.06.26 06:24:36.776,0.94123,0.9413,1.19,1.10
2014.06.26 06:24:37.764,0.94122,0.9413,2.52,1.10
2014.06.26 06:24:38.279,0.94122,0.94129,2.52,1.00
2014.06.26 06:24:38.986,0.94123,0.94129,1.00,1.00
2014.06.26 06:24:42.067,0.94122,0.9413,2.52,1.58
2014.06.26 06:24:45.034,0.94122,0.9413,2.44,1.58
2014.06.26 06:24:45.773,0.94122,0.9413,2.52,1.65
2014.06.26 06:24:46.633,0.94122,0.9413,2.52,1.10
2014.06.26 06:24:47.282,0.94122,0.9413,1.69,1.08
2014.06.26 06:24:47.850,0.94122,0.9413,1.02,1.10
2014.06.26 06:24:49.128,0.94122,0.9413,1.25,1.08
2014.06.26 06:24:49.700,0.94122,0.9413,1.02,1.20
2014.06.26 06:24:51.610,0.94122,0.9413,1.69,1.08
2014.06.26 06:24:52.159,0.94122,0.94128,1.02,1.00
2014.06.26 06:24:52.375,0.94122,0.9413,1.02,1.58
2014.06.26 06:24:57.917,0.94122,0.9413,1.00,2.33
2014.06.26 06:24:58.375,0.9412,0.94125,1.58,2.93
2014.06.26 06:24:58.578,0.94119,0.94123,1.00,1.20
2014.06.26 06:24:58.680,0.94113,0.94122,2.03,1.58
2014.06.26 06:24:58.730,0.94113,0.9412,1.58,1.10
2014.06.26 06:24:59.039,0.94115,0.94122,1.00,1.65
2014.06.26 06:25:00.540,0.94115,0.94122,1.25,1.10
2014.06.26 06:25:01.147,0.94115,0.94122,1.25,1.18
2014.06.26 06:25:01.349,0.94112,0.9412,1.18,1.00
2014.06.26 06:25:01.602,0.94111,0.9412,1.02,2.40
2014.06.26 06:25:03.303,0.94111,0.94119,1.25,1.18
2014.06.26 06:25:03.830,0.94111,0.94119,1.02,1.10
2014.06.26 06:25:05.149,0.9411,0.94119,1.77,1.18
2014.06.26 06:25:05.680,0.9411,0.94119,1.69,1.65
2014.06.26 06:25:06.261,0.9411,0.94119,1.10,1.65
2014.06.26 06:25:06.773,0.9411,0.94119,1.25,1.65
2014.06.26 06:25:07.308,0.9411,0.94119,1.02,1.65
2014.06.26 06:25:07.988,0.9411,0.94119,1.25,1.65
2014.06.26 06:25:09.529,0.9411,0.94118,1.02,1.10
2014.06.26 06:25:10.034,0.9411,0.94119,1.25,1.15
2014.06.26 06:25:13.042,0.9411,0.94119,1.69,1.15
2014.06.26 06:25:13.144,0.94112,0.9412,1.33,1.08
2014.06.26 06:25:13.195,0.94111,0.9412,1.84,1.00
2014.06.26 06:25:13.296,0.94112,0.9412,1.02,1.10
2014.06.26 06:25:14.054,0.94111,0.9412,1.77,1.65
2014.06.26 06:25:20.082,0.94111,0.9412,1.77,2.40
2014.06.26 06:25:23.519,0.94112,0.9412,1.25,1.65
2014.06.26 06:25:25.397,0.94112,0.9412,1.25,1.65
2014.06.26 06:25:26.159,0.94111,0.9412,1.29,1.65
2014.06.26 06:25:29.373,0.9411,0.94119,1.69,2.40
2014.06.26 06:25:29.883,0.9411,0.94118,1.77,1.10
2014.06.26 06:25:31.940,0.9411,0.94118,1.69,1.18
2014.06.26 06:25:32.481,0.9411,0.94118,1.77,1.10
2014.06.26 06:25:37.886,0.9411,0.94118,1.77,1.10
2014.06.26 06:25:38.446,0.9411,0.94118,1.69,1.08
2014.06.26 06:25:39.035,0.9411,0.94118,1.77,1.10
2014.06.26 06:25:39.559,0.9411,0.94118,1.77,1.10
2014.06.26 06:25:40.420,0.94111,0.94118,1.19,1.10
2014.06.26 06:25:40.772,0.94111,0.9412,1.37,1.58
2014.06.26 06:25:43.193,0.94112,0.9412,1.77,1.10
2014.06.26 06:25:44.897,0.94115,0.9412,1.00,1.00
2014.06.26 06:25:45.201,0.9412,0.94124,1.00,1.00
2014.06.26 06:25:45.504,0.94122,0.9413,1.19,1.65
2014.06.26 06:25:45.556,0.94122,0.9413,1.19,1.18
2014.06.26 06:25:46.725,0.94121,0.9413,1.77,1.65
2014.06.26 06:25:51.677,0.94122,0.9413,1.02,1.20
2014.06.26 06:25:52.183,0.94122,0.9413,1.25,1.18
2014.06.26 06:25:53.316,0.94121,0.94125,1.10,1.00
2014.06.26 06:25:53.569,0.94119,0.94125,2.97,1.00
2014.06.26 06:25:54.327,0.94119,0.94125,1.02,1.00
2014.06.26 06:26:00.638,0.94119,0.94125,1.77,1.00
2014.06.26 06:26:02.116,0.9412,0.94129,1.25,1.65
2014.06.26 06:26:02.268,0.9412,0.94129,1.84,1.10
2014.06.26 06:26:02.843,0.9412,0.94129,2.52,1.18
2014.06.26 06:26:03.765,0.9412,0.94129,2.52,1.18
2014.06.26 06:26:04.839,0.9412,0.94129,2.52,1.18
2014.06.26 06:26:23.798,0.94121,0.94129,1.00,1.18
2014.06.26 06:26:24.317,0.9412,0.94129,1.58,1.18
2014.06.26 06:26:28.846,0.94118,0.94123,1.32,1.10
2014.06.26 06:26:28.897,0.94117,0.94123,3.00,1.20
2014.06.26 06:26:28.998,0.94114,0.9412,1.10,1.00
2014.06.26 06:26:29.099,0.94115,0.94122,1.00,1.15
2014.06.26 06:26:29.295,0.94115,0.94122,1.00,1.58
2014.06.26 06:26:29.916,0.94115,0.94122,1.00,1.18
2014.06.26 06:26:31.627,0.94115,0.9412,1.00,1.50
2014.06.26 06:26:31.728,0.94111,0.9412,2.78,2.33
2014.06.26 06:26:31.779,0.94111,0.9412,2.63,2.40
2014.06.26 06:26:32.346,0.94111,0.9412,2.33,1.65
2014.06.26 06:26:51.615,0.94111,0.94119,1.00,1.65
2014.06.26 06:26:52.218,0.94111,0.94119,1.10,1.58
2014.06.26 06:27:01.896,0.94111,0.94118,1.10,1.00
2014.06.26 06:27:10.437,0.9411,0.94118,2.33,1.10
2014.06.26 06:27:14.738,0.9411,0.94118,1.50,1.18
2014.06.26 06:27:15.251,0.9411,0.94118,1.58,1.20
2014.06.26 06:27:15.810,0.9411,0.94118,1.50,1.18
2014.06.26 06:27:17.160,0.9411,0.94119,1.58,1.18
2014.06.26 06:27:17.702,0.9411,0.94119,1.00,1.15
2014.06.26 06:27:18.220,0.9411,0.94119,1.00,1.15
2014.06.26 06:27:23.356,0.9411,0.94118,1.00,1.18
2014.06.26 06:27:23.945,0.9411,0.94118,1.00,1.15
2014.06.26 06:27:24.487,0.9411,0.94119,1.00,1.40
2014.06.26 06:27:25.051,0.9411,0.94119,1.00,1.40
2014.06.26 06:27:27.100,0.9411,0.94117,1.00,1.10
2014.06.26 06:27:28.097,0.94108,0.94113,1.20,1.13
2014.06.26 06:27:28.148,0.94108,0.94113,1.00,1.58
2014.06.26 06:27:28.300,0.94101,0.94108,1.18,1.00
2014.06.26 06:27:28.402,0.94105,0.9411,1.00,1.58
2014.06.26 06:27:28.453,0.94105,0.9411,1.00,1.58
2014.06.26 06:27:33.401,0.94105,0.94113,1.00,2.22
2014.06.26 06:27:38.360,0.94105,0.94112,1.10,1.00
2014.06.26 06:27:38.864,0.94105,0.94112,1.00,1.18
2014.06.26 06:27:39.772,0.94105,0.94112,1.00,1.18
2014.06.26 06:27:43.626,0.94105,0.94112,1.00,1.18
2014.06.26 06:27:44.488,0.94105,0.94113,1.00,1.47
2014.06.26 06:27:46.161,0.94102,0.9411,3.53,1.00
2014.06.26 06:27:46.211,0.94102,0.9411,2.33,1.10
2014.06.26 06:27:46.717,0.94101,0.9411,1.65,1.50
2014.06.26 06:27:49.187,0.94101,0.9411,3.90,1.10
2014.06.26 06:27:50.479,0.94102,0.9411,1.65,1.00
2014.06.26 06:27:52.905,0.94102,0.94111,2.40,1.20
2014.06.26 06:27:53.458,0.94102,0.9411,2.40,1.00
2014.06.26 06:28:06.006,0.94101,0.9411,3.15,1.58
2014.06.26 06:28:19.649,0.94101,0.9411,2.40,1.50
2014.06.26 06:28:21.181,0.94101,0.9411,1.15,1.58
2014.06.26 06:28:23.102,0.94101,0.9411,1.15,1.50
2014.06.26 06:28:23.839,0.94101,0.9411,1.18,1.58
2014.06.26 06:28:28.093,0.94101,0.9411,1.20,3.08
2014.06.26 06:28:49.535,0.941,0.94108,1.65,1.00
2014.06.26 06:28:50.346,0.941,0.94105,1.18,1.00
2014.06.26 06:28:50.650,0.94095,0.94102,1.77,1.10
2014.06.26 06:28:51.160,0.94094,0.94102,1.58,1.58
2014.06.26 06:28:54.034,0.94095,0.94102,1.50,1.10
2014.06.26 06:28:54.135,0.94097,0.94102,1.00,1.18
2014.06.26 06:28:54.186,0.94099,0.94104,1.00,1.10
2014.06.26 06:28:54.490,0.94098,0.94103,1.00,1.08
2014.06.26 06:28:54.591,0.94095,0.94103,1.00,1.18
2014.06.26 06:28:55.170,0.94094,0.94103,1.77,1.18
2014.06.26 06:28:58.555,0.94096,0.94104,1.50,2.22
2014.06.26 06:28:58.860,0.94099,0.94104,1.00,1.00
2014.06.26 06:28:59.310,0.94099,0.94106,1.50,1.10
2014.06.26 06:29:00.814,0.94099,0.94106,1.00,1.18
2014.06.26 06:29:01.470,0.94099,0.94106,1.00,1.10
2014.06.26 06:29:12.506,0.94099,0.94107,1.18,1.00
2014.06.26 06:29:13.028,0.94099,0.94108,1.09,1.10
2014.06.26 06:29:13.689,0.94099,0.94108,1.02,1.18
2014.06.26 06:29:14.299,0.94099,0.94108,1.09,1.10
2014.06.26 06:29:16.943,0.94099,0.94108,1.09,1.08
2014.06.26 06:29:20.244,0.94099,0.94104,1.02,1.00
2014.06.26 06:29:20.498,0.94097,0.94105,1.10,1.02
2014.06.26 06:29:20.550,0.94097,0.94101,1.58,1.00
2014.06.26 06:29:20.702,0.94099,0.94105,1.10,1.50
2014.06.26 06:29:20.804,0.94099,0.94108,1.10,1.65
2014.06.26 06:29:21.310,0.94099,0.94108,1.00,1.15
2014.06.26 06:29:22.759,0.94099,0.94108,1.02,1.18
2014.06.26 06:29:25.057,0.94098,0.94106,3.72,1.00
2014.06.26 06:29:25.615,0.94099,0.94107,1.77,1.10
2014.06.26 06:29:26.260,0.94099,0.94108,1.69,1.15
2014.06.26 06:29:26.769,0.94099,0.94108,1.77,1.18
2014.06.26 06:29:27.317,0.94098,0.94106,1.18,1.00
2014.06.26 06:29:28.308,0.94099,0.94107,1.58,1.10
2014.06.26 06:29:28.873,0.94099,0.94107,1.50,1.18
2014.06.26 06:29:29.392,0.94099,0.94107,1.77,1.20
2014.06.26 06:29:29.900,0.94099,0.94107,1.00,1.65
2014.06.26 06:29:30.406,0.94099,0.94107,1.39,1.10
2014.06.26 06:29:30.931,0.94099,0.94107,1.25,1.08
2014.06.26 06:29:31.520,0.94099,0.94107,1.39,1.10
2014.06.26 06:29:34.332,0.94099,0.94107,1.25,3.00
2014.06.26 06:29:34.943,0.94098,0.94106,1.25,3.08
2014.06.26 06:29:35.146,0.94097,0.94105,1.50,3.08
2014.06.26 06:29:35.197,0.94094,0.94102,1.25,3.08
2014.06.26 06:29:35.299,0.94094,0.94102,1.69,3.08
2014.06.26 06:29:35.804,0.94094,0.94102,1.25,1.15
2014.06.26 06:29:36.307,0.94094,0.941,1.00,1.15
2014.06.26 06:29:36.358,0.94091,0.941,1.77,1.15
2014.06.26 06:29:36.409,0.9409,0.94099,2.44,1.15
2014.06.26 06:29:36.612,0.94089,0.94098,2.14,1.15
2014.06.26 06:29:38.578,0.94094,0.94099,1.00,1.08
2014.06.26 06:29:38.981,0.94094,0.941,1.00,1.18
2014.06.26 06:29:41.247,0.94094,0.941,1.00,1.15
2014.06.26 06:29:41.504,0.94094,0.941,1.00,1.10
2014.06.26 06:29:46.402,0.94091,0.941,3.34,1.10
2014.06.26 06:29:46.907,0.94089,0.94099,3.34,1.10
2014.06.26 06:29:48.082,0.94089,0.94099,3.34,1.18
2014.06.26 06:29:48.597,0.94089,0.94099,3.34,1.10
2014.06.26 06:29:49.939,0.94089,0.94099,3.34,1.18
2014.06.26 06:29:51.007,0.94089,0.94098,1.84,1.00
2014.06.26 06:29:51.583,0.94089,0.94099,3.34,1.10
2014.06.26 06:29:52.419,0.94089,0.94099,3.34,1.18
2014.06.26 06:30:04.125,0.94089,0.94098,3.72,1.00
2014.06.26 06:30:04.277,0.9409,0.941,1.09,1.28
2014.06.26 06:30:04.813,0.94091,0.94101,1.18,3.34
2014.06.26 06:30:05.622,0.94097,0.94101,1.00,1.10
2014.06.26 06:30:05.672,0.94099,0.94104,1.00,1.00
2014.06.26 06:30:05.875,0.94099,0.94106,1.00,1.10
2014.06.26 06:30:05.976,0.94096,0.94106,2.22,1.65
2014.06.26 06:30:06.533,0.94095,0.94105,1.84,1.08
2014.06.26 06:30:11.370,0.94096,0.94106,1.09,2.40
2014.06.26 06:30:11.421,0.94099,0.94106,1.00,1.65
2014.06.26 06:30:11.928,0.94095,0.94105,2.59,1.00
2014.06.26 06:30:13.506,0.94095,0.94105,1.84,1.10
2014.06.26 06:30:14.023,0.94094,0.94104,2.22,1.10
2014.06.26 06:30:15.343,0.94099,0.94106,1.00,2.97
2014.06.26 06:30:15.801,0.94099,0.94107,1.08,1.10
2014.06.26 06:30:16.333,0.94099,0.94109,2.59,1.65
2014.06.26 06:30:18.863,0.94098,0.94106,1.47,1.00
2014.06.26 06:30:19.858,0.94098,0.94106,1.47,1.00
2014.06.26 06:30:20.363,0.94098,0.94106,1.47,1.00
2014.06.26 06:30:23.583,0.94096,0.94103,5.18,1.38
2014.06.26 06:30:23.735,0.94096,0.94101,1.10,1.38
2014.06.26 06:30:23.887,0.94099,0.94107,1.00,1.28
2014.06.26 06:30:23.938,0.94099,0.94108,1.77,1.08
2014.06.26 06:30:23.989,0.94099,0.94108,1.84,1.10
2014.06.26 06:30:24.141,0.94099,0.94106,1.33,1.00
2014.06.26 06:30:34.694,0.94098,0.94106,1.47,1.00
2014.06.26 06:30:51.707,0.94096,0.94106,2.97,2.33
2014.06.26 06:30:52.215,0.94096,0.94105,2.22,1.00
2014.06.26 06:30:53.323,0.94096,0.94106,2.22,2.33
2014.06.26 06:30:57.533,0.94096,0.94106,2.22,2.33
2014.06.26 06:31:00.173,0.94098,0.94106,1.10,1.58
2014.06.26 06:31:00.685,0.94099,0.94108,1.00,1.65
2014.06.26 06:31:01.781,0.94098,0.94106,1.77,1.10
2014.06.26 06:31:13.375,0.94098,0.94106,1.08,1.00
2014.06.26 06:31:13.950,0.94098,0.94106,1.10,1.58
2014.06.26 06:31:14.472,0.94097,0.94106,1.10,2.40
2014.06.26 06:31:21.015,0.94095,0.94104,2.22,1.00
2014.06.26 06:31:21.319,0.94095,0.94102,1.00,1.15
2014.06.26 06:31:21.864,0.94094,0.94102,1.00,1.28
2014.06.26 06:31:22.395,0.94094,0.94101,1.00,1.65
2014.06.26 06:31:23.144,0.94094,0.94101,1.00,2.03
2014.06.26 06:31:24.133,0.94094,0.94101,1.00,2.03
2014.06.26 06:31:26.900,0.94094,0.94101,1.00,2.03
2014.06.26 06:31:28.592,0.94094,0.94101,1.00,2.03
2014.06.26 06:31:29.109,0.94094,0.94101,1.00,2.03
2014.06.26 06:31:30.012,0.94094,0.94101,1.00,2.03
2014.06.26 06:31:37.510,0.94094,0.94101,1.00,2.03
2014.06.26 06:31:38.501,0.94094,0.94102,1.00,2.03
2014.06.26 06:31:39.018,0.94094,0.94103,1.10,1.28
2014.06.26 06:31:39.940,0.94094,0.94103,1.00,1.28
2014.06.26 06:31:41.638,0.94094,0.94103,1.10,1.28
2014.06.26 06:31:42.187,0.94094,0.94103,1.00,1.28
2014.06.26 06:31:44.986,0.94094,0.94103,1.10,1.28
2014.06.26 06:31:45.847,0.94094,0.94103,1.00,1.28
2014.06.26 06:31:50.056,0.94094,0.94103,1.10,1.28
2014.06.26 06:31:50.461,0.94096,0.94104,1.00,1.08
2014.06.26 06:31:50.512,0.94096,0.94104,1.20,1.10
2014.06.26 06:31:50.715,0.94097,0.94106,1.18,2.14
2014.06.26 06:31:51.247,0.94097,0.94106,1.10,1.65
2014.06.26 06:32:00.236,0.94097,0.94106,1.20,1.65
2014.06.26 06:32:00.541,0.941,0.94109,1.00,1.65
2014.06.26 06:32:01.138,0.941,0.94109,1.00,1.65
2014.06.26 06:32:01.820,0.941,0.94105,1.00,1.00
2014.06.26 06:32:01.921,0.94098,0.94105,1.02,1.00
2014.06.26 06:32:07.024,0.94097,0.94105,1.10,1.10
2014.06.26 06:32:18.652,0.94097,0.94105,1.00,1.18
2014.06.26 06:32:22.099,0.94097,0.94105,1.02,1.10
2014.06.26 06:32:23.207,0.94097,0.94105,1.25,1.18
2014.06.26 06:32:23.736,0.94097,0.94105,1.02,1.10
2014.06.26 06:32:25.541,0.94099,0.94106,1.00,1.18
2014.06.26 06:32:25.793,0.94099,0.94108,1.10,1.09
2014.06.26 06:32:26.312,0.94099,0.94108,1.00,1.40
2014.06.26 06:32:26.895,0.94099,0.94108,1.10,1.18
2014.06.26 06:32:27.081,0.94098,0.94105,2.59,1.00
2014.06.26 06:32:35.119,0.94099,0.94108,1.10,1.18
2014.06.26 06:32:35.631,0.94099,0.94109,4.47,1.65
2014.06.26 06:32:35.683,0.94099,0.94109,5.22,1.58
2014.06.26 06:32:36.280,0.941,0.9411,1.15,1.77
2014.06.26 06:32:37.330,0.941,0.94105,1.33,1.00
2014.06.26 06:32:38.192,0.94098,0.94105,2.03,1.00
2014.06.26 06:32:43.019,0.94099,0.94107,1.15,1.00
2014.06.26 06:32:43.221,0.941,0.9411,1.18,3.34
2014.06.26 06:32:44.568,0.94099,0.94105,2.97,1.00
2014.06.26 06:32:45.139,0.94098,0.94105,2.97,1.00
2014.06.26 06:32:51.097,0.94099,0.94109,2.40,2.59
2014.06.26 06:32:52.628,0.94099,0.94105,2.78,1.00
2014.06.26 06:32:59.227,0.941,0.94107,1.10,1.00
2014.06.26 06:32:59.278,0.941,0.94107,1.15,1.00
2014.06.26 06:32:59.328,0.941,0.9411,1.15,1.77
2014.06.26 06:32:59.866,0.94099,0.94109,3.72,1.10
2014.06.26 06:33:06.374,0.941,0.94108,1.84,1.00
2014.06.26 06:33:07.835,0.94098,0.94103,1.00,1.00
2014.06.26 06:33:07.938,0.94097,0.94101,1.00,1.00
2014.06.26 06:33:07.990,0.94096,0.94101,1.00,1.10
2014.06.26 06:33:08.143,0.94093,0.941,1.10,1.00
2014.06.26 06:33:09.860,0.94091,0.941,1.15,1.10
2014.06.26 06:33:18.945,0.94091,0.941,1.40,1.00
2014.06.26 06:33:19.451,0.94092,0.94101,1.02,1.18
2014.06.26 06:33:19.552,0.94096,0.94101,1.00,1.08
2014.06.26 06:33:19.857,0.94099,0.94104,1.69,2.25
2014.06.26 06:33:20.010,0.94099,0.94106,1.25,3.08
2014.06.26 06:33:20.162,0.94101,0.94106,1.00,2.18
2014.06.26 06:33:20.314,0.941,0.94109,1.25,2.25
2014.06.26 06:33:20.466,0.941,0.9411,1.84,1.10
2014.06.26 06:33:20.980,0.941,0.9411,1.84,1.18
2014.06.26 06:33:21.866,0.94101,0.94111,1.09,3.15
2014.06.26 06:33:22.403,0.94101,0.94111,1.02,3.15
2014.06.26 06:33:22.923,0.94101,0.94111,1.33,3.15
2014.06.26 06:33:23.713,0.941,0.9411,1.84,1.18
2014.06.26 06:33:24.243,0.941,0.9411,1.84,1.20
2014.06.26 06:33:25.163,0.941,0.9411,1.84,1.18
2014.06.26 06:33:25.786,0.941,0.9411,1.84,1.10
2014.06.26 06:33:26.287,0.941,0.9411,1.84,1.18
2014.06.26 06:33:26.796,0.941,0.9411,1.84,1.10
2014.06.26 06:33:27.696,0.941,0.9411,1.84,1.18
2014.06.26 06:33:28.303,0.941,0.9411,1.84,1.10
2014.06.26 06:33:32.159,0.941,0.9411,1.84,1.18
2014.06.26 06:33:32.363,0.941,0.94106,1.15,1.00
2014.06.26 06:33:32.464,0.94099,0.94106,1.09,1.00
2014.06.26 06:33:32.667,0.94099,0.94109,3.34,1.18
2014.06.26 06:33:34.086,0.941,0.94106,1.02,1.00
2014.06.26 06:33:42.829,0.94098,0.94106,2.22,1.10
2014.06.26 06:33:43.343,0.94098,0.94106,2.14,1.10
2014.06.26 06:33:44.747,0.94098,0.94106,2.14,1.00
2014.06.26 06:33:45.407,0.94098,0.94106,2.22,1.10
2014.06.26 06:33:46.033,0.94098,0.94106,2.22,1.00
2014.06.26 06:33:47.281,0.94099,0.94108,1.10,1.65
2014.06.26 06:33:47.787,0.941,0.9411,1.10,2.97
2014.06.26 06:33:48.709,0.94099,0.94109,2.52,1.15
2014.06.26 06:33:49.244,0.94098,0.94106,2.22,1.00
2014.06.26 06:33:50.722,0.94098,0.94106,2.14,1.10
2014.06.26 06:33:51.252,0.94098,0.94106,2.22,1.00
2014.06.26 06:34:00.059,0.94098,0.94106,1.20,1.10
2014.06.26 06:34:03.757,0.94098,0.94106,2.22,1.00
2014.06.26 06:34:04.267,0.94099,0.94109,2.52,1.15
2014.06.26 06:34:04.802,0.94099,0.94109,2.44,1.15
2014.06.26 06:34:05.408,0.94098,0.94106,2.89,1.10
2014.06.26 06:34:10.050,0.94098,0.94106,2.22,1.10
2014.06.26 06:34:10.534,0.94098,0.94107,2.22,1.10
2014.06.26 06:34:10.737,0.94095,0.94101,2.44,1.13
2014.06.26 06:34:10.889,0.94099,0.94106,1.00,2.33
2014.06.26 06:34:11.041,0.94099,0.94108,1.69,1.65
2014.06.26 06:34:13.870,0.94098,0.94106,1.39,1.10
2014.06.26 06:34:20.355,0.94098,0.94106,2.14,1.10
2014.06.26 06:34:21.099,0.94097,0.94101,1.58,1.00
2014.06.26 06:34:21.463,0.94097,0.94105,1.88,1.15
2014.06.26 06:34:21.564,0.94098,0.94105,1.20,1.00
2014.06.26 06:34:22.132,0.94098,0.94106,1.20,1.10
2014.06.26 06:34:26.800,0.94099,0.94108,1.25,1.65
2014.06.26 06:34:27.003,0.94099,0.94109,1.84,1.65
2014.06.26 06:34:27.597,0.94099,0.94109,1.77,1.15
2014.06.26 06:34:28.201,0.94099,0.94109,1.69,1.65
2014.06.26 06:34:29.740,0.94099,0.94109,1.77,1.65
2014.06.26 06:34:30.262,0.94099,0.94109,1.69,1.65
2014.06.26 06:34:33.188,0.94099,0.94109,1.77,1.65
2014.06.26 06:34:33.441,0.94101,0.94109,1.00,1.65
2014.06.26 06:34:33.643,0.94101,0.94109,1.00,1.65
2014.06.26 06:34:49.417,0.94099,0.94109,2.40,1.84
2014.06.26 06:34:53.795,0.941,0.9411,1.33,1.65
2014.06.26 06:34:55.239,0.941,0.9411,1.84,1.20
2014.06.26 06:34:55.340,0.94104,0.9411,1.00,1.10
2014.06.26 06:34:55.846,0.94104,0.94113,1.00,2.03
2014.06.26 06:34:57.403,0.94104,0.94112,1.00,1.18
2014.06.26 06:34:57.908,0.94104,0.94113,1.00,2.03
2014.06.26 06:34:58.449,0.94104,0.94112,1.00,1.18
2014.06.26 06:34:59.418,0.94104,0.94112,1.00,1.18
2014.06.26 06:34:59.967,0.94104,0.94112,1.00,1.15
2014.06.26 06:35:00.509,0.94104,0.94112,1.00,1.18
2014.06.26 06:35:01.040,0.94102,0.94111,2.52,1.18
2014.06.26 06:35:01.297,0.94101,0.94109,1.02,1.10
2014.06.26 06:35:01.837,0.941,0.94109,2.59,1.00
2014.06.26 06:35:02.563,0.941,0.94108,2.59,1.00
2014.06.26 06:35:03.072,0.941,0.94108,1.09,1.00
2014.06.26 06:35:04.781,0.94099,0.94106,1.84,1.00
2014.06.26 06:35:04.989,0.94098,0.94106,2.14,1.10
2014.06.26 06:35:05.515,0.94099,0.94106,1.00,1.10
2014.06.26 06:35:16.401,0.94099,0.94106,1.47,1.00
2014.06.26 06:35:16.927,0.94099,0.94106,1.47,1.00
2014.06.26 06:35:18.182,0.94099,0.94106,1.47,1.00
2014.06.26 06:35:18.807,0.94099,0.94106,2.22,1.00
2014.06.26 06:35:18.858,0.94099,0.94109,4.47,1.10
2014.06.26 06:35:19.061,0.94102,0.94111,1.65,1.10
2014.06.26 06:35:19.849,0.94102,0.94106,1.58,1.00
2014.06.26 06:35:20.501,0.94102,0.94108,1.18,1.00
2014.06.26 06:35:25.125,0.94102,0.94108,1.20,1.00
2014.06.26 06:35:25.632,0.94101,0.94107,1.18,1.00
2014.06.26 06:35:26.272,0.94101,0.94108,1.18,1.00
2014.06.26 06:35:30.413,0.94101,0.94106,1.02,1.00
2014.06.26 06:35:31.907,0.94101,0.94106,1.18,1.00
2014.06.26 06:35:32.435,0.94101,0.94106,1.20,1.00
2014.06.26 06:35:33.055,0.94101,0.94106,1.18,1.00
2014.06.26 06:35:37.380,0.94101,0.94106,1.20,1.00
2014.06.26 06:35:37.886,0.941,0.94106,2.97,1.00
2014.06.26 06:35:38.730,0.941,0.94106,2.03,1.00
2014.06.26 06:35:39.424,0.941,0.94106,2.03,1.00
2014.06.26 06:35:40.330,0.94102,0.94111,1.10,1.84
2014.06.26 06:35:40.381,0.94106,0.94111,1.00,1.18
2014.06.26 06:35:40.634,0.94107,0.94113,1.20,1.00
2014.06.26 06:35:40.685,0.94108,0.94116,1.00,1.18
2014.06.26 06:35:41.191,0.94109,0.94116,2.07,1.10
2014.06.26 06:35:41.394,0.9411,0.9412,1.10,1.40
2014.06.26 06:35:41.748,0.94111,0.94121,1.09,1.65
2014.06.26 06:35:42.273,0.94113,0.94121,1.10,1.10
2014.06.26 06:35:42.627,0.94112,0.94118,2.22,1.00
2014.06.26 06:35:42.934,0.94111,0.94116,1.18,1.00
2014.06.26 06:35:43.470,0.94111,0.94116,1.00,1.00
2014.06.26 06:35:44.007,0.9411,0.94116,1.10,1.00
2014.06.26 06:35:51.807,0.94108,0.94115,2.03,1.00
2014.06.26 06:35:52.112,0.94108,0.94116,1.00,1.15
2014.06.26 06:35:52.214,0.9411,0.94118,1.00,1.65
2014.06.26 06:35:53.190,0.94109,0.94116,1.50,1.10
2014.06.26 06:36:00.152,0.94109,0.94118,2.33,1.18
2014.06.26 06:36:00.663,0.9411,0.94118,1.50,1.18
2014.06.26 06:36:05.387,0.9411,0.94115,1.00,1.00
2014.06.26 06:36:05.641,0.94109,0.94118,2.89,1.18
2014.06.26 06:36:10.338,0.94113,0.94119,1.13,1.15
2014.06.26 06:36:10.439,0.94116,0.94122,1.00,1.00
2014.06.26 06:36:10.490,0.94119,0.94123,1.00,1.58
2014.06.26 06:36:10.692,0.94114,0.9412,1.50,1.10
2014.06.26 06:36:10.794,0.94114,0.9412,1.50,1.10
2014.06.26 06:36:11.097,0.94119,0.94124,1.00,1.18
2014.06.26 06:36:11.380,0.94114,0.94124,3.34,1.65
2014.06.26 06:36:11.493,0.94114,0.94123,1.77,1.08
2014.06.26 06:36:12.560,0.94113,0.94121,1.10,1.10
2014.06.26 06:36:12.864,0.94111,0.94119,2.59,1.00
2014.06.26 06:36:12.915,0.94111,0.94119,1.69,1.18
2014.06.26 06:36:13.420,0.9411,0.94118,1.77,1.10
2014.06.26 06:36:14.020,0.9411,0.94118,1.84,1.00
2014.06.26 06:36:15.958,0.9411,0.94118,1.58,1.10
2014.06.26 06:36:16.462,0.9411,0.94117,1.50,1.10
2014.06.26 06:36:20.387,0.9411,0.94118,1.58,1.10
2014.06.26 06:36:20.951,0.9411,0.94118,1.84,1.00
2014.06.26 06:36:29.891,0.9411,0.94119,1.84,1.10
2014.06.26 06:36:34.373,0.94111,0.94118,1.10,1.00
2014.06.26 06:36:36.088,0.9411,0.94118,1.65,1.00
2014.06.26 06:36:38.026,0.9411,0.94118,1.84,1.00
2014.06.26 06:36:39.647,0.9411,0.94119,1.84,1.00
2014.06.26 06:36:40.639,0.9411,0.9412,1.84,1.58
2014.06.26 06:36:41.731,0.9411,0.9412,1.65,1.50
2014.06.26 06:36:42.240,0.94111,0.94121,2.78,2.40
2014.06.26 06:36:50.411,0.94111,0.94121,1.28,1.77
2014.06.26 06:36:50.917,0.94111,0.9412,1.09,1.10
2014.06.26 06:36:51.595,0.94111,0.9412,1.40,1.00
2014.06.26 06:36:52.240,0.94111,0.9412,1.09,1.10
2014.06.26 06:36:57.754,0.94111,0.9412,1.09,1.00
2014.06.26 06:37:00.504,0.94111,0.9412,1.09,1.10
2014.06.26 06:37:02.029,0.94111,0.9412,1.40,1.00
2014.06.26 06:37:03.810,0.94111,0.94121,1.84,1.58
2014.06.26 06:37:04.346,0.94111,0.94121,1.09,2.40
2014.06.26 06:37:04.852,0.94111,0.94121,1.09,2.40
2014.06.26 06:37:06.289,0.94111,0.94121,1.09,2.40
2014.06.26 06:37:07.649,0.94111,0.94121,1.09,2.40
2014.06.26 06:37:08.207,0.94111,0.94121,1.84,2.33
2014.06.26 06:37:09.205,0.94111,0.94121,1.84,2.33
2014.06.26 06:37:09.711,0.94111,0.94121,1.84,2.40
2014.06.26 06:37:10.684,0.94114,0.94121,1.00,1.65
2014.06.26 06:37:11.191,0.94116,0.94124,1.10,1.77
2014.06.26 06:37:11.699,0.94116,0.94126,1.09,2.40
2014.06.26 06:37:14.033,0.94116,0.94126,1.02,2.40
2014.06.26 06:37:19.307,0.94118,0.94126,1.00,2.03
2014.06.26 06:37:19.357,0.94118,0.94126,1.02,1.58
2014.06.26 06:37:21.190,0.94118,0.94126,1.20,1.00
2014.06.26 06:37:23.635,0.94118,0.94126,1.47,1.00
2014.06.26 06:37:24.142,0.94119,0.94126,1.10,1.00
2014.06.26 06:37:24.734,0.94119,0.94126,1.18,1.00
2014.06.26 06:37:25.038,0.94118,0.94126,1.39,1.10
2014.06.26 06:37:26.116,0.94118,0.94126,1.47,1.00
2014.06.26 06:37:26.737,0.94118,0.94126,1.39,1.10
2014.06.26 06:37:31.506,0.94118,0.94126,1.28,1.50
2014.06.26 06:37:32.363,0.94118,0.94126,1.47,1.50
2014.06.26 06:37:33.692,0.94118,0.94126,1.47,1.00
2014.06.26 06:37:45.828,0.94118,0.94126,2.22,1.00
2014.06.26 06:37:46.489,0.9412,0.94129,2.33,1.10
2014.06.26 06:37:47.005,0.9412,0.9413,3.90,1.84
2014.06.26 06:37:48.311,0.94122,0.9413,1.00,1.65
2014.06.26 06:37:48.362,0.94124,0.94131,1.08,1.25
2014.06.26 06:37:48.464,0.94124,0.94132,2.40,1.00
2014.06.26 06:37:48.565,0.94124,0.94134,2.40,3.00
2014.06.26 06:37:48.667,0.94123,0.94133,2.97,1.08
2014.06.26 06:37:48.870,0.94124,0.94133,1.09,1.08
2014.06.26 06:37:49.681,0.94124,0.94132,1.25,1.08
2014.06.26 06:37:49.883,0.94122,0.94129,1.39,1.00
2014.06.26 06:37:50.395,0.9412,0.94129,2.59,1.58
2014.06.26 06:37:50.597,0.9412,0.94127,2.59,1.00
2014.06.26 06:37:50.851,0.94118,0.94126,1.47,1.00
2014.06.26 06:37:51.571,0.94118,0.94126,1.47,1.00
2014.06.26 06:37:52.080,0.94118,0.94126,1.47,1.00
2014.06.26 06:38:03.002,0.94119,0.94126,1.09,1.00
2014.06.26 06:38:03.846,0.94119,0.94126,1.02,1.00
2014.06.26 06:38:10.713,0.94118,0.94126,1.19,1.65
2014.06.26 06:38:11.225,0.94117,0.94126,2.52,1.65
2014.06.26 06:38:15.850,0.94118,0.94126,1.84,1.50
2014.06.26 06:38:22.343,0.9412,0.94127,1.00,1.10
2014.06.26 06:38:22.898,0.9412,0.94126,1.77,1.00
2014.06.26 06:38:25.861,0.9412,0.94127,1.77,1.00
2014.06.26 06:38:26.850,0.9412,0.94127,2.52,1.00
2014.06.26 06:38:29.585,0.9412,0.94126,2.52,1.00
2014.06.26 06:38:31.377,0.9412,0.94126,2.52,1.00
2014.06.26 06:38:34.538,0.9412,0.94125,2.52,1.00
2014.06.26 06:38:35.666,0.9412,0.94126,1.02,1.00
2014.06.26 06:38:43.286,0.9412,0.94127,2.52,1.00
2014.06.26 06:38:43.810,0.9412,0.94127,2.59,1.00
2014.06.26 06:38:44.117,0.94121,0.94129,1.02,1.10
2014.06.26 06:38:44.629,0.94121,0.94129,2.59,1.00
2014.06.26 06:38:47.568,0.94121,0.94126,1.65,1.00
2014.06.26 06:38:48.128,0.94121,0.94129,1.84,1.00
2014.06.26 06:38:48.280,0.94122,0.94129,1.84,1.00
2014.06.26 06:38:49.396,0.94122,0.94129,2.59,1.00
2014.06.26 06:38:50.349,0.94122,0.9413,2.59,1.00
2014.06.26 06:38:50.960,0.94122,0.9413,1.84,1.00
2014.06.26 06:38:51.487,0.94122,0.9413,1.84,1.00
2014.06.26 06:38:55.848,0.94122,0.94131,1.84,1.58
2014.06.26 06:38:57.829,0.94122,0.9413,1.84,1.00
2014.06.26 06:38:58.394,0.94122,0.94131,1.84,1.58
2014.06.26 06:39:00.179,0.94122,0.94131,1.84,1.50
2014.06.26 06:39:00.862,0.94122,0.94131,1.84,1.58
2014.06.26 06:39:01.501,0.94122,0.94131,1.09,1.50
2014.06.26 06:39:02.021,0.94122,0.94131,1.09,1.58
2014.06.26 06:39:02.665,0.94122,0.94131,1.40,1.50
2014.06.26 06:39:05.208,0.94122,0.94131,1.40,1.58
2014.06.26 06:39:05.756,0.94122,0.94131,1.40,1.50
2014.06.26 06:39:06.273,0.94121,0.94129,4.47,1.00
2014.06.26 06:39:06.817,0.94121,0.94129,2.97,1.00
2014.06.26 06:39:08.653,0.94121,0.9413,2.97,1.50
2014.06.26 06:39:09.405,0.94121,0.94129,2.97,1.00
2014.06.26 06:39:10.182,0.94122,0.9413,1.65,2.25
2014.06.26 06:39:11.005,0.94122,0.9413,1.65,1.00
2014.06.26 06:39:11.641,0.94122,0.9413,1.65,1.00
2014.06.26 06:39:13.314,0.94122,0.94129,1.65,1.00
2014.06.26 06:39:15.286,0.94126,0.94131,1.00,1.58
2014.06.26 06:39:15.388,0.94125,0.94132,2.63,1.18
2014.06.26 06:39:15.440,0.94127,0.94133,1.50,1.15
2014.06.26 06:39:15.491,0.9413,0.94135,1.00,1.00
2014.06.26 06:39:15.542,0.9413,0.94135,2.25,1.00
2014.06.26 06:39:15.896,0.94127,0.94133,1.50,1.00
2014.06.26 06:39:16.100,0.94126,0.94131,1.58,1.50
2014.06.26 06:39:16.462,0.94122,0.9413,2.40,1.50
2014.06.26 06:39:17.011,0.94122,0.94129,1.65,1.00
2014.06.26 06:39:18.109,0.94122,0.9413,1.65,1.50
2014.06.26 06:39:21.287,0.94122,0.9413,1.50,1.65
2014.06.26 06:39:21.956,0.94122,0.9413,1.58,1.10
2014.06.26 06:39:22.139,0.94125,0.94131,1.00,1.65
2014.06.26 06:39:23.545,0.94124,0.94131,1.50,1.65
2014.06.26 06:39:23.697,0.94122,0.9413,1.58,1.58
2014.06.26 06:39:24.237,0.94121,0.94129,2.40,1.50
2014.06.26 06:39:26.934,0.94121,0.94129,2.40,1.10
2014.06.26 06:39:27.136,0.94121,0.94127,1.58,1.00
2014.06.26 06:39:28.882,0.94122,0.94127,1.50,1.00
2014.06.26 06:39:34.033,0.9412,0.94127,1.50,1.08
2014.06.26 06:39:37.937,0.94122,0.94127,1.50,1.10
2014.06.26 06:39:40.030,0.94122,0.94127,1.50,1.18
2014.06.26 06:39:40.793,0.94122,0.94128,1.50,1.18
2014.06.26 06:39:41.406,0.94122,0.94128,1.50,1.15
2014.06.26 06:39:45.506,0.94122,0.94128,1.50,1.18
2014.06.26 06:39:46.621,0.94122,0.94128,1.50,1.02
2014.06.26 06:39:56.902,0.94122,0.94127,1.50,1.00
2014.06.26 06:40:08.585,0.94121,0.94127,1.50,1.00
2014.06.26 06:40:14.084,0.94121,0.94126,1.50,1.00
2014.06.26 06:40:14.638,0.9412,0.94126,1.10,1.00
2014.06.26 06:40:17.387,0.9412,0.94125,1.10,1.00
2014.06.26 06:40:17.625,0.94118,0.94123,1.58,1.00
2014.06.26 06:40:17.779,0.94111,0.94117,1.15,1.00
2014.06.26 06:40:17.830,0.94111,0.94119,1.15,1.00
2014.06.26 06:40:17.982,0.94109,0.94119,2.97,1.65
2014.06.26 06:40:18.135,0.94109,0.94119,1.28,1.69
2014.06.26 06:40:18.502,0.9411,0.9412,1.15,1.02
2014.06.26 06:40:19.082,0.94114,0.9412,1.00,1.10
2014.06.26 06:40:19.385,0.94114,0.94118,1.00,1.00
2014.06.26 06:40:19.688,0.94109,0.94116,1.15,1.00
2014.06.26 06:40:19.739,0.94109,0.94116,1.10,1.00
2014.06.26 06:40:20.275,0.94109,0.94116,1.18,1.00
2014.06.26 06:40:20.861,0.94109,0.94118,2.40,1.10
2014.06.26 06:40:21.386,0.94109,0.94119,2.52,1.15
2014.06.26 06:40:22.159,0.94109,0.94119,2.52,1.15
2014.06.26 06:40:26.690,0.9411,0.9412,1.09,1.28
2014.06.26 06:40:31.619,0.94109,0.94116,1.40,1.00
2014.06.26 06:40:32.146,0.94108,0.94116,1.65,1.00
2014.06.26 06:40:39.111,0.94108,0.94116,1.65,1.00
2014.06.26 06:40:52.452,0.94109,0.94119,1.58,1.40
2014.06.26 06:40:52.972,0.94109,0.94119,2.33,1.40
2014.06.26 06:41:00.240,0.94109,0.94119,2.22,1.18
2014.06.26 06:41:00.745,0.94109,0.94119,2.22,1.20
2014.06.26 06:41:01.273,0.9411,0.9412,1.10,1.84
2014.06.26 06:41:02.110,0.9411,0.9412,1.18,1.84
2014.06.26 06:41:06.599,0.9411,0.9412,1.20,1.84
2014.06.26 06:41:08.669,0.9411,0.9412,1.08,1.84
2014.06.26 06:41:09.281,0.9411,0.9412,1.10,1.84
2014.06.26 06:41:09.785,0.94114,0.9412,1.00,1.84
2014.06.26 06:41:10.190,0.94114,0.94122,1.00,4.47
2014.06.26 06:41:12.245,0.94114,0.94122,1.00,2.40
2014.06.26 06:41:46.018,0.94114,0.94122,1.10,2.52
2014.06.26 06:41:46.635,0.94114,0.94122,1.00,1.09
2014.06.26 06:41:51.916,0.94112,0.94122,1.09,1.65
2014.06.26 06:41:52.434,0.94114,0.94122,1.00,1.65
2014.06.26 06:41:54.016,0.94114,0.94122,1.10,1.65
2014.06.26 06:41:54.685,0.94114,0.94122,1.00,1.65
2014.06.26 06:41:55.208,0.94114,0.94122,1.10,1.58
2014.06.26 06:41:55.827,0.94114,0.94122,1.00,1.65
2014.06.26 06:41:58.008,0.94114,0.94122,1.10,2.33
2014.06.26 06:41:58.557,0.94114,0.94122,1.00,2.40
2014.06.26 06:41:59.242,0.94114,0.94122,1.10,2.33
2014.06.26 06:41:59.800,0.94114,0.94122,1.00,2.59
2014.06.26 06:42:00.397,0.94114,0.94122,1.10,2.52
2014.06.26 06:42:01.263,0.94114,0.94121,1.10,1.00
2014.06.26 06:42:01.784,0.94114,0.94121,1.00,1.18
2014.06.26 06:42:02.854,0.94114,0.94121,1.00,1.10
2014.06.26 06:42:03.376,0.94114,0.94121,1.00,1.18
2014.06.26 06:42:11.836,0.94111,0.94121,1.09,1.65
2014.06.26 06:42:11.937,0.9411,0.94119,2.59,3.08
2014.06.26 06:42:12.538,0.9411,0.94119,1.09,3.08
2014.06.26 06:42:14.543,0.94108,0.94118,2.63,1.38
2014.06.26 06:42:14.696,0.94108,0.94113,1.00,1.38
2014.06.26 06:42:14.747,0.94106,0.94111,1.20,2.25
2014.06.26 06:42:15.259,0.94105,0.94113,1.00,1.15
2014.06.26 06:42:15.805,0.94105,0.94113,1.00,1.18
2014.06.26 06:42:16.327,0.94105,0.94113,1.00,1.15
2014.06.26 06:42:16.878,0.94105,0.94115,1.84,1.95
2014.06.26 06:42:17.395,0.94105,0.94115,1.84,2.03
2014.06.26 06:42:19.253,0.94105,0.94116,4.39,2.25
2014.06.26 06:42:19.726,0.94108,0.94116,1.15,1.00
2014.06.26 06:42:20.029,0.94108,0.94113,1.00,1.38
2014.06.26 06:42:20.181,0.9411,0.94115,1.00,1.10
2014.06.26 06:42:20.283,0.9411,0.94119,1.00,2.22
2014.06.26 06:42:20.788,0.94108,0.94116,1.15,1.00
2014.06.26 06:42:20.839,0.9411,0.94118,1.10,1.10
2014.06.26 06:42:21.411,0.9411,0.9412,1.00,1.40
2014.06.26 06:42:21.929,0.9411,0.9412,1.58,1.84
2014.06.26 06:42:24.052,0.9411,0.94117,1.58,1.00
2014.06.26 06:42:24.457,0.94108,0.94116,1.20,1.58
2014.06.26 06:42:37.779,0.94108,0.94116,1.18,1.00
2014.06.26 06:42:38.372,0.9411,0.94118,1.00,1.18
2014.06.26 06:42:38.873,0.9411,0.94118,1.58,1.10
2014.06.26 06:42:44.317,0.94114,0.9412,1.00,1.08
2014.06.26 06:42:44.471,0.94115,0.94121,1.00,1.65
2014.06.26 06:42:44.572,0.94115,0.94123,1.10,1.10
2014.06.26 06:42:44.724,0.94116,0.94125,1.08,3.34
2014.06.26 06:42:45.242,0.94117,0.94125,1.10,1.10
2014.06.26 06:42:46.549,0.94117,0.94124,1.10,1.00
2014.06.26 06:42:50.596,0.94115,0.94121,3.90,1.00
2014.06.26 06:42:50.697,0.94115,0.94121,1.00,1.50
2014.06.26 06:42:51.211,0.94115,0.94122,1.00,1.15
2014.06.26 06:42:54.595,0.94115,0.94122,1.00,1.18
2014.06.26 06:43:00.354,0.94115,0.94122,1.00,1.18
2014.06.26 06:43:00.860,0.94115,0.94123,1.00,2.40
2014.06.26 06:43:01.477,0.94115,0.94123,1.00,2.40
2014.06.26 06:43:03.600,0.94115,0.94123,1.00,2.40
2014.06.26 06:43:09.192,0.94112,0.94121,1.37,1.58
2014.06.26 06:43:09.293,0.94111,0.94119,2.40,1.00
2014.06.26 06:43:10.008,0.9411,0.94119,3.15,1.00
2014.06.26 06:43:10.638,0.94112,0.9412,1.10,1.58
2014.06.26 06:43:11.147,0.9411,0.94117,3.34,1.00
2014.06.26 06:43:12.567,0.9411,0.94116,1.65,1.00
2014.06.26 06:43:13.110,0.9411,0.94117,1.65,1.00
2014.06.26 06:43:13.363,0.94111,0.9412,1.18,1.58
2014.06.26 06:43:13.465,0.94115,0.9412,1.00,1.10
2014.06.26 06:43:13.779,0.9411,0.94117,4.09,1.00
2014.06.26 06:43:14.235,0.9411,0.94117,1.10,1.00
2014.06.26 06:43:14.538,0.9411,0.94115,1.00,1.00
2014.06.26 06:43:14.690,0.94106,0.94114,1.15,1.50
2014.06.26 06:43:14.792,0.94106,0.94113,1.10,1.00
2014.06.26 06:43:16.869,0.94105,0.94112,1.18,1.00
2014.06.26 06:43:28.504,0.94103,0.94112,1.84,2.33
2014.06.26 06:43:30.565,0.94103,0.94112,1.84,2.25
2014.06.26 06:43:31.077,0.94103,0.94112,1.84,2.33
2014.06.26 06:43:32.630,0.94103,0.94112,4.02,1.18
2014.06.26 06:43:41.196,0.94103,0.94112,3.34,1.10
2014.06.26 06:43:41.847,0.94103,0.94112,3.27,1.18
2014.06.26 06:43:44.406,0.94103,0.9411,2.52,1.00
2014.06.26 06:43:48.257,0.94104,0.9411,1.00,1.00
2014.06.26 06:43:48.615,0.94104,0.94108,1.00,1.50
2014.06.26 06:43:48.858,0.94102,0.94107,1.58,1.50
2014.06.26 06:43:49.532,0.94101,0.94107,1.10,1.00
2014.06.26 06:43:50.718,0.941,0.94107,1.65,1.00
2014.06.26 06:43:51.248,0.941,0.94107,1.65,1.00
2014.06.26 06:43:53.251,0.941,0.94107,1.65,1.00
2014.06.26 06:43:54.195,0.941,0.94107,1.65,1.50
2014.06.26 06:43:54.743,0.941,0.94107,1.65,1.50
2014.06.26 06:43:55.272,0.941,0.94107,1.65,1.50
2014.06.26 06:43:56.614,0.941,0.94107,1.65,1.50
2014.06.26 06:43:57.123,0.941,0.94107,1.65,1.50
2014.06.26 06:44:00.307,0.941,0.94107,1.65,1.50
2014.06.26 06:44:00.956,0.941,0.94107,1.65,1.50
2014.06.26 06:44:08.413,0.941,0.94106,1.65,1.00
2014.06.26 06:44:08.919,0.94099,0.94105,1.15,1.00
2014.06.26 06:44:09.447,0.94098,0.94104,1.40,1.00
2014.06.26 06:44:15.329,0.94098,0.94104,1.28,1.00
2014.06.26 06:44:15.873,0.94098,0.94104,1.28,1.00
2014.06.26 06:44:19.937,0.94098,0.94104,1.47,1.00
2014.06.26 06:44:20.907,0.94097,0.94104,1.50,1.08
2014.06.26 06:44:21.413,0.94097,0.94101,1.50,1.00
2014.06.26 06:44:26.766,0.94097,0.94103,1.50,1.18
2014.06.26 06:44:27.300,0.94097,0.94103,1.58,1.00
2014.06.26 06:44:32.807,0.94097,0.94101,1.58,1.00
2014.06.26 06:44:32.959,0.94093,0.941,1.09,1.00
2014.06.26 06:44:33.318,0.94092,0.94099,1.58,1.00
2014.06.26 06:44:35.619,0.94092,0.941,1.65,2.25
2014.06.26 06:44:36.557,0.94092,0.94099,1.65,1.00
2014.06.26 06:44:38.135,0.94092,0.94098,1.65,1.00
2014.06.26 06:44:41.653,0.94092,0.94097,1.65,1.00
2014.06.26 06:44:42.175,0.94092,0.94098,1.65,1.00
2014.06.26 06:44:45.835,0.94092,0.94096,1.58,1.00
2014.06.26 06:44:46.290,0.94088,0.94095,1.18,1.00
2014.06.26 06:44:47.061,0.94088,0.94095,1.10,1.50
2014.06.26 06:44:47.574,0.94088,0.94096,1.10,3.08
2014.06.26 06:44:50.104,0.94088,0.94095,1.10,1.00
2014.06.26 06:44:53.436,0.94087,0.94096,1.84,3.08
2014.06.26 06:44:56.666,0.94087,0.94096,2.59,1.00
2014.06.26 06:45:04.195,0.94087,0.94096,3.34,1.10
2014.06.26 06:45:05.128,0.94087,0.94096,3.34,1.00
2014.06.26 06:45:25.039,0.94088,0.94095,1.47,1.00
2014.06.26 06:45:29.782,0.94087,0.94095,2.97,1.00
2014.06.26 06:45:30.418,0.94087,0.94095,5.14,1.00
2014.06.26 06:45:30.933,0.94087,0.94095,2.97,1.00
2014.06.26 06:45:32.629,0.9409,0.94096,1.08,1.00
2014.06.26 06:45:33.135,0.94092,0.94097,1.50,1.00
2014.06.26 06:45:33.909,0.94092,0.94098,1.50,1.58
2014.06.26 06:45:34.454,0.94092,0.94097,1.50,1.00
2014.06.26 06:45:37.914,0.94092,0.94098,1.50,1.58
2014.06.26 06:45:38.422,0.94092,0.94097,1.50,1.00
2014.06.26 06:46:01.075,0.94092,0.94098,1.50,1.58
2014.06.26 06:46:03.510,0.94094,0.94103,1.00,2.93
2014.06.26 06:46:03.825,0.941,0.94105,1.10,1.50
2014.06.26 06:46:04.030,0.94097,0.94103,2.59,1.00
2014.06.26 06:46:04.531,0.94097,0.94104,2.22,1.00
2014.06.26 06:46:07.519,0.94097,0.94103,2.22,1.00
2014.06.26 06:46:07.823,0.94095,0.94099,1.00,1.00
2014.06.26 06:46:08.436,0.94096,0.941,1.58,1.00
2014.06.26 06:46:08.740,0.94099,0.94103,2.25,1.00
2014.06.26 06:46:08.993,0.94097,0.94102,1.50,1.00
2014.06.26 06:46:10.459,0.94097,0.94101,1.50,1.00
2014.06.26 06:46:10.560,0.94097,0.94103,2.33,1.00
2014.06.26 06:46:10.611,0.94099,0.94103,1.00,1.00
2014.06.26 06:46:10.965,0.94097,0.94102,1.58,1.00
2014.06.26 06:46:11.067,0.94095,0.941,1.27,1.00
2014.06.26 06:46:11.219,0.94094,0.941,1.10,1.50
2014.06.26 06:46:11.269,0.94094,0.94098,1.10,1.00
2014.06.26 06:46:11.522,0.94092,0.94098,2.14,1.00
2014.06.26 06:46:12.040,0.94092,0.94098,2.97,1.00
2014.06.26 06:46:13.555,0.94092,0.94097,1.65,1.00
2014.06.26 06:46:14.127,0.94092,0.94097,1.58,1.00
2014.06.26 06:46:14.641,0.94092,0.94096,1.50,1.00
2014.06.26 06:46:15.190,0.94089,0.94095,1.10,1.00
2014.06.26 06:46:16.337,0.94088,0.94094,1.18,1.00
2014.06.26 06:46:17.559,0.94087,0.94091,2.07,1.00
2014.06.26 06:46:17.672,0.94086,0.94091,1.48,1.00
2014.06.26 06:46:17.875,0.94089,0.94094,2.25,1.58
2014.06.26 06:46:18.887,0.94089,0.94095,1.02,1.00
2014.06.26 06:46:28.025,0.94089,0.94095,2.52,1.00
2014.06.26 06:46:30.127,0.94089,0.94095,2.52,1.00
2014.06.26 06:46:31.684,0.94089,0.94094,1.10,1.00
2014.06.26 06:46:50.660,0.94086,0.94095,1.72,1.00
2014.06.26 06:47:00.469,0.94087,0.94096,2.97,1.50
2014.06.26 06:47:02.780,0.94088,0.94096,1.47,1.50
2014.06.26 06:47:05.711,0.94088,0.94096,1.40,1.50
2014.06.26 06:47:06.215,0.94088,0.94096,1.40,1.50
2014.06.26 06:47:09.757,0.94088,0.94095,1.40,1.00
2014.06.26 06:47:09.923,0.94088,0.94095,1.00,1.58
2014.06.26 06:47:10.177,0.94087,0.94092,1.77,1.00
2014.06.26 06:47:10.702,0.94085,0.94092,1.84,1.00
2014.06.26 06:47:12.503,0.94086,0.94092,1.29,1.00
2014.06.26 06:47:13.009,0.94087,0.94092,1.84,1.00
2014.06.26 06:47:13.685,0.94087,0.94092,1.77,1.00
2014.06.26 06:47:18.184,0.94087,0.94093,1.84,1.00
2014.06.26 06:47:18.488,0.94088,0.94096,1.72,2.25
2014.06.26 06:47:18.995,0.94088,0.94096,1.47,1.00
2014.06.26 06:47:22.415,0.94088,0.94098,1.72,2.52
2014.06.26 06:47:22.921,0.94091,0.94099,1.00,1.09
2014.06.26 06:47:23.426,0.94088,0.94098,1.84,1.10
2014.06.26 06:47:24.581,0.94088,0.94098,1.40,1.29
2014.06.26 06:47:26.887,0.94088,0.94098,2.22,1.02
2014.06.26 06:47:29.389,0.94092,0.94099,1.00,1.84
2014.06.26 06:47:30.069,0.9409,0.94099,1.77,1.09
2014.06.26 06:47:30.727,0.94088,0.94098,1.84,1.25
2014.06.26 06:47:32.012,0.94088,0.94094,1.27,1.00
2014.06.26 06:47:32.215,0.94087,0.94096,1.10,2.97
2014.06.26 06:47:32.316,0.94087,0.94094,1.29,1.00
2014.06.26 06:47:32.367,0.94088,0.94094,1.69,1.00
2014.06.26 06:47:32.569,0.94092,0.941,1.10,1.02
2014.06.26 06:47:33.024,0.94088,0.94098,2.97,1.00
2014.06.26 06:47:33.667,0.94087,0.94097,5.22,1.10
2014.06.26 06:47:34.827,0.94087,0.94094,2.97,2.25
2014.06.26 06:47:34.980,0.94086,0.94094,1.10,1.95
2014.06.26 06:47:35.133,0.94088,0.94094,1.00,1.29
2014.06.26 06:47:35.336,0.94092,0.94097,1.00,1.10
2014.06.26 06:47:36.896,0.94092,0.94098,1.50,1.18
2014.06.26 06:47:37.048,0.94092,0.94099,4.02,1.00
2014.06.26 06:47:37.294,0.94092,0.94099,2.33,2.25
2014.06.26 06:47:37.548,0.94092,0.94096,2.25,1.00
2014.06.26 06:47:37.851,0.94092,0.94099,2.40,1.00
2014.06.26 06:47:37.902,0.94092,0.94101,3.15,3.00
2014.06.26 06:47:38.054,0.94092,0.94101,3.08,3.34
2014.06.26 06:47:38.570,0.94092,0.94099,2.25,1.10
2014.06.26 06:47:39.131,0.94092,0.941,2.40,1.77
2014.06.26 06:47:39.587,0.94092,0.94101,3.34,1.25
2014.06.26 06:47:39.892,0.94097,0.94104,3.72,1.00
2014.06.26 06:47:40.094,0.94098,0.94107,1.84,1.08
2014.06.26 06:47:40.145,0.94098,0.94106,1.27,1.10
2014.06.26 06:47:40.247,0.94097,0.94107,4.02,1.84
2014.06.26 06:47:40.787,0.94097,0.94106,3.34,1.77
2014.06.26 06:47:41.292,0.94097,0.94106,3.15,1.77
2014.06.26 06:47:42.064,0.94097,0.94104,2.33,1.77
2014.06.26 06:47:42.115,0.94097,0.94103,2.33,1.38
2014.06.26 06:47:42.217,0.94095,0.94102,1.10,1.20
2014.06.26 06:47:42.723,0.94093,0.94102,1.09,2.89
2014.06.26 06:47:43.239,0.94093,0.94102,1.18,3.64
2014.06.26 06:47:44.951,0.94092,0.94102,3.34,1.88
2014.06.26 06:47:45.204,0.94097,0.94104,1.00,3.90
2014.06.26 06:47:45.356,0.94097,0.94104,2.52,1.58
2014.06.26 06:47:45.407,0.94102,0.94106,1.50,1.02
2014.06.26 06:47:45.864,0.94102,0.94108,1.25,1.00
2014.06.26 06:47:45.966,0.94104,0.94108,1.50,1.00
2014.06.26 06:47:46.131,0.94104,0.9411,1.50,1.50
2014.06.26 06:47:46.385,0.94102,0.94108,1.08,1.00
2014.06.26 06:47:46.913,0.94102,0.94108,1.00,1.10
2014.06.26 06:47:47.556,0.94102,0.94108,1.00,1.33
2014.06.26 06:47:48.065,0.94102,0.94108,1.00,1.10
2014.06.26 06:47:48.566,0.94102,0.94109,1.00,1.40
2014.06.26 06:47:50.675,0.94102,0.9411,1.00,1.84
2014.06.26 06:47:50.988,0.94107,0.94112,1.00,2.70
2014.06.26 06:47:51.494,0.94107,0.94112,1.00,2.22
2014.06.26 06:47:54.865,0.94105,0.9411,1.50,1.00
2014.06.26 06:47:57.633,0.94107,0.94111,1.00,1.00
2014.06.26 06:48:06.644,0.94107,0.94112,2.33,1.88
2014.06.26 06:48:06.949,0.94112,0.94119,1.50,1.37
2014.06.26 06:48:07.101,0.94113,0.9412,1.18,1.00
2014.06.26 06:48:07.155,0.94114,0.9412,1.10,1.00
2014.06.26 06:48:07.257,0.94117,0.94122,2.25,1.58
2014.06.26 06:48:07.661,0.94117,0.94125,3.27,1.10
2014.06.26 06:48:07.965,0.94117,0.94125,3.34,1.00
2014.06.26 06:48:08.118,0.94118,0.94127,1.15,1.00
2014.06.26 06:48:08.660,0.94117,0.94127,4.47,1.77
2014.06.26 06:48:10.903,0.94122,0.94128,1.00,1.09
2014.06.26 06:48:11.415,0.94122,0.94128,2.33,1.00
2014.06.26 06:48:11.466,0.94122,0.94131,2.33,3.34
2014.06.26 06:48:24.113,0.94122,0.9413,3.15,1.02
2014.06.26 06:48:24.594,0.94122,0.9413,3.15,1.25
2014.06.26 06:48:25.150,0.94122,0.9413,3.34,1.00
2014.06.26 06:48:28.366,0.94122,0.94131,3.34,1.69
2014.06.26 06:48:30.074,0.94127,0.94131,1.00,1.50
2014.06.26 06:48:30.580,0.94127,0.94132,1.00,1.10
2014.06.26 06:48:31.501,0.94126,0.94132,1.00,1.10
2014.06.26 06:48:33.215,0.94126,0.94132,1.00,1.18
2014.06.26 06:48:33.751,0.94126,0.94132,1.00,1.10
2014.06.26 06:48:35.607,0.94124,0.94132,1.77,1.95
2014.06.26 06:48:35.708,0.94124,0.94131,1.58,1.19
2014.06.26 06:48:36.956,0.94122,0.9413,1.58,1.02
2014.06.26 06:48:38.938,0.94122,0.94131,2.33,1.84
2014.06.26 06:48:41.374,0.94122,0.94131,2.59,1.02
2014.06.26 06:48:41.677,0.94127,0.94132,1.50,2.89
2014.06.26 06:48:41.779,0.94125,0.94132,1.58,2.82
2014.06.26 06:48:42.423,0.94125,0.94132,1.50,3.72
2014.06.26 06:48:42.661,0.94122,0.9413,2.59,1.00
2014.06.26 06:48:44.044,0.94123,0.9413,1.58,1.25
2014.06.26 06:48:44.146,0.94125,0.9413,1.08,1.00
2014.06.26 06:48:44.197,0.94128,0.94133,1.50,1.00
2014.06.26 06:48:44.299,0.94131,0.94135,1.00,1.09
2014.06.26 06:48:44.400,0.94125,0.94133,4.09,1.00
2014.06.26 06:48:44.603,0.94125,0.94133,2.52,1.58
2014.06.26 06:48:45.320,0.94125,0.94133,2.44,1.65
2014.06.26 06:48:47.194,0.94125,0.94133,2.25,2.59
2014.06.26 06:48:48.115,0.94125,0.94133,2.25,2.59
2014.06.26 06:48:50.878,0.94127,0.94133,1.00,1.08
2014.06.26 06:48:50.929,0.9413,0.94134,1.00,1.10
2014.06.26 06:48:51.112,0.94127,0.94134,1.10,1.00
2014.06.26 06:48:51.264,0.94125,0.94134,1.50,2.22
2014.06.26 06:48:52.869,0.94125,0.94131,1.50,1.10
2014.06.26 06:48:52.920,0.94123,0.94131,1.02,1.10
2014.06.26 06:48:53.423,0.94122,0.94131,2.40,1.29
2014.06.26 06:49:02.591,0.94122,0.9413,1.50,1.84
2014.06.26 06:49:03.222,0.94122,0.9413,1.58,1.02
2014.06.26 06:49:03.749,0.94122,0.9413,1.69,1.18
2014.06.26 06:49:07.036,0.94122,0.94131,2.52,2.59
2014.06.26 06:49:08.247,0.94122,0.94131,1.69,2.59
2014.06.26 06:49:12.004,0.94122,0.94131,1.77,2.59
2014.06.26 06:49:14.304,0.94122,0.94129,1.77,1.00
2014.06.26 06:49:15.601,0.94126,0.94131,1.00,1.84
2014.06.26 06:49:15.804,0.94126,0.94132,1.00,1.58
2014.06.26 06:49:16.427,0.94126,0.94132,1.00,2.40
2014.06.26 06:49:20.456,0.94126,0.94132,1.00,1.58
2014.06.26 06:49:21.000,0.94126,0.94132,1.00,1.65
2014.06.26 06:49:23.836,0.94125,0.94131,1.50,1.10
2014.06.26 06:49:23.888,0.94122,0.94128,1.09,1.00
2014.06.26 06:49:23.940,0.94122,0.94127,1.84,1.00
2014.06.26 06:49:24.461,0.94122,0.94127,1.50,1.00
2014.06.26 06:49:24.613,0.94125,0.9413,1.00,1.02
2014.06.26 06:49:24.665,0.94127,0.94131,1.50,1.77
2014.06.26 06:49:25.171,0.94126,0.94131,1.00,1.84
2014.06.26 06:49:25.677,0.94125,0.94131,1.50,1.65
2014.06.26 06:49:28.853,0.94124,0.94129,1.00,1.00
2014.06.26 06:49:28.904,0.94122,0.94129,2.52,1.00
2014.06.26 06:49:29.056,0.94122,0.94127,1.77,1.00
2014.06.26 06:49:31.386,0.9412,0.94126,1.15,1.00
2014.06.26 06:49:31.438,0.94119,0.94126,2.25,2.40
2014.06.26 06:49:31.590,0.94118,0.94123,1.50,1.38
2014.06.26 06:49:31.641,0.94117,0.94123,1.00,1.88
2014.06.26 06:49:31.794,0.94113,0.94119,1.84,1.00
2014.06.26 06:49:31.997,0.94114,0.94122,1.02,1.10
2014.06.26 06:49:32.168,0.94117,0.94122,1.50,1.00
2014.06.26 06:49:32.522,0.94117,0.94123,2.89,1.00
2014.06.26 06:49:32.876,0.94118,0.94125,1.15,1.50
2014.06.26 06:49:33.381,0.94118,0.94125,1.18,1.50
2014.06.26 06:49:33.895,0.94118,0.94124,1.09,1.00
2014.06.26 06:49:34.407,0.94118,0.94124,1.02,1.00
2014.06.26 06:49:36.854,0.94118,0.94122,1.02,1.00
2014.06.26 06:49:37.360,0.94119,0.94123,1.00,1.10
2014.06.26 06:49:37.667,0.94116,0.94121,1.18,1.00
2014.06.26 06:49:37.719,0.94113,0.9412,1.15,1.00
2014.06.26 06:49:37.821,0.94111,0.94117,2.40,1.00
2014.06.26 06:49:38.125,0.9411,0.94115,1.08,1.00
2014.06.26 06:49:38.378,0.94111,0.94119,1.18,1.25
2014.06.26 06:49:39.540,0.94115,0.94121,1.00,2.40
2014.06.26 06:49:39.793,0.94115,0.94122,2.33,1.00
2014.06.26 06:49:39.844,0.9412,0.94126,1.08,2.25
2014.06.26 06:49:40.148,0.94118,0.94126,2.33,1.00
2014.06.26 06:49:40.460,0.94119,0.94125,1.15,1.00
2014.06.26 06:49:40.663,0.94118,0.94124,1.40,1.00
2014.06.26 06:49:41.118,0.94118,0.94126,3.27,1.50
2014.06.26 06:49:41.629,0.94118,0.94124,2.18,1.00
2014.06.26 06:49:41.882,0.94118,0.94125,1.18,2.25
2014.06.26 06:49:42.237,0.94118,0.94124,1.25,1.00
2014.06.26 06:49:42.439,0.94118,0.94125,1.08,1.50
2014.06.26 06:49:42.779,0.94117,0.94122,1.50,1.00
2014.06.26 06:49:43.032,0.94117,0.94122,1.50,1.50
2014.06.26 06:49:43.639,0.94113,0.9412,1.84,1.00
2014.06.26 06:49:43.741,0.94113,0.94119,1.10,1.00
2014.06.26 06:49:44.045,0.94111,0.94118,2.44,1.65
2014.06.26 06:49:44.558,0.94111,0.94118,2.44,1.58
2014.06.26 06:49:45.066,0.94111,0.94117,2.25,1.00
2014.06.26 06:49:45.579,0.94112,0.94118,1.50,1.50
2014.06.26 06:49:46.720,0.94112,0.94119,1.50,1.02
2014.06.26 06:49:47.024,0.94116,0.9412,2.25,1.00
2014.06.26 06:49:48.459,0.94114,0.9412,1.25,1.10
2014.06.26 06:49:50.823,0.94114,0.94119,1.00,1.00
2014.06.26 06:49:51.327,0.94114,0.9412,1.00,1.10
2014.06.26 06:49:51.905,0.94114,0.94119,1.00,1.00
2014.06.26 06:49:52.911,0.94114,0.94121,1.00,1.18
2014.06.26 06:49:53.416,0.94114,0.94121,1.00,1.10
2014.06.26 06:49:53.929,0.94114,0.94121,1.00,1.18
2014.06.26 06:49:54.479,0.94115,0.94121,1.50,1.18
2014.06.26 06:49:54.982,0.94114,0.94121,1.25,1.18
2014.06.26 06:49:55.184,0.94117,0.94123,1.50,2.59
2014.06.26 06:49:55.387,0.94114,0.94122,1.02,1.10
2014.06.26 06:49:55.538,0.94114,0.94122,1.25,1.65
2014.06.26 06:49:56.067,0.94114,0.94121,1.25,1.10
2014.06.26 06:49:59.956,0.94114,0.94121,1.25,1.08
2014.06.26 06:50:00.260,0.94116,0.94123,2.52,1.00
2014.06.26 06:50:00.311,0.94116,0.94123,2.52,1.00
2014.06.26 06:50:00.672,0.94117,0.94125,1.65,1.69
2014.06.26 06:50:03.568,0.94119,0.94125,1.00,1.00
2014.06.26 06:50:03.618,0.94122,0.94127,1.50,2.59
2014.06.26 06:50:04.125,0.94122,0.94128,1.50,1.18
2014.06.26 06:50:04.865,0.94118,0.94125,1.47,1.00
2014.06.26 06:50:04.966,0.94117,0.94125,2.59,1.00
2014.06.26 06:50:05.169,0.94121,0.94126,1.50,1.00
2014.06.26 06:50:05.707,0.94122,0.94127,1.50,1.10
2014.06.26 06:50:06.521,0.94119,0.94125,1.77,1.00
2014.06.26 06:50:06.724,0.94118,0.94125,1.09,1.00
2014.06.26 06:50:06.876,0.94119,0.94127,1.02,1.58
2014.06.26 06:50:06.927,0.94121,0.94127,1.50,1.58
2014.06.26 06:50:07.569,0.94122,0.94127,1.50,1.10
2014.06.26 06:50:08.328,0.94119,0.94125,1.29,1.00
2014.06.26 06:50:08.480,0.94117,0.94125,2.97,1.00
2014.06.26 06:50:11.166,0.94119,0.94127,1.02,1.10
2014.06.26 06:50:11.217,0.94122,0.94127,1.50,1.10
2014.06.26 06:50:12.662,0.94119,0.94127,1.02,1.10
2014.06.26 06:50:12.713,0.94117,0.94125,3.72,1.00
2014.06.26 06:50:13.227,0.94117,0.94125,2.52,1.10
2014.06.26 06:50:13.531,0.94122,0.94128,1.50,1.40
2014.06.26 06:50:14.646,0.94122,0.94129,1.50,1.84
2014.06.26 06:50:14.697,0.94122,0.94129,1.50,1.84
2014.06.26 06:50:14.887,0.94119,0.94125,1.37,1.00
2014.06.26 06:50:14.940,0.94119,0.94125,1.09,1.00
2014.06.26 06:50:15.649,0.94118,0.94125,1.84,1.00
2014.06.26 06:50:16.219,0.94118,0.94125,2.22,1.00
2014.06.26 06:50:17.351,0.9412,0.94128,1.02,1.10
2014.06.26 06:50:17.402,0.94122,0.9413,1.50,4.09
2014.06.26 06:50:17.604,0.94122,0.9413,1.58,1.77
2014.06.26 06:50:18.110,0.94124,0.94131,1.00,1.18
2014.06.26 06:50:18.617,0.94125,0.94132,1.50,1.65
2014.06.26 06:50:18.921,0.94121,0.9413,2.97,1.00
2014.06.26 06:50:19.427,0.94124,0.94131,1.10,1.25
2014.06.26 06:50:21.969,0.94124,0.9413,1.00,1.00
2014.06.26 06:50:22.492,0.94124,0.9413,1.00,1.18
2014.06.26 06:50:23.040,0.94124,0.9413,1.00,1.15
2014.06.26 06:50:23.836,0.94122,0.9413,1.69,1.65
2014.06.26 06:50:24.341,0.94121,0.94128,1.58,1.00
2014.06.26 06:50:24.595,0.94124,0.94129,1.00,1.58
2014.06.26 06:50:25.113,0.94124,0.94131,1.00,1.09
2014.06.26 06:50:25.793,0.94124,0.94132,1.18,2.44
2014.06.26 06:50:26.318,0.94124,0.94132,1.15,1.69
2014.06.26 06:50:26.849,0.94124,0.94132,1.15,1.69
2014.06.26 06:50:27.155,0.9413,0.94135,1.00,1.50
2014.06.26 06:50:27.206,0.9413,0.94135,1.00,1.00
2014.06.26 06:50:27.408,0.9413,0.94138,1.09,1.50
2014.06.26 06:50:27.560,0.94129,0.94136,1.47,1.00
2014.06.26 06:50:27.864,0.9413,0.94138,1.18,1.69
2014.06.26 06:50:28.286,0.9413,0.94136,2.40,1.00
2014.06.26 06:50:29.061,0.94132,0.94136,1.00,1.00
2014.06.26 06:50:29.366,0.94133,0.94141,1.28,1.88
2014.06.26 06:50:29.517,0.94131,0.94137,1.15,1.00
2014.06.26 06:50:29.619,0.94128,0.94136,3.72,1.50
2014.06.26 06:50:29.670,0.9413,0.94138,1.09,2.25
2014.06.26 06:50:29.872,0.94135,0.94139,1.00,1.00
2014.06.26 06:50:29.923,0.94135,0.9414,1.00,1.77
2014.06.26 06:50:31.203,0.94135,0.94139,1.00,1.00
2014.06.26 06:50:31.405,0.9413,0.94139,1.37,1.10
2014.06.26 06:50:33.012,0.9413,0.94139,1.84,1.00
2014.06.26 06:50:33.164,0.94129,0.94135,1.77,1.00
2014.06.26 06:50:33.417,0.9413,0.94136,1.02,1.00
2014.06.26 06:50:33.922,0.9413,0.94137,1.09,1.00
2014.06.26 06:50:34.832,0.94129,0.94135,1.84,1.00
2014.06.26 06:50:35.338,0.94133,0.94141,1.00,1.00
2014.06.26 06:50:35.390,0.94136,0.94142,1.00,1.65
2014.06.26 06:50:35.542,0.94139,0.94143,1.25,1.00
2014.06.26 06:50:35.593,0.9414,0.94147,1.08,1.58
2014.06.26 06:50:35.644,0.9414,0.94147,1.18,1.00
2014.06.26 06:50:36.162,0.9414,0.94147,1.10,1.00
2014.06.26 06:50:36.822,0.9414,0.94149,1.02,1.09
2014.06.26 06:50:37.490,0.9414,0.94149,1.84,1.02
2014.06.26 06:50:38.275,0.94141,0.94149,1.29,1.10
2014.06.26 06:50:38.377,0.94147,0.9415,1.00,2.10
2014.06.26 06:50:38.681,0.94147,0.9415,1.25,2.00
2014.06.26 06:50:38.934,0.94148,0.9415,1.00,2.00
2014.06.26 06:50:39.238,0.94149,0.9415,1.77,2.00
2014.06.26 06:50:39.542,0.94149,0.9415,1.77,2.00
2014.06.26 06:50:39.694,0.9415,0.94157,1.00,1.18
2014.06.26 06:50:39.999,0.94148,0.9415,2.52,1.00
2014.06.26 06:50:40.506,0.94148,0.9415,2.89,1.00
2014.06.26 06:50:41.049,0.94149,0.9415,1.32,1.00
2014.06.26 06:50:41.316,0.94151,0.94157,1.10,1.00
2014.06.26 06:50:41.822,0.94149,0.94158,2.52,1.00
2014.06.26 06:50:42.320,0.9415,0.94157,1.84,1.00
2014.06.26 06:50:42.573,0.94148,0.94155,2.22,1.50
2014.06.26 06:50:42.877,0.9415,0.94157,1.50,1.02
2014.06.26 06:50:44.066,0.94148,0.94154,1.58,1.38
2014.06.26 06:50:44.219,0.94147,0.94151,1.00,1.00
2014.06.26 06:50:44.440,0.94144,0.94151,1.00,1.10
2014.06.26 06:50:45.704,0.94144,0.94151,1.15,1.00
2014.06.26 06:50:46.477,0.94144,0.94151,1.18,1.00
2014.06.26 06:50:46.933,0.94144,0.94154,1.84,1.74
2014.06.26 06:50:47.791,0.94144,0.94154,1.69,1.34
2014.06.26 06:50:48.397,0.94143,0.94151,1.02,2.33
2014.06.26 06:50:48.912,0.94142,0.94151,1.34,2.25
2014.06.26 06:50:49.914,0.94144,0.94153,1.10,1.47
2014.06.26 06:50:50.311,0.94144,0.9415,1.10,1.00
2014.06.26 06:50:50.817,0.94142,0.94146,1.02,1.00
2014.06.26 06:50:51.070,0.94141,0.94146,1.10,1.00
2014.06.26 06:50:52.571,0.94142,0.94146,1.00,1.00
2014.06.26 06:50:52.774,0.9414,0.94146,1.02,1.00
2014.06.26 06:50:52.926,0.94141,0.9415,1.50,1.65
2014.06.26 06:50:52.977,0.9414,0.94147,1.00,2.33
2014.06.26 06:50:53.129,0.94134,0.94143,1.28,1.48
2014.06.26 06:50:53.533,0.94131,0.94141,1.33,2.97
2014.06.26 06:50:54.045,0.94131,0.94141,2.59,1.09
2014.06.26 06:50:54.304,0.94132,0.94142,1.77,1.28
2014.06.26 06:50:54.810,0.94135,0.94143,1.00,1.40
2014.06.26 06:50:55.328,0.94135,0.94143,1.00,1.40
2014.06.26 06:50:59.071,0.94135,0.94143,1.00,1.09
2014.06.26 06:51:00.445,0.94136,0.94144,1.25,1.15
2014.06.26 06:51:00.762,0.94137,0.94147,1.40,1.69
2014.06.26 06:51:01.959,0.94136,0.94147,2.89,3.58
2014.06.26 06:51:02.010,0.94135,0.94146,3.34,2.22
2014.06.26 06:51:02.516,0.94135,0.94145,1.09,4.47
2014.06.26 06:51:03.024,0.94135,0.94144,1.40,1.32
2014.06.26 06:51:03.550,0.94135,0.94144,1.15,1.32
2014.06.26 06:51:04.242,0.94135,0.94143,1.15,1.25
2014.06.26 06:51:04.444,0.94132,0.94141,1.34,1.00
2014.06.26 06:51:04.755,0.94131,0.94141,2.59,1.10
2014.06.26 06:51:05.626,0.9413,0.9414,4.09,1.00
2014.06.26 06:51:06.030,0.94135,0.94141,1.00,1.25
2014.06.26 06:51:06.544,0.94131,0.94141,1.84,1.69
2014.06.26 06:51:07.083,0.94131,0.94141,1.84,1.77
2014.06.26 06:51:07.614,0.94131,0.94141,1.34,1.69
2014.06.26 06:51:08.126,0.94131,0.9414,2.52,1.00
2014.06.26 06:51:08.984,0.94133,0.94141,1.15,1.50
2014.06.26 06:51:09.334,0.94137,0.94146,1.47,1.25
2014.06.26 06:51:09.840,0.9414,0.94149,1.09,2.52
2014.06.26 06:51:11.058,0.94139,0.94147,3.72,1.00
2014.06.26 06:51:11.564,0.94138,0.94147,1.47,1.25
2014.06.26 06:51:11.817,0.9414,0.94149,1.27,1.20
2014.06.26 06:51:12.340,0.9414,0.94149,2.59,1.00
2014.06.26 06:51:12.391,0.94145,0.9415,1.00,2.33
2014.06.26 06:51:12.897,0.94145,0.94151,1.00,2.89
2014.06.26 06:51:13.048,0.94141,0.94151,1.34,2.89
2014.06.26 06:51:14.406,0.94141,0.94151,1.40,2.14
2014.06.26 06:51:15.749,0.94141,0.94151,1.40,1.69
2014.06.26 06:51:16.522,0.94142,0.94151,1.15,1.29
2014.06.26 06:51:17.028,0.94142,0.94152,1.84,1.84
2014.06.26 06:51:18.670,0.94144,0.94152,1.10,1.29
2014.06.26 06:51:18.873,0.94145,0.94154,1.18,2.14
2014.06.26 06:51:19.409,0.94145,0.94153,1.10,1.10
2014.06.26 06:51:21.309,0.94144,0.94151,1.09,1.00
2014.06.26 06:51:21.511,0.94141,0.9415,1.18,1.29
2014.06.26 06:51:22.019,0.9414,0.94149,2.97,1.02
2014.06.26 06:51:22.730,0.9414,0.94149,1.84,1.50
2014.06.26 06:51:23.123,0.9414,0.94147,1.15,1.00
2014.06.26 06:51:23.757,0.94138,0.94146,2.97,1.00
2014.06.26 06:51:26.642,0.94138,0.94147,2.22,1.69
2014.06.26 06:51:30.294,0.94138,0.94148,2.22,1.25
2014.06.26 06:51:37.342,0.9414,0.94148,1.02,1.10
2014.06.26 06:51:40.181,0.9414,0.94147,1.10,1.00
2014.06.26 06:51:57.987,0.94139,0.94146,1.09,1.00
2014.06.26 06:51:58.597,0.94139,0.94147,1.09,1.00
2014.06.26 06:51:59.812,0.94139,0.94146,1.18,1.00
2014.06.26 06:52:00.067,0.94135,0.94144,1.84,1.02
2014.06.26 06:52:00.445,0.94135,0.94142,2.22,1.00
2014.06.26 06:52:00.750,0.94139,0.94143,1.00,1.00
2014.06.26 06:52:01.266,0.94139,0.94145,1.50,1.18
2014.06.26 06:52:06.570,0.94139,0.94145,1.50,1.10
2014.06.26 06:52:06.723,0.94139,0.94147,1.58,2.52
2014.06.26 06:52:07.285,0.94139,0.94148,1.69,2.59
2014.06.26 06:52:13.922,0.94139,0.94145,1.50,1.10
2014.06.26 06:52:14.024,0.94139,0.94143,1.00,1.00
2014.06.26 06:52:14.176,0.94133,0.94139,1.50,1.00
2014.06.26 06:52:14.277,0.94131,0.9414,1.10,2.97
2014.06.26 06:52:14.631,0.94128,0.94136,2.22,1.00
2014.06.26 06:52:15.375,0.94128,0.94136,1.84,1.00
2014.06.26 06:52:15.939,0.94128,0.94136,1.84,1.00
2014.06.26 06:52:16.450,0.94129,0.94136,1.18,1.00
2014.06.26 06:52:17.002,0.94129,0.94136,1.84,1.00
2014.06.26 06:52:17.744,0.94129,0.94136,1.84,1.00
2014.06.26 06:52:20.820,0.94129,0.94134,1.65,1.00
2014.06.26 06:52:21.226,0.94129,0.94136,1.00,1.10
2014.06.26 06:52:24.117,0.94129,0.94136,1.33,1.00
2014.06.26 06:52:25.399,0.94129,0.94136,1.09,1.00
2014.06.26 06:52:25.910,0.94129,0.94136,1.09,1.00
2014.06.26 06:52:30.611,0.94128,0.94136,1.84,1.00
2014.06.26 06:52:31.634,0.94128,0.94136,1.84,1.00
2014.06.26 06:52:32.144,0.94128,0.94136,1.40,1.00
2014.06.26 06:52:32.697,0.94128,0.94136,1.40,1.00
2014.06.26 06:52:33.204,0.94128,0.94136,1.09,1.00
2014.06.26 06:52:33.741,0.94128,0.94136,1.40,1.00
2014.06.26 06:52:36.072,0.94128,0.94136,1.37,1.00
2014.06.26 06:52:36.611,0.94128,0.94136,1.34,1.00
2014.06.26 06:52:37.900,0.94129,0.94136,1.10,1.00
2014.06.26 06:52:38.419,0.9413,0.94136,1.10,1.00
2014.06.26 06:52:39.177,0.9413,0.9414,2.52,2.59
2014.06.26 06:52:39.430,0.9413,0.9414,3.34,1.02
2014.06.26 06:52:39.946,0.9413,0.9414,2.59,1.09
2014.06.26 06:52:42.323,0.9413,0.9414,1.65,3.72
2014.06.26 06:52:42.629,0.94129,0.94136,1.47,1.00
2014.06.26 06:52:51.942,0.94128,0.94136,2.97,1.00
2014.06.26 06:52:52.044,0.94128,0.94136,2.89,1.10
2014.06.26 06:52:52.196,0.94128,0.94135,1.00,2.14
2014.06.26 06:52:52.500,0.94125,0.94134,1.00,1.47
2014.06.26 06:52:53.005,0.94124,0.94133,1.10,1.65
2014.06.26 06:52:55.358,0.94124,0.94133,1.50,1.84
2014.06.26 06:52:55.910,0.94124,0.94133,1.58,1.84
2014.06.26 06:52:57.804,0.94124,0.94133,1.77,1.65
2014.06.26 06:52:58.408,0.94124,0.94133,1.69,1.65
2014.06.26 06:52:58.950,0.94124,0.94133,1.02,1.84
2014.06.26 06:53:00.231,0.94124,0.94133,1.69,1.84
2014.06.26 06:53:00.534,0.94127,0.94134,1.10,1.00
2014.06.26 06:53:01.040,0.94125,0.94135,1.77,2.22
2014.06.26 06:53:01.549,0.94125,0.94135,1.77,2.22
2014.06.26 06:53:05.730,0.94125,0.94135,1.77,2.22
2014.06.26 06:53:09.284,0.94125,0.94135,1.77,1.84
2014.06.26 06:53:10.952,0.94125,0.94135,1.77,1.84
2014.06.26 06:53:20.120,0.94125,0.94135,1.77,1.84
2014.06.26 06:53:21.095,0.94125,0.94135,1.77,1.84
2014.06.26 06:53:24.922,0.94125,0.94135,1.02,1.84
2014.06.26 06:53:25.251,0.94126,0.94135,1.19,1.15
2014.06.26 06:53:26.261,0.94126,0.94135,1.02,1.84
2014.06.26 06:53:26.800,0.94126,0.94135,1.25,1.84
2014.06.26 06:53:27.376,0.94126,0.94135,1.02,1.84
2014.06.26 06:53:27.882,0.94125,0.94135,1.77,1.84
2014.06.26 06:53:28.451,0.94125,0.94135,1.84,2.22
2014.06.26 06:53:29.032,0.94125,0.94135,1.77,2.22
2014.06.26 06:53:29.541,0.94125,0.94135,1.77,2.97
2014.06.26 06:53:30.440,0.94125,0.94135,1.84,2.97
2014.06.26 06:53:30.951,0.94125,0.94135,1.77,2.59
2014.06.26 06:53:33.882,0.94125,0.94135,1.77,2.59
2014.06.26 06:53:36.324,0.94125,0.94135,1.77,1.84
2014.06.26 06:53:36.864,0.94125,0.94135,1.77,2.97
2014.06.26 06:53:40.687,0.94124,0.94133,2.44,1.40
2014.06.26 06:53:40.992,0.94124,0.94133,1.69,5.14
2014.06.26 06:53:41.580,0.94124,0.94131,1.69,1.18
2014.06.26 06:53:46.705,0.94125,0.94133,1.00,1.84
2014.06.26 06:53:54.859,0.94124,0.94133,1.25,1.47
2014.06.26 06:54:09.991,0.94122,0.9413,3.34,1.00
2014.06.26 06:54:10.603,0.94122,0.94128,1.65,1.00
2014.06.26 06:54:11.418,0.94122,0.94129,1.65,1.00
2014.06.26 06:54:12.919,0.94121,0.94126,1.58,1.00
2014.06.26 06:54:13.172,0.9412,0.94126,1.58,1.00
2014.06.26 06:54:14.763,0.94119,0.94126,1.10,1.00
2014.06.26 06:54:16.341,0.94118,0.94124,1.37,1.00
2014.06.26 06:54:16.392,0.94117,0.94124,1.50,1.18
2014.06.26 06:54:16.595,0.94114,0.94122,1.00,1.47
2014.06.26 06:54:16.646,0.94112,0.9412,1.10,1.02
2014.06.26 06:54:16.899,0.94112,0.94119,1.00,1.58
2014.06.26 06:54:16.950,0.9411,0.94119,1.10,1.65
2014.06.26 06:54:17.102,0.94112,0.94119,1.00,1.18
2014.06.26 06:54:17.254,0.94112,0.9412,1.02,1.58
2014.06.26 06:54:17.762,0.94112,0.94121,2.52,1.18
2014.06.26 06:54:18.402,0.94112,0.94119,1.77,1.00
2014.06.26 06:54:18.909,0.9411,0.94119,1.29,2.40
2014.06.26 06:54:19.773,0.9411,0.94119,1.02,2.59
2014.06.26 06:54:20.869,0.9411,0.94114,1.10,1.00
2014.06.26 06:54:21.223,0.9411,0.94119,3.90,1.77
2014.06.26 06:54:21.731,0.9411,0.94119,4.02,1.65
2014.06.26 06:54:21.883,0.94113,0.94119,1.00,1.20
2014.06.26 06:54:22.389,0.94113,0.94121,1.50,2.22
2014.06.26 06:54:22.894,0.94111,0.94119,1.25,1.15
2014.06.26 06:54:34.856,0.94111,0.94119,1.00,1.84
2014.06.26 06:54:35.466,0.94111,0.94119,1.00,1.84
2014.06.26 06:54:39.840,0.94111,0.94119,1.00,1.84
2014.06.26 06:54:40.351,0.9411,0.94119,1.29,1.18
2014.06.26 06:54:40.853,0.9411,0.94119,1.02,1.09
2014.06.26 06:54:43.188,0.9411,0.94117,1.10,1.00
2014.06.26 06:54:43.289,0.94109,0.94115,1.58,1.08
2014.06.26 06:54:43.442,0.94106,0.94115,2.52,1.09
2014.06.26 06:54:43.950,0.94107,0.94116,1.00,1.84
2014.06.26 06:54:44.455,0.94105,0.94114,1.37,1.10
2014.06.26 06:54:44.971,0.94108,0.94116,1.00,1.84
2014.06.26 06:54:45.477,0.94108,0.94116,1.00,1.84
2014.06.26 06:54:48.713,0.94108,0.94116,1.77,1.10
2014.06.26 06:54:50.646,0.94108,0.94116,1.29,1.10
2014.06.26 06:54:51.631,0.94107,0.94116,1.09,1.77
2014.06.26 06:54:51.935,0.94107,0.94115,1.25,1.65
2014.06.26 06:54:53.538,0.94107,0.94115,1.10,1.02
2014.06.26 06:54:54.044,0.94108,0.94115,1.00,1.02
2014.06.26 06:54:54.550,0.94108,0.94116,1.02,1.10
2014.06.26 06:54:56.989,0.94108,0.94116,1.29,1.10
2014.06.26 06:55:00.589,0.94108,0.94116,1.02,1.10
2014.06.26 06:55:03.820,0.94107,0.94116,2.52,1.18
2014.06.26 06:55:04.351,0.94107,0.94116,2.52,1.84
2014.06.26 06:55:04.884,0.94107,0.94116,1.25,1.84
2014.06.26 06:55:09.439,0.94106,0.94115,1.10,1.37
2014.06.26 06:55:16.046,0.94104,0.94114,4.47,1.77
2014.06.26 06:55:16.249,0.94107,0.94115,1.28,1.00
2014.06.26 06:55:16.553,0.94108,0.94116,1.09,1.50
2014.06.26 06:55:17.731,0.94108,0.94116,1.40,1.00
2014.06.26 06:55:18.396,0.94108,0.94116,1.40,1.00
2014.06.26 06:55:18.902,0.94108,0.94116,1.40,1.00
2014.06.26 06:55:20.230,0.94108,0.94116,3.27,1.00
2014.06.26 06:55:28.323,0.94108,0.94116,2.03,1.00
2014.06.26 06:55:33.300,0.94108,0.94116,1.28,1.00
2014.06.26 06:55:33.839,0.94108,0.94116,1.28,1.00
2014.06.26 06:55:35.457,0.94108,0.94116,1.47,1.00
2014.06.26 06:55:36.977,0.94108,0.94116,1.47,1.00
2014.06.26 06:55:43.100,0.94107,0.94116,2.40,1.19
2014.06.26 06:55:43.941,0.94107,0.94114,1.65,1.25
2014.06.26 06:55:44.042,0.94106,0.94113,1.00,1.02
2014.06.26 06:55:44.195,0.94104,0.94113,1.02,1.09
2014.06.26 06:55:45.777,0.94103,0.94112,1.37,1.00
2014.06.26 06:55:46.300,0.94103,0.94113,1.34,1.69
2014.06.26 06:55:46.856,0.94102,0.94112,4.84,1.10
2014.06.26 06:55:47.059,0.94102,0.9411,4.84,1.00
2014.06.26 06:55:47.300,0.94104,0.94112,1.02,1.10
2014.06.26 06:55:48.159,0.94103,0.94112,3.34,1.58
2014.06.26 06:55:48.682,0.94103,0.94111,1.25,1.08
2014.06.26 06:55:49.183,0.94103,0.94111,1.25,1.15
2014.06.26 06:55:49.284,0.94105,0.94112,1.50,1.28
2014.06.26 06:55:49.386,0.94104,0.94112,1.40,1.00
2014.06.26 06:55:49.790,0.94104,0.94112,1.25,1.65
2014.06.26 06:55:50.144,0.94102,0.94109,3.19,1.10
2014.06.26 06:55:50.472,0.94102,0.94109,1.25,1.10
2014.06.26 06:55:52.264,0.94104,0.94109,1.00,1.10
2014.06.26 06:55:52.567,0.94102,0.94109,1.25,1.10
2014.06.26 06:55:54.904,0.94101,0.94109,1.10,1.10
2014.06.26 06:55:55.300,0.94104,0.94109,1.00,1.10
2014.06.26 06:55:55.603,0.94101,0.94109,1.69,1.18
2014.06.26 06:55:58.179,0.941,0.94109,2.52,1.18
2014.06.26 06:55:58.280,0.94102,0.9411,4.11,1.32
2014.06.26 06:55:58.621,0.94102,0.94109,1.18,1.00
2014.06.26 06:55:58.722,0.94102,0.94109,1.25,1.10
2014.06.26 06:55:59.621,0.94101,0.94109,3.34,1.00
2014.06.26 06:56:01.302,0.94101,0.9411,2.09,1.00
2014.06.26 06:56:01.406,0.94103,0.94109,2.49,1.00
2014.06.26 06:56:01.711,0.94103,0.94112,2.02,1.09
2014.06.26 06:56:02.237,0.94103,0.94111,1.00,1.28
2014.06.26 06:56:02.784,0.94103,0.94111,1.00,1.20
2014.06.26 06:56:04.331,0.94105,0.94112,2.50,1.55
2014.06.26 06:56:04.871,0.94105,0.94112,1.20,1.00
2014.06.26 06:56:06.673,0.94105,0.94112,1.25,1.10
2014.06.26 06:56:08.889,0.94103,0.94112,2.97,1.10
2014.06.26 06:56:11.167,0.94104,0.94112,1.33,1.00
2014.06.26 06:56:12.900,0.94103,0.94112,3.72,1.10
2014.06.26 06:56:13.912,0.94103,0.94112,3.72,1.00
2014.06.26 06:56:15.641,0.94105,0.94112,1.15,1.00
2014.06.26 06:56:16.198,0.94105,0.94112,1.09,1.00
2014.06.26 06:56:16.957,0.94104,0.94112,1.84,1.00
2014.06.26 06:56:17.463,0.94104,0.94112,1.84,1.00
2014.06.26 06:56:17.998,0.94104,0.94112,3.34,1.00
2014.06.26 06:56:22.564,0.94104,0.94112,3.34,1.00
2014.06.26 06:56:35.102,0.94103,0.94112,1.02,1.84
2014.06.26 06:56:35.304,0.94106,0.94112,1.00,1.15
2014.06.26 06:56:35.434,0.94105,0.94112,1.10,1.00
2014.06.26 06:56:55.804,0.94105,0.94112,1.77,1.00
2014.06.26 06:57:00.433,0.94104,0.94112,1.84,1.00
2014.06.26 06:57:00.841,0.94107,0.94112,1.50,1.00
2014.06.26 06:57:01.095,0.94107,0.94115,3.08,1.77
2014.06.26 06:57:01.246,0.94106,0.94114,1.18,1.19
2014.06.26 06:57:01.752,0.94105,0.94113,1.18,1.19
2014.06.26 06:57:02.310,0.94106,0.94115,1.10,4.09
2014.06.26 06:57:02.411,0.94106,0.94115,1.15,3.19
2014.06.26 06:57:02.554,0.94106,0.94115,2.59,1.25
2014.06.26 06:57:03.462,0.94107,0.94115,1.10,1.02
2014.06.26 06:57:03.715,0.94107,0.94115,1.15,1.25
2014.06.26 06:57:08.971,0.94108,0.94115,1.15,1.25
2014.06.26 06:57:09.483,0.94109,0.94115,1.15,1.00
2014.06.26 06:57:09.805,0.94108,0.94115,1.58,1.25
2014.06.26 06:57:10.334,0.94108,0.94115,1.18,1.25
2014.06.26 06:57:10.436,0.94106,0.94115,1.84,1.77
2014.06.26 06:57:10.890,0.94104,0.94113,2.59,1.00
2014.06.26 06:57:11.396,0.94106,0.94115,1.00,2.59
2014.06.26 06:57:11.910,0.94105,0.94115,1.02,3.34
2014.06.26 06:57:14.334,0.94104,0.94113,2.33,1.58
2014.06.26 06:57:14.587,0.94102,0.9411,1.10,1.02
2014.06.26 06:57:15.093,0.941,0.94109,1.84,1.02
2014.06.26 06:57:15.846,0.941,0.94109,1.65,1.29
2014.06.26 06:57:16.570,0.941,0.94109,1.84,1.10
2014.06.26 06:57:16.621,0.94104,0.94109,1.00,1.10
2014.06.26 06:57:16.823,0.94102,0.9411,1.00,2.59
2014.06.26 06:57:17.329,0.94101,0.94109,1.10,1.29
2014.06.26 06:57:17.430,0.94101,0.94109,1.15,1.19
2014.06.26 06:57:17.938,0.94101,0.9411,1.18,1.77
2014.06.26 06:57:18.378,0.94104,0.9411,1.00,1.10
2014.06.26 06:57:18.581,0.94102,0.9411,1.02,1.10
2014.06.26 06:57:19.087,0.941,0.9411,2.59,1.77
2014.06.26 06:57:20.547,0.94104,0.94109,1.00,1.25
2014.06.26 06:57:20.799,0.94102,0.9411,1.10,1.02
2014.06.26 06:57:21.305,0.941,0.9411,1.40,2.52
2014.06.26 06:57:23.362,0.94099,0.94109,5.22,1.02
2014.06.26 06:57:24.291,0.941,0.94109,1.40,1.25
2014.06.26 06:57:24.746,0.94104,0.94111,1.00,1.84
2014.06.26 06:57:24.847,0.94102,0.9411,1.02,1.10
2014.06.26 06:57:25.302,0.941,0.94108,3.34,1.00
2014.06.26 06:57:25.898,0.941,0.94108,3.34,1.00
2014.06.26 06:57:26.527,0.94101,0.94109,1.18,1.25
2014.06.26 06:57:26.831,0.94104,0.94111,1.00,1.77
2014.06.26 06:57:27.336,0.94101,0.9411,1.34,1.50
2014.06.26 06:57:27.861,0.94104,0.9411,1.00,1.02
2014.06.26 06:57:28.388,0.94104,0.94111,1.00,1.58
2014.06.26 06:57:33.180,0.94101,0.9411,2.22,1.00
2014.06.26 06:57:33.690,0.941,0.9411,1.84,1.77
2014.06.26 06:57:34.466,0.941,0.9411,1.84,1.77
2014.06.26 06:57:34.921,0.94104,0.9411,1.00,1.10
2014.06.26 06:57:35.376,0.94101,0.9411,1.09,1.77
2014.06.26 06:57:35.781,0.94104,0.9411,1.00,1.02
2014.06.26 06:57:41.056,0.94101,0.9411,3.34,1.10
2014.06.26 06:57:41.581,0.94099,0.94109,5.97,1.25
2014.06.26 06:57:42.129,0.941,0.9411,1.84,2.44
2014.06.26 06:57:42.657,0.94104,0.9411,1.00,1.25
2014.06.26 06:57:43.163,0.94101,0.9411,1.40,1.25
2014.06.26 06:57:43.700,0.94104,0.94111,1.00,1.58
2014.06.26 06:57:47.719,0.94104,0.94111,1.00,1.84
2014.06.26 06:57:48.233,0.94104,0.94111,1.00,1.58
2014.06.26 06:57:48.487,0.941,0.9411,4.09,1.58
2014.06.26 06:57:48.988,0.94101,0.94109,1.84,1.00
2014.06.26 06:57:49.089,0.94104,0.94109,1.00,1.00
2014.06.26 06:57:49.596,0.94104,0.9411,1.00,1.10
2014.06.26 06:57:49.748,0.941,0.9411,1.65,2.33
2014.06.26 06:57:50.339,0.941,0.9411,1.84,2.44
2014.06.26 06:57:51.309,0.94104,0.9411,1.00,1.50
2014.06.26 06:57:56.147,0.94102,0.9411,1.09,1.50
2014.06.26 06:57:56.519,0.941,0.94108,2.97,1.00
2014.06.26 06:57:56.938,0.94104,0.94108,1.00,1.00
2014.06.26 06:57:57.444,0.94104,0.94109,1.25,1.00
2014.06.26 06:57:58.377,0.94104,0.94109,1.18,1.00
2014.06.26 06:57:58.842,0.94104,0.94112,2.40,1.25
2014.06.26 06:58:00.353,0.94105,0.94112,1.15,1.00
2014.06.26 06:58:01.586,0.94105,0.94113,1.18,1.69
2014.06.26 06:58:08.580,0.94106,0.94115,1.65,3.08
2014.06.26 06:58:08.682,0.94106,0.94115,2.22,2.33
2014.06.26 06:58:08.986,0.94109,0.94115,1.18,1.00
2014.06.26 06:58:09.784,0.94109,0.94117,1.65,1.25
2014.06.26 06:58:24.014,0.94109,0.94117,1.40,1.00
2014.06.26 06:58:24.521,0.94109,0.94116,1.40,1.00
2014.06.26 06:58:25.314,0.94109,0.94117,1.40,1.00
2014.06.26 06:58:31.401,0.94111,0.94119,1.65,1.50
2014.06.26 06:58:32.339,0.94111,0.94119,1.18,1.25
2014.06.26 06:58:32.869,0.94109,0.94118,3.64,1.00
2014.06.26 06:58:43.772,0.94109,0.94119,4.39,1.50
2014.06.26 06:58:44.277,0.94109,0.94119,1.72,1.69
2014.06.26 06:58:44.792,0.94109,0.94119,3.64,1.69
2014.06.26 06:58:45.828,0.94109,0.94119,1.72,1.69
2014.06.26 06:58:46.338,0.94109,0.94119,3.64,2.44
2014.06.26 06:58:46.851,0.94109,0.94119,1.78,2.44
2014.06.26 06:58:48.637,0.94109,0.94119,1.47,1.69
2014.06.26 06:58:49.271,0.94109,0.94119,3.64,1.69
2014.06.26 06:58:49.822,0.94109,0.94119,1.47,1.69
2014.06.26 06:58:50.640,0.94109,0.94119,3.64,1.69
2014.06.26 06:58:51.145,0.9411,0.94119,1.15,1.19
2014.06.26 06:58:52.099,0.9411,0.94119,1.15,1.19
2014.06.26 06:58:52.606,0.94109,0.94119,1.47,1.69
2014.06.26 06:58:53.113,0.94109,0.94119,3.64,2.44
2014.06.26 06:58:53.641,0.94109,0.94119,1.47,2.44
2014.06.26 06:58:54.250,0.94109,0.94119,3.64,1.69
2014.06.26 06:59:01.654,0.9411,0.94118,1.40,1.00
2014.06.26 06:59:02.156,0.9411,0.9412,1.47,1.77
2014.06.26 06:59:02.977,0.9411,0.9412,1.47,1.77
2014.06.26 06:59:05.618,0.9411,0.9412,1.47,2.52
2014.06.26 06:59:06.987,0.9411,0.94119,1.09,1.02
2014.06.26 06:59:10.895,0.94109,0.94119,1.37,1.84
2014.06.26 06:59:11.406,0.94108,0.94117,2.22,1.00
2014.06.26 06:59:12.203,0.94108,0.94117,1.09,1.02
2014.06.26 06:59:12.756,0.94108,0.94117,1.40,1.25
2014.06.26 06:59:13.539,0.94108,0.94117,1.40,1.02
2014.06.26 06:59:14.711,0.94108,0.94117,1.34,1.00
2014.06.26 06:59:18.515,0.94108,0.94117,1.37,1.10
2014.06.26 06:59:20.442,0.94108,0.94117,1.37,1.00
2014.06.26 06:59:21.011,0.94108,0.94117,1.37,1.10
2014.06.26 06:59:21.539,0.94108,0.94117,1.40,1.25
2014.06.26 06:59:29.437,0.94112,0.94117,1.00,1.18
2014.06.26 06:59:29.641,0.94107,0.94117,4.84,2.59
2014.06.26 06:59:30.151,0.94107,0.94115,3.08,1.25
2014.06.26 06:59:35.237,0.94108,0.94115,1.18,1.00
2014.06.26 06:59:35.743,0.94107,0.94116,3.34,1.25
2014.06.26 06:59:37.105,0.94107,0.94116,3.34,1.25
2014.06.26 06:59:38.058,0.94107,0.94117,4.47,4.09
2014.06.26 06:59:40.481,0.94108,0.94117,1.09,1.77
2014.06.26 06:59:41.041,0.94108,0.94117,1.02,1.84
2014.06.26 06:59:42.994,0.94108,0.94117,1.09,1.77
2014.06.26 06:59:45.155,0.94108,0.94117,1.10,1.84
2014.06.26 06:59:47.114,0.94108,0.94117,1.18,2.14
2014.06.26 06:59:47.165,0.94108,0.94115,1.18,1.00
2014.06.26 06:59:47.670,0.94108,0.94116,1.18,1.00
2014.06.26 06:59:50.170,0.94108,0.94116,1.58,1.10
2014.06.26 06:59:52.137,0.94108,0.94116,1.65,1.00
2014.06.26 06:59:54.461,0.94108,0.94117,1.84,1.77
2014.06.26 06:59:55.318,0.94112,0.94117,1.00,1.77
2014.06.26 06:59:55.723,0.94108,0.94118,2.59,1.77
2014.06.26 06:59:55.824,0.94112,0.94118,1.00,1.02
2014.06.26 06:59:56.921,0.94112,0.94119,1.00,2.59
2014.06.26 06:59:57.459,0.94112,0.94119,1.00,2.59
