2017.10.12 23:00:00.177,0.78243,0.7825,1.00,1.43
2017.10.12 23:00:00.445,0.78241,0.78251,1.00,2.81
2017.10.12 23:00:00.765,0.78238,0.7825,2.81,1.25
2017.10.12 23:00:01.274,0.78239,0.7825,1.25,1.31
2017.10.12 23:00:05.100,0.78241,0.78251,1.00,1.69
2017.10.12 23:00:08.106,0.7824,0.7825,1.50,1.25
2017.10.12 23:00:12.398,0.78239,0.7825,1.13,2.89
2017.10.12 23:00:12.704,0.78239,0.78245,1.00,1.00
2017.10.12 23:00:12.756,0.78234,0.78247,2.62,2.51
2017.10.12 23:00:13.548,0.78236,0.78247,1.00,1.57
2017.10.12 23:00:14.097,0.78237,0.78247,1.00,1.57
2017.10.12 23:00:14.200,0.78237,0.78245,1.00,1.19
2017.10.12 23:00:14.999,0.78236,0.78245,1.00,1.29
2017.10.12 23:00:16.870,0.78236,0.78243,1.00,1.25
2017.10.12 23:00:17.023,0.78233,0.78241,1.00,1.00
2017.10.12 23:00:17.639,0.78232,0.78241,1.00,1.25
2017.10.12 23:00:21.264,0.78232,0.7824,1.00,1.20
2017.10.12 23:00:21.782,0.78233,0.78241,1.00,1.31
2017.10.12 23:00:25.282,0.78233,0.78241,1.00,2.06
2017.10.12 23:00:27.154,0.78233,0.78241,1.00,1.87
2017.10.12 23:00:27.881,0.78233,0.78241,1.00,1.39
2017.10.12 23:00:28.772,0.78233,0.78241,1.00,1.31
2017.10.12 23:00:30.095,0.78233,0.78241,1.00,1.31
2017.10.12 23:00:30.693,0.78233,0.78241,1.00,1.12
2017.10.12 23:00:38.589,0.78233,0.7824,1.00,1.00
2017.10.12 23:00:38.640,0.78233,0.78242,1.00,2.51
2017.10.12 23:00:39.288,0.78233,0.78241,1.00,1.12
2017.10.12 23:00:41.095,0.78231,0.78241,1.00,1.00
2017.10.12 23:00:41.734,0.7823,0.78241,1.29,2.81
2017.10.12 23:00:45.871,0.78229,0.7824,3.97,2.25
2017.10.12 23:00:45.923,0.78229,0.78238,1.69,1.25
2017.10.12 23:00:46.126,0.78226,0.78236,1.12,1.50
2017.10.12 23:00:46.634,0.78223,0.78235,1.50,1.10
2017.10.12 23:00:48.123,0.78223,0.78235,1.57,1.57
2017.10.12 23:00:49.519,0.78223,0.78235,1.64,1.10
2017.10.12 23:00:50.327,0.78223,0.78235,1.70,2.89
2017.10.12 23:00:51.471,0.78222,0.78235,4.32,1.20
2017.10.12 23:00:52.132,0.78224,0.78235,2.82,1.76
2017.10.12 23:00:52.183,0.78224,0.78236,1.51,2.69
2017.10.12 23:00:52.234,0.78227,0.78237,1.25,1.64
2017.10.12 23:00:52.337,0.7823,0.7824,1.00,3.26
2017.10.12 23:00:57.572,0.7823,0.78238,1.00,1.00
2017.10.12 23:00:57.624,0.78227,0.78238,3.75,1.76
2017.10.12 23:01:00.952,0.78229,0.78239,1.00,3.64
2017.10.12 23:01:01.603,0.78229,0.78239,1.00,3.19
2017.10.12 23:01:03.487,0.78229,0.78238,1.00,1.00
2017.10.12 23:01:04.542,0.78229,0.78239,1.00,2.44
2017.10.12 23:01:05.179,0.78229,0.78238,1.00,1.00
2017.10.12 23:01:05.795,0.78229,0.78239,1.00,2.44
2017.10.12 23:01:08.556,0.78229,0.78238,1.00,1.25
2017.10.12 23:01:08.966,0.7823,0.7824,3.37,1.25
2017.10.12 23:01:09.473,0.78232,0.7824,1.00,1.25
2017.10.12 23:01:14.011,0.78231,0.7824,1.00,1.25
2017.10.12 23:01:14.525,0.7823,0.7824,1.25,2.81
2017.10.12 23:01:17.596,0.78235,0.7824,1.00,1.00
2017.10.12 23:01:17.648,0.78231,0.7824,1.69,1.00
2017.10.12 23:01:18.184,0.78232,0.7824,1.87,1.00
2017.10.12 23:01:18.718,0.78231,0.7824,3.00,1.00
2017.10.12 23:01:19.378,0.78231,0.7824,3.02,1.00
2017.10.12 23:01:19.918,0.78232,0.7824,1.34,1.00
2017.10.12 23:01:20.474,0.78231,0.7824,3.96,1.00
2017.10.12 23:01:21.297,0.78232,0.7824,1.34,1.00
2017.10.12 23:01:21.851,0.78231,0.7824,3.96,1.00
2017.10.12 23:01:22.399,0.78234,0.7824,1.22,1.00
2017.10.12 23:01:22.451,0.78234,0.78244,1.71,2.44
2017.10.12 23:01:22.553,0.78238,0.78246,1.00,1.00
2017.10.12 23:01:22.604,0.78238,0.78248,1.25,1.00
2017.10.12 23:01:23.112,0.78238,0.78247,1.25,1.25
2017.10.12 23:01:26.492,0.78238,0.78247,1.69,1.69
2017.10.12 23:01:29.178,0.78237,0.78245,1.25,1.00
2017.10.12 23:01:29.838,0.78236,0.78246,1.00,1.87
2017.10.12 23:01:30.351,0.78234,0.78246,1.31,1.87
2017.10.12 23:01:30.864,0.78234,0.78245,3.19,1.24
2017.10.12 23:01:39.004,0.78234,0.78246,1.31,1.87
2017.10.12 23:01:42.128,0.78234,0.78245,2.44,1.25
2017.10.12 23:01:42.464,0.78235,0.7824,1.25,1.00
2017.10.12 23:01:42.567,0.78235,0.78244,1.00,1.19
2017.10.12 23:01:42.618,0.78235,0.78245,2.81,1.25
2017.10.12 23:01:47.147,0.78235,0.78243,1.25,1.19
2017.10.12 23:01:47.301,0.78232,0.78243,1.69,1.69
2017.10.12 23:01:47.965,0.78232,0.78243,1.50,2.62
2017.10.12 23:01:48.896,0.78231,0.78243,2.06,1.87
2017.10.12 23:01:51.004,0.78231,0.78243,3.94,2.62
2017.10.12 23:01:52.188,0.78231,0.78243,2.06,1.87
2017.10.12 23:01:58.615,0.78231,0.78242,1.31,1.00
2017.10.12 23:02:04.029,0.7823,0.78241,5.81,1.00
2017.10.12 23:02:04.385,0.7823,0.78241,3.37,2.44
2017.10.12 23:02:04.923,0.7823,0.7824,2.25,1.00
2017.10.12 23:02:06.994,0.7823,0.78241,2.25,1.12
2017.10.12 23:02:09.064,0.78231,0.78241,1.12,2.06
2017.10.12 23:02:09.695,0.7823,0.78241,3.75,1.12
2017.10.12 23:02:10.658,0.78231,0.78241,1.12,2.06
2017.10.12 23:02:11.195,0.7823,0.78241,3.00,1.87
2017.10.12 23:02:12.653,0.78234,0.78241,2.25,1.00
2017.10.12 23:02:12.756,0.78235,0.78246,2.06,1.25
2017.10.12 23:02:12.807,0.78237,0.78247,1.69,1.25
2017.10.12 23:02:18.144,0.78237,0.78246,3.94,1.00
2017.10.12 23:02:19.589,0.78237,0.78247,4.31,1.69
2017.10.12 23:02:31.791,0.78238,0.78248,1.00,2.25
2017.10.12 23:02:32.362,0.78237,0.78248,2.25,2.06
2017.10.12 23:02:32.876,0.78238,0.78248,1.00,1.31
2017.10.12 23:02:33.475,0.78237,0.78248,4.31,2.06
2017.10.12 23:02:35.696,0.78237,0.78248,7.12,1.31
2017.10.12 23:02:38.499,0.78237,0.78248,3.19,1.31
2017.10.12 23:02:39.737,0.78237,0.78248,7.12,1.31
2017.10.12 23:02:41.575,0.78237,0.78248,3.19,1.31
2017.10.12 23:02:44.715,0.78237,0.78248,4.87,1.31
2017.10.12 23:02:45.232,0.78237,0.78248,3.37,1.31
2017.10.12 23:02:45.437,0.78239,0.7825,2.62,1.25
2017.10.12 23:02:45.488,0.7824,0.7825,1.69,1.25
2017.10.12 23:02:45.999,0.7824,0.78251,1.00,1.69
2017.10.12 23:02:46.796,0.7824,0.78251,1.19,1.19
2017.10.12 23:02:47.361,0.78239,0.78251,3.56,1.19
2017.10.12 23:02:50.051,0.7824,0.78252,2.81,3.37
2017.10.12 23:02:50.659,0.7824,0.78252,2.62,2.62
2017.10.12 23:02:52.033,0.7824,0.78252,2.44,2.62
2017.10.12 23:02:53.087,0.78241,0.78252,1.12,2.81
2017.10.12 23:02:57.731,0.7824,0.78252,3.19,1.87
2017.10.12 23:03:01.857,0.78241,0.78252,1.00,2.06
2017.10.12 23:03:02.664,0.78241,0.78252,1.00,3.75
2017.10.12 23:03:03.273,0.78241,0.78252,1.00,2.06
2017.10.12 23:03:03.894,0.7824,0.78252,2.62,3.75
2017.10.12 23:03:08.139,0.7824,0.78252,2.62,4.50
2017.10.12 23:03:08.699,0.7824,0.78252,2.62,4.32
2017.10.12 23:03:10.664,0.7824,0.78252,1.69,2.63
2017.10.12 23:03:15.376,0.78239,0.78251,2.44,4.32
2017.10.12 23:03:18.766,0.78239,0.78249,1.50,2.07
2017.10.12 23:03:19.528,0.78239,0.78249,1.50,1.88
2017.10.12 23:03:24.072,0.78239,0.78249,1.50,1.88
2017.10.12 23:03:27.127,0.78239,0.78249,1.50,1.88
2017.10.12 23:03:31.100,0.78239,0.78249,1.50,1.88
2017.10.12 23:03:33.401,0.78239,0.78249,1.50,1.88
2017.10.12 23:03:34.247,0.78239,0.78251,2.62,4.31
2017.10.12 23:03:35.582,0.78239,0.78251,3.75,4.31
2017.10.12 23:03:36.099,0.7824,0.7825,1.25,1.69
2017.10.12 23:03:39.696,0.7824,0.7825,1.43,1.69
2017.10.12 23:03:44.098,0.78239,0.78251,4.12,4.31
2017.10.12 23:03:47.782,0.78239,0.7825,4.87,1.69
2017.10.12 23:03:51.177,0.78239,0.78251,4.12,4.50
2017.10.12 23:04:03.706,0.78237,0.78247,1.69,5.06
2017.10.12 23:04:04.215,0.78238,0.78248,3.19,1.19
2017.10.12 23:04:04.759,0.78239,0.78248,1.25,2.44
2017.10.12 23:04:06.798,0.78238,0.78248,3.19,1.19
2017.10.12 23:04:13.270,0.78239,0.78248,1.50,2.44
2017.10.12 23:04:13.795,0.78238,0.78248,1.00,2.62
2017.10.12 23:04:13.847,0.78236,0.78246,1.50,1.25
2017.10.12 23:04:13.899,0.78238,0.78246,1.00,1.69
2017.10.12 23:04:14.424,0.78238,0.78246,1.00,1.69
2017.10.12 23:04:17.465,0.78237,0.78245,1.00,1.12
2017.10.12 23:04:17.744,0.78233,0.78243,1.00,1.50
2017.10.12 23:04:17.847,0.78235,0.78245,1.00,2.89
2017.10.12 23:04:18.153,0.78235,0.78243,1.00,1.87
2017.10.12 23:04:18.459,0.78237,0.78245,1.00,2.25
2017.10.12 23:04:19.119,0.78238,0.78245,1.00,1.50
2017.10.12 23:04:19.666,0.78238,0.78245,1.00,1.00
2017.10.12 23:04:20.605,0.78237,0.78243,1.50,1.19
2017.10.12 23:04:20.656,0.78235,0.78243,1.00,1.31
2017.10.12 23:04:21.402,0.78234,0.78243,1.00,1.31
2017.10.12 23:04:23.545,0.78234,0.78242,1.00,1.25
2017.10.12 23:04:23.596,0.78232,0.78241,1.00,1.00
2017.10.12 23:04:24.197,0.78231,0.78241,2.06,1.00
2017.10.12 23:04:25.129,0.78231,0.78241,2.06,1.00
2017.10.12 23:04:27.260,0.78233,0.78241,1.00,1.00
2017.10.12 23:04:32.922,0.78229,0.78239,1.69,1.09
2017.10.12 23:04:32.976,0.78228,0.78236,1.44,1.00
2017.10.12 23:04:33.182,0.7823,0.7824,2.81,1.69
2017.10.12 23:04:34.859,0.78232,0.78239,1.25,1.00
2017.10.12 23:04:35.854,0.7823,0.78239,2.06,1.00
2017.10.12 23:04:35.906,0.7823,0.78237,1.00,1.00
2017.10.12 23:04:36.140,0.78227,0.78236,1.87,1.00
2017.10.12 23:04:37.075,0.78228,0.78236,1.25,1.00
2017.10.12 23:04:37.431,0.78226,0.78234,3.00,1.00
2017.10.12 23:04:37.978,0.78227,0.78234,1.44,1.00
2017.10.12 23:04:38.733,0.78227,0.78233,1.69,1.00
2017.10.12 23:04:41.934,0.78226,0.78233,2.44,1.00
2017.10.12 23:04:42.965,0.78228,0.78233,1.25,1.00
2017.10.12 23:04:43.016,0.78228,0.78235,1.69,1.00
2017.10.12 23:04:43.601,0.78227,0.78234,1.00,1.00
2017.10.12 23:04:44.862,0.78226,0.78234,1.25,1.00
2017.10.12 23:04:46.535,0.78223,0.78232,2.62,1.00
2017.10.12 23:04:46.588,0.78223,0.78231,1.69,1.00
2017.10.12 23:04:46.836,0.78226,0.78231,1.00,1.00
2017.10.12 23:04:46.888,0.78226,0.78234,1.00,2.06
2017.10.12 23:04:46.939,0.78223,0.78233,3.37,1.25
2017.10.12 23:04:47.271,0.78227,0.78232,1.00,1.00
2017.10.12 23:04:47.323,0.78226,0.78234,1.69,1.00
2017.10.12 23:04:48.176,0.78226,0.78234,1.00,1.00
2017.10.12 23:04:48.707,0.78226,0.78234,3.19,1.00
2017.10.12 23:04:49.653,0.78226,0.78234,2.25,1.00
2017.10.12 23:04:50.201,0.78226,0.78234,3.19,1.00
2017.10.12 23:04:50.904,0.78226,0.78234,2.25,1.00
2017.10.12 23:04:51.520,0.78226,0.78233,1.00,1.00
2017.10.12 23:04:55.896,0.78226,0.78233,2.44,1.00
2017.10.12 23:04:56.427,0.78227,0.78233,2.44,1.00
2017.10.12 23:04:58.077,0.78227,0.78233,1.69,1.00
2017.10.12 23:05:00.342,0.78223,0.78233,2.70,1.00
2017.10.12 23:05:00.648,0.78226,0.78232,1.25,1.00
2017.10.12 23:05:01.251,0.78227,0.78233,1.69,1.00
2017.10.12 23:05:01.638,0.78226,0.78235,3.19,1.12
2017.10.12 23:05:05.098,0.78227,0.78235,1.19,1.12
2017.10.12 23:05:05.657,0.78228,0.78236,1.00,3.37
2017.10.12 23:05:06.208,0.78228,0.78236,1.69,1.87
2017.10.12 23:05:06.612,0.78226,0.78235,1.50,1.00
2017.10.12 23:05:06.939,0.78229,0.78236,1.00,1.00
2017.10.12 23:05:07.457,0.78229,0.78237,1.69,1.00
2017.10.12 23:05:08.050,0.78229,0.78237,2.42,1.00
2017.10.12 23:05:08.658,0.7823,0.78237,1.01,1.00
2017.10.12 23:05:11.676,0.7823,0.78237,1.67,1.00
2017.10.12 23:05:12.227,0.7823,0.78237,1.50,1.00
2017.10.12 23:05:14.129,0.7823,0.7824,2.25,1.69
2017.10.12 23:05:14.841,0.7823,0.7824,3.17,1.69
2017.10.12 23:05:17.590,0.7823,0.7824,2.25,2.44
2017.10.12 23:05:20.505,0.7823,0.7824,3.19,2.44
2017.10.12 23:05:21.112,0.7823,0.7824,2.26,1.69
2017.10.12 23:05:23.265,0.7823,0.7824,1.69,2.62
2017.10.12 23:05:24.134,0.7823,0.7824,1.51,1.69
2017.10.12 23:05:24.795,0.7823,0.7824,1.51,1.69
2017.10.12 23:05:26.942,0.7823,0.7824,3.38,1.25
2017.10.12 23:05:27.269,0.78232,0.78242,1.00,2.62
2017.10.12 23:05:27.858,0.78231,0.78242,1.00,2.62
2017.10.12 23:05:28.656,0.78231,0.78242,3.27,3.37
2017.10.12 23:05:29.729,0.78232,0.78242,1.01,2.44
2017.10.12 23:05:31.394,0.78231,0.78242,4.13,1.25
2017.10.12 23:05:32.909,0.78232,0.78242,1.44,1.25
2017.10.12 23:05:34.660,0.78236,0.78243,1.25,1.69
2017.10.12 23:05:34.813,0.78235,0.78244,1.00,1.00
2017.10.12 23:05:37.371,0.78239,0.78248,1.00,3.37
2017.10.12 23:05:37.473,0.78239,0.78249,1.00,1.69
2017.10.12 23:05:37.990,0.7824,0.78249,1.50,1.25
2017.10.12 23:05:39.195,0.7824,0.78248,1.50,1.00
2017.10.12 23:05:40.393,0.78239,0.78248,1.50,1.00
2017.10.12 23:05:41.946,0.78238,0.78248,1.95,1.87
2017.10.12 23:05:45.093,0.7824,0.78248,1.00,3.37
2017.10.12 23:05:45.246,0.78239,0.78249,1.87,1.00
2017.10.12 23:05:54.553,0.78238,0.78247,1.01,1.00
2017.10.12 23:05:54.605,0.78237,0.78246,2.14,1.00
2017.10.12 23:05:54.809,0.78235,0.78244,1.20,1.87
2017.10.12 23:05:54.860,0.78233,0.78241,1.11,1.00
2017.10.12 23:05:55.167,0.7823,0.78238,1.00,1.00
2017.10.12 23:05:55.270,0.78227,0.78237,2.14,1.87
2017.10.12 23:05:55.474,0.78228,0.78238,2.32,1.25
2017.10.12 23:05:55.843,0.78229,0.7824,1.76,1.00
2017.10.12 23:05:55.895,0.7823,0.7824,2.51,1.00
2017.10.12 23:06:14.644,0.78229,0.7824,1.20,1.00
2017.10.12 23:06:18.373,0.78229,0.78241,1.57,1.69
2017.10.12 23:06:20.668,0.78229,0.78239,1.20,1.00
2017.10.12 23:06:21.201,0.78228,0.78239,2.32,1.00
2017.10.12 23:06:21.704,0.78228,0.78238,1.95,1.25
2017.10.12 23:06:30.940,0.78228,0.78238,2.32,1.25
2017.10.12 23:06:31.272,0.78228,0.7824,4.01,1.69
2017.10.12 23:06:32.000,0.78228,0.7824,4.76,1.69
2017.10.12 23:06:32.531,0.78228,0.7824,4.01,1.69
2017.10.12 23:06:35.024,0.78228,0.7824,10.01,1.69
2017.10.12 23:06:35.631,0.78229,0.7824,2.32,1.69
2017.10.12 23:06:37.542,0.78229,0.7824,2.51,1.69
2017.10.12 23:06:38.273,0.7823,0.7824,1.10,1.69
2017.10.12 23:06:39.221,0.78229,0.7824,1.76,1.69
2017.10.12 23:06:39.724,0.78229,0.7824,1.76,1.69
2017.10.12 23:06:48.842,0.78228,0.7824,4.39,1.19
2017.10.12 23:06:54.367,0.78228,0.7824,9.26,1.00
2017.10.12 23:06:59.381,0.78228,0.7824,3.45,1.00
2017.10.12 23:07:00.137,0.78229,0.7824,1.57,1.00
2017.10.12 23:07:11.833,0.78229,0.78239,3.26,1.00
2017.10.12 23:07:13.113,0.78229,0.78239,1.10,1.00
2017.10.12 23:07:13.678,0.78229,0.78239,1.07,1.00
2017.10.12 23:07:31.833,0.78229,0.7824,1.39,1.00
2017.10.12 23:07:32.377,0.7823,0.7824,1.70,1.00
2017.10.12 23:07:33.891,0.7823,0.7824,1.95,1.00
2017.10.12 23:07:34.629,0.7823,0.7824,1.95,1.00
2017.10.12 23:07:35.507,0.7823,0.7824,1.95,1.00
2017.10.12 23:07:36.122,0.7823,0.7824,1.20,1.00
2017.10.12 23:07:36.701,0.78232,0.78243,1.00,2.81
2017.10.12 23:07:37.909,0.78233,0.78243,1.00,3.56
2017.10.12 23:07:39.788,0.78233,0.78242,1.00,1.69
2017.10.12 23:07:50.968,0.78231,0.78242,1.00,2.25
2017.10.12 23:07:54.804,0.78231,0.78242,1.00,2.81
2017.10.12 23:07:58.692,0.78231,0.7824,1.00,1.25
2017.10.12 23:08:00.355,0.78231,0.78238,1.00,1.25
2017.10.12 23:08:02.304,0.7823,0.78238,1.00,1.25
2017.10.12 23:08:12.032,0.78231,0.78238,1.00,1.25
2017.10.12 23:08:12.084,0.78229,0.78237,1.00,1.00
2017.10.12 23:08:12.837,0.78228,0.78237,1.00,1.50
2017.10.12 23:08:12.888,0.78227,0.78234,1.00,1.69
2017.10.12 23:08:12.940,0.78225,0.78234,1.00,2.62
2017.10.12 23:08:12.991,0.78223,0.78234,1.50,3.94
2017.10.12 23:08:13.075,0.78222,0.78232,1.95,1.69
2017.10.12 23:08:13.381,0.78224,0.78232,1.00,1.19
2017.10.12 23:08:13.433,0.78227,0.78235,1.00,1.25
2017.10.12 23:08:13.485,0.78225,0.78235,1.10,1.69
2017.10.12 23:08:13.588,0.78224,0.78232,1.00,1.25
2017.10.12 23:08:31.840,0.78224,0.78233,1.00,1.25
2017.10.12 23:08:34.841,0.78222,0.78233,1.13,1.25
2017.10.12 23:08:35.146,0.78221,0.78231,1.57,1.69
2017.10.12 23:08:36.239,0.78221,0.78229,1.00,1.00
2017.10.12 23:08:36.789,0.78221,0.7823,1.00,1.00
2017.10.12 23:08:52.679,0.78223,0.7823,1.00,1.00
2017.10.12 23:08:57.671,0.78222,0.7823,1.00,1.25
2017.10.12 23:09:01.909,0.78222,0.78229,1.00,1.00
2017.10.12 23:09:02.214,0.78222,0.78228,1.00,1.19
2017.10.12 23:09:02.598,0.78222,0.78231,1.00,1.69
2017.10.12 23:09:03.395,0.78223,0.78231,1.00,1.19
2017.10.12 23:09:04.756,0.78222,0.78231,1.57,1.19
2017.10.12 23:09:05.312,0.78223,0.78231,1.00,1.19
2017.10.12 23:09:20.789,0.78223,0.7823,1.50,1.19
2017.10.12 23:09:21.490,0.78223,0.78231,1.50,1.19
2017.10.12 23:09:30.248,0.78223,0.78231,1.50,1.19
2017.10.12 23:09:30.930,0.78223,0.78231,1.50,1.19
2017.10.12 23:09:33.000,0.78223,0.78231,1.13,1.19
2017.10.12 23:09:35.902,0.78223,0.78231,1.00,1.19
2017.10.12 23:09:39.789,0.78223,0.7823,1.00,1.19
2017.10.12 23:09:41.850,0.78223,0.7823,1.00,1.19
2017.10.12 23:09:42.937,0.78223,0.7823,1.00,1.19
2017.10.12 23:09:44.749,0.78222,0.7823,1.50,1.19
2017.10.12 23:09:54.829,0.78222,0.78231,1.50,1.19
2017.10.12 23:10:00.174,0.78223,0.78231,1.00,1.69
2017.10.12 23:10:00.326,0.78221,0.78231,1.31,1.69
2017.10.12 23:10:00.719,0.78223,0.78232,1.00,1.19
2017.10.12 23:10:14.647,0.78222,0.78232,1.50,2.62
2017.10.12 23:10:15.156,0.78221,0.7823,1.00,1.31
2017.10.12 23:10:16.695,0.7822,0.7823,1.00,1.25
2017.10.12 23:10:24.788,0.7822,0.7823,1.00,1.87
2017.10.12 23:10:34.102,0.7822,0.7823,1.00,1.25
2017.10.12 23:10:35.291,0.7822,0.78229,1.00,1.00
2017.10.12 23:10:41.546,0.7822,0.78228,1.00,1.00
2017.10.12 23:10:42.047,0.78219,0.78228,1.12,1.69
2017.10.12 23:10:42.558,0.78218,0.78228,1.95,1.69
2017.10.12 23:10:46.609,0.78218,0.78228,1.10,2.44
2017.10.12 23:10:49.585,0.78217,0.78227,2.33,1.25
2017.10.12 23:10:50.264,0.78217,0.78227,1.20,1.31
2017.10.12 23:10:51.128,0.78217,0.78227,1.39,1.31
2017.10.12 23:10:52.563,0.78217,0.78227,1.20,1.31
2017.10.12 23:10:53.190,0.78217,0.78227,2.25,2.06
2017.10.12 23:10:53.825,0.78217,0.78227,2.25,2.06
2017.10.12 23:10:54.468,0.78217,0.78227,2.25,2.06
2017.10.12 23:10:58.171,0.78217,0.78227,1.50,2.06
2017.10.12 23:11:02.002,0.78219,0.78227,3.75,1.00
2017.10.12 23:11:02.053,0.7822,0.78229,2.81,1.87
2017.10.12 23:11:02.793,0.78221,0.78229,1.00,1.00
2017.10.12 23:11:03.405,0.78222,0.78231,1.00,5.06
2017.10.12 23:11:04.141,0.78222,0.78231,1.00,3.19
2017.10.12 23:11:09.198,0.78219,0.78228,1.95,1.50
2017.10.12 23:11:13.830,0.7822,0.78229,1.50,1.00
2017.10.12 23:11:14.388,0.7822,0.78231,2.89,4.10
2017.10.12 23:11:16.698,0.78222,0.78231,1.00,1.31
2017.10.12 23:11:17.209,0.78221,0.78231,1.00,1.19
2017.10.12 23:11:17.723,0.78222,0.78231,1.00,1.19
2017.10.12 23:11:18.358,0.78221,0.78231,1.87,1.19
2017.10.12 23:11:20.366,0.7822,0.78231,3.64,1.19
2017.10.12 23:11:20.968,0.78221,0.78231,1.25,1.19
2017.10.12 23:11:21.122,0.78221,0.78232,2.44,1.25
2017.10.12 23:11:21.825,0.78221,0.78232,4.31,1.25
2017.10.12 23:11:22.714,0.78221,0.78227,1.00,1.00
2017.10.12 23:11:22.817,0.78218,0.78226,1.01,1.00
2017.10.12 23:11:22.920,0.78214,0.78225,1.00,2.81
2017.10.12 23:11:23.125,0.78211,0.78222,4.01,1.00
2017.10.12 23:11:24.077,0.7821,0.78221,4.01,1.00
2017.10.12 23:11:24.645,0.7821,0.78221,4.01,1.00
2017.10.12 23:11:28.070,0.78211,0.78221,1.58,1.00
2017.10.12 23:11:29.647,0.78211,0.78221,1.20,1.00
2017.10.12 23:11:30.929,0.78216,0.78222,1.00,1.12
2017.10.12 23:11:36.447,0.78217,0.78222,1.00,1.00
2017.10.12 23:11:39.472,0.78217,0.78224,1.00,2.06
2017.10.12 23:11:48.009,0.78217,0.78224,1.00,5.25
2017.10.12 23:11:49.230,0.78217,0.78224,1.00,4.31
2017.10.12 23:11:50.394,0.78218,0.78224,1.00,4.31
2017.10.12 23:11:50.895,0.78218,0.78224,1.00,4.31
2017.10.12 23:11:52.839,0.78218,0.78223,1.00,1.25
2017.10.12 23:11:59.919,0.78218,0.78224,1.00,5.06
2017.10.12 23:12:00.428,0.78218,0.78223,1.00,1.25
2017.10.12 23:12:05.697,0.78219,0.78223,1.00,1.25
2017.10.12 23:12:09.162,0.78219,0.78224,1.00,3.19
2017.10.12 23:12:09.442,0.78224,0.78228,1.00,1.69
2017.10.12 23:12:09.647,0.78226,0.7823,1.00,3.19
2017.10.12 23:12:10.183,0.78225,0.78229,1.50,1.25
2017.10.12 23:12:12.628,0.78226,0.7823,1.00,1.25
2017.10.12 23:12:12.781,0.78225,0.78233,2.25,3.94
2017.10.12 23:12:13.358,0.78225,0.78233,1.50,3.94
2017.10.12 23:12:19.386,0.78227,0.78233,1.00,3.94
2017.10.12 23:12:19.910,0.78228,0.78233,1.00,1.19
2017.10.12 23:12:32.014,0.78228,0.78236,1.00,6.37
2017.10.12 23:12:35.946,0.78227,0.78231,1.00,2.25
2017.10.12 23:12:36.049,0.7822,0.78227,3.75,2.06
2017.10.12 23:12:36.101,0.78221,0.78228,1.87,2.25
2017.10.12 23:12:36.153,0.78223,0.78228,1.00,1.25
2017.10.12 23:12:36.459,0.78226,0.78231,1.00,1.31
2017.10.12 23:12:37.014,0.78227,0.78231,1.00,1.00
2017.10.12 23:12:37.679,0.78226,0.78232,1.00,1.69
2017.10.12 23:12:41.566,0.78228,0.78234,1.00,1.37
2017.10.12 23:12:41.871,0.78229,0.78235,1.00,4.50
2017.10.12 23:12:44.655,0.7823,0.78234,1.00,1.25
2017.10.12 23:12:46.169,0.78229,0.78235,1.00,3.00
2017.10.12 23:12:49.127,0.7823,0.78236,1.00,4.50
2017.10.12 23:12:53.372,0.78231,0.78236,1.00,3.75
2017.10.12 23:12:53.579,0.78236,0.7824,1.00,1.31
2017.10.12 23:12:54.128,0.78235,0.78241,1.00,1.19
2017.10.12 23:12:55.217,0.78235,0.78242,1.50,1.12
2017.10.12 23:12:57.595,0.78236,0.78242,1.00,1.12
2017.10.12 23:13:00.209,0.78236,0.78243,1.00,1.25
2017.10.12 23:13:01.451,0.78233,0.78243,1.87,2.81
2017.10.12 23:13:01.502,0.78235,0.78243,1.00,2.06
2017.10.12 23:13:01.837,0.78239,0.78245,1.00,2.81
2017.10.12 23:13:05.665,0.78237,0.78243,1.00,1.12
2017.10.12 23:13:08.323,0.78236,0.78243,1.50,1.12
2017.10.12 23:13:08.929,0.78235,0.78243,1.50,1.12
2017.10.12 23:13:10.776,0.78236,0.78243,1.00,1.12
2017.10.12 23:13:10.879,0.78239,0.78243,1.00,1.12
2017.10.12 23:13:12.213,0.78236,0.78243,1.50,1.13
2017.10.12 23:13:28.201,0.78236,0.78244,1.00,1.25
2017.10.12 23:13:28.737,0.78236,0.78244,1.50,1.89
2017.10.12 23:13:29.491,0.78236,0.78244,1.00,1.27
2017.10.12 23:13:30.237,0.78239,0.78244,1.00,1.89
2017.10.12 23:13:30.944,0.78239,0.78244,1.00,1.25
2017.10.12 23:13:32.391,0.78241,0.78246,1.00,2.62
2017.10.12 23:13:32.545,0.78244,0.78249,1.00,1.44
2017.10.12 23:13:37.520,0.78245,0.7825,1.00,1.31
2017.10.12 23:13:46.058,0.78244,0.78249,1.00,1.50
2017.10.12 23:13:50.838,0.78243,0.78249,1.00,1.45
2017.10.12 23:13:54.809,0.78244,0.7825,1.00,3.39
2017.10.12 23:13:56.837,0.78243,0.78249,1.00,1.52
2017.10.12 23:13:57.469,0.78244,0.78249,1.00,1.20
2017.10.12 23:13:57.994,0.78243,0.7825,1.00,3.02
2017.10.12 23:14:00.180,0.78244,0.78249,1.00,1.46
2017.10.12 23:14:36.525,0.78243,0.78249,1.50,1.19
2017.10.12 23:14:37.143,0.78244,0.78249,1.00,1.69
2017.10.12 23:14:54.787,0.78243,0.78248,1.00,1.31
2017.10.12 23:14:58.695,0.78243,0.78248,1.00,1.31
2017.10.12 23:14:58.849,0.78246,0.7825,1.00,2.06
2017.10.12 23:14:59.905,0.78246,0.78251,1.00,1.25
2017.10.12 23:15:00.162,0.78248,0.78253,1.00,2.25
2017.10.12 23:15:00.668,0.78248,0.78254,1.00,2.81
2017.10.12 23:15:03.627,0.78248,0.78254,1.00,3.56
2017.10.12 23:15:10.951,0.78248,0.78254,1.00,2.06
2017.10.12 23:15:15.391,0.78247,0.78253,1.00,1.00
2017.10.12 23:15:15.905,0.78246,0.78253,1.50,1.00
2017.10.12 23:15:16.526,0.78246,0.78254,1.50,2.06
2017.10.12 23:15:18.197,0.78246,0.78253,1.00,1.00
2017.10.12 23:15:20.074,0.78246,0.78254,1.00,2.06
2017.10.12 23:15:24.700,0.78245,0.78254,1.87,2.06
2017.10.12 23:15:25.866,0.78245,0.78253,1.87,1.25
2017.10.12 23:15:26.766,0.78245,0.78254,1.87,2.25
2017.10.12 23:15:29.545,0.78245,0.78254,1.50,1.69
2017.10.12 23:15:30.441,0.78245,0.78255,1.50,9.38
2017.10.12 23:15:36.086,0.78245,0.78254,1.50,1.88
2017.10.12 23:15:36.703,0.78245,0.78255,1.50,7.13
2017.10.12 23:15:38.857,0.78245,0.78254,1.50,1.88
2017.10.12 23:15:40.922,0.78245,0.78253,1.50,1.44
2017.10.12 23:15:41.460,0.78245,0.78254,1.50,1.88
2017.10.12 23:15:42.293,0.78245,0.78253,1.50,1.44
2017.10.12 23:15:42.603,0.78243,0.7825,1.00,1.37
2017.10.12 23:15:42.733,0.78241,0.7825,1.00,1.44
2017.10.12 23:15:42.785,0.78239,0.78248,2.25,2.25
2017.10.12 23:15:43.319,0.78239,0.78247,1.00,3.00
2017.10.12 23:15:43.943,0.78239,0.78247,1.00,1.00
2017.10.12 23:15:48.802,0.78239,0.78247,1.00,1.10
2017.10.12 23:15:50.566,0.78241,0.78249,1.00,4.69
2017.10.12 23:15:50.874,0.78242,0.78249,1.00,1.31
2017.10.12 23:16:21.117,0.78239,0.78248,2.44,1.25
2017.10.12 23:16:21.273,0.78238,0.78247,1.00,2.81
2017.10.12 23:16:22.621,0.78239,0.78248,1.00,3.00
2017.10.12 23:16:42.291,0.78236,0.78246,1.62,1.25
2017.10.12 23:16:42.603,0.7824,0.78248,1.00,4.12
2017.10.12 23:16:43.110,0.78237,0.78248,1.00,3.37
2017.10.12 23:16:54.788,0.78237,0.78247,1.00,2.25
2017.10.12 23:17:04.701,0.78239,0.78248,1.00,4.12
2017.10.12 23:17:05.551,0.78238,0.78249,1.00,4.69
2017.10.12 23:17:09.789,0.78238,0.78247,1.00,1.19
2017.10.12 23:17:10.512,0.78238,0.78247,1.00,1.25
2017.10.12 23:17:11.171,0.78238,0.78247,1.00,1.87
2017.10.12 23:17:13.204,0.78238,0.78247,1.00,1.12
2017.10.12 23:17:19.507,0.78238,0.78247,1.00,1.44
2017.10.12 23:17:23.008,0.78238,0.78247,1.00,1.00
2017.10.12 23:17:23.541,0.78238,0.78247,1.00,1.31
2017.10.12 23:17:24.126,0.78238,0.78247,1.00,1.12
2017.10.12 23:17:25.263,0.78238,0.78247,1.00,2.81
2017.10.12 23:17:26.111,0.7824,0.78247,1.00,1.69
2017.10.12 23:17:29.872,0.78243,0.78247,1.00,2.25
2017.10.12 23:17:30.025,0.78243,0.7825,1.00,4.50
2017.10.12 23:17:43.011,0.78242,0.78249,1.00,2.62
2017.10.12 23:17:43.618,0.78242,0.78248,1.00,1.19
2017.10.12 23:17:46.249,0.78242,0.78249,1.00,2.62
2017.10.12 23:17:47.790,0.78242,0.78249,1.00,2.62
2017.10.12 23:17:52.006,0.78242,0.78248,1.00,1.44
2017.10.12 23:17:52.108,0.78244,0.78249,1.00,1.19
2017.10.12 23:17:54.791,0.78244,0.7825,1.00,1.56
2017.10.12 23:17:57.246,0.78242,0.7825,1.00,1.87
2017.10.12 23:17:57.813,0.78243,0.78249,1.00,1.87
2017.10.12 23:17:58.517,0.78243,0.78249,1.00,1.12
2017.10.12 23:17:59.326,0.78243,0.78249,1.00,1.44
2017.10.12 23:18:03.726,0.78243,0.7825,1.00,3.75
2017.10.12 23:18:04.464,0.78243,0.78249,1.00,1.44
2017.10.12 23:18:05.194,0.78243,0.7825,1.00,4.50
2017.10.12 23:18:09.553,0.78244,0.78249,1.00,1.12
2017.10.12 23:18:10.108,0.78244,0.78249,1.00,1.44
2017.10.12 23:18:10.638,0.78244,0.7825,1.00,2.25
2017.10.12 23:18:22.816,0.78244,0.78251,1.00,2.06
2017.10.12 23:18:27.120,0.78244,0.78251,1.00,2.25
2017.10.12 23:18:34.729,0.78244,0.7825,1.00,1.69
2017.10.12 23:18:36.419,0.78244,0.78251,1.00,3.37
2017.10.12 23:18:37.242,0.78244,0.7825,1.00,2.06
2017.10.12 23:18:38.327,0.78243,0.7825,1.50,1.12
2017.10.12 23:18:42.023,0.78243,0.78251,1.50,3.94
2017.10.12 23:18:45.457,0.78243,0.78251,1.50,2.44
2017.10.12 23:18:48.953,0.78243,0.78251,1.50,1.69
2017.10.12 23:18:58.308,0.78243,0.78251,1.50,1.69
2017.10.12 23:18:58.841,0.78243,0.78251,1.50,1.69
2017.10.12 23:18:59.418,0.78243,0.78251,1.50,1.50
2017.10.12 23:19:00.641,0.78243,0.78251,1.50,3.00
2017.10.12 23:19:09.841,0.78243,0.78251,1.00,1.69
2017.10.12 23:19:42.653,0.78242,0.7825,1.00,1.12
2017.10.12 23:19:43.199,0.78242,0.7825,1.00,1.50
2017.10.12 23:19:43.741,0.78242,0.7825,1.00,1.00
2017.10.12 23:19:46.662,0.78242,0.78248,1.00,1.25
2017.10.12 23:19:47.288,0.78242,0.78249,1.00,1.25
2017.10.12 23:19:49.870,0.78242,0.78248,1.00,1.25
2017.10.12 23:19:50.896,0.78242,0.78249,1.00,1.25
2017.10.12 23:19:52.562,0.78242,0.78248,1.00,1.00
2017.10.12 23:19:53.245,0.78242,0.78249,1.00,1.00
2017.10.12 23:19:58.843,0.78242,0.78251,1.00,4.12
2017.10.12 23:19:59.349,0.78242,0.7825,1.00,1.25
2017.10.12 23:19:59.875,0.78242,0.78251,1.00,2.62
2017.10.12 23:20:00.240,0.78242,0.7825,1.00,1.69
2017.10.12 23:20:00.817,0.78242,0.7825,1.00,1.25
2017.10.12 23:20:01.328,0.78243,0.78251,1.00,1.88
2017.10.12 23:20:01.868,0.78243,0.78251,1.00,1.00
2017.10.12 23:20:03.197,0.78243,0.78251,1.00,2.25
2017.10.12 23:20:04.383,0.78243,0.78251,1.00,1.00
2017.10.12 23:20:06.937,0.78243,0.78251,1.00,1.50
2017.10.12 23:20:07.839,0.78243,0.78251,1.00,1.00
2017.10.12 23:20:08.467,0.78243,0.78251,1.00,1.50
2017.10.12 23:20:09.086,0.78243,0.78251,1.00,1.50
2017.10.12 23:20:09.918,0.78242,0.7825,1.00,2.62
2017.10.12 23:20:13.950,0.78243,0.7825,1.00,1.87
2017.10.12 23:20:14.745,0.78243,0.7825,1.00,1.12
2017.10.12 23:20:15.252,0.78243,0.7825,1.00,1.37
2017.10.12 23:20:18.896,0.78243,0.7825,1.00,2.25
2017.10.12 23:20:20.957,0.78243,0.7825,1.00,2.25
2017.10.12 23:20:21.676,0.78243,0.7825,1.00,1.50
2017.10.12 23:20:22.193,0.78243,0.7825,1.00,2.25
2017.10.12 23:20:22.717,0.78243,0.7825,1.00,1.50
2017.10.12 23:20:23.327,0.78243,0.7825,1.00,2.25
2017.10.12 23:20:24.092,0.78243,0.7825,1.00,1.50
2017.10.12 23:20:24.635,0.78243,0.7825,1.00,2.25
2017.10.12 23:20:25.498,0.78243,0.7825,1.00,1.00
2017.10.12 23:20:26.298,0.78243,0.7825,1.00,1.50
2017.10.12 23:20:30.129,0.78243,0.78247,1.00,1.25
2017.10.12 23:20:33.594,0.78243,0.78248,1.00,1.25
2017.10.12 23:20:34.795,0.78243,0.78247,1.00,1.00
2017.10.12 23:20:35.553,0.78243,0.7825,1.00,3.19
2017.10.12 23:20:36.315,0.78243,0.78251,1.00,3.00
2017.10.12 23:20:38.599,0.78243,0.7825,1.00,2.44
2017.10.12 23:20:40.078,0.78243,0.78251,1.00,1.37
2017.10.12 23:20:46.273,0.78244,0.78251,1.00,2.81
2017.10.12 23:20:46.882,0.78244,0.78251,1.00,1.50
2017.10.12 23:20:50.673,0.78244,0.78251,1.00,3.00
2017.10.12 23:20:51.176,0.78244,0.78251,1.00,2.25
2017.10.12 23:20:51.787,0.78243,0.78251,1.00,1.50
2017.10.12 23:20:56.544,0.78243,0.78251,1.00,3.19
2017.10.12 23:20:57.129,0.78243,0.78251,1.00,1.31
2017.10.12 23:21:16.623,0.78243,0.78251,1.00,2.44
2017.10.12 23:21:19.886,0.78243,0.78251,1.00,1.50
2017.10.12 23:21:22.913,0.78244,0.78251,1.00,1.25
2017.10.12 23:21:24.786,0.78244,0.78251,1.00,1.19
2017.10.12 23:21:25.308,0.78244,0.78251,1.00,1.25
2017.10.12 23:21:40.225,0.78245,0.78253,1.00,1.31
2017.10.12 23:21:40.331,0.7825,0.78254,1.00,2.25
2017.10.12 23:21:40.501,0.78253,0.7826,1.00,3.94
2017.10.12 23:21:40.552,0.78255,0.78261,1.00,1.19
2017.10.12 23:21:40.757,0.78255,0.78263,1.00,2.81
2017.10.12 23:21:42.417,0.78254,0.78262,1.00,1.12
2017.10.12 23:21:43.420,0.78254,0.78262,1.00,1.44
2017.10.12 23:21:43.936,0.78252,0.78261,1.00,1.12
2017.10.12 23:21:44.039,0.78252,0.7826,1.00,2.81
2017.10.12 23:21:44.345,0.78247,0.78254,1.00,1.50
2017.10.12 23:21:48.084,0.78246,0.78254,1.00,1.50
2017.10.12 23:21:54.284,0.78246,0.78254,1.00,1.50
2017.10.12 23:22:01.896,0.78246,0.78255,1.00,1.62
2017.10.12 23:22:14.697,0.78246,0.78255,1.00,1.31
2017.10.12 23:22:18.145,0.78246,0.78255,1.00,1.69
2017.10.12 23:22:21.830,0.78247,0.78254,1.00,1.00
2017.10.12 23:22:23.599,0.78245,0.78254,1.00,1.25
2017.10.12 23:22:26.096,0.78247,0.78255,1.00,2.62
2017.10.12 23:22:26.301,0.78251,0.78261,1.00,2.81
2017.10.12 23:22:26.852,0.78251,0.78261,1.00,2.81
2017.10.12 23:22:28.096,0.78251,0.78261,1.00,2.82
2017.10.12 23:22:29.151,0.78251,0.78261,1.00,1.01
2017.10.12 23:22:29.203,0.78254,0.78261,1.00,1.00
2017.10.12 23:22:29.710,0.78255,0.78263,1.00,1.56
2017.10.12 23:22:43.316,0.78255,0.78264,1.00,1.32
2017.10.12 23:22:43.895,0.78255,0.78264,1.00,2.63
2017.10.12 23:22:44.677,0.78255,0.78264,1.00,1.51
2017.10.12 23:22:48.739,0.78255,0.78264,1.00,2.26
2017.10.12 23:22:58.083,0.78255,0.78264,1.00,3.00
2017.10.12 23:22:58.819,0.78256,0.78264,1.00,1.89
2017.10.12 23:23:03.712,0.78256,0.78264,1.00,2.64
2017.10.12 23:23:08.195,0.78256,0.78264,1.00,1.69
2017.10.12 23:23:10.296,0.78256,0.78264,1.00,2.46
2017.10.12 23:23:10.500,0.78251,0.7826,1.50,1.00
2017.10.12 23:23:10.602,0.78249,0.78258,1.12,1.00
2017.10.12 23:23:10.653,0.7825,0.78259,1.00,2.81
2017.10.12 23:23:10.852,0.7825,0.78259,1.00,1.31
2017.10.12 23:23:12.239,0.7825,0.7826,1.00,4.87
2017.10.12 23:23:12.800,0.7825,0.78259,1.00,1.00
2017.10.12 23:23:13.328,0.78251,0.78261,1.00,1.31
2017.10.12 23:23:16.881,0.7825,0.78257,1.12,1.00
2017.10.12 23:23:17.085,0.78245,0.78254,1.12,1.12
2017.10.12 23:23:17.136,0.78245,0.78252,1.12,1.00
2017.10.12 23:23:18.817,0.78242,0.78252,4.87,1.00
2017.10.12 23:23:19.320,0.78242,0.78252,1.69,1.00
2017.10.12 23:23:23.097,0.78242,0.78252,1.87,1.00
2017.10.12 23:23:23.740,0.78242,0.78252,1.87,1.00
2017.10.12 23:23:24.449,0.78242,0.78252,1.68,1.00
2017.10.12 23:23:24.603,0.78246,0.78253,1.00,1.62
2017.10.12 23:23:24.782,0.78248,0.78256,1.00,3.94
2017.10.12 23:23:29.913,0.78248,0.78257,1.23,1.50
2017.10.12 23:23:30.624,0.78249,0.78259,1.69,2.06
2017.10.12 23:23:30.727,0.78251,0.7826,1.00,1.31
2017.10.12 23:23:32.122,0.78252,0.7826,1.00,1.25
2017.10.12 23:23:37.006,0.7825,0.7826,1.50,1.25
2017.10.12 23:23:37.375,0.78253,0.7826,1.00,1.25
2017.10.12 23:23:37.933,0.78252,0.7826,1.00,1.25
2017.10.12 23:23:38.555,0.78252,0.78261,1.25,1.00
2017.10.12 23:23:41.390,0.78253,0.78262,1.00,1.25
2017.10.12 23:23:56.619,0.78251,0.78262,3.19,1.00
2017.10.12 23:23:56.926,0.78254,0.78262,1.00,2.06
2017.10.12 23:23:57.185,0.7825,0.7826,4.12,1.25
2017.10.12 23:23:57.288,0.78251,0.78258,1.12,1.00
2017.10.12 23:23:57.340,0.78249,0.78258,1.25,1.50
2017.10.12 23:23:57.392,0.78249,0.78256,1.00,1.00
2017.10.12 23:23:57.443,0.78246,0.78256,1.50,1.69
2017.10.12 23:23:57.648,0.78248,0.78257,1.00,2.81
2017.10.12 23:23:57.853,0.78249,0.78259,1.00,2.44
2017.10.12 23:24:06.731,0.78247,0.78256,3.56,2.44
2017.10.12 23:24:06.833,0.78246,0.78256,3.00,1.62
2017.10.12 23:24:07.384,0.78246,0.78256,2.06,3.56
2017.10.12 23:24:18.329,0.78247,0.78256,1.00,4.50
2017.10.12 23:24:19.009,0.78246,0.78256,1.12,4.31
2017.10.12 23:24:19.585,0.78247,0.78256,1.00,4.31
2017.10.12 23:24:23.471,0.78248,0.78255,1.00,1.62
2017.10.12 23:24:23.522,0.78245,0.78255,1.69,1.31
2017.10.12 23:24:24.630,0.78247,0.78255,1.00,1.31
2017.10.12 23:24:28.350,0.78245,0.78255,5.25,1.00
2017.10.12 23:24:28.926,0.78247,0.78255,1.00,1.12
2017.10.12 23:24:29.231,0.78245,0.78256,2.06,2.06
2017.10.12 23:24:29.929,0.78247,0.78256,1.00,2.06
2017.10.12 23:24:30.516,0.78247,0.78256,1.00,2.06
2017.10.12 23:24:31.396,0.78247,0.78256,1.00,2.81
2017.10.12 23:24:34.126,0.78246,0.78256,1.00,2.06
2017.10.12 23:24:35.205,0.78247,0.78256,1.00,2.06
2017.10.12 23:24:39.837,0.78247,0.78256,1.00,2.06
2017.10.12 23:24:57.579,0.78246,0.78255,1.00,1.25
2017.10.12 23:24:58.132,0.78247,0.78255,1.00,1.25
2017.10.12 23:25:03.390,0.78245,0.78255,2.62,1.25
2017.10.12 23:25:04.021,0.78249,0.78256,2.44,1.00
2017.10.12 23:25:04.124,0.7825,0.78259,1.12,1.69
2017.10.12 23:25:04.658,0.7825,0.78259,1.37,2.62
2017.10.12 23:25:06.080,0.7825,0.78259,1.12,3.19
2017.10.12 23:25:07.101,0.78249,0.78255,2.44,1.50
2017.10.12 23:25:07.203,0.78244,0.78253,4.12,1.25
2017.10.12 23:25:07.306,0.78242,0.78251,2.80,1.00
2017.10.12 23:25:07.359,0.78243,0.78253,1.00,1.25
2017.10.12 23:25:07.884,0.78242,0.78253,1.50,1.25
2017.10.12 23:25:08.496,0.78242,0.78253,4.12,1.12
2017.10.12 23:25:09.136,0.78242,0.78253,1.24,1.25
2017.10.12 23:25:09.330,0.78244,0.78254,1.68,1.50
2017.10.12 23:25:09.638,0.78246,0.78256,1.00,5.44
2017.10.12 23:25:10.165,0.78248,0.78258,1.69,2.81
2017.10.12 23:25:10.624,0.78249,0.78254,1.00,1.00
2017.10.12 23:25:10.727,0.78244,0.78254,4.49,1.00
2017.10.12 23:25:11.259,0.78244,0.78254,7.49,1.00
2017.10.12 23:25:16.305,0.78245,0.78254,1.31,1.00
2017.10.12 23:25:18.119,0.78245,0.78255,2.62,2.25
2017.10.12 23:25:34.058,0.78246,0.78256,1.00,2.25
2017.10.12 23:25:34.263,0.78249,0.78258,1.00,2.81
2017.10.12 23:25:34.367,0.78249,0.78259,1.31,2.44
2017.10.12 23:25:35.050,0.78249,0.78259,1.69,1.25
2017.10.12 23:26:06.169,0.78251,0.7826,1.19,1.31
2017.10.12 23:26:17.793,0.78255,0.78263,1.00,4.12
2017.10.12 23:26:30.325,0.78251,0.7826,1.12,2.25
2017.10.12 23:26:30.529,0.78248,0.78258,3.19,1.25
2017.10.12 23:26:30.581,0.7825,0.78258,1.00,1.69
2017.10.12 23:26:31.117,0.78251,0.78258,1.00,1.00
2017.10.12 23:26:39.891,0.78251,0.78259,1.00,1.00
2017.10.12 23:26:40.198,0.78253,0.7826,1.00,1.12
2017.10.12 23:26:48.121,0.78253,0.7826,1.00,1.87
2017.10.12 23:26:48.663,0.78252,0.7826,1.00,2.25
2017.10.12 23:26:50.697,0.78252,0.7826,1.00,3.00
2017.10.12 23:26:56.444,0.78253,0.7826,1.00,1.00
2017.10.12 23:26:57.093,0.78254,0.78261,1.00,1.00
2017.10.12 23:26:57.751,0.78255,0.78263,1.00,2.25
2017.10.12 23:26:58.413,0.78255,0.78263,1.00,1.12
2017.10.12 23:26:58.960,0.78255,0.78263,1.00,1.50
2017.10.12 23:27:00.604,0.78255,0.78263,1.00,1.31
2017.10.12 23:27:02.430,0.78255,0.78263,1.00,1.87
2017.10.12 23:27:03.285,0.78251,0.78261,1.87,3.94
2017.10.12 23:27:03.389,0.7825,0.78258,2.25,1.00
2017.10.12 23:27:03.723,0.78248,0.78258,2.81,2.62
2017.10.12 23:27:04.919,0.78251,0.78259,1.00,2.25
2017.10.12 23:27:06.927,0.78252,0.7826,1.00,2.81
2017.10.12 23:27:07.597,0.78252,0.7826,1.00,3.56
2017.10.12 23:27:08.720,0.78252,0.7826,1.00,4.31
2017.10.12 23:27:09.433,0.78252,0.78259,1.00,1.25
2017.10.12 23:27:11.785,0.78252,0.7826,1.00,4.31
2017.10.12 23:27:12.576,0.78252,0.78259,1.00,1.00
2017.10.12 23:27:13.388,0.78252,0.7826,1.00,3.75
2017.10.12 23:27:13.924,0.78252,0.78259,1.00,1.00
2017.10.12 23:27:15.004,0.78252,0.7826,1.00,1.50
2017.10.12 23:27:16.108,0.78252,0.78259,1.00,1.00
2017.10.12 23:27:20.785,0.78252,0.7826,1.00,2.62
2017.10.12 23:27:25.859,0.78252,0.78261,1.50,1.50
2017.10.12 23:27:31.636,0.78254,0.78261,1.00,1.50
2017.10.12 23:27:33.819,0.78254,0.78261,1.00,2.44
2017.10.12 23:27:34.480,0.78254,0.78261,1.00,1.31
2017.10.12 23:27:35.435,0.78254,0.78261,1.00,2.06
2017.10.12 23:27:37.615,0.78254,0.78261,1.00,1.87
2017.10.12 23:27:40.968,0.78254,0.78261,1.00,1.37
2017.10.12 23:27:41.173,0.78256,0.78264,1.00,1.12
2017.10.12 23:27:42.738,0.78256,0.78263,1.00,1.00
2017.10.12 23:27:53.063,0.78256,0.78264,1.00,1.12
2017.10.12 23:27:54.143,0.78256,0.78264,1.00,1.37
2017.10.12 23:28:00.090,0.78254,0.78264,1.31,1.50
2017.10.12 23:28:03.848,0.78254,0.78264,2.06,1.37
2017.10.12 23:28:04.613,0.78254,0.78264,1.12,1.37
2017.10.12 23:28:09.789,0.78255,0.78264,1.25,1.37
2017.10.12 23:28:10.339,0.78254,0.78264,1.25,1.37
2017.10.12 23:28:13.337,0.78254,0.78264,1.25,1.12
2017.10.12 23:28:13.860,0.78254,0.78264,2.81,3.00
2017.10.12 23:28:21.722,0.78254,0.78263,1.25,2.06
2017.10.12 23:28:21.926,0.78252,0.78263,2.44,1.62
2017.10.12 23:28:24.372,0.78252,0.78263,2.06,1.12
2017.10.12 23:28:26.056,0.78252,0.78263,1.69,2.25
2017.10.12 23:28:27.055,0.78252,0.78263,2.44,2.06
2017.10.12 23:28:28.701,0.78252,0.78263,2.81,2.82
2017.10.12 23:28:29.424,0.78252,0.78263,2.06,1.88
2017.10.12 23:28:30.675,0.78252,0.78263,2.25,3.75
2017.10.12 23:28:31.960,0.78252,0.78263,5.25,1.13
2017.10.12 23:28:32.571,0.78253,0.78263,1.12,1.13
2017.10.12 23:28:33.092,0.78252,0.78263,6.94,1.50
2017.10.12 23:28:34.481,0.78252,0.78263,6.19,1.50
2017.10.12 23:28:35.992,0.78255,0.78263,1.00,2.25
2017.10.12 23:28:36.094,0.78256,0.78264,1.12,1.12
2017.10.12 23:28:37.491,0.78254,0.78263,4.69,1.00
2017.10.12 23:28:37.594,0.78254,0.78264,1.87,1.12
2017.10.12 23:28:38.139,0.78254,0.78264,2.81,1.12
2017.10.12 23:28:43.012,0.78254,0.78264,1.87,1.12
2017.10.12 23:28:43.632,0.78254,0.78264,1.50,3.00
2017.10.12 23:28:45.868,0.78254,0.78262,1.31,1.00
2017.10.12 23:28:46.374,0.78254,0.78263,1.25,1.12
2017.10.12 23:28:47.165,0.78254,0.78263,1.25,2.81
2017.10.12 23:28:47.216,0.78252,0.78263,1.12,2.81
2017.10.12 23:28:53.763,0.78252,0.78263,1.25,2.44
2017.10.12 23:28:55.664,0.78252,0.78263,1.12,3.56
2017.10.12 23:28:56.206,0.78252,0.78263,1.25,3.19
2017.10.12 23:28:57.225,0.78252,0.78263,1.25,4.12
2017.10.12 23:28:58.012,0.78252,0.78263,1.25,3.00
2017.10.12 23:28:58.519,0.78252,0.78263,1.25,3.94
2017.10.12 23:28:59.178,0.78252,0.78261,1.25,1.12
2017.10.12 23:28:59.888,0.78252,0.78261,1.25,1.87
2017.10.12 23:29:01.204,0.78251,0.7826,1.69,1.00
2017.10.12 23:29:01.408,0.78251,0.78262,1.69,1.12
2017.10.12 23:29:01.817,0.78253,0.78263,1.25,2.06
2017.10.12 23:29:04.281,0.78253,0.78263,3.56,1.00
2017.10.12 23:29:06.072,0.78253,0.78263,4.12,1.00
2017.10.12 23:29:06.816,0.78253,0.78263,5.06,1.00
2017.10.12 23:29:07.440,0.78253,0.78263,4.31,1.00
2017.10.12 23:29:08.034,0.78253,0.78263,3.94,1.00
2017.10.12 23:29:09.015,0.78253,0.78263,3.56,1.00
2017.10.12 23:29:09.819,0.78254,0.78263,2.06,1.00
2017.10.12 23:29:12.028,0.78254,0.78263,2.62,1.00
2017.10.12 23:29:14.002,0.78254,0.78263,1.25,1.00
2017.10.12 23:29:21.819,0.78254,0.78262,1.25,1.00
2017.10.12 23:29:22.340,0.78252,0.78262,2.62,1.00
2017.10.12 23:29:23.100,0.78252,0.78262,1.87,1.00
2017.10.12 23:29:27.014,0.78252,0.78262,1.69,4.31
2017.10.12 23:29:27.220,0.78249,0.7826,3.19,2.06
2017.10.12 23:29:27.729,0.78249,0.7826,3.19,1.69
2017.10.12 23:29:28.504,0.78249,0.7826,3.19,2.06
2017.10.12 23:29:34.423,0.78249,0.7826,6.19,3.19
2017.10.12 23:29:39.662,0.78251,0.7826,1.00,1.50
2017.10.12 23:29:53.813,0.7825,0.78259,1.12,1.31
2017.10.12 23:30:03.433,0.7825,0.78259,1.25,1.69
2017.10.12 23:30:03.971,0.7825,0.78259,1.62,1.12
2017.10.12 23:30:04.666,0.7825,0.78259,1.31,1.12
2017.10.12 23:30:05.186,0.7825,0.78259,1.62,1.31
2017.10.12 23:30:07.404,0.7825,0.78259,1.25,1.12
2017.10.12 23:30:08.016,0.7825,0.7826,1.62,3.37
2017.10.12 23:30:09.620,0.7825,0.78259,6.37,1.50
2017.10.12 23:30:15.080,0.7825,0.78257,1.69,1.50
2017.10.12 23:30:15.133,0.7825,0.78258,1.69,1.87
2017.10.12 23:30:15.687,0.78249,0.78256,1.12,1.75
2017.10.12 23:30:25.314,0.78248,0.78255,2.25,1.00
2017.10.12 23:30:26.070,0.78248,0.78256,1.50,1.75
2017.10.12 23:30:27.183,0.78248,0.78259,1.69,3.37
2017.10.12 23:30:27.387,0.7825,0.7826,2.44,2.62
2017.10.12 23:30:27.961,0.78251,0.7826,2.25,1.50
2017.10.12 23:30:29.265,0.78251,0.7826,4.50,1.00
2017.10.12 23:30:29.318,0.78252,0.78263,3.00,2.06
2017.10.12 23:30:29.422,0.78254,0.78263,1.25,1.00
2017.10.12 23:30:29.728,0.78255,0.78264,3.19,1.12
2017.10.12 23:30:30.241,0.78255,0.78264,2.44,1.12
2017.10.12 23:30:31.107,0.78255,0.78263,1.00,1.12
2017.10.12 23:30:31.261,0.78252,0.78261,3.19,1.00
2017.10.12 23:30:49.803,0.78252,0.78262,2.44,2.00
2017.10.12 23:30:50.720,0.78251,0.7826,1.31,1.69
2017.10.12 23:30:50.772,0.78251,0.7826,1.31,5.25
2017.10.12 23:30:50.875,0.7825,0.7826,1.12,6.00
2017.10.12 23:30:50.978,0.78249,0.78255,2.06,1.75
2017.10.12 23:30:51.482,0.78247,0.78255,3.94,1.75
2017.10.12 23:30:52.053,0.78247,0.78255,2.06,1.75
2017.10.12 23:30:54.795,0.78248,0.78255,1.00,1.75
2017.10.12 23:30:55.324,0.78248,0.78254,1.00,1.00
2017.10.12 23:30:57.489,0.78247,0.78254,1.69,1.00
2017.10.12 23:31:24.353,0.78248,0.78256,1.00,3.00
2017.10.12 23:31:24.825,0.78246,0.78256,2.06,3.75
2017.10.12 23:31:28.156,0.78246,0.78256,2.81,3.75
2017.10.12 23:31:29.052,0.78246,0.78255,2.06,1.50
2017.10.12 23:31:36.814,0.78246,0.78255,4.12,1.00
2017.10.12 23:31:36.865,0.78248,0.78257,1.00,3.00
2017.10.12 23:31:47.802,0.78247,0.78257,1.88,2.25
2017.10.12 23:31:48.668,0.78247,0.78257,2.07,3.00
2017.10.12 23:31:51.614,0.78246,0.78255,4.69,1.75
2017.10.12 23:31:52.118,0.78246,0.78254,1.25,2.25
2017.10.12 23:31:54.823,0.78247,0.78255,1.25,3.00
2017.10.12 23:31:55.301,0.78247,0.78255,1.25,1.87
2017.10.12 23:32:01.314,0.78248,0.78256,1.00,2.06
2017.10.12 23:32:01.825,0.78249,0.78257,1.00,2.62
2017.10.12 23:32:03.038,0.78247,0.78257,2.44,2.62
2017.10.12 23:32:04.922,0.78247,0.78255,3.94,1.00
2017.10.12 23:32:06.094,0.78248,0.78257,1.00,3.37
2017.10.12 23:32:09.529,0.78247,0.78257,3.00,1.12
2017.10.12 23:32:09.631,0.78248,0.78257,2.62,1.12
2017.10.12 23:32:11.108,0.78249,0.78257,1.50,1.12
2017.10.12 23:32:11.694,0.78249,0.78256,1.50,1.50
2017.10.12 23:32:12.245,0.78248,0.78256,1.00,3.00
2017.10.12 23:32:14.634,0.78247,0.78256,1.12,1.50
2017.10.12 23:32:20.500,0.78247,0.78255,1.50,1.00
2017.10.12 23:32:21.245,0.78248,0.78255,1.00,1.00
2017.10.12 23:32:22.436,0.78247,0.78255,1.12,2.25
2017.10.12 23:32:22.956,0.78246,0.78255,1.31,2.62
2017.10.12 23:32:23.633,0.78246,0.78254,1.31,1.00
2017.10.12 23:32:28.393,0.78243,0.78248,3.19,1.00
2017.10.12 23:32:28.445,0.78242,0.78248,1.00,1.00
2017.10.12 23:32:32.583,0.78241,0.78247,1.50,1.00
2017.10.12 23:32:38.805,0.78241,0.78248,1.50,1.00
2017.10.12 23:32:45.543,0.78241,0.78247,2.25,1.00
2017.10.12 23:32:48.150,0.7824,0.78246,1.12,1.00
2017.10.12 23:32:48.661,0.78238,0.78246,3.19,1.00
2017.10.12 23:33:07.462,0.78238,0.78246,2.44,1.00
2017.10.12 23:33:08.012,0.78238,0.78246,1.88,1.00
2017.10.12 23:33:08.554,0.78238,0.78246,1.50,1.00
2017.10.12 23:33:09.473,0.78238,0.78247,4.51,1.00
2017.10.12 23:33:10.063,0.78239,0.78247,1.51,1.00
2017.10.12 23:33:16.055,0.78239,0.78245,1.88,1.00
2017.10.12 23:33:18.728,0.7824,0.78247,1.31,1.00
2017.10.12 23:33:21.646,0.78239,0.78247,6.00,1.00
2017.10.12 23:33:22.205,0.7824,0.78247,1.31,1.00
2017.10.12 23:33:24.037,0.78239,0.78248,4.50,1.50
2017.10.12 23:33:24.783,0.7824,0.78247,1.69,1.00
2017.10.12 23:33:38.064,0.7824,0.78247,1.25,1.00
2017.10.12 23:33:39.512,0.7824,0.78247,1.00,1.00
2017.10.12 23:33:45.072,0.7824,0.78249,1.50,4.12
2017.10.12 23:33:45.892,0.7824,0.78249,1.12,1.50
2017.10.12 23:33:46.672,0.7824,0.78249,1.50,4.12
2017.10.12 23:33:47.624,0.7824,0.78249,1.12,2.25
2017.10.12 23:33:50.830,0.7824,0.78249,1.50,3.75
2017.10.12 23:33:53.939,0.7824,0.78249,1.12,2.79
2017.10.12 23:33:54.795,0.78242,0.7825,1.00,1.50
2017.10.12 23:33:55.102,0.78251,0.78258,1.00,2.06
2017.10.12 23:33:55.205,0.78252,0.78259,1.00,2.62
2017.10.12 23:33:55.719,0.78253,0.7826,1.00,2.62
2017.10.12 23:33:56.230,0.78253,0.7826,1.00,1.87
2017.10.12 23:34:00.413,0.78253,0.7826,1.00,2.25
2017.10.12 23:34:05.054,0.78251,0.7826,1.00,1.87
2017.10.12 23:34:05.311,0.78249,0.78257,1.87,1.00
2017.10.12 23:34:06.822,0.78248,0.78255,1.31,1.00
2017.10.12 23:34:06.874,0.78247,0.78256,2.44,1.87
2017.10.12 23:34:07.028,0.78245,0.78255,1.50,2.62
2017.10.12 23:34:12.641,0.78245,0.78255,1.00,1.87
2017.10.12 23:34:13.662,0.78248,0.78256,1.00,2.62
2017.10.12 23:34:13.765,0.78247,0.78257,2.62,1.31
2017.10.12 23:34:14.459,0.78248,0.78258,1.00,1.62
2017.10.12 23:34:23.649,0.78251,0.78258,1.00,1.50
2017.10.12 23:34:32.810,0.78251,0.78257,1.00,1.87
2017.10.12 23:34:33.325,0.78251,0.78257,1.00,1.12
2017.10.12 23:34:41.538,0.78251,0.78258,1.00,1.50
2017.10.12 23:34:42.295,0.78251,0.78258,1.00,3.19
2017.10.12 23:34:43.581,0.78251,0.78258,1.00,1.69
2017.10.12 23:34:44.107,0.78251,0.78258,1.00,3.19
2017.10.12 23:34:44.616,0.78249,0.78256,1.00,1.69
2017.10.12 23:34:44.668,0.78247,0.78255,1.25,1.87
2017.10.12 23:34:45.294,0.78247,0.78255,1.00,3.75
2017.10.12 23:34:45.833,0.78247,0.78255,1.00,2.25
2017.10.12 23:34:47.857,0.78245,0.78254,1.00,2.25
2017.10.12 23:34:48.165,0.78247,0.78254,1.00,2.81
2017.10.12 23:34:48.704,0.78247,0.78254,1.00,1.87
2017.10.12 23:34:50.188,0.78247,0.78254,1.00,1.87
2017.10.12 23:34:51.537,0.78247,0.78254,1.00,1.00
2017.10.12 23:34:53.197,0.78247,0.78254,1.00,1.69
2017.10.12 23:34:53.862,0.78247,0.78254,1.00,1.12
2017.10.12 23:34:58.054,0.78247,0.78254,1.00,1.87
2017.10.12 23:34:59.093,0.78247,0.78254,1.00,1.25
2017.10.12 23:34:59.144,0.78245,0.78254,1.00,1.69
2017.10.12 23:35:00.082,0.78245,0.78252,1.00,1.00
2017.10.12 23:35:10.436,0.78246,0.78252,1.00,1.00
2017.10.12 23:35:10.487,0.78246,0.78254,1.00,1.50
2017.10.12 23:35:12.276,0.78249,0.78256,1.00,3.56
2017.10.12 23:35:12.430,0.78252,0.78259,1.00,2.81
2017.10.12 23:35:12.974,0.78252,0.78258,1.00,1.69
2017.10.12 23:35:14.580,0.78252,0.78259,1.00,2.25
2017.10.12 23:35:15.403,0.78252,0.78258,1.00,1.00
2017.10.12 23:35:15.948,0.78253,0.78259,1.00,1.25
2017.10.12 23:35:22.767,0.7825,0.78259,1.25,2.62
2017.10.12 23:35:23.349,0.78251,0.78259,1.00,2.62
2017.10.12 23:35:30.120,0.78251,0.78259,1.00,1.00
2017.10.12 23:35:30.664,0.78251,0.78259,1.00,1.50
2017.10.12 23:35:42.770,0.78251,0.78257,1.00,1.00
2017.10.12 23:35:49.278,0.78251,0.7826,1.00,3.19
2017.10.12 23:35:49.856,0.78251,0.7826,1.00,2.06
2017.10.12 23:35:51.606,0.78251,0.7826,1.00,3.19
2017.10.12 23:35:52.240,0.78251,0.7826,1.00,2.06
2017.10.12 23:35:52.915,0.78251,0.7826,1.00,3.19
2017.10.12 23:35:53.613,0.78251,0.7826,1.00,2.25
2017.10.12 23:35:54.122,0.78251,0.7826,1.00,3.19
2017.10.12 23:35:54.751,0.78251,0.7826,1.00,2.25
2017.10.12 23:35:58.296,0.78251,0.7826,1.12,1.62
2017.10.12 23:35:58.843,0.78251,0.7826,1.00,1.69
2017.10.12 23:36:00.069,0.7825,0.7826,1.31,1.69
2017.10.12 23:36:00.589,0.7825,0.7826,1.25,1.87
2017.10.12 23:36:01.154,0.7825,0.7826,1.25,1.25
2017.10.12 23:36:03.341,0.7825,0.7826,1.25,2.06
2017.10.12 23:36:03.848,0.7825,0.7826,1.25,2.06
2017.10.12 23:36:04.957,0.7825,0.7826,1.25,1.44
2017.10.12 23:36:06.489,0.7825,0.78258,1.25,1.31
2017.10.12 23:36:13.024,0.7825,0.78258,1.00,2.25
2017.10.12 23:36:15.400,0.78249,0.78258,1.69,2.00
2017.10.12 23:36:18.800,0.78249,0.7826,1.31,3.00
2017.10.12 23:36:18.924,0.78251,0.78258,1.00,3.19
2017.10.12 23:36:19.515,0.7825,0.78258,1.00,2.44
2017.10.12 23:36:20.069,0.7825,0.78258,1.00,1.50
2017.10.12 23:36:28.671,0.7825,0.78259,1.25,2.81
2017.10.12 23:36:31.547,0.78252,0.7826,1.00,1.87
2017.10.12 23:36:32.056,0.78251,0.78261,1.00,2.44
2017.10.12 23:36:32.601,0.78251,0.78261,1.00,3.19
2017.10.12 23:36:33.206,0.78251,0.78261,1.00,2.44
2017.10.12 23:36:35.427,0.78251,0.78261,1.00,3.37
2017.10.12 23:36:35.939,0.78251,0.78261,1.00,2.44
2017.10.12 23:36:36.543,0.78251,0.78261,1.00,3.19
2017.10.12 23:36:37.166,0.78251,0.78261,1.00,3.37
2017.10.12 23:36:38.641,0.78251,0.78261,1.12,1.87
2017.10.12 23:36:39.182,0.78251,0.78261,1.12,2.25
2017.10.12 23:36:39.998,0.78253,0.78261,1.00,1.69
2017.10.12 23:36:48.596,0.78254,0.78261,1.00,1.00
2017.10.12 23:36:50.563,0.78254,0.78261,1.00,1.44
2017.10.12 23:36:52.708,0.78254,0.78261,1.00,1.25
2017.10.12 23:36:57.439,0.78254,0.78261,1.00,1.88
2017.10.12 23:36:58.000,0.78254,0.78261,1.00,1.25
2017.10.12 23:36:58.632,0.78253,0.78261,1.00,1.44
2017.10.12 23:36:59.456,0.78253,0.78261,1.00,1.44
2017.10.12 23:37:00.013,0.78253,0.78261,1.00,1.25
2017.10.12 23:37:00.548,0.78253,0.78261,1.00,1.44
2017.10.12 23:37:02.550,0.78253,0.78261,1.00,1.25
2017.10.12 23:37:04.404,0.78253,0.78261,1.00,1.13
2017.10.12 23:37:04.973,0.78253,0.78261,1.00,1.13
2017.10.12 23:37:05.552,0.78253,0.78261,1.00,1.32
2017.10.12 23:37:05.654,0.78253,0.78261,1.00,1.25
2017.10.12 23:37:09.486,0.78253,0.78261,1.00,2.81
2017.10.12 23:37:11.506,0.78253,0.78261,1.00,1.69
2017.10.12 23:37:12.203,0.78253,0.78261,1.00,2.63
2017.10.12 23:37:13.510,0.78253,0.78261,1.00,1.69
2017.10.12 23:37:15.125,0.78254,0.78261,1.00,1.25
2017.10.12 23:37:17.115,0.78254,0.7826,1.00,1.00
2017.10.12 23:37:19.580,0.78254,0.78261,1.00,1.25
2017.10.12 23:37:22.191,0.78254,0.78261,1.00,1.00
2017.10.12 23:37:25.116,0.78252,0.78261,1.37,1.00
2017.10.12 23:37:26.554,0.78252,0.78261,1.37,1.00
2017.10.12 23:37:27.300,0.78253,0.78261,1.12,1.00
2017.10.12 23:37:27.819,0.78252,0.78261,1.37,1.00
2017.10.12 23:37:28.427,0.78254,0.78261,1.00,1.00
2017.10.12 23:37:31.805,0.78255,0.78261,1.00,1.00
2017.10.12 23:37:32.531,0.78255,0.78262,1.00,1.00
2017.10.12 23:37:33.450,0.78253,0.78262,1.12,1.00
2017.10.12 23:37:36.466,0.78253,0.78262,2.06,1.00
2017.10.12 23:37:38.597,0.78252,0.78262,2.44,1.00
2017.10.12 23:37:39.206,0.78252,0.78262,2.25,1.00
2017.10.12 23:37:39.719,0.78252,0.78262,1.69,1.25
2017.10.12 23:37:40.649,0.78251,0.78262,2.06,2.06
2017.10.12 23:37:41.160,0.78252,0.78262,1.25,3.00
2017.10.12 23:37:42.055,0.78251,0.7826,6.94,1.00
2017.10.12 23:37:43.966,0.78251,0.78257,1.00,1.00
2017.10.12 23:37:44.325,0.78252,0.7826,1.25,1.12
2017.10.12 23:37:44.427,0.78254,0.7826,1.00,1.00
2017.10.12 23:38:05.541,0.78254,0.78262,1.00,1.00
2017.10.12 23:38:06.116,0.78255,0.78263,1.00,1.69
2017.10.12 23:38:16.361,0.78256,0.78262,1.00,1.12
2017.10.12 23:38:23.677,0.78255,0.78262,1.00,1.00
2017.10.12 23:38:36.758,0.78254,0.78262,2.81,1.00
2017.10.12 23:38:51.847,0.78255,0.78262,1.00,1.00
2017.10.12 23:38:55.902,0.78254,0.78262,1.00,1.50
2017.10.12 23:38:56.514,0.78252,0.78262,4.12,1.50
2017.10.12 23:39:09.789,0.78252,0.78262,3.94,1.50
2017.10.12 23:39:11.344,0.78251,0.78261,3.56,1.00
2017.10.12 23:39:11.650,0.78251,0.7826,1.69,1.00
2017.10.12 23:39:22.793,0.7825,0.78259,6.37,1.00
2017.10.12 23:39:26.506,0.7825,0.7826,3.00,1.25
2017.10.12 23:39:29.839,0.7825,0.7826,3.94,1.00
2017.10.12 23:39:30.881,0.78251,0.7826,1.50,1.00
2017.10.12 23:39:35.505,0.78251,0.7826,1.00,1.00
2017.10.12 23:39:36.053,0.78253,0.78262,1.50,1.00
2017.10.12 23:39:36.359,0.78253,0.78264,1.87,3.19
2017.10.12 23:39:37.763,0.78253,0.78264,3.19,2.81
2017.10.12 23:39:46.845,0.78253,0.78264,3.56,3.75
2017.10.12 23:39:49.798,0.78255,0.78264,1.00,2.81
2017.10.12 23:39:53.713,0.78255,0.78264,1.00,3.19
2017.10.12 23:39:55.886,0.78253,0.78264,2.81,2.25
2017.10.12 23:39:56.852,0.78257,0.78265,1.25,3.75
2017.10.12 23:39:57.531,0.78257,0.78265,1.19,1.00
2017.10.12 23:39:58.067,0.78256,0.78265,2.62,1.12
2017.10.12 23:39:59.597,0.78256,0.78265,3.94,1.87
2017.10.12 23:40:07.236,0.78254,0.78264,6.56,1.50
2017.10.12 23:40:07.441,0.78251,0.78261,6.75,1.00
2017.10.12 23:40:07.493,0.78251,0.78261,4.87,1.25
2017.10.12 23:40:08.021,0.78252,0.78261,1.00,1.50
2017.10.12 23:40:09.063,0.78255,0.78262,2.25,1.00
2017.10.12 23:40:09.370,0.78258,0.78267,1.50,1.69
2017.10.12 23:40:09.473,0.7826,0.7827,1.12,2.06
2017.10.12 23:40:09.628,0.78261,0.78271,2.81,1.25
2017.10.12 23:40:09.680,0.78261,0.78271,3.19,1.25
2017.10.12 23:40:09.954,0.78261,0.78271,3.56,1.25
2017.10.12 23:40:11.499,0.7826,0.7827,2.81,2.44
2017.10.12 23:40:12.047,0.7826,0.78269,1.00,2.81
2017.10.12 23:40:18.224,0.7826,0.78269,1.00,4.50
2017.10.12 23:40:18.571,0.78257,0.78268,3.37,1.56
2017.10.12 23:40:18.622,0.78257,0.78266,2.62,1.75
2017.10.12 23:40:18.827,0.78253,0.78262,1.69,1.00
2017.10.12 23:40:20.963,0.78258,0.78263,1.00,1.19
2017.10.12 23:40:21.015,0.78257,0.78266,1.19,4.31
2017.10.12 23:40:21.168,0.7826,0.78268,1.00,3.19
2017.10.12 23:40:21.271,0.7826,0.78269,1.48,1.69
2017.10.12 23:40:21.840,0.78259,0.78269,4.48,1.69
2017.10.12 23:40:23.599,0.7826,0.78269,1.50,1.19
2017.10.12 23:40:24.206,0.7826,0.78269,1.50,1.25
2017.10.12 23:40:25.681,0.7826,0.78269,2.42,1.25
2017.10.12 23:40:27.316,0.78261,0.78269,1.69,1.25
2017.10.12 23:40:27.673,0.78262,0.78272,2.44,1.69
2017.10.12 23:40:28.198,0.78263,0.78273,1.25,2.06
2017.10.12 23:40:35.499,0.78261,0.78272,1.00,2.62
2017.10.12 23:40:36.004,0.7826,0.78271,1.25,1.69
2017.10.12 23:40:36.488,0.78259,0.78269,1.87,1.50
2017.10.12 23:40:37.027,0.78259,0.78268,1.50,1.50
2017.10.12 23:40:37.573,0.78258,0.78267,1.50,1.69
2017.10.12 23:40:49.141,0.78259,0.78268,1.69,2.06
2017.10.12 23:40:49.691,0.7826,0.78268,1.00,1.19
2017.10.12 23:40:49.793,0.78258,0.78266,1.50,1.50
2017.10.12 23:40:50.070,0.78258,0.78265,1.12,1.75
2017.10.12 23:40:51.122,0.78258,0.78265,2.25,1.75
2017.10.12 23:40:51.321,0.78258,0.78266,2.25,1.50
2017.10.12 23:40:53.039,0.78258,0.78266,1.50,1.75
2017.10.12 23:40:53.555,0.78258,0.78262,1.00,1.00
2017.10.12 23:40:53.607,0.78255,0.78264,1.00,3.19
2017.10.12 23:40:53.869,0.78252,0.78262,2.25,1.12
2017.10.12 23:40:54.969,0.78252,0.78262,2.06,1.25
2017.10.12 23:40:55.550,0.78252,0.78262,2.25,1.25
2017.10.12 23:40:56.114,0.78252,0.78262,2.06,1.25
2017.10.12 23:40:57.415,0.78252,0.78262,2.25,1.25
2017.10.12 23:40:58.024,0.78252,0.78262,1.00,1.25
2017.10.12 23:40:59.172,0.78252,0.78262,1.00,1.69
2017.10.12 23:41:01.098,0.78252,0.78261,1.00,1.87
2017.10.12 23:41:01.149,0.7825,0.7826,1.87,3.19
2017.10.12 23:41:01.253,0.78249,0.78259,1.50,4.12
2017.10.12 23:41:02.946,0.78249,0.78256,1.12,1.31
2017.10.12 23:41:03.201,0.78246,0.78256,1.37,2.00
2017.10.12 23:41:03.456,0.78245,0.78255,2.06,2.06
2017.10.12 23:41:03.966,0.78244,0.78254,1.00,1.69
2017.10.12 23:41:07.515,0.78243,0.78253,1.25,1.00
2017.10.12 23:41:14.449,0.78243,0.78253,1.69,1.00
2017.10.12 23:41:15.902,0.78243,0.78253,1.50,1.00
2017.10.12 23:41:18.048,0.78243,0.78253,1.69,1.00
2017.10.12 23:41:19.486,0.78243,0.78253,1.31,1.00
2017.10.12 23:41:24.838,0.78243,0.78253,1.31,1.00
2017.10.12 23:41:25.496,0.78243,0.78253,1.12,1.00
2017.10.12 23:41:27.903,0.78243,0.78253,1.31,1.00
2017.10.12 23:41:28.396,0.78242,0.78251,1.00,1.25
2017.10.12 23:41:28.702,0.78239,0.78248,3.75,1.00
2017.10.12 23:41:29.457,0.7824,0.78248,1.00,1.00
2017.10.12 23:41:29.970,0.7824,0.78248,1.00,1.66
2017.10.12 23:41:33.805,0.78239,0.78248,1.12,1.50
2017.10.12 23:41:36.689,0.78239,0.78248,1.00,2.25
2017.10.12 23:41:39.121,0.78239,0.78248,1.00,2.44
2017.10.12 23:41:44.127,0.78236,0.78247,5.25,1.50
2017.10.12 23:41:44.230,0.78236,0.78247,1.00,2.62
2017.10.12 23:41:46.151,0.78236,0.78246,1.00,2.05
2017.10.12 23:41:46.203,0.78235,0.78243,1.87,1.30
2017.10.12 23:41:46.510,0.7823,0.78237,1.12,1.12
2017.10.12 23:41:51.205,0.7823,0.78237,1.70,1.00
2017.10.12 23:41:51.308,0.7823,0.78239,2.83,1.25
2017.10.12 23:41:53.753,0.78231,0.78241,2.06,1.69
2017.10.12 23:41:54.265,0.78231,0.78241,2.26,1.25
2017.10.12 23:41:54.776,0.7823,0.78241,5.64,1.25
2017.10.12 23:41:55.368,0.7823,0.78241,6.20,1.25
2017.10.12 23:41:56.069,0.7823,0.78241,5.26,1.25
2017.10.12 23:41:56.618,0.7823,0.7824,6.01,1.00
2017.10.12 23:41:58.034,0.7823,0.7824,4.51,1.00
2017.10.12 23:41:58.586,0.78231,0.7824,2.09,1.00
2017.10.12 23:41:59.459,0.7823,0.7824,4.34,1.00
2017.10.12 23:42:00.162,0.78231,0.7824,2.09,1.00
2017.10.12 23:42:00.922,0.78231,0.7824,1.90,1.00
2017.10.12 23:42:01.807,0.78231,0.78241,1.90,1.25
2017.10.12 23:42:04.291,0.78231,0.78241,2.28,1.25
2017.10.12 23:42:04.798,0.78232,0.78241,1.03,1.25
2017.10.12 23:42:05.592,0.7823,0.78241,4.90,1.25
2017.10.12 23:42:06.201,0.78231,0.78241,2.09,1.25
2017.10.12 23:42:06.862,0.78231,0.78241,3.03,1.25
2017.10.12 23:42:07.423,0.7823,0.78241,4.71,1.25
2017.10.12 23:42:08.065,0.7823,0.78241,6.56,1.25
2017.10.12 23:42:08.705,0.78231,0.78241,2.25,1.25
2017.10.12 23:42:10.050,0.7823,0.78241,5.09,1.25
2017.10.12 23:42:10.478,0.7823,0.7824,2.62,1.50
2017.10.12 23:42:10.996,0.78229,0.78239,3.00,1.31
2017.10.12 23:42:12.986,0.78229,0.78239,1.87,1.19
2017.10.12 23:42:15.986,0.78229,0.78238,2.06,1.25
2017.10.12 23:42:22.368,0.78228,0.78237,1.51,1.00
2017.10.12 23:42:22.924,0.78228,0.78236,1.00,1.00
2017.10.12 23:42:24.975,0.78229,0.78238,1.00,2.81
2017.10.12 23:42:27.222,0.78231,0.78239,1.50,1.87
2017.10.12 23:42:28.142,0.78231,0.7824,1.26,2.44
2017.10.12 23:42:28.649,0.78231,0.7824,1.01,2.06
2017.10.12 23:42:29.296,0.78231,0.7824,1.01,1.31
2017.10.12 23:42:29.835,0.78231,0.7824,1.51,1.19
2017.10.12 23:42:30.048,0.78232,0.78242,1.00,2.06
2017.10.12 23:42:30.558,0.78232,0.78242,1.51,1.31
2017.10.12 23:42:31.361,0.78232,0.78242,2.06,1.31
2017.10.12 23:42:37.904,0.78231,0.78241,1.01,1.31
2017.10.12 23:42:41.036,0.78231,0.78241,1.14,1.50
2017.10.12 23:42:42.871,0.7823,0.78241,2.82,1.12
2017.10.12 23:42:48.256,0.78231,0.78241,1.37,1.31
2017.10.12 23:42:48.847,0.7823,0.78241,3.01,1.62
2017.10.12 23:42:49.465,0.7823,0.78241,2.82,1.31
2017.10.12 23:42:50.953,0.7823,0.78241,2.63,1.31
2017.10.12 23:42:53.253,0.78231,0.78241,1.26,1.62
2017.10.12 23:42:57.241,0.7823,0.78241,1.88,2.06
2017.10.12 23:43:06.168,0.78233,0.78241,1.00,1.31
2017.10.12 23:43:15.477,0.78232,0.78241,1.01,1.69
2017.10.12 23:43:15.998,0.78234,0.78241,1.00,1.69
2017.10.12 23:43:19.212,0.78234,0.78241,1.00,1.31
2017.10.12 23:43:37.726,0.78234,0.78242,1.00,1.31
2017.10.12 23:43:39.787,0.78234,0.78242,1.00,1.31
2017.10.12 23:44:01.858,0.78233,0.78242,1.00,1.69
2017.10.12 23:44:10.822,0.78233,0.78242,1.00,4.12
2017.10.12 23:44:11.452,0.78233,0.78241,1.00,1.00
2017.10.12 23:44:13.668,0.78233,0.78242,1.00,3.94
2017.10.12 23:44:17.110,0.78233,0.78242,1.00,5.06
2017.10.12 23:44:17.613,0.78233,0.78242,1.00,3.19
2017.10.12 23:44:18.166,0.78233,0.78241,1.00,1.00
2017.10.12 23:44:18.735,0.78233,0.78242,1.00,3.19
2017.10.12 23:44:21.005,0.78233,0.78241,1.00,1.00
2017.10.12 23:44:21.862,0.78233,0.78242,1.00,3.94
2017.10.12 23:44:24.814,0.78233,0.78242,1.00,3.94
2017.10.12 23:44:54.837,0.78233,0.78242,1.00,3.56
2017.10.12 23:44:55.665,0.78233,0.78241,1.00,1.00
2017.10.12 23:45:04.297,0.78231,0.78238,1.12,1.50
2017.10.12 23:45:04.812,0.7823,0.78238,1.00,2.44
2017.10.12 23:45:05.344,0.78226,0.78235,1.00,3.94
2017.10.12 23:45:05.863,0.78226,0.78233,1.00,1.00
2017.10.12 23:45:08.444,0.78226,0.78234,1.00,1.87
2017.10.12 23:45:10.486,0.78229,0.78235,1.12,2.62
2017.10.12 23:45:10.683,0.78232,0.7824,1.50,1.69
2017.10.12 23:45:16.119,0.78232,0.78238,1.00,1.00
2017.10.12 23:45:16.171,0.78229,0.78235,2.62,1.00
2017.10.12 23:45:16.274,0.78224,0.78235,2.06,3.37
2017.10.12 23:45:16.987,0.78224,0.78235,1.50,1.31
2017.10.12 23:45:17.538,0.78225,0.78234,1.00,1.31
2017.10.12 23:45:18.707,0.78225,0.78234,1.00,1.69
2017.10.12 23:45:19.317,0.78225,0.78234,1.00,1.69
2017.10.12 23:45:21.895,0.78225,0.78234,1.00,1.69
2017.10.12 23:45:22.412,0.78225,0.78234,1.00,1.31
2017.10.12 23:45:24.678,0.78225,0.78235,1.44,1.12
2017.10.12 23:45:24.730,0.78229,0.78235,1.00,1.12
2017.10.12 23:45:24.918,0.78226,0.78236,1.29,2.25
2017.10.12 23:45:25.525,0.78225,0.78237,3.07,2.81
2017.10.12 23:45:26.061,0.78225,0.78237,2.14,2.81
2017.10.12 23:45:28.648,0.78225,0.78236,2.70,1.00
2017.10.12 23:45:29.005,0.78225,0.78233,1.10,1.50
2017.10.12 23:45:29.209,0.78223,0.78233,3.45,1.00
2017.10.12 23:45:34.199,0.78223,0.78233,1.20,1.37
2017.10.12 23:45:34.736,0.78223,0.78233,1.20,1.00
2017.10.12 23:45:37.689,0.78225,0.78234,1.00,2.80
2017.10.12 23:45:39.122,0.78225,0.78234,1.00,2.06
2017.10.12 23:45:40.401,0.78225,0.78234,1.00,1.37
2017.10.12 23:45:42.024,0.78225,0.78234,1.00,1.50
2017.10.12 23:45:45.323,0.78225,0.78234,1.00,3.56
2017.10.12 23:45:45.859,0.78225,0.78234,1.00,2.25
2017.10.12 23:45:48.078,0.78225,0.78234,1.00,4.50
2017.10.12 23:45:48.588,0.78225,0.78233,1.00,1.81
2017.10.12 23:45:49.218,0.78224,0.78232,1.00,1.50
2017.10.12 23:45:50.564,0.78224,0.78232,1.00,2.25
2017.10.12 23:45:51.810,0.78224,0.78232,1.00,6.75
2017.10.12 23:45:59.240,0.78224,0.78232,1.00,5.25
2017.10.12 23:45:59.986,0.78224,0.78232,1.00,4.69
2017.10.12 23:46:04.081,0.78224,0.78232,1.00,2.62
2017.10.12 23:46:14.539,0.78223,0.78231,1.00,1.25
2017.10.12 23:46:15.203,0.78223,0.78232,1.00,5.06
2017.10.12 23:46:23.299,0.7822,0.78227,1.57,1.00
2017.10.12 23:46:23.505,0.78217,0.78227,1.00,1.31
2017.10.12 23:46:23.731,0.78219,0.78228,1.00,2.44
2017.10.12 23:46:23.787,0.78219,0.78228,1.00,1.31
2017.10.12 23:46:31.446,0.7822,0.78228,1.00,1.50
2017.10.12 23:46:38.486,0.7822,0.78227,1.00,1.00
2017.10.12 23:46:40.845,0.7822,0.78228,1.00,1.31
2017.10.12 23:46:41.459,0.78219,0.78228,1.00,1.69
2017.10.12 23:46:43.301,0.78222,0.78229,1.00,3.19
2017.10.12 23:46:43.353,0.78222,0.78231,1.00,5.06
2017.10.12 23:46:47.475,0.78223,0.78231,1.00,1.69
2017.10.12 23:46:59.366,0.78221,0.78231,1.10,2.06
2017.10.12 23:47:02.115,0.78221,0.78232,1.57,6.56
2017.10.12 23:47:05.208,0.78223,0.78232,1.00,5.06
2017.10.12 23:47:05.515,0.78224,0.78233,1.00,1.31
2017.10.12 23:47:06.045,0.78224,0.78233,1.00,1.62
2017.10.12 23:47:06.591,0.78224,0.78234,1.50,4.12
2017.10.12 23:47:08.126,0.78224,0.78233,1.50,2.62
2017.10.12 23:47:08.702,0.78224,0.78233,1.50,3.00
2017.10.12 23:47:18.094,0.78224,0.78233,1.00,3.37
2017.10.12 23:47:18.761,0.78224,0.78233,1.00,2.06
2017.10.12 23:47:25.219,0.78225,0.78234,1.00,4.31
2017.10.12 23:47:39.836,0.78225,0.78233,1.00,1.31
2017.10.12 23:47:41.013,0.7823,0.78234,1.00,2.62
2017.10.12 23:47:41.117,0.78229,0.78237,1.00,3.37
2017.10.12 23:47:41.219,0.78229,0.78239,1.00,3.94
2017.10.12 23:47:43.091,0.78231,0.78239,1.00,3.94
2017.10.12 23:47:44.171,0.78232,0.78239,1.00,3.19
2017.10.12 23:47:44.697,0.78232,0.78239,1.00,2.81
2017.10.12 23:47:48.988,0.78232,0.7824,1.00,4.31
2017.10.12 23:47:50.232,0.7823,0.78239,1.00,1.86
2017.10.12 23:47:50.335,0.78227,0.78236,1.20,1.87
2017.10.12 23:47:50.686,0.78226,0.78234,1.00,3.94
2017.10.12 23:47:53.747,0.78226,0.78234,1.00,1.87
2017.10.12 23:47:54.295,0.78226,0.78234,1.00,1.87
2017.10.12 23:47:58.002,0.78226,0.78233,1.00,1.31
2017.10.12 23:47:58.055,0.78224,0.78232,1.00,1.12
2017.10.12 23:47:58.560,0.78223,0.78231,1.50,1.25
2017.10.12 23:47:58.613,0.78223,0.78231,1.00,1.37
2017.10.12 23:48:02.762,0.78224,0.78232,1.00,3.19
2017.10.12 23:48:04.985,0.78224,0.78232,1.00,1.25
2017.10.12 23:48:13.540,0.78225,0.78232,1.00,2.06
2017.10.12 23:48:27.191,0.78224,0.78233,1.00,1.50
2017.10.12 23:48:27.946,0.78224,0.78233,1.00,3.56
2017.10.12 23:48:36.517,0.78225,0.78233,1.00,2.81
2017.10.12 23:48:40.750,0.78226,0.78233,1.00,1.69
2017.10.12 23:48:44.603,0.78227,0.78234,1.00,4.31
2017.10.12 23:48:45.200,0.78228,0.78234,1.00,1.31
2017.10.12 23:48:46.237,0.78227,0.78234,1.00,1.19
2017.10.12 23:48:46.748,0.78228,0.78234,1.00,1.00
2017.10.12 23:48:49.837,0.78228,0.78234,1.00,3.37
2017.10.12 23:48:50.871,0.78226,0.78234,1.00,3.37
2017.10.12 23:48:56.319,0.78226,0.78234,1.00,1.00
2017.10.12 23:48:58.247,0.78226,0.78234,1.00,2.62
2017.10.12 23:48:58.451,0.78228,0.78234,1.00,2.25
2017.10.12 23:48:58.828,0.78228,0.78235,1.00,1.50
2017.10.12 23:49:06.192,0.78228,0.78235,1.00,2.44
2017.10.12 23:49:10.475,0.78228,0.78235,1.00,2.44
2017.10.12 23:49:10.578,0.78228,0.78235,1.00,3.94
2017.10.12 23:49:10.838,0.78233,0.78241,1.00,2.81
2017.10.12 23:49:10.891,0.78234,0.78242,1.00,4.50
2017.10.12 23:49:12.164,0.78234,0.78242,1.00,1.12
2017.10.12 23:49:12.266,0.78236,0.78243,1.00,1.25
2017.10.12 23:49:57.464,0.78237,0.78243,1.00,1.25
2017.10.12 23:49:57.970,0.78236,0.78243,1.00,1.00
2017.10.12 23:50:16.897,0.78236,0.78245,1.00,1.34
2017.10.12 23:50:17.416,0.78236,0.78245,1.00,2.65
2017.10.12 23:50:17.927,0.78236,0.78245,1.00,2.28
2017.10.12 23:50:20.239,0.78236,0.78245,1.00,2.65
2017.10.12 23:50:20.342,0.78236,0.78245,1.00,1.90
2017.10.12 23:50:20.846,0.78236,0.78245,1.00,2.09
2017.10.12 23:50:21.662,0.78236,0.78245,1.00,2.28
2017.10.12 23:50:23.597,0.78236,0.78244,1.00,1.03
2017.10.12 23:50:26.389,0.78236,0.78245,1.00,1.53
2017.10.12 23:50:27.997,0.78235,0.78244,1.00,1.00
2017.10.12 23:50:28.533,0.78236,0.78245,1.00,1.87
2017.10.12 23:50:29.995,0.78237,0.78245,1.00,1.87
2017.10.12 23:50:30.503,0.78236,0.78244,1.00,2.06
2017.10.12 23:50:31.760,0.78236,0.78244,1.00,1.37
2017.10.12 23:50:32.077,0.78236,0.78245,1.00,1.50
2017.10.12 23:50:33.574,0.78237,0.78245,1.00,1.00
2017.10.12 23:50:46.107,0.78237,0.78245,1.00,1.62
2017.10.12 23:50:50.304,0.78237,0.78245,1.00,1.69
2017.10.12 23:50:53.112,0.78237,0.78245,1.00,2.06
2017.10.12 23:50:54.307,0.78237,0.78244,1.00,1.69
2017.10.12 23:50:54.895,0.78237,0.78244,1.00,1.00
2017.10.12 23:51:02.102,0.78236,0.78244,1.00,2.81
2017.10.12 23:51:02.154,0.78235,0.78243,1.00,1.69
2017.10.12 23:51:20.332,0.78235,0.78241,1.00,2.06
2017.10.12 23:51:20.385,0.78232,0.7824,1.56,1.50
2017.10.12 23:51:20.438,0.78231,0.78237,2.62,1.50
2017.10.12 23:51:20.489,0.7823,0.78237,1.12,1.50
2017.10.12 23:51:20.695,0.78232,0.7824,1.00,3.56
2017.10.12 23:51:20.892,0.78235,0.78242,1.00,1.25
2017.10.12 23:51:28.847,0.78234,0.78243,1.00,1.87
2017.10.12 23:51:33.953,0.78232,0.7824,1.12,1.25
2017.10.12 23:51:34.259,0.78231,0.7824,1.00,1.44
2017.10.12 23:51:35.321,0.78232,0.7824,1.00,1.69
2017.10.12 23:51:35.373,0.78232,0.7824,1.00,1.00
2017.10.12 23:51:35.885,0.78233,0.78241,1.25,1.25
2017.10.12 23:51:42.431,0.78235,0.78243,1.00,1.69
2017.10.12 23:51:58.934,0.78234,0.78244,1.69,1.69
2017.10.12 23:52:01.641,0.78234,0.78244,2.25,1.69
2017.10.12 23:52:02.251,0.78234,0.78244,1.31,1.69
2017.10.12 23:52:04.104,0.78235,0.78244,1.00,1.69
2017.10.12 23:52:07.915,0.78234,0.78244,2.44,1.69
2017.10.12 23:52:09.556,0.78234,0.78244,2.62,1.69
2017.10.12 23:52:10.176,0.78234,0.78244,1.44,1.69
2017.10.12 23:52:12.003,0.78234,0.78244,1.25,1.69
2017.10.12 23:52:12.510,0.78234,0.78245,1.44,2.06
2017.10.12 23:52:16.242,0.78235,0.78246,1.44,6.56
2017.10.12 23:52:17.037,0.78235,0.78246,1.00,4.87
2017.10.12 23:52:24.837,0.78235,0.78244,1.00,1.19
2017.10.12 23:52:30.343,0.78234,0.78245,1.00,4.69
2017.10.12 23:52:39.788,0.78234,0.78244,1.00,1.69
2017.10.12 23:52:40.296,0.78234,0.78244,1.00,1.69
2017.10.12 23:52:53.081,0.78236,0.78245,1.00,6.56
2017.10.12 23:52:54.839,0.78236,0.78245,1.00,3.19
2017.10.12 23:52:55.363,0.78235,0.78245,2.06,2.44
2017.10.12 23:52:55.695,0.78241,0.78246,2.25,2.62
2017.10.12 23:52:55.798,0.78244,0.78253,1.50,1.50
2017.10.12 23:52:55.850,0.78243,0.78251,1.00,1.00
2017.10.12 23:52:56.786,0.78245,0.78255,1.00,1.50
2017.10.12 23:53:00.083,0.78246,0.78254,1.00,1.26
2017.10.12 23:53:01.521,0.78247,0.78255,1.00,2.63
2017.10.12 23:53:08.724,0.78249,0.78257,1.00,2.44
2017.10.12 23:53:08.776,0.78252,0.78259,1.00,1.25
2017.10.12 23:53:08.827,0.78253,0.78262,1.00,2.62
2017.10.12 23:53:18.076,0.78253,0.78262,1.00,4.51
2017.10.12 23:53:18.614,0.78253,0.78262,1.00,6.19
2017.10.12 23:53:31.599,0.78253,0.78263,1.50,3.76
2017.10.12 23:53:32.845,0.78253,0.78262,1.50,1.88
2017.10.12 23:53:33.373,0.78253,0.78263,1.50,3.38
2017.10.12 23:53:33.945,0.78253,0.78263,1.50,4.51
2017.10.12 23:53:35.996,0.78253,0.78263,1.50,2.63
2017.10.12 23:53:36.098,0.78253,0.78262,1.50,1.32
2017.10.12 23:53:36.316,0.78253,0.78263,1.50,4.13
2017.10.12 23:53:36.738,0.78253,0.78262,1.00,1.32
2017.10.12 23:53:36.950,0.78253,0.78263,1.00,2.63
2017.10.12 23:53:37.578,0.78253,0.78262,1.00,1.00
2017.10.12 23:53:38.786,0.78253,0.78262,1.00,1.89
2017.10.12 23:53:39.313,0.78253,0.78262,1.00,1.02
2017.10.12 23:53:40.835,0.78253,0.78263,1.50,2.83
2017.10.12 23:53:42.297,0.78253,0.78263,1.50,1.13
2017.10.12 23:53:42.348,0.78255,0.78264,1.00,2.25
2017.10.12 23:53:42.400,0.78255,0.78264,1.00,2.25
2017.10.12 23:53:43.324,0.78255,0.78266,1.00,5.06
2017.10.12 23:53:46.657,0.78257,0.78266,1.00,3.56
2017.10.12 23:53:47.235,0.78257,0.78265,1.00,3.94
2017.10.12 23:53:49.382,0.78257,0.78265,1.00,2.07
2017.10.12 23:53:50.114,0.78257,0.78266,1.00,4.14
2017.10.12 23:53:51.196,0.78257,0.78265,1.00,1.51
2017.10.12 23:53:51.749,0.78257,0.78265,1.00,1.51
2017.10.12 23:53:52.516,0.78257,0.78265,1.00,2.64
2017.10.12 23:53:54.720,0.78257,0.78265,1.00,2.26
2017.10.12 23:53:55.487,0.78257,0.78265,1.00,3.76
2017.10.12 23:53:56.897,0.78257,0.78265,1.00,2.07
2017.10.12 23:53:57.421,0.78256,0.78265,1.00,1.89
2017.10.12 23:53:58.232,0.78258,0.78266,1.00,3.00
2017.10.12 23:53:58.753,0.78256,0.78267,1.25,3.39
2017.10.12 23:53:59.285,0.78256,0.78267,1.25,2.08
2017.10.12 23:54:00.070,0.78256,0.78266,1.25,1.02
2017.10.12 23:54:00.590,0.78256,0.78266,1.25,3.37
2017.10.12 23:54:01.688,0.78259,0.78266,1.00,2.64
2017.10.12 23:54:02.977,0.78256,0.78266,1.25,1.65
2017.10.12 23:54:03.740,0.78256,0.78266,1.25,2.62
2017.10.12 23:54:05.111,0.78256,0.78266,1.31,3.95
2017.10.12 23:54:07.540,0.78259,0.78266,1.00,1.02
2017.10.12 23:54:07.642,0.7826,0.78269,1.25,2.62
2017.10.12 23:54:08.159,0.7826,0.78268,1.25,1.69
2017.10.12 23:54:14.684,0.7826,0.78268,1.25,1.01
2017.10.12 23:54:15.485,0.7826,0.78268,1.25,1.01
2017.10.12 23:54:16.007,0.7826,0.78269,1.25,1.01
2017.10.12 23:54:16.677,0.7826,0.78269,1.25,1.13
2017.10.12 23:54:17.282,0.7826,0.78269,1.25,1.13
2017.10.12 23:54:17.888,0.7826,0.78269,1.25,1.88
2017.10.12 23:54:18.041,0.78261,0.78269,1.00,1.12
2017.10.12 23:54:18.580,0.78261,0.7827,1.00,3.01
2017.10.12 23:54:19.112,0.78261,0.7827,1.00,1.70
2017.10.12 23:54:19.738,0.78259,0.78268,1.19,1.00
2017.10.12 23:54:22.997,0.78258,0.78267,2.81,1.00
2017.10.12 23:54:23.435,0.78262,0.78269,1.00,1.51
2017.10.12 23:54:23.937,0.78262,0.78269,1.00,1.70
2017.10.12 23:54:25.393,0.78262,0.7827,1.00,2.25
2017.10.12 23:54:25.951,0.78263,0.78271,1.00,2.81
2017.10.12 23:54:30.139,0.78263,0.78271,1.00,2.07
2017.10.12 23:54:30.902,0.78263,0.78271,1.00,1.50
2017.10.12 23:54:38.643,0.78263,0.78271,1.00,1.88
2017.10.12 23:54:41.697,0.78263,0.78271,1.00,1.01
2017.10.12 23:54:42.794,0.78263,0.78271,1.00,1.51
2017.10.12 23:54:43.894,0.78263,0.78272,1.00,2.63
2017.10.12 23:54:45.118,0.78263,0.78272,1.00,3.20
2017.10.12 23:54:45.759,0.78263,0.78272,1.00,1.88
2017.10.12 23:54:47.911,0.78263,0.78272,1.00,3.20
2017.10.12 23:54:48.130,0.78263,0.78272,1.00,1.87
2017.10.12 23:54:48.678,0.78263,0.78272,1.00,3.75
2017.10.12 23:54:50.764,0.7826,0.78268,1.50,1.50
2017.10.12 23:54:50.816,0.78261,0.7827,1.12,1.00
2017.10.12 23:54:51.350,0.78262,0.7827,1.00,1.00
2017.10.12 23:54:56.895,0.78262,0.78271,1.00,3.95
2017.10.12 23:54:58.223,0.78262,0.78271,1.00,4.87
2017.10.12 23:54:58.839,0.78262,0.78271,1.00,4.89
2017.10.12 23:55:00.621,0.78262,0.78271,1.00,3.39
2017.10.12 23:55:03.173,0.78262,0.78271,1.00,4.51
2017.10.12 23:55:03.679,0.78262,0.7827,1.50,1.02
2017.10.12 23:55:04.820,0.78263,0.78272,1.69,1.87
2017.10.12 23:55:04.923,0.78264,0.78273,1.00,1.50
2017.10.12 23:55:05.424,0.78263,0.78273,1.25,1.50
2017.10.12 23:55:05.966,0.78263,0.78274,1.25,3.19
2017.10.12 23:55:07.079,0.78263,0.78273,1.25,1.00
2017.10.12 23:55:07.588,0.78263,0.78274,1.25,2.44
2017.10.12 23:55:08.176,0.78263,0.78274,1.25,2.44
2017.10.12 23:55:08.709,0.78263,0.78273,1.25,1.25
2017.10.12 23:55:09.689,0.78263,0.78274,1.25,2.44
2017.10.12 23:55:10.661,0.78263,0.78274,2.62,3.00
2017.10.12 23:55:12.638,0.78263,0.78274,1.31,2.44
2017.10.12 23:55:13.644,0.78263,0.78274,1.87,3.19
2017.10.12 23:55:14.570,0.78263,0.78274,1.69,1.69
2017.10.12 23:55:18.084,0.78263,0.78274,1.69,1.69
2017.10.12 23:55:18.675,0.78263,0.78274,1.69,1.88
2017.10.12 23:55:19.241,0.78263,0.78274,1.87,2.63
2017.10.12 23:55:19.800,0.78263,0.78274,1.25,1.69
2017.10.12 23:55:26.967,0.78263,0.78273,2.62,1.25
2017.10.12 23:55:29.417,0.78263,0.78273,1.25,2.62
2017.10.12 23:55:30.597,0.78263,0.78273,1.25,2.06
2017.10.12 23:55:32.048,0.78263,0.78273,1.25,1.25
2017.10.12 23:55:32.909,0.78263,0.78273,1.25,2.06
2017.10.12 23:55:34.040,0.78263,0.78273,1.25,4.50
2017.10.12 23:55:34.177,0.78263,0.78271,1.25,1.25
2017.10.12 23:55:34.685,0.78263,0.7827,1.25,1.25
2017.10.12 23:55:35.722,0.78263,0.7827,1.25,1.19
2017.10.12 23:55:36.269,0.78263,0.78271,1.25,1.69
2017.10.12 23:55:36.525,0.78256,0.78266,1.31,1.50
2017.10.12 23:55:37.030,0.78256,0.78267,1.25,1.00
2017.10.12 23:55:37.346,0.78256,0.78265,1.25,1.00
2017.10.12 23:55:39.826,0.78256,0.78265,1.25,1.37
2017.10.12 23:55:40.607,0.78257,0.78265,1.00,1.37
2017.10.12 23:55:40.918,0.78262,0.78267,2.81,2.62
2017.10.12 23:55:41.020,0.78263,0.78273,1.00,1.50
2017.10.12 23:55:41.301,0.78262,0.78271,1.69,2.44
2017.10.12 23:55:41.867,0.78262,0.7827,1.50,1.69
2017.10.12 23:55:43.953,0.78262,0.7827,1.00,1.00
2017.10.12 23:55:46.370,0.78261,0.78269,1.25,1.00
2017.10.12 23:55:50.544,0.78262,0.78268,1.69,1.00
2017.10.12 23:55:50.721,0.78267,0.78276,1.00,3.00
2017.10.12 23:55:50.825,0.78268,0.78278,1.31,1.00
2017.10.12 23:55:50.979,0.78267,0.78275,3.56,1.00
2017.10.12 23:55:51.030,0.78266,0.78274,1.31,1.00
2017.10.12 23:55:51.134,0.78265,0.78274,1.25,1.00
2017.10.12 23:55:52.429,0.78266,0.78274,1.00,1.00
2017.10.12 23:55:52.973,0.78265,0.78274,1.12,1.00
2017.10.12 23:55:55.592,0.78264,0.78273,1.31,1.00
2017.10.12 23:55:56.711,0.78264,0.78271,1.31,1.00
2017.10.12 23:55:56.916,0.78261,0.78271,2.06,1.00
2017.10.12 23:55:56.967,0.78261,0.78269,2.44,1.00
2017.10.12 23:56:00.534,0.78261,0.78267,1.19,1.00
2017.10.12 23:56:00.688,0.78257,0.78264,1.00,1.00
2017.10.12 23:56:00.842,0.78255,0.78263,1.12,1.00
2017.10.12 23:56:01.056,0.78254,0.78261,1.19,1.00
2017.10.12 23:56:01.688,0.78251,0.78261,3.75,1.00
2017.10.12 23:56:03.409,0.78252,0.78259,1.31,1.00
2017.10.12 23:56:11.281,0.7825,0.78259,3.75,1.00
2017.10.12 23:56:14.950,0.7825,0.78257,1.69,1.00
2017.10.12 23:56:15.156,0.78248,0.78256,2.81,1.00
2017.10.12 23:56:15.928,0.78247,0.78258,2.06,1.25
2017.10.12 23:56:21.299,0.78247,0.78258,2.81,1.44
2017.10.12 23:56:23.305,0.78247,0.78258,2.44,1.25
2017.10.12 23:56:32.839,0.78249,0.78258,1.44,1.00
2017.10.12 23:56:36.261,0.78248,0.78257,1.69,1.00
2017.10.12 23:56:36.821,0.78248,0.78259,2.44,1.50
2017.10.12 23:56:36.923,0.78251,0.78261,2.81,1.37
2017.10.12 23:56:37.025,0.78251,0.78262,3.19,1.50
2017.10.12 23:56:37.178,0.78253,0.78262,1.19,1.00
2017.10.12 23:56:37.703,0.78253,0.78263,1.19,1.50
2017.10.12 23:56:43.538,0.78254,0.78264,1.31,1.12
2017.10.12 23:56:51.738,0.78253,0.78263,1.69,1.00
2017.10.12 23:56:52.530,0.78253,0.78262,1.19,1.00
2017.10.12 23:56:54.641,0.78254,0.78264,1.25,2.06
2017.10.12 23:56:55.163,0.78254,0.78264,1.25,2.25
2017.10.12 23:56:59.658,0.78254,0.78264,1.25,1.50
2017.10.12 23:56:59.811,0.78256,0.78264,1.00,1.12
2017.10.12 23:57:00.445,0.78256,0.78264,1.00,1.37
2017.10.12 23:57:02.274,0.78256,0.78264,1.00,1.12
2017.10.12 23:57:13.943,0.78256,0.78266,1.69,8.81
2017.10.12 23:57:14.646,0.78256,0.78266,1.69,5.81
2017.10.12 23:57:17.207,0.78256,0.78265,1.69,3.56
2017.10.12 23:57:24.224,0.78256,0.78265,1.01,1.25
2017.10.12 23:57:30.386,0.78256,0.78265,1.01,1.69
2017.10.12 23:57:33.737,0.78256,0.78265,1.26,1.25
2017.10.12 23:57:33.839,0.78256,0.78265,1.26,2.81
2017.10.12 23:57:47.275,0.78256,0.78266,1.00,4.69
2017.10.12 23:57:50.093,0.7826,0.78266,1.00,2.62
2017.10.12 23:57:50.246,0.78262,0.78271,1.00,3.00
2017.10.12 23:57:50.756,0.7826,0.78269,1.31,2.81
2017.10.12 23:57:51.575,0.7826,0.7827,1.19,2.06
2017.10.12 23:57:51.976,0.7826,0.7827,1.19,4.31
2017.10.12 23:57:53.889,0.7826,0.78269,1.19,3.00
2017.10.12 23:57:53.992,0.7826,0.78269,1.19,1.31
2017.10.12 23:57:54.537,0.7826,0.78269,1.19,1.62
2017.10.12 23:57:54.711,0.7826,0.7827,1.69,1.50
2017.10.12 23:57:54.864,0.7826,0.7827,1.69,3.94
2017.10.12 23:57:55.700,0.78262,0.78269,1.00,1.37
2017.10.12 23:57:56.218,0.7826,0.78269,1.69,1.37
2017.10.12 23:57:56.748,0.7826,0.78269,1.69,1.12
2017.10.12 23:57:57.765,0.78261,0.78269,1.25,3.37
2017.10.12 23:57:57.867,0.78261,0.78269,1.25,1.00
2017.10.12 23:57:58.275,0.7826,0.78269,1.69,2.81
2017.10.12 23:58:00.070,0.7826,0.78269,1.00,3.56
2017.10.12 23:58:00.617,0.7826,0.7827,1.00,5.81
2017.10.12 23:58:02.486,0.7826,0.78269,1.00,2.81
2017.10.12 23:58:03.100,0.7826,0.78269,1.00,1.00
2017.10.12 23:58:06.291,0.78263,0.78269,1.00,1.00
2017.10.12 23:58:06.444,0.78261,0.78271,1.00,3.56
2017.10.12 23:58:06.756,0.78265,0.78273,1.00,2.25
2017.10.12 23:58:06.911,0.78267,0.78275,1.00,1.69
2017.10.12 23:58:12.111,0.78264,0.78274,2.44,1.00
2017.10.12 23:58:23.485,0.78267,0.78274,1.00,1.00
2017.10.12 23:58:24.087,0.78266,0.78274,1.25,1.50
2017.10.12 23:58:24.604,0.78269,0.78275,1.00,2.62
2017.10.12 23:58:24.728,0.78269,0.7828,5.05,1.00
2017.10.12 23:58:24.884,0.78269,0.78278,1.56,1.00
2017.10.12 23:58:30.107,0.78269,0.78276,1.19,1.00
2017.10.12 23:58:33.097,0.78269,0.78275,1.19,1.00
2017.10.12 23:58:34.130,0.78269,0.78276,1.19,1.00
2017.10.12 23:58:35.230,0.78269,0.78274,1.19,1.00
2017.10.12 23:58:42.305,0.78269,0.78276,1.19,1.87
2017.10.12 23:58:42.683,0.78265,0.78275,3.56,1.00
2017.10.12 23:58:43.281,0.78265,0.78275,2.62,1.37
2017.10.12 23:58:43.846,0.78266,0.78275,1.12,1.12
2017.10.12 23:58:47.269,0.78265,0.78274,1.19,1.12
2017.10.12 23:58:47.987,0.78265,0.78274,1.19,1.50
2017.10.12 23:58:50.043,0.78264,0.78273,1.19,1.50
2017.10.12 23:58:50.146,0.78264,0.78271,1.19,1.00
2017.10.12 23:58:50.248,0.78264,0.78274,1.19,2.44
2017.10.12 23:58:50.299,0.78265,0.78274,1.25,6.00
2017.10.12 23:58:51.072,0.78264,0.78274,1.69,2.44
2017.10.12 23:58:51.402,0.7827,0.78277,1.00,2.25
2017.10.12 23:58:51.454,0.78269,0.78278,2.25,1.00
2017.10.12 23:58:51.964,0.78269,0.78277,1.19,1.00
2017.10.12 23:58:52.490,0.78268,0.78278,1.19,1.25
2017.10.12 23:58:54.104,0.78268,0.78276,1.19,1.00
2017.10.12 23:58:54.897,0.78268,0.78275,1.19,1.00
2017.10.12 23:58:55.153,0.78268,0.78278,1.19,1.12
2017.10.12 23:58:58.708,0.78268,0.78277,1.31,1.00
2017.10.12 23:59:00.799,0.78269,0.78278,1.25,1.00
2017.10.12 23:59:00.902,0.7827,0.78278,1.19,1.00
2017.10.12 23:59:13.903,0.7827,0.78277,1.19,1.00
2017.10.12 23:59:15.171,0.7827,0.78278,1.19,1.00
2017.10.12 23:59:15.273,0.7827,0.7828,1.19,3.00
2017.10.12 23:59:16.993,0.7827,0.7828,1.19,1.87
2017.10.12 23:59:17.675,0.7827,0.7828,1.19,2.25
2017.10.12 23:59:18.191,0.7827,0.78279,1.19,1.00
2017.10.12 23:59:18.775,0.7827,0.7828,1.19,3.94
2017.10.12 23:59:19.411,0.78269,0.7828,1.69,3.94
2017.10.12 23:59:20.863,0.78269,0.78279,2.25,1.25
2017.10.12 23:59:21.343,0.7827,0.78281,1.25,1.12
2017.10.12 23:59:21.647,0.7827,0.7828,1.69,2.06
2017.10.12 23:59:22.172,0.78269,0.7828,1.19,3.00
2017.10.12 23:59:22.710,0.78269,0.7828,1.19,3.19
2017.10.12 23:59:25.094,0.78269,0.78279,1.25,1.00
2017.10.12 23:59:26.061,0.78269,0.78279,2.25,1.12
2017.10.12 23:59:26.469,0.7827,0.78281,2.06,2.06
2017.10.12 23:59:27.004,0.78271,0.78281,2.62,1.00
2017.10.12 23:59:27.555,0.78272,0.78281,1.25,1.00
2017.10.12 23:59:28.115,0.78271,0.78281,3.37,1.00
2017.10.12 23:59:28.441,0.78272,0.78281,1.19,1.00
2017.10.12 23:59:33.057,0.78271,0.78281,5.25,1.00
2017.10.12 23:59:35.105,0.78272,0.78281,1.69,1.00
2017.10.12 23:59:36.073,0.78272,0.78281,1.25,1.00
2017.10.12 23:59:38.707,0.78272,0.78281,2.44,1.00
2017.10.12 23:59:39.284,0.78272,0.78281,1.25,1.00
2017.10.12 23:59:39.797,0.78272,0.78283,1.31,4.88
2017.10.12 23:59:40.395,0.78272,0.78283,2.25,5.44
2017.10.12 23:59:41.305,0.78272,0.78283,1.31,4.50
2017.10.12 23:59:42.353,0.78272,0.78283,2.25,5.44
2017.10.12 23:59:42.904,0.78272,0.78283,1.25,2.63
2017.10.12 23:59:43.563,0.78272,0.78283,1.25,2.63
2017.10.12 23:59:44.469,0.78272,0.78283,1.69,2.82
2017.10.12 23:59:44.991,0.78271,0.78283,4.50,3.00
2017.10.12 23:59:45.537,0.78271,0.78283,3.75,1.50
2017.10.12 23:59:46.034,0.78273,0.78283,1.69,2.62
2017.10.12 23:59:46.535,0.78273,0.78283,1.25,2.62
2017.10.12 23:59:47.513,0.78273,0.78283,1.19,2.62
2017.10.12 23:59:48.111,0.78272,0.78283,3.19,2.62
2017.10.12 23:59:49.156,0.78273,0.78283,1.69,2.25
2017.10.12 23:59:49.663,0.78273,0.78283,1.25,1.87
2017.10.12 23:59:50.648,0.78272,0.78283,1.31,1.87
2017.10.12 23:59:52.307,0.78272,0.78283,2.62,2.25
2017.10.12 23:59:53.082,0.78272,0.78283,1.50,1.87
2017.10.12 23:59:54.175,0.78272,0.78283,2.44,2.25
2017.10.12 23:59:54.682,0.78272,0.78283,2.44,1.87
2017.10.12 23:59:55.228,0.78273,0.78283,1.69,2.25
2017.10.12 23:59:56.167,0.78273,0.78283,1.69,3.00
2017.10.12 23:59:58.384,0.78272,0.78283,2.62,2.25
2017.10.12 23:59:58.885,0.78273,0.78283,1.00,2.63
2017.10.12 23:59:59.482,0.78274,0.78283,1.00,1.26
