2011.04.20 08:00:00.996,1.06125,1.06137,1.02,2.25
2011.04.20 08:00:01.605,1.06125,1.06131,1.02,2.25
2011.04.20 08:00:01.827,1.06125,1.06142,1.02,3.75
2011.04.20 08:00:01.936,1.06125,1.06142,1.77,3.00
2011.04.20 08:00:02.047,1.06125,1.06142,3.27,3.00
2011.04.20 08:00:04.039,1.06125,1.06138,1.77,2.25
2011.04.20 08:00:04.587,1.06124,1.06138,1.77,2.25
2011.04.20 08:00:07.589,1.06125,1.06141,1.77,2.25
2011.04.20 08:00:09.939,1.06126,1.06141,1.02,2.25
2011.04.20 08:00:10.498,1.06126,1.06141,1.02,2.25
2011.04.20 08:00:11.766,1.06127,1.06142,4.02,1.50
2011.04.20 08:00:12.316,1.06129,1.06142,2.25,2.25
2011.04.20 08:00:12.426,1.06129,1.06144,3.00,1.50
2011.04.20 08:00:12.648,1.06137,1.06145,2.25,3.83
2011.04.20 08:00:12.977,1.06129,1.06145,3.27,1.70
2011.04.20 08:00:13.526,1.06129,1.06145,4.77,1.50
2011.04.20 08:00:14.075,1.06129,1.06146,3.27,2.25
2011.04.20 08:00:14.890,1.06129,1.06146,3.27,2.25
2011.04.20 08:00:15.548,1.06129,1.06146,3.27,2.25
2011.04.20 08:00:15.768,1.0613,1.06147,1.13,1.50
2011.04.20 08:00:16.098,1.06137,1.06152,3.00,2.25
2011.04.20 08:00:16.319,1.06137,1.06149,2.25,1.50
2011.04.20 08:00:16.432,1.06133,1.06149,1.88,3.75
2011.04.20 08:00:16.549,1.06133,1.06149,1.50,3.00
2011.04.20 08:00:17.099,1.06137,1.06151,2.25,1.13
2011.04.20 08:00:17.867,1.06134,1.06149,1.02,2.25
2011.04.20 08:00:18.199,1.06133,1.06148,1.02,2.25
2011.04.20 08:00:18.419,1.06133,1.06147,1.02,1.50
2011.04.20 08:00:18.844,1.0613,1.06145,2.52,1.50
2011.04.20 08:00:19.397,1.06128,1.06144,1.77,3.75
2011.04.20 08:00:20.170,1.06128,1.06143,1.77,1.50
2011.04.20 08:00:20.399,1.06127,1.06139,1.88,2.25
2011.04.20 08:00:20.618,1.06125,1.06142,1.77,1.50
2011.04.20 08:00:20.729,1.06125,1.06141,1.77,1.50
2011.04.20 08:00:21.277,1.06124,1.06139,1.02,2.25
2011.04.20 08:00:21.601,1.0613,1.06139,3.00,2.25
2011.04.20 08:00:21.714,1.06126,1.06144,4.39,4.50
2011.04.20 08:00:22.174,1.06127,1.06146,1.50,5.85
2011.04.20 08:00:22.736,1.0613,1.06147,3.00,1.50
2011.04.20 08:00:23.837,1.0613,1.06147,3.27,1.50
2011.04.20 08:00:24.819,1.06131,1.06148,1.50,1.50
2011.04.20 08:00:25.149,1.06131,1.06141,1.50,1.50
2011.04.20 08:00:25.371,1.06128,1.06134,2.25,2.25
2011.04.20 08:00:25.601,1.06129,1.0614,3.00,1.50
2011.04.20 08:00:25.828,1.06129,1.06145,3.75,1.50
2011.04.20 08:00:26.409,1.0613,1.06145,1.50,1.50
2011.04.20 08:00:26.957,1.06129,1.06144,3.75,1.50
2011.04.20 08:00:27.286,1.06129,1.06145,3.00,1.50
2011.04.20 08:00:28.576,1.06129,1.06145,3.75,1.50
2011.04.20 08:00:30.287,1.06127,1.06144,1.02,3.75
2011.04.20 08:00:30.397,1.06126,1.06143,3.64,1.50
2011.04.20 08:00:30.508,1.06125,1.06139,2.52,2.25
2011.04.20 08:00:31.398,1.06126,1.06139,1.02,3.00
2011.04.20 08:00:31.885,1.06126,1.0614,1.77,4.90
2011.04.20 08:00:32.327,1.06128,1.06145,3.00,1.88
2011.04.20 08:00:32.877,1.0613,1.06145,1.50,1.50
2011.04.20 08:00:33.759,1.06129,1.06145,3.00,1.50
2011.04.20 08:00:34.317,1.0613,1.06145,3.00,1.50
2011.04.20 08:00:35.307,1.0613,1.06148,4.02,3.75
2011.04.20 08:00:38.856,1.06132,1.06147,1.02,2.25
2011.04.20 08:00:39.406,1.0613,1.06147,5.52,2.25
2011.04.20 08:00:40.298,1.06133,1.06147,2.52,1.50
2011.04.20 08:00:40.407,1.06134,1.06147,4.77,1.50
2011.04.20 08:00:40.520,1.06134,1.06149,4.77,2.25
2011.04.20 08:00:41.178,1.06134,1.06149,1.02,3.75
2011.04.20 08:00:41.850,1.06134,1.06149,1.02,4.50
2011.04.20 08:00:43.828,1.0614,1.06148,5.25,3.00
2011.04.20 08:00:43.942,1.06141,1.06149,4.50,1.50
2011.04.20 08:00:44.060,1.06141,1.06151,5.25,2.25
2011.04.20 08:00:44.278,1.06138,1.06151,1.39,3.00
2011.04.20 08:00:44.498,1.06137,1.06151,1.02,3.00
2011.04.20 08:00:44.827,1.06136,1.06147,4.50,2.25
2011.04.20 08:00:46.297,1.06135,1.06147,1.02,2.25
2011.04.20 08:00:46.406,1.06135,1.0615,1.02,1.50
2011.04.20 08:00:46.517,1.06135,1.0615,4.77,1.50
2011.04.20 08:00:47.806,1.06135,1.0615,4.77,1.50
2011.04.20 08:00:48.357,1.06137,1.0615,4.50,1.50
2011.04.20 08:00:49.509,1.06134,1.06146,1.02,2.25
2011.04.20 08:00:49.837,1.06134,1.06148,2.25,1.50
2011.04.20 08:00:50.057,1.06135,1.06148,1.50,1.50
2011.04.20 08:00:50.277,1.06136,1.0615,4.50,2.25
2011.04.20 08:00:51.787,1.06136,1.0615,4.50,2.25
2011.04.20 08:00:52.367,1.06136,1.0615,4.50,2.25
2011.04.20 08:00:53.908,1.06137,1.0615,4.50,2.25
2011.04.20 08:00:54.682,1.06137,1.0615,6.75,2.25
2011.04.20 08:00:54.800,1.06138,1.0615,1.50,2.25
2011.04.20 08:00:55.032,1.06143,1.06153,1.50,3.75
2011.04.20 08:00:55.149,1.06143,1.06155,1.50,1.50
2011.04.20 08:00:55.259,1.06147,1.06156,1.50,1.88
2011.04.20 08:00:55.589,1.06147,1.0616,3.00,2.33
2011.04.20 08:00:55.810,1.06145,1.06159,1.50,1.58
2011.04.20 08:00:56.039,1.06146,1.06159,3.75,1.58
2011.04.20 08:00:56.846,1.06146,1.06159,3.75,1.58
2011.04.20 08:00:57.397,1.06146,1.0616,3.00,1.58
2011.04.20 08:00:58.276,1.06144,1.0616,1.77,3.83
2011.04.20 08:00:58.386,1.06144,1.0616,1.77,3.75
2011.04.20 08:00:59.376,1.06144,1.0616,2.52,3.75
2011.04.20 08:01:00.039,1.06147,1.06156,2.25,1.50
2011.04.20 08:01:00.271,1.06139,1.06156,7.02,2.85
2011.04.20 08:01:00.388,1.06139,1.06154,4.50,3.75
2011.04.20 08:01:00.499,1.06137,1.06149,1.02,2.25
2011.04.20 08:01:00.828,1.06135,1.06149,1.02,3.00
2011.04.20 08:01:00.937,1.06135,1.06149,1.02,3.00
2011.04.20 08:01:01.157,1.06131,1.06149,1.77,4.50
2011.04.20 08:01:01.742,1.06131,1.06148,1.77,1.50
2011.04.20 08:01:02.386,1.06133,1.06148,1.50,1.50
2011.04.20 08:01:02.828,1.06137,1.06149,1.50,3.75
2011.04.20 08:01:03.158,1.06138,1.06151,1.50,1.50
2011.04.20 08:01:03.267,1.06138,1.06152,1.50,1.50
2011.04.20 08:01:03.816,1.06139,1.06154,4.50,2.25
2011.04.20 08:01:04.477,1.06139,1.06154,4.50,2.25
2011.04.20 08:01:04.697,1.06142,1.06155,1.50,1.50
2011.04.20 08:01:05.247,1.06142,1.06156,1.50,1.50
2011.04.20 08:01:05.986,1.0614,1.06156,1.77,1.50
2011.04.20 08:01:10.648,1.06139,1.06154,1.02,3.75
2011.04.20 08:01:12.226,1.06139,1.06154,1.02,3.00
2011.04.20 08:01:14.857,1.06138,1.06144,1.77,3.00
2011.04.20 08:01:15.187,1.06128,1.06134,1.02,2.25
2011.04.20 08:01:15.299,1.06117,1.06132,2.25,1.50
2011.04.20 08:01:15.631,1.06111,1.06129,5.89,2.25
2011.04.20 08:01:15.967,1.06111,1.06129,1.02,2.25
2011.04.20 08:01:16.189,1.06111,1.06129,1.39,3.00
2011.04.20 08:01:16.641,1.0611,1.06127,5.52,2.25
2011.04.20 08:01:17.196,1.06111,1.06127,1.02,2.25
2011.04.20 08:01:17.419,1.06111,1.06128,1.02,1.50
2011.04.20 08:01:17.528,1.06115,1.06129,3.75,1.50
2011.04.20 08:01:17.969,1.06116,1.06131,5.55,1.50
2011.04.20 08:01:18.515,1.06116,1.06132,6.30,1.13
2011.04.20 08:01:18.627,1.06116,1.06132,6.30,1.13
2011.04.20 08:01:19.746,1.06116,1.06133,6.30,1.50
2011.04.20 08:01:20.619,1.06118,1.06134,1.02,2.25
2011.04.20 08:01:21.057,1.06118,1.06134,1.02,2.25
2011.04.20 08:01:23.527,1.06118,1.06134,1.02,2.25
2011.04.20 08:01:24.187,1.06118,1.06134,1.02,3.00
2011.04.20 08:01:24.518,1.06116,1.0613,1.50,2.25
2011.04.20 08:01:25.178,1.06116,1.0613,1.50,2.25
2011.04.20 08:01:25.696,1.06115,1.0613,1.02,3.00
2011.04.20 08:01:26.250,1.06113,1.0613,1.02,5.10
2011.04.20 08:01:26.587,1.06112,1.06129,1.02,1.35
2011.04.20 08:01:26.919,1.06112,1.06123,1.02,2.25
2011.04.20 08:01:27.466,1.0611,1.06123,1.02,3.00
2011.04.20 08:01:27.799,1.06112,1.06123,1.02,2.25
2011.04.20 08:01:28.130,1.0611,1.06124,1.77,3.00
2011.04.20 08:01:30.606,1.0611,1.06124,1.02,4.50
2011.04.20 08:01:31.266,1.0611,1.06124,1.02,3.75
2011.04.20 08:01:32.037,1.06111,1.06127,1.02,1.50
2011.04.20 08:01:33.026,1.0611,1.06127,4.02,2.25
2011.04.20 08:01:35.447,1.0611,1.06125,3.27,2.25
2011.04.20 08:01:35.997,1.0611,1.06125,3.27,2.25
2011.04.20 08:01:36.218,1.0611,1.06123,1.02,3.75
2011.04.20 08:01:42.037,1.06111,1.06123,1.77,3.00
2011.04.20 08:01:43.136,1.0611,1.06123,2.52,2.25
2011.04.20 08:01:48.127,1.0611,1.06126,2.52,1.50
2011.04.20 08:01:48.676,1.0611,1.06126,2.52,1.50
2011.04.20 08:01:49.546,1.0611,1.06126,2.52,1.50
2011.04.20 08:01:50.206,1.0611,1.06122,2.52,1.50
2011.04.20 08:01:51.258,1.06107,1.06122,1.02,2.25
2011.04.20 08:01:58.506,1.06107,1.06122,1.77,1.50
2011.04.20 08:02:00.650,1.06109,1.06125,3.27,1.50
2011.04.20 08:02:01.538,1.06109,1.06125,3.27,1.50
2011.04.20 08:02:02.087,1.06109,1.06125,4.02,1.50
2011.04.20 08:02:02.199,1.06113,1.06127,1.50,1.50
2011.04.20 08:02:02.529,1.06111,1.06125,5.61,1.50
2011.04.20 08:02:03.077,1.06111,1.06125,1.50,1.50
2011.04.20 08:02:03.627,1.06111,1.06125,1.50,1.50
2011.04.20 08:02:06.447,1.0611,1.06125,2.52,2.25
2011.04.20 08:02:06.997,1.06108,1.06123,1.02,3.75
2011.04.20 08:02:07.329,1.06106,1.0612,1.50,3.75
2011.04.20 08:02:07.658,1.06104,1.06117,1.02,2.25
2011.04.20 08:02:07.988,1.06101,1.06115,3.00,1.50
2011.04.20 08:02:08.098,1.06101,1.06115,3.00,1.50
2011.04.20 08:02:08.867,1.06101,1.06115,3.00,1.50
2011.04.20 08:02:08.979,1.06102,1.06115,1.35,1.50
2011.04.20 08:02:09.307,1.06106,1.06121,3.00,3.38
2011.04.20 08:02:10.189,1.06107,1.06122,4.02,2.25
2011.04.20 08:02:11.178,1.06106,1.0612,4.02,1.68
2011.04.20 08:02:11.508,1.061,1.06112,1.13,2.25
2011.04.20 08:02:11.619,1.06098,1.06111,3.75,3.00
2011.04.20 08:02:11.837,1.06097,1.06111,2.48,3.00
2011.04.20 08:02:12.057,1.06097,1.06111,5.25,1.50
2011.04.20 08:02:12.616,1.06097,1.06112,5.25,1.50
2011.04.20 08:02:13.147,1.06097,1.06112,6.00,1.50
2011.04.20 08:02:13.476,1.06097,1.06113,4.50,2.25
2011.04.20 08:02:14.026,1.06097,1.06111,4.50,2.25
2011.04.20 08:02:16.397,1.06097,1.0611,3.75,1.50
2011.04.20 08:02:16.948,1.06096,1.0611,2.25,2.25
2011.04.20 08:02:17.719,1.06094,1.06108,1.50,1.50
2011.04.20 08:02:18.075,1.06091,1.06106,2.52,1.50
2011.04.20 08:02:19.705,1.0609,1.06103,1.02,1.50
2011.04.20 08:02:19.817,1.06087,1.06103,4.77,1.50
2011.04.20 08:02:20.696,1.06087,1.06103,6.64,1.50
2011.04.20 08:02:22.239,1.06097,1.06105,2.25,1.50
2011.04.20 08:02:22.353,1.06097,1.06109,2.25,1.90
2011.04.20 08:02:22.578,1.06097,1.0611,2.25,1.50
2011.04.20 08:02:24.294,1.06098,1.06113,1.39,4.50
2011.04.20 08:02:29.689,1.06098,1.06113,2.14,3.75
2011.04.20 08:02:29.909,1.061,1.06114,2.25,1.50
2011.04.20 08:02:30.506,1.06097,1.06113,4.02,3.75
2011.04.20 08:02:31.056,1.06097,1.06113,4.02,3.75
2011.04.20 08:02:32.398,1.06097,1.06113,4.77,3.75
2011.04.20 08:02:32.838,1.06101,1.06113,2.25,1.50
2011.04.20 08:02:33.059,1.06097,1.06113,1.77,1.50
2011.04.20 08:02:39.457,1.06098,1.06113,1.77,1.50
2011.04.20 08:02:40.007,1.061,1.06115,2.25,1.50
2011.04.20 08:02:41.588,1.061,1.06115,2.25,1.50
2011.04.20 08:02:42.438,1.061,1.06115,2.25,1.50
2011.04.20 08:02:42.549,1.06102,1.06115,3.75,1.50
2011.04.20 08:02:47.519,1.06112,1.0612,1.35,2.25
2011.04.20 08:02:47.743,1.06116,1.06127,2.25,2.48
2011.04.20 08:02:47.857,1.06113,1.06126,1.39,1.50
2011.04.20 08:02:47.968,1.06111,1.06126,1.50,3.00
2011.04.20 08:02:48.080,1.0611,1.06125,2.25,2.25
2011.04.20 08:02:48.199,1.0611,1.06122,2.25,1.50
2011.04.20 08:02:52.059,1.0611,1.06124,2.25,1.50
2011.04.20 08:02:52.278,1.0611,1.06126,3.00,3.00
2011.04.20 08:02:52.499,1.06111,1.06127,4.02,1.50
2011.04.20 08:02:53.203,1.06112,1.06127,1.02,2.25
2011.04.20 08:02:55.067,1.06113,1.06129,1.02,2.85
2011.04.20 08:02:55.402,1.06106,1.06113,4.88,2.25
2011.04.20 08:02:55.630,1.06104,1.06116,1.02,3.00
2011.04.20 08:02:55.970,1.06106,1.06118,1.39,1.50
2011.04.20 08:02:57.181,1.06113,1.06121,1.50,3.75
2011.04.20 08:02:57.520,1.06117,1.0613,3.64,1.50
2011.04.20 08:02:58.546,1.06117,1.06133,3.64,3.00
2011.04.20 08:02:59.098,1.06117,1.06133,3.64,3.00
2011.04.20 08:02:59.648,1.06117,1.06133,4.77,3.00
2011.04.20 08:03:08.688,1.06123,1.06133,1.50,2.25
2011.04.20 08:03:09.020,1.0613,1.0614,2.25,1.50
2011.04.20 08:03:10.049,1.0613,1.06143,1.02,1.50
2011.04.20 08:03:10.378,1.06128,1.06137,1.02,1.50
2011.04.20 08:03:10.488,1.06123,1.06134,1.02,1.50
2011.04.20 08:03:10.709,1.06119,1.06132,1.50,1.50
2011.04.20 08:03:10.820,1.0612,1.06132,2.25,1.50
2011.04.20 08:03:12.811,1.0612,1.06128,2.25,1.50
2011.04.20 08:03:13.150,1.06113,1.06128,1.77,1.50
2011.04.20 08:03:13.841,1.06114,1.06131,2.14,1.50
2011.04.20 08:03:14.179,1.0612,1.06131,2.25,1.50
2011.04.20 08:03:14.508,1.06126,1.06131,2.25,1.50
2011.04.20 08:03:14.730,1.06126,1.06142,2.89,1.88
2011.04.20 08:03:14.847,1.06126,1.06143,3.27,3.00
2011.04.20 08:03:15.068,1.06131,1.06145,2.25,3.00
2011.04.20 08:03:15.397,1.06131,1.06145,4.02,3.00
2011.04.20 08:03:16.887,1.06131,1.06145,2.52,3.75
2011.04.20 08:03:17.108,1.0613,1.06144,2.52,3.75
2011.04.20 08:03:17.657,1.0613,1.06143,1.02,1.65
2011.04.20 08:03:17.987,1.06126,1.06142,4.77,1.05
2011.04.20 08:03:18.801,1.06126,1.06142,5.89,1.50
2011.04.20 08:03:19.357,1.06126,1.06142,5.89,1.50
2011.04.20 08:03:19.907,1.06126,1.06142,5.89,1.50
2011.04.20 08:03:20.128,1.06126,1.0614,2.52,2.25
2011.04.20 08:03:20.457,1.06126,1.06135,2.25,1.50
2011.04.20 08:03:20.679,1.0612,1.06133,3.75,2.25
2011.04.20 08:03:20.787,1.06118,1.06131,1.77,1.50
2011.04.20 08:03:21.118,1.06117,1.06132,1.77,2.25
2011.04.20 08:03:21.448,1.06121,1.06132,2.25,2.25
2011.04.20 08:03:21.997,1.06121,1.06132,2.25,2.25
2011.04.20 08:03:22.438,1.06121,1.06133,2.25,1.50
2011.04.20 08:03:22.988,1.06121,1.06134,2.25,1.50
2011.04.20 08:03:24.828,1.06121,1.06133,2.25,1.50
2011.04.20 08:03:24.940,1.06116,1.06133,6.27,2.25
2011.04.20 08:03:25.047,1.06116,1.06133,6.27,2.25
2011.04.20 08:03:26.038,1.06115,1.06131,1.77,3.00
2011.04.20 08:03:26.366,1.06117,1.06132,3.00,1.50
2011.04.20 08:03:26.696,1.06117,1.06132,2.25,2.25
2011.04.20 08:03:27.248,1.06116,1.06131,1.02,3.00
2011.04.20 08:03:28.026,1.06119,1.06133,1.13,4.50
2011.04.20 08:03:28.154,1.06121,1.06135,3.27,3.00
2011.04.20 08:03:29.258,1.06121,1.06136,2.52,1.50
2011.04.20 08:03:29.918,1.06121,1.06133,2.25,1.50
2011.04.20 08:03:33.008,1.06121,1.06133,2.25,1.50
2011.04.20 08:03:33.229,1.06115,1.06131,1.02,3.00
2011.04.20 08:03:33.833,1.06115,1.0613,1.02,1.50
2011.04.20 08:03:34.499,1.06114,1.0613,1.02,2.25
2011.04.20 08:03:35.350,1.0612,1.06133,2.25,2.25
2011.04.20 08:03:35.677,1.0612,1.06133,2.25,2.25
2011.04.20 08:03:37.490,1.0612,1.06133,2.25,2.25
2011.04.20 08:03:38.957,1.0612,1.06133,2.25,1.50
2011.04.20 08:03:41.308,1.0612,1.06133,2.25,1.50
2011.04.20 08:03:41.529,1.0612,1.06134,3.00,2.25
2011.04.20 08:03:43.286,1.0612,1.06134,3.00,2.25
2011.04.20 08:03:43.836,1.0612,1.06134,2.25,1.50
2011.04.20 08:03:44.497,1.0612,1.06134,2.44,2.25
2011.04.20 08:03:44.717,1.0612,1.06134,2.25,2.25
2011.04.20 08:03:44.936,1.0612,1.06134,2.25,2.25
2011.04.20 08:03:46.840,1.06116,1.0613,2.25,1.50
2011.04.20 08:03:47.171,1.06116,1.06128,2.25,1.50
2011.04.20 08:03:47.508,1.06111,1.06124,3.00,1.50
2011.04.20 08:03:47.620,1.06111,1.06125,2.25,1.50
2011.04.20 08:03:49.049,1.06111,1.06125,2.25,1.50
2011.04.20 08:03:50.788,1.06113,1.06127,1.13,1.50
2011.04.20 08:03:50.902,1.06114,1.0613,1.50,5.25
2011.04.20 08:03:51.238,1.06118,1.0613,1.50,1.50
2011.04.20 08:03:51.348,1.06118,1.06133,1.50,3.00
2011.04.20 08:03:51.459,1.06121,1.06133,2.25,3.00
2011.04.20 08:03:54.149,1.06121,1.06132,2.25,1.50
2011.04.20 08:03:54.917,1.06121,1.06132,2.25,1.50
2011.04.20 08:03:55.470,1.06121,1.06132,2.25,1.50
2011.04.20 08:03:56.087,1.06121,1.06132,2.25,1.50
2011.04.20 08:03:57.187,1.06121,1.06132,2.25,1.50
2011.04.20 08:03:57.737,1.06121,1.06132,2.25,2.25
2011.04.20 08:03:58.286,1.06121,1.06132,2.25,2.25
2011.04.20 08:03:59.606,1.06121,1.06132,2.25,3.00
2011.04.20 08:04:03.099,1.06121,1.06131,2.25,2.25
2011.04.20 08:04:03.338,1.06121,1.06131,2.25,2.25
2011.04.20 08:04:03.887,1.06121,1.06131,2.25,2.25
2011.04.20 08:04:04.437,1.06121,1.06131,2.25,2.25
2011.04.20 08:04:05.045,1.06121,1.06131,2.25,1.50
2011.04.20 08:04:05.488,1.06121,1.06129,2.25,1.50
2011.04.20 08:04:05.708,1.06116,1.0613,1.02,1.50
2011.04.20 08:04:06.038,1.06116,1.06127,1.02,1.50
2011.04.20 08:04:06.367,1.06111,1.06124,3.27,1.50
2011.04.20 08:04:07.014,1.06111,1.06122,2.52,1.50
2011.04.20 08:04:09.318,1.06111,1.06122,2.52,1.50
2011.04.20 08:04:09.867,1.06109,1.06122,1.02,2.25
2011.04.20 08:04:10.417,1.06109,1.06122,1.02,1.50
2011.04.20 08:04:10.967,1.06109,1.06122,1.02,2.25
2011.04.20 08:04:11.578,1.06109,1.06122,1.02,2.25
2011.04.20 08:04:12.238,1.06107,1.06122,3.27,1.50
2011.04.20 08:04:12.350,1.06107,1.06122,3.27,1.50
2011.04.20 08:04:13.164,1.0611,1.0612,1.02,1.50
2011.04.20 08:04:13.289,1.06127,1.06138,2.52,1.50
2011.04.20 08:04:13.401,1.06127,1.06138,2.52,1.50
2011.04.20 08:04:13.956,1.06127,1.06138,2.52,1.50
2011.04.20 08:04:16.238,1.06127,1.06138,2.52,1.50
2011.04.20 08:04:16.787,1.06127,1.06138,2.52,1.50
2011.04.20 08:04:17.337,1.06127,1.06138,2.52,1.50
2011.04.20 08:04:17.862,1.06127,1.06141,3.12,2.25
2011.04.20 08:04:18.088,1.06127,1.06141,3.12,1.88
2011.04.20 08:04:19.517,1.06127,1.0614,3.12,1.50
2011.04.20 08:04:20.287,1.06127,1.06139,2.52,2.25
2011.04.20 08:04:20.508,1.06127,1.0614,2.52,1.50
2011.04.20 08:04:21.531,1.06127,1.06139,2.52,1.50
2011.04.20 08:04:22.423,1.06127,1.06139,2.52,1.50
2011.04.20 08:04:22.857,1.06127,1.06138,2.52,1.50
2011.04.20 08:04:23.406,1.06127,1.06139,2.52,2.25
2011.04.20 08:04:24.397,1.06127,1.06138,2.52,1.50
2011.04.20 08:04:24.732,1.06118,1.06134,1.02,1.50
2011.04.20 08:04:25.070,1.06116,1.06129,1.02,1.50
2011.04.20 08:04:25.407,1.06112,1.06129,1.99,2.25
2011.04.20 08:04:25.847,1.06119,1.06129,4.50,1.50
2011.04.20 08:04:26.069,1.06123,1.06131,1.50,3.75
2011.04.20 08:04:26.178,1.06123,1.06131,1.50,1.50
2011.04.20 08:04:26.716,1.06127,1.06135,2.25,1.50
2011.04.20 08:04:27.939,1.06127,1.06132,2.25,1.50
2011.04.20 08:04:28.161,1.06118,1.0613,1.77,3.00
2011.04.20 08:04:28.280,1.06115,1.0613,1.02,3.75
2011.04.20 08:04:28.499,1.06114,1.06129,1.02,1.50
2011.04.20 08:04:29.009,1.06113,1.06128,1.02,1.50
2011.04.20 08:04:30.327,1.06113,1.06129,1.77,1.50
2011.04.20 08:04:30.877,1.06117,1.0613,2.25,1.50
2011.04.20 08:04:31.538,1.06117,1.06125,2.25,1.50
2011.04.20 08:04:31.647,1.06113,1.06125,1.02,1.50
2011.04.20 08:04:32.507,1.06111,1.06126,6.27,1.13
2011.04.20 08:04:32.949,1.06111,1.06124,6.27,1.50
2011.04.20 08:04:33.168,1.06107,1.06121,3.64,1.13
2011.04.20 08:04:35.189,1.06109,1.06122,1.02,1.13
2011.04.20 08:04:35.409,1.06111,1.06123,3.38,1.13
2011.04.20 08:04:35.736,1.06113,1.06126,1.02,1.13
2011.04.20 08:04:36.950,1.06115,1.06126,1.50,1.13
2011.04.20 08:04:37.453,1.06116,1.0613,3.27,1.88
2011.04.20 08:04:38.667,1.06116,1.0613,2.89,1.13
2011.04.20 08:04:38.778,1.06116,1.06127,2.52,1.13
2011.04.20 08:04:39.110,1.06112,1.06124,4.77,3.00
2011.04.20 08:04:39.229,1.06112,1.06125,4.02,1.13
2011.04.20 08:04:43.677,1.06112,1.06126,1.02,1.88
2011.04.20 08:04:44.978,1.06113,1.06127,1.39,1.50
2011.04.20 08:04:45.528,1.06112,1.06127,1.77,1.50
2011.04.20 08:04:45.858,1.06112,1.06127,1.02,1.50
2011.04.20 08:04:46.407,1.06112,1.06126,1.02,1.50
2011.04.20 08:04:46.997,1.06112,1.06127,1.02,1.50
2011.04.20 08:04:47.547,1.06112,1.06128,1.77,2.25
2011.04.20 08:04:48.097,1.06112,1.06126,1.02,1.50
2011.04.20 08:04:53.247,1.06114,1.06129,1.77,2.25
2011.04.20 08:04:53.367,1.06117,1.0613,1.50,1.50
2011.04.20 08:04:53.916,1.06118,1.06131,1.50,2.25
2011.04.20 08:04:55.178,1.06118,1.06131,1.50,2.25
2011.04.20 08:04:56.949,1.06116,1.06128,2.25,1.50
2011.04.20 08:04:57.168,1.06113,1.06128,1.02,1.50
2011.04.20 08:04:57.278,1.06111,1.06126,1.77,1.50
2011.04.20 08:04:57.497,1.0611,1.06126,8.37,1.50
2011.04.20 08:04:58.057,1.0611,1.06127,7.62,3.00
2011.04.20 08:05:00.759,1.0611,1.06125,2.52,1.50
2011.04.20 08:05:00.977,1.06107,1.06123,1.02,1.50
2011.04.20 08:05:01.087,1.06107,1.06123,1.02,1.50
2011.04.20 08:05:04.844,1.06107,1.06123,1.02,2.25
2011.04.20 08:05:06.280,1.06108,1.06123,4.77,3.00
2011.04.20 08:05:07.526,1.0611,1.06124,3.75,1.50
2011.04.20 08:05:08.078,1.06111,1.06125,4.88,1.50
2011.04.20 08:05:08.518,1.06112,1.06126,1.77,1.50
2011.04.20 08:05:08.848,1.06114,1.06128,1.50,1.50
2011.04.20 08:05:10.168,1.06112,1.06128,1.77,3.00
2011.04.20 08:05:10.278,1.06111,1.06126,6.27,1.50
2011.04.20 08:05:10.827,1.06111,1.06126,1.77,2.25
2011.04.20 08:05:11.156,1.06112,1.06126,1.77,1.50
2011.04.20 08:05:11.830,1.06116,1.06131,3.27,1.50
2011.04.20 08:05:14.598,1.06116,1.06133,3.64,2.25
2011.04.20 08:05:19.117,1.06116,1.06132,3.64,1.13
2011.04.20 08:05:19.687,1.06116,1.06132,3.27,1.13
2011.04.20 08:05:20.748,1.06116,1.06132,3.64,1.13
2011.04.20 08:05:21.438,1.06116,1.06132,3.27,1.13
2011.04.20 08:05:21.986,1.06116,1.06133,7.77,2.25
2011.04.20 08:05:24.081,1.06116,1.06133,8.14,2.25
2011.04.20 08:05:25.849,1.06118,1.06132,1.50,2.63
2011.04.20 08:05:28.107,1.06118,1.06131,1.50,1.50
2011.04.20 08:05:28.437,1.06117,1.0613,1.50,2.25
2011.04.20 08:05:28.766,1.06118,1.06125,1.50,1.50
2011.04.20 08:05:29.728,1.06116,1.06125,2.25,1.50
2011.04.20 08:05:29.838,1.0611,1.06123,2.25,4.50
2011.04.20 08:05:29.948,1.06109,1.06123,1.02,4.50
2011.04.20 08:05:30.057,1.06109,1.06123,1.02,4.50
2011.04.20 08:05:31.805,1.06109,1.06123,1.77,4.50
2011.04.20 08:05:31.917,1.0611,1.06123,1.50,3.75
2011.04.20 08:05:32.249,1.06117,1.06124,3.75,1.50
2011.04.20 08:05:32.467,1.06117,1.06128,3.75,2.25
2011.04.20 08:05:33.016,1.06117,1.06128,3.75,2.25
2011.04.20 08:05:35.279,1.06117,1.0613,3.75,1.50
2011.04.20 08:05:35.828,1.06117,1.06131,7.50,2.25
2011.04.20 08:05:37.882,1.06118,1.06131,1.50,1.50
2011.04.20 08:05:38.547,1.06117,1.06131,2.25,1.50
2011.04.20 08:05:38.989,1.06117,1.06128,2.25,1.50
2011.04.20 08:05:39.318,1.06116,1.0613,3.75,3.00
2011.04.20 08:05:39.867,1.06117,1.0613,2.25,1.50
2011.04.20 08:05:40.639,1.06117,1.06131,2.25,1.50
2011.04.20 08:05:45.107,1.06117,1.06132,3.00,3.00
2011.04.20 08:05:45.657,1.06121,1.06136,3.00,1.50
2011.04.20 08:05:45.768,1.06121,1.06136,3.00,1.50
2011.04.20 08:05:45.879,1.06123,1.06136,1.13,1.50
2011.04.20 08:05:45.988,1.06123,1.06137,2.63,2.25
2011.04.20 08:05:46.208,1.06126,1.0614,4.50,4.50
2011.04.20 08:05:46.317,1.06127,1.06141,2.25,1.88
2011.04.20 08:05:55.277,1.06127,1.06142,2.25,1.50
2011.04.20 08:05:55.500,1.06129,1.06143,1.50,3.75
2011.04.20 08:05:55.828,1.06131,1.06146,1.50,2.25
2011.04.20 08:05:56.377,1.06131,1.06146,2.48,1.50
2011.04.20 08:05:57.004,1.06133,1.06148,2.25,3.75
2011.04.20 08:05:57.125,1.06134,1.06149,1.77,1.50
2011.04.20 08:05:58.177,1.06135,1.06148,4.77,1.50
2011.04.20 08:05:58.730,1.06134,1.06149,2.25,2.25
2011.04.20 08:05:59.278,1.06136,1.0615,3.75,1.50
2011.04.20 08:06:00.387,1.06135,1.0615,5.25,2.25
2011.04.20 08:06:01.933,1.06136,1.0615,3.75,1.50
2011.04.20 08:06:02.041,1.06136,1.0615,3.75,1.50
2011.04.20 08:06:03.827,1.06137,1.06152,1.77,3.00
2011.04.20 08:06:04.489,1.06137,1.06152,1.77,3.00
2011.04.20 08:06:05.037,1.06137,1.06152,1.77,3.00
2011.04.20 08:06:09.627,1.06137,1.06152,2.37,2.25
2011.04.20 08:06:10.074,1.06137,1.06152,1.02,2.25
2011.04.20 08:06:10.298,1.06139,1.06154,3.27,2.25
2011.04.20 08:06:10.408,1.06139,1.06154,4.02,2.25
2011.04.20 08:06:10.938,1.06139,1.06154,3.27,2.25
2011.04.20 08:06:12.367,1.06141,1.06154,1.50,2.25
2011.04.20 08:06:12.699,1.06147,1.06156,2.25,1.50
2011.04.20 08:06:12.809,1.06141,1.06158,3.27,2.25
2011.04.20 08:06:13.028,1.06141,1.06155,2.25,1.50
2011.04.20 08:06:14.129,1.06141,1.06154,2.25,2.25
2011.04.20 08:06:14.677,1.06141,1.06154,2.25,2.25
2011.04.20 08:06:22.458,1.06141,1.06151,2.25,2.25
2011.04.20 08:06:22.568,1.06136,1.06151,1.02,2.25
2011.04.20 08:06:22.788,1.06132,1.06151,1.02,3.75
2011.04.20 08:06:23.502,1.06132,1.06149,1.02,1.50
2011.04.20 08:06:26.188,1.06132,1.06147,1.02,3.00
2011.04.20 08:06:26.409,1.06131,1.06143,1.02,3.00
2011.04.20 08:06:26.518,1.06127,1.06143,3.27,3.00
2011.04.20 08:06:26.627,1.06127,1.06143,3.27,3.00
2011.04.20 08:06:26.740,1.06127,1.06141,2.52,1.50
2011.04.20 08:06:26.959,1.06124,1.0614,1.02,3.00
2011.04.20 08:06:27.287,1.06124,1.0614,1.02,3.00
2011.04.20 08:06:27.948,1.06123,1.0614,1.02,4.50
2011.04.20 08:06:28.167,1.06123,1.0614,2.52,3.75
2011.04.20 08:06:28.716,1.06127,1.0614,2.25,1.50
2011.04.20 08:06:30.907,1.06127,1.0614,2.25,1.50
2011.04.20 08:06:31.127,1.06124,1.0614,1.50,1.50
2011.04.20 08:06:31.678,1.06123,1.0614,1.77,1.50
2011.04.20 08:06:32.359,1.06121,1.0614,1.99,1.50
2011.04.20 08:06:32.577,1.0612,1.06136,3.38,1.50
2011.04.20 08:06:32.908,1.06117,1.06134,2.37,3.75
2011.04.20 08:06:33.127,1.06117,1.06132,1.62,1.50
2011.04.20 08:06:33.677,1.06117,1.06132,1.62,2.25
2011.04.20 08:06:34.887,1.06117,1.06132,1.62,2.25
2011.04.20 08:06:34.999,1.06119,1.06132,1.50,1.50
2011.04.20 08:06:35.547,1.0612,1.06135,1.02,1.50
2011.04.20 08:06:35.767,1.0612,1.06135,1.02,1.50
2011.04.20 08:06:38.026,1.06119,1.06135,7.02,2.25
2011.04.20 08:06:38.249,1.06118,1.06134,1.77,3.75
2011.04.20 08:06:38.797,1.06119,1.06133,1.02,1.50
2011.04.20 08:06:39.129,1.0612,1.06135,7.02,1.50
2011.04.20 08:06:39.678,1.0612,1.06136,7.02,2.25
2011.04.20 08:06:42.387,1.0612,1.06136,6.27,2.25
2011.04.20 08:06:42.499,1.0612,1.06133,2.52,1.50
2011.04.20 08:06:43.487,1.06118,1.06133,1.77,3.00
2011.04.20 08:06:43.598,1.06119,1.06135,6.27,1.50
2011.04.20 08:06:44.478,1.06119,1.06135,3.27,1.50
2011.04.20 08:06:44.920,1.06119,1.06133,4.02,1.50
2011.04.20 08:06:49.298,1.06117,1.06132,1.02,1.50
2011.04.20 08:06:52.872,1.06116,1.06131,4.02,1.50
2011.04.20 08:06:56.328,1.06118,1.06133,1.02,1.50
2011.04.20 08:06:56.437,1.06121,1.06133,3.75,1.50
2011.04.20 08:06:56.768,1.06122,1.06133,3.75,1.50
2011.04.20 08:06:56.878,1.0612,1.06133,3.75,1.50
2011.04.20 08:07:00.248,1.06122,1.06133,3.75,1.50
2011.04.20 08:07:00.798,1.06122,1.06133,3.75,1.50
2011.04.20 08:07:01.349,1.06122,1.06133,3.75,1.50
2011.04.20 08:07:01.458,1.06122,1.06131,3.75,1.50
2011.04.20 08:07:01.789,1.06117,1.06128,3.75,1.50
2011.04.20 08:07:02.008,1.06113,1.06129,5.52,1.50
2011.04.20 08:07:02.651,1.06113,1.0613,2.14,2.25
2011.04.20 08:07:07.567,1.06113,1.06126,2.14,1.50
2011.04.20 08:07:09.587,1.06113,1.06126,1.77,1.50
2011.04.20 08:07:16.596,1.06111,1.06124,1.02,1.50
2011.04.20 08:07:16.928,1.06111,1.06121,1.02,1.50
2011.04.20 08:07:17.038,1.06109,1.06122,1.02,1.50
2011.04.20 08:07:17.588,1.06109,1.06122,1.02,1.50
2011.04.20 08:07:19.438,1.06109,1.06122,1.02,1.50
2011.04.20 08:07:23.807,1.0611,1.06124,3.27,1.50
2011.04.20 08:07:24.251,1.06114,1.06127,1.50,1.50
2011.04.20 08:07:24.590,1.06117,1.06127,2.25,1.50
2011.04.20 08:07:25.147,1.06117,1.06129,2.25,2.25
2011.04.20 08:07:28.550,1.06117,1.06131,2.25,3.00
2011.04.20 08:07:30.240,1.06119,1.06131,3.00,3.00
2011.04.20 08:07:30.461,1.06119,1.06133,3.00,1.50
2011.04.20 08:07:31.017,1.06119,1.06133,3.00,1.50
2011.04.20 08:07:33.219,1.06121,1.06134,2.85,1.88
2011.04.20 08:07:33.550,1.06126,1.06138,3.75,2.25
2011.04.20 08:07:33.888,1.06128,1.06141,3.75,1.50
2011.04.20 08:07:34.109,1.06127,1.06141,3.75,1.50
2011.04.20 08:07:34.219,1.06127,1.06135,3.75,1.50
2011.04.20 08:07:34.551,1.06123,1.06135,4.77,1.50
2011.04.20 08:07:34.778,1.06126,1.06135,3.75,1.50
2011.04.20 08:07:35.107,1.06121,1.06135,3.75,2.25
2011.04.20 08:07:35.528,1.06126,1.06135,2.25,2.25
2011.04.20 08:07:35.645,1.06126,1.0614,2.25,3.38
2011.04.20 08:07:35.757,1.06126,1.06137,2.25,1.50
2011.04.20 08:07:35.978,1.06126,1.06138,2.25,1.50
2011.04.20 08:07:36.088,1.06126,1.06136,3.75,1.50
2011.04.20 08:07:37.078,1.06127,1.06139,3.75,3.75
2011.04.20 08:07:37.300,1.0613,1.06141,2.25,1.50
2011.04.20 08:07:37.519,1.0613,1.06141,2.25,1.50
2011.04.20 08:07:41.289,1.0613,1.0614,2.25,1.50
2011.04.20 08:07:42.057,1.06133,1.06142,3.75,1.13
2011.04.20 08:07:42.169,1.06133,1.06142,3.75,1.50
2011.04.20 08:07:42.390,1.06131,1.06138,3.75,1.50
2011.04.20 08:07:43.377,1.06125,1.06139,2.25,1.50
2011.04.20 08:07:43.928,1.06131,1.06139,1.50,1.50
2011.04.20 08:07:44.038,1.06132,1.06142,4.50,1.88
2011.04.20 08:07:44.147,1.06132,1.06145,4.50,1.50
2011.04.20 08:07:44.259,1.06132,1.06142,3.75,1.50
2011.04.20 08:07:45.028,1.06132,1.06139,3.75,2.25
2011.04.20 08:07:45.800,1.06129,1.06138,3.75,1.50
2011.04.20 08:07:46.020,1.06121,1.06136,1.77,2.25
2011.04.20 08:07:46.131,1.06123,1.06136,4.50,1.50
2011.04.20 08:07:46.469,1.06132,1.0614,3.75,1.50
2011.04.20 08:07:46.578,1.06132,1.06141,3.75,2.25
2011.04.20 08:07:47.127,1.06132,1.06141,3.75,1.50
2011.04.20 08:07:48.158,1.06136,1.06142,2.25,1.50
2011.04.20 08:07:48.489,1.06136,1.06145,2.25,1.50
2011.04.20 08:07:48.599,1.06137,1.06145,3.75,1.50
2011.04.20 08:07:48.819,1.06137,1.06144,3.75,1.50
2011.04.20 08:07:48.930,1.06135,1.06144,3.75,1.50
2011.04.20 08:07:49.267,1.06137,1.06144,3.75,1.50
2011.04.20 08:07:49.489,1.06135,1.06144,3.75,1.50
2011.04.20 08:07:49.928,1.06135,1.06142,3.75,1.50
2011.04.20 08:07:50.039,1.06136,1.06144,3.75,2.25
2011.04.20 08:07:50.258,1.06129,1.06144,7.50,3.00
2011.04.20 08:07:50.478,1.06129,1.06142,7.50,1.50
2011.04.20 08:07:51.680,1.06129,1.06143,4.50,1.50
2011.04.20 08:07:52.427,1.06128,1.06142,1.02,1.50
2011.04.20 08:07:52.977,1.0613,1.06142,2.25,1.50
2011.04.20 08:07:53.541,1.0613,1.06143,3.00,1.50
2011.04.20 08:07:54.098,1.0613,1.06143,6.75,1.50
2011.04.20 08:07:54.908,1.06132,1.06143,1.50,1.50
2011.04.20 08:07:55.238,1.06137,1.06148,2.25,1.50
2011.04.20 08:07:55.457,1.06137,1.06149,2.25,1.50
2011.04.20 08:07:56.357,1.06137,1.06149,2.25,2.25
2011.04.20 08:07:56.907,1.06137,1.06149,2.25,1.50
2011.04.20 08:07:57.240,1.06141,1.06149,1.35,1.50
2011.04.20 08:07:57.569,1.06141,1.06154,5.10,1.50
2011.04.20 08:07:58.129,1.06141,1.06154,2.10,1.50
2011.04.20 08:08:00.407,1.0614,1.06154,2.52,1.50
2011.04.20 08:08:01.494,1.0614,1.06153,2.52,1.50
2011.04.20 08:08:04.738,1.0614,1.06153,2.52,1.50
2011.04.20 08:08:09.378,1.0614,1.06154,2.52,1.50
2011.04.20 08:08:09.928,1.0614,1.06154,2.52,1.50
2011.04.20 08:08:10.258,1.06137,1.0615,4.02,1.50
2011.04.20 08:08:10.792,1.06137,1.0615,4.02,1.50
2011.04.20 08:08:12.268,1.06137,1.0615,2.52,2.25
2011.04.20 08:08:14.887,1.06135,1.06146,1.77,1.50
2011.04.20 08:08:14.998,1.06135,1.06146,1.02,1.50
2011.04.20 08:08:23.587,1.06134,1.06146,1.77,1.50
2011.04.20 08:08:23.917,1.06133,1.06145,1.50,2.25
2011.04.20 08:08:24.028,1.0613,1.06142,3.27,1.50
2011.04.20 08:08:24.248,1.06124,1.06139,6.27,1.50
2011.04.20 08:08:24.360,1.06124,1.06136,1.77,1.50
2011.04.20 08:08:24.689,1.06119,1.06131,2.89,2.25
2011.04.20 08:08:25.021,1.06116,1.0613,3.27,1.50
2011.04.20 08:08:26.948,1.06121,1.06131,1.50,1.50
2011.04.20 08:08:27.279,1.06126,1.0614,2.25,3.75
2011.04.20 08:08:27.827,1.06126,1.0614,3.27,1.50
2011.04.20 08:08:28.379,1.06124,1.06138,1.02,1.50
2011.04.20 08:08:28.710,1.06117,1.06131,6.27,1.50
2011.04.20 08:08:28.819,1.06119,1.06131,6.00,1.50
2011.04.20 08:08:28.928,1.06119,1.06133,6.00,1.50
2011.04.20 08:08:29.037,1.06119,1.06134,6.75,1.50
2011.04.20 08:08:30.327,1.06119,1.06135,6.75,2.25
2011.04.20 08:08:30.660,1.06126,1.06137,2.25,1.50
2011.04.20 08:08:30.999,1.06127,1.06139,3.75,1.50
2011.04.20 08:08:32.051,1.06127,1.06138,3.75,1.50
2011.04.20 08:08:32.393,1.06127,1.06139,4.50,3.00
2011.04.20 08:08:32.517,1.06128,1.06142,1.35,1.50
2011.04.20 08:08:32.630,1.06129,1.06143,3.00,1.50
2011.04.20 08:08:32.740,1.06129,1.06143,3.00,2.25
2011.04.20 08:08:33.071,1.06127,1.06139,3.27,1.50
2011.04.20 08:08:34.088,1.06125,1.06139,1.02,1.50
2011.04.20 08:08:34.308,1.06122,1.06135,1.77,1.50
2011.04.20 08:08:34.748,1.06121,1.06136,2.52,2.25
2011.04.20 08:08:34.967,1.06121,1.06136,7.39,1.50
2011.04.20 08:08:35.510,1.06122,1.06136,1.13,1.50
2011.04.20 08:08:35.625,1.06127,1.06138,2.25,1.50
2011.04.20 08:08:36.245,1.06127,1.06139,2.25,1.50
2011.04.20 08:08:36.579,1.06123,1.06135,1.77,1.50
2011.04.20 08:08:36.911,1.06133,1.06138,4.35,1.50
2011.04.20 08:08:37.140,1.06137,1.06143,2.25,1.53
2011.04.20 08:08:37.252,1.06137,1.06148,6.00,1.50
2011.04.20 08:08:37.368,1.06137,1.0615,6.00,1.50
2011.04.20 08:08:38.359,1.0614,1.06153,2.25,2.25
2011.04.20 08:08:38.469,1.0614,1.06153,2.25,1.50
2011.04.20 08:08:38.689,1.06139,1.06153,1.02,1.50
2011.04.20 08:08:39.018,1.06147,1.06159,3.00,1.54
2011.04.20 08:08:39.130,1.06147,1.0616,3.00,1.50
2011.04.20 08:08:39.349,1.0615,1.06164,2.25,2.25
2011.04.20 08:08:40.009,1.06157,1.06166,2.25,1.50
2011.04.20 08:08:40.559,1.06157,1.0617,2.25,1.50
2011.04.20 08:08:40.687,1.06152,1.06164,3.12,1.50
2011.04.20 08:08:41.019,1.06157,1.06168,1.35,1.50
2011.04.20 08:08:41.240,1.06157,1.06173,1.62,4.15
2011.04.20 08:08:41.351,1.06159,1.06173,3.00,2.25
2011.04.20 08:08:42.351,1.06166,1.06178,2.25,2.25
2011.04.20 08:08:42.908,1.06166,1.06178,2.25,2.25
2011.04.20 08:08:43.240,1.06166,1.06179,2.52,1.50
2011.04.20 08:08:44.334,1.06161,1.06175,3.27,1.50
2011.04.20 08:08:44.891,1.06161,1.06175,3.27,1.50
2011.04.20 08:08:47.027,1.06161,1.06175,3.27,1.50
2011.04.20 08:08:48.397,1.06167,1.06178,2.25,1.50
2011.04.20 08:08:48.947,1.06167,1.06179,2.25,1.50
2011.04.20 08:08:50.203,1.06167,1.0618,2.25,3.38
2011.04.20 08:08:50.541,1.06163,1.06176,1.02,1.50
2011.04.20 08:08:50.664,1.06161,1.06176,2.52,2.25
2011.04.20 08:08:51.217,1.0616,1.06175,4.62,1.50
2011.04.20 08:08:51.769,1.0616,1.06173,3.27,1.50
2011.04.20 08:08:51.989,1.0616,1.06173,1.02,1.50
2011.04.20 08:08:52.210,1.0616,1.06173,2.52,1.50
2011.04.20 08:08:52.756,1.0616,1.06174,2.52,1.50
2011.04.20 08:08:52.867,1.0616,1.06174,2.52,1.50
2011.04.20 08:08:53.969,1.0616,1.06174,2.52,1.50
2011.04.20 08:08:54.190,1.06158,1.06172,1.02,1.50
2011.04.20 08:08:54.738,1.06158,1.06172,1.02,1.50
2011.04.20 08:08:55.292,1.06157,1.0617,2.52,1.50
2011.04.20 08:08:56.040,1.06149,1.06162,1.02,1.50
2011.04.20 08:08:56.269,1.06149,1.0616,1.02,3.00
2011.04.20 08:08:56.379,1.06147,1.06157,1.02,1.50
2011.04.20 08:08:57.368,1.06147,1.06158,1.02,1.50
2011.04.20 08:08:57.919,1.06144,1.06158,1.02,1.50
2011.04.20 08:08:58.469,1.06144,1.06157,1.02,1.50
2011.04.20 08:08:58.690,1.06146,1.06157,1.02,1.50
2011.04.20 08:08:59.020,1.06148,1.06157,5.52,1.50
2011.04.20 08:08:59.130,1.0615,1.06162,1.50,3.75
2011.04.20 08:08:59.459,1.0615,1.06166,7.77,1.50
2011.04.20 08:09:00.188,1.0615,1.06165,7.02,1.50
2011.04.20 08:09:00.518,1.06149,1.06162,5.14,1.50
2011.04.20 08:09:00.739,1.06151,1.06166,4.77,2.25
2011.04.20 08:09:00.958,1.06151,1.06166,3.27,2.25
2011.04.20 08:09:01.288,1.06151,1.06165,2.52,1.50
2011.04.20 08:09:01.617,1.0615,1.06162,4.77,1.50
2011.04.20 08:09:02.339,1.06151,1.06165,1.02,2.25
2011.04.20 08:09:02.448,1.06151,1.06165,1.02,1.50
2011.04.20 08:09:02.780,1.0615,1.06162,1.02,1.50
2011.04.20 08:09:03.218,1.06146,1.06162,1.77,1.50
2011.04.20 08:09:03.989,1.06147,1.0616,1.02,2.25
2011.04.20 08:09:04.098,1.06147,1.0616,1.02,5.25
2011.04.20 08:09:04.208,1.06145,1.06158,1.02,1.50
2011.04.20 08:09:04.757,1.06143,1.06157,1.02,3.00
2011.04.20 08:09:05.306,1.06143,1.06156,1.02,1.50
2011.04.20 08:09:06.349,1.06147,1.06157,2.25,1.50
2011.04.20 08:09:06.813,1.06147,1.0616,2.25,1.50
2011.04.20 08:09:11.808,1.06147,1.06161,3.12,1.50
2011.04.20 08:09:13.910,1.06148,1.06162,1.02,1.50
2011.04.20 08:09:16.057,1.06147,1.06162,4.24,1.50
2011.04.20 08:09:16.608,1.06147,1.06162,4.24,1.50
2011.04.20 08:09:17.157,1.06147,1.06162,3.87,2.25
2011.04.20 08:09:17.708,1.06147,1.06162,2.52,3.00
2011.04.20 08:09:18.257,1.06147,1.06162,3.87,1.50
2011.04.20 08:09:18.368,1.06147,1.06163,3.87,4.50
2011.04.20 08:09:19.087,1.0615,1.06163,2.25,1.50
2011.04.20 08:09:19.638,1.06152,1.06166,1.35,6.75
2011.04.20 08:09:19.968,1.06156,1.06171,3.00,2.25
2011.04.20 08:09:20.626,1.06155,1.0617,5.52,1.50
2011.04.20 08:09:21.177,1.06156,1.06171,1.02,3.00
2011.04.20 08:09:21.729,1.06157,1.06171,2.10,2.25
2011.04.20 08:09:22.279,1.06157,1.0617,2.25,1.50
2011.04.20 08:09:22.387,1.06152,1.06168,2.14,1.50
2011.04.20 08:09:22.720,1.06156,1.06168,1.35,1.50
2011.04.20 08:09:23.048,1.06161,1.06171,2.25,1.50
2011.04.20 08:09:24.798,1.06161,1.06173,2.25,1.50
2011.04.20 08:09:24.908,1.06156,1.06173,3.87,1.50
2011.04.20 08:09:25.018,1.06156,1.06173,3.27,1.50
2011.04.20 08:09:25.238,1.06156,1.06172,2.52,1.50
2011.04.20 08:09:26.559,1.06156,1.06171,2.25,1.50
2011.04.20 08:09:26.888,1.06151,1.06166,5.37,1.50
2011.04.20 08:09:27.001,1.06151,1.06166,1.02,2.25
2011.04.20 08:09:27.448,1.06147,1.06164,1.77,3.00
2011.04.20 08:09:29.067,1.06151,1.06165,3.00,1.50
2011.04.20 08:09:32.037,1.06151,1.06166,6.75,2.25
2011.04.20 08:09:32.368,1.06151,1.06164,4.50,2.25
2011.04.20 08:09:32.589,1.06151,1.06167,1.50,1.50
2011.04.20 08:09:33.263,1.06151,1.06166,4.50,1.50
2011.04.20 08:09:35.048,1.06151,1.06168,5.85,1.50
2011.04.20 08:09:35.379,1.06159,1.06171,1.02,1.90
2011.04.20 08:09:35.820,1.0616,1.06176,2.25,2.63
2011.04.20 08:09:38.159,1.0616,1.06173,3.00,1.50
2011.04.20 08:09:38.492,1.06162,1.06176,1.50,1.50
2011.04.20 08:09:38.612,1.06161,1.06176,2.63,1.50
2011.04.20 08:09:38.841,1.06166,1.06176,3.00,1.15
2011.04.20 08:09:38.963,1.06166,1.0618,2.25,2.25
2011.04.20 08:09:40.178,1.06166,1.06178,2.25,2.25
2011.04.20 08:09:40.512,1.0616,1.06173,1.77,2.25
2011.04.20 08:09:40.629,1.06162,1.06178,1.02,3.00
2011.04.20 08:09:41.068,1.06162,1.06173,1.77,2.25
2011.04.20 08:09:44.642,1.06161,1.06176,7.77,1.50
2011.04.20 08:09:45.197,1.06162,1.06177,1.77,1.50
2011.04.20 08:09:45.529,1.06162,1.06178,2.52,1.50
2011.04.20 08:09:46.188,1.06167,1.06178,2.25,1.50
2011.04.20 08:09:46.518,1.06167,1.06181,2.25,2.25
2011.04.20 08:09:47.537,1.06167,1.06182,3.75,2.25
2011.04.20 08:09:47.648,1.0617,1.06182,1.43,1.50
2011.04.20 08:09:47.978,1.06167,1.0618,2.52,1.50
2011.04.20 08:09:48.528,1.06167,1.0618,2.25,2.25
2011.04.20 08:09:49.919,1.06167,1.0618,2.25,1.50
2011.04.20 08:09:51.048,1.06167,1.0618,3.00,1.50
2011.04.20 08:09:51.377,1.06167,1.06181,2.25,2.25
2011.04.20 08:09:51.817,1.06169,1.06184,2.25,2.25
2011.04.20 08:09:51.929,1.06171,1.06184,2.25,2.25
2011.04.20 08:09:52.477,1.06171,1.06184,2.25,1.50
2011.04.20 08:09:53.077,1.06171,1.06184,2.25,1.50
2011.04.20 08:09:53.408,1.06171,1.06183,1.02,2.25
2011.04.20 08:09:53.737,1.06169,1.06183,1.02,3.00
2011.04.20 08:09:54.287,1.06169,1.06183,1.02,3.00
2011.04.20 08:09:54.838,1.06168,1.06178,1.77,1.50
2011.04.20 08:09:55.497,1.06169,1.06181,1.02,3.75
2011.04.20 08:09:56.151,1.06166,1.06181,4.77,4.50
2011.04.20 08:09:57.691,1.06166,1.0618,1.02,1.50
2011.04.20 08:09:57.811,1.06165,1.06179,1.02,5.25
2011.04.20 08:09:57.931,1.06163,1.06176,1.02,1.50
2011.04.20 08:09:58.161,1.0616,1.06173,1.02,1.50
2011.04.20 08:09:58.279,1.0616,1.06172,1.02,1.50
2011.04.20 08:09:58.831,1.06159,1.0617,1.02,2.25
2011.04.20 08:09:59.058,1.06157,1.0617,1.02,3.00
2011.04.20 08:09:59.608,1.06157,1.0617,1.02,3.00
2011.04.20 08:10:00.598,1.06158,1.0617,1.02,3.00
2011.04.20 08:10:01.320,1.06158,1.0617,1.02,3.00
2011.04.20 08:10:02.776,1.06158,1.0617,1.02,3.00
2011.04.20 08:10:03.218,1.06157,1.06172,3.27,2.25
2011.04.20 08:10:03.767,1.06158,1.06172,1.02,1.50
2011.04.20 08:10:06.197,1.06158,1.06172,1.02,1.50
2011.04.20 08:10:06.638,1.06158,1.06172,1.02,2.25
2011.04.20 08:10:07.189,1.06157,1.06169,1.02,1.50
2011.04.20 08:10:07.737,1.06156,1.06169,1.77,1.50
2011.04.20 08:10:08.808,1.06156,1.0617,1.77,1.50
2011.04.20 08:10:09.138,1.06156,1.0617,1.77,1.50
2011.04.20 08:10:10.019,1.06156,1.0617,1.77,1.50
2011.04.20 08:10:13.899,1.06156,1.06171,1.77,2.25
2011.04.20 08:10:14.229,1.06159,1.06173,1.02,2.25
2011.04.20 08:10:14.560,1.06159,1.06173,1.02,2.25
2011.04.20 08:10:14.936,1.06162,1.06179,4.77,3.75
2011.04.20 08:10:15.489,1.06162,1.06178,4.77,1.50
2011.04.20 08:10:17.388,1.06162,1.06179,1.02,4.50
2011.04.20 08:10:17.719,1.06161,1.06173,1.77,2.25
2011.04.20 08:10:20.088,1.06161,1.06173,1.77,3.00
2011.04.20 08:10:20.530,1.06158,1.06173,1.77,3.00
2011.04.20 08:10:21.077,1.06158,1.06171,1.02,3.00
2011.04.20 08:10:22.509,1.06158,1.06171,1.02,3.00
2011.04.20 08:10:24.048,1.06158,1.06173,1.02,1.50
2011.04.20 08:10:24.267,1.06158,1.06174,1.02,4.50
2011.04.20 08:10:25.759,1.06157,1.06174,1.77,3.75
2011.04.20 08:10:25.978,1.06157,1.06174,2.89,3.00
2011.04.20 08:10:26.670,1.06157,1.06174,2.89,3.00
2011.04.20 08:10:27.997,1.06159,1.06174,1.02,3.00
2011.04.20 08:10:28.548,1.06159,1.06173,2.52,2.25
2011.04.20 08:10:29.207,1.06158,1.06173,1.77,3.00
2011.04.20 08:10:31.253,1.06158,1.06173,1.77,3.00
2011.04.20 08:10:32.997,1.06159,1.06173,1.02,3.00
2011.04.20 08:10:33.548,1.06159,1.06173,1.02,3.00
2011.04.20 08:10:34.109,1.06159,1.06173,1.02,3.00
2011.04.20 08:10:35.220,1.06159,1.06173,1.02,3.00
2011.04.20 08:10:35.551,1.06157,1.06173,6.27,3.75
2011.04.20 08:10:36.107,1.06157,1.06172,2.52,1.50
2011.04.20 08:10:36.878,1.06157,1.06171,2.52,1.50
2011.04.20 08:10:37.098,1.06155,1.0617,1.02,3.00
2011.04.20 08:10:37.428,1.06153,1.06169,1.02,1.50
2011.04.20 08:10:39.107,1.06156,1.06168,1.02,1.50
2011.04.20 08:10:39.441,1.06166,1.06179,2.25,2.25
2011.04.20 08:10:39.559,1.06161,1.06178,1.02,1.50
2011.04.20 08:10:39.671,1.0616,1.06176,3.00,1.50
2011.04.20 08:10:40.008,1.06157,1.06172,1.77,1.50
2011.04.20 08:10:40.557,1.06157,1.06172,1.02,1.50
2011.04.20 08:10:40.888,1.06157,1.06171,1.02,1.50
2011.04.20 08:10:41.110,1.06154,1.06169,1.77,1.50
2011.04.20 08:10:41.220,1.06153,1.06166,1.39,1.50
2011.04.20 08:10:41.779,1.06152,1.06164,1.02,3.00
2011.04.20 08:10:42.878,1.06154,1.06164,1.02,2.25
2011.04.20 08:10:43.208,1.06156,1.0617,3.00,4.50
2011.04.20 08:10:43.318,1.06156,1.0617,2.25,3.75
2011.04.20 08:10:43.428,1.06156,1.0617,2.25,4.50
2011.04.20 08:10:43.978,1.06154,1.06167,1.02,1.50
2011.04.20 08:10:44.709,1.06152,1.06167,4.77,1.50
2011.04.20 08:10:46.647,1.06151,1.06167,7.77,2.25
2011.04.20 08:10:47.307,1.06152,1.06167,1.02,2.25
2011.04.20 08:10:50.898,1.06152,1.06167,4.02,1.50
2011.04.20 08:10:51.838,1.06152,1.06167,4.02,2.25
2011.04.20 08:10:56.578,1.06152,1.06167,1.02,2.25
2011.04.20 08:10:57.127,1.06157,1.06167,2.25,2.25
2011.04.20 08:10:57.348,1.06152,1.06167,4.77,3.00
2011.04.20 08:10:59.868,1.06151,1.06166,4.02,1.50
2011.04.20 08:11:00.200,1.06151,1.06163,3.75,1.50
2011.04.20 08:11:00.636,1.06151,1.06162,3.75,1.50
2011.04.20 08:11:00.754,1.06146,1.06162,7.02,1.50
2011.04.20 08:11:01.308,1.06146,1.06163,7.77,2.25
2011.04.20 08:11:01.858,1.06148,1.06163,2.25,2.25
2011.04.20 08:11:11.909,1.06148,1.06158,2.25,1.50
2011.04.20 08:11:12.128,1.06141,1.06155,1.50,1.50
2011.04.20 08:11:12.349,1.06149,1.06155,2.25,1.50
2011.04.20 08:11:12.460,1.06149,1.06162,2.25,2.63
2011.04.20 08:11:15.920,1.06153,1.06165,3.00,1.50
2011.04.20 08:11:16.030,1.06153,1.06169,3.00,1.50
2011.04.20 08:11:16.139,1.06158,1.0617,2.25,1.88
2011.04.20 08:11:16.605,1.06158,1.06171,2.25,9.38
2011.04.20 08:11:16.723,1.06158,1.06171,2.25,5.63
2011.04.20 08:11:17.718,1.06158,1.06168,2.25,1.50
2011.04.20 08:11:17.830,1.06153,1.06167,2.25,1.50
2011.04.20 08:11:18.160,1.06153,1.06169,3.75,2.25
2011.04.20 08:11:18.487,1.06158,1.0617,2.25,1.50
2011.04.20 08:11:20.047,1.06158,1.06171,2.25,1.50
2011.04.20 08:11:20.598,1.06158,1.06172,2.63,1.50
2011.04.20 08:11:21.147,1.06158,1.06172,2.25,1.50
2011.04.20 08:11:22.758,1.06163,1.06172,2.25,1.50
2011.04.20 08:11:23.307,1.06163,1.06173,2.25,1.50
2011.04.20 08:11:25.917,1.0616,1.06173,2.25,1.50
2011.04.20 08:11:26.467,1.0616,1.06173,2.25,1.50
2011.04.20 08:11:38.108,1.0616,1.06173,2.25,1.50
2011.04.20 08:11:38.439,1.06157,1.06172,3.27,1.50
2011.04.20 08:11:38.550,1.06157,1.06171,2.52,1.50
2011.04.20 08:11:38.990,1.06155,1.06163,1.02,1.50
2011.04.20 08:11:39.098,1.06153,1.06163,1.02,1.50
2011.04.20 08:11:39.207,1.06151,1.06165,2.52,1.50
2011.04.20 08:11:39.318,1.06151,1.06165,2.52,1.50
2011.04.20 08:11:39.647,1.06151,1.06162,2.52,1.50
2011.04.20 08:11:40.088,1.06152,1.06164,4.02,1.50
2011.04.20 08:11:40.198,1.06152,1.06165,4.77,1.50
2011.04.20 08:11:40.418,1.06152,1.06165,5.14,1.50
2011.04.20 08:11:40.531,1.06153,1.06169,5.74,1.50
2011.04.20 08:11:41.088,1.06153,1.06169,5.89,1.50
2011.04.20 08:11:41.657,1.06153,1.06168,5.52,1.50
2011.04.20 08:11:42.621,1.06153,1.06167,3.75,1.50
2011.04.20 08:11:43.178,1.06153,1.06167,4.88,1.50
2011.04.20 08:11:43.838,1.06153,1.06168,4.88,1.50
2011.04.20 08:11:44.939,1.06153,1.06169,4.88,1.50
2011.04.20 08:11:47.378,1.06154,1.06169,4.13,1.50
2011.04.20 08:12:01.379,1.06152,1.06169,4.99,1.50
2011.04.20 08:12:02.479,1.06155,1.06169,1.50,1.50
2011.04.20 08:12:02.808,1.06157,1.0617,1.50,2.25
2011.04.20 08:12:03.029,1.06156,1.06172,6.75,1.50
2011.04.20 08:12:03.907,1.06157,1.06172,1.02,1.50
2011.04.20 08:12:06.408,1.06158,1.06173,1.50,1.50
2011.04.20 08:12:06.738,1.0616,1.06177,3.75,4.50
2011.04.20 08:12:07.287,1.0616,1.06176,3.00,1.50
2011.04.20 08:12:08.799,1.0616,1.06176,2.25,1.50
2011.04.20 08:12:11.751,1.0616,1.06176,3.00,1.50
2011.04.20 08:12:16.647,1.0616,1.06176,2.25,1.50
2011.04.20 08:12:17.323,1.0616,1.06173,2.25,1.50
2011.04.20 08:12:17.880,1.06159,1.06171,1.13,3.00
2011.04.20 08:12:18.098,1.06159,1.06174,1.13,1.88
2011.04.20 08:12:18.319,1.06161,1.06174,2.25,2.25
2011.04.20 08:12:22.729,1.06161,1.06173,2.25,1.50
2011.04.20 08:12:22.838,1.06159,1.06173,1.13,1.50
2011.04.20 08:12:23.057,1.06159,1.06173,1.13,1.50
2011.04.20 08:12:23.870,1.06157,1.06173,1.88,1.50
2011.04.20 08:12:24.420,1.06158,1.06173,1.13,1.50
2011.04.20 08:12:24.968,1.06157,1.0617,1.88,3.00
2011.04.20 08:12:25.519,1.06156,1.0617,1.02,3.75
2011.04.20 08:12:26.068,1.06156,1.06172,3.00,2.25
2011.04.20 08:12:26.178,1.06156,1.06172,3.75,1.50
2011.04.20 08:12:26.509,1.0616,1.06172,2.25,1.50
2011.04.20 08:12:26.728,1.0616,1.06174,2.25,1.50
2011.04.20 08:12:28.728,1.0616,1.06174,2.25,1.50
2011.04.20 08:12:29.059,1.06166,1.06176,2.25,1.50
2011.04.20 08:12:29.171,1.06166,1.06177,2.25,1.50
2011.04.20 08:12:29.290,1.06162,1.06177,6.27,2.25
2011.04.20 08:12:29.509,1.0616,1.06176,4.02,1.50
2011.04.20 08:12:30.331,1.0616,1.06173,2.52,1.50
2011.04.20 08:12:30.888,1.06158,1.06171,1.02,1.50
2011.04.20 08:12:31.108,1.06157,1.06171,2.52,1.50
2011.04.20 08:12:31.658,1.06157,1.06171,2.52,1.50
2011.04.20 08:12:32.657,1.06157,1.06172,2.52,3.00
2011.04.20 08:12:36.958,1.06157,1.06172,2.52,1.50
2011.04.20 08:12:37.730,1.06157,1.0617,2.52,1.50
2011.04.20 08:12:38.168,1.06157,1.06172,2.52,2.25
2011.04.20 08:12:38.279,1.06161,1.06172,2.25,2.25
2011.04.20 08:12:40.419,1.06161,1.06172,2.25,1.50
2011.04.20 08:12:45.579,1.06161,1.06172,2.25,1.50
2011.04.20 08:12:45.908,1.06161,1.06172,2.25,1.50
2011.04.20 08:12:47.619,1.06157,1.06171,2.52,1.50
2011.04.20 08:12:48.059,1.0616,1.06171,2.25,1.50
2011.04.20 08:12:48.608,1.06161,1.06172,2.25,1.50
2011.04.20 08:12:50.429,1.06161,1.06173,2.25,1.50
2011.04.20 08:12:50.979,1.06161,1.06173,2.25,1.50
2011.04.20 08:12:51.308,1.06161,1.06173,2.25,1.50
2011.04.20 08:12:51.968,1.06161,1.06173,2.25,1.50
2011.04.20 08:12:53.068,1.06161,1.06173,2.25,1.50
2011.04.20 08:12:53.957,1.06161,1.06175,2.25,2.25
2011.04.20 08:12:54.075,1.06163,1.06175,1.50,1.50
2011.04.20 08:12:54.609,1.06163,1.06175,1.50,1.50
2011.04.20 08:12:54.723,1.06163,1.06177,1.50,1.50
2011.04.20 08:12:55.278,1.06163,1.06177,1.50,1.50
2011.04.20 08:12:55.937,1.06163,1.06176,1.50,1.50
2011.04.20 08:12:57.368,1.06163,1.06177,1.50,1.50
2011.04.20 08:13:00.198,1.06163,1.06175,1.50,1.50
2011.04.20 08:13:00.308,1.06161,1.06173,1.02,3.00
2011.04.20 08:13:00.418,1.06159,1.06173,4.77,3.00
2011.04.20 08:13:00.528,1.06159,1.06173,1.77,2.25
2011.04.20 08:13:02.508,1.06161,1.06173,1.02,2.25
2011.04.20 08:13:02.619,1.06163,1.06177,1.50,2.25
2011.04.20 08:13:02.948,1.06165,1.06179,2.25,3.00
2011.04.20 08:13:03.169,1.06167,1.06181,1.50,2.25
2011.04.20 08:13:03.717,1.06168,1.06182,1.50,1.13
2011.04.20 08:13:05.169,1.06167,1.06182,3.75,1.13
2011.04.20 08:13:06.488,1.06167,1.06181,3.00,1.88
2011.04.20 08:13:06.938,1.06165,1.06179,1.50,1.13
2011.04.20 08:13:07.053,1.06163,1.06179,1.50,1.88
2011.04.20 08:13:09.669,1.06162,1.06179,2.52,1.50
2011.04.20 08:13:09.998,1.06162,1.06176,1.50,1.50
2011.04.20 08:13:10.547,1.06163,1.06177,1.50,2.25
2011.04.20 08:13:11.098,1.06164,1.06177,1.50,1.50
2011.04.20 08:13:11.648,1.06162,1.06177,6.00,1.50
2011.04.20 08:13:11.979,1.0616,1.06174,1.02,3.75
2011.04.20 08:13:13.058,1.06161,1.06176,3.00,1.50
2011.04.20 08:13:13.170,1.06163,1.06177,1.50,2.25
2011.04.20 08:13:14.157,1.06165,1.06177,1.50,1.50
2011.04.20 08:13:14.488,1.06167,1.06181,1.50,2.63
2011.04.20 08:13:16.258,1.06168,1.06179,1.50,1.50
2011.04.20 08:13:16.369,1.06164,1.06179,1.02,1.88
2011.04.20 08:13:16.699,1.0616,1.06176,4.02,1.50
2011.04.20 08:13:16.809,1.0616,1.06173,1.02,3.00
2011.04.20 08:13:17.357,1.06158,1.06173,1.50,3.75
2011.04.20 08:13:18.087,1.06158,1.06173,3.00,3.75
2011.04.20 08:13:20.718,1.06166,1.06175,2.25,2.25
2011.04.20 08:13:20.940,1.06167,1.06182,1.50,4.13
2011.04.20 08:13:21.488,1.06167,1.06182,1.50,4.50
2011.04.20 08:13:22.438,1.06167,1.06181,2.25,1.13
2011.04.20 08:13:23.610,1.06168,1.06182,1.50,1.50
2011.04.20 08:13:23.828,1.06168,1.06183,1.50,1.50
2011.04.20 08:13:23.943,1.06169,1.06183,2.07,1.50
2011.04.20 08:13:24.279,1.06173,1.06189,2.25,1.50
2011.04.20 08:13:24.391,1.06178,1.06189,1.50,1.50
2011.04.20 08:13:24.938,1.06178,1.06189,1.50,1.50
2011.04.20 08:13:25.618,1.06177,1.06191,3.75,1.50
2011.04.20 08:13:26.986,1.06174,1.06189,1.77,2.25
2011.04.20 08:13:29.289,1.06174,1.06186,1.02,1.50
2011.04.20 08:13:29.618,1.0617,1.06183,2.14,2.25
2011.04.20 08:13:31.097,1.0617,1.06183,2.14,2.25
2011.04.20 08:13:32.018,1.06172,1.06183,1.13,2.25
2011.04.20 08:13:33.029,1.06171,1.06187,3.00,3.75
2011.04.20 08:13:33.139,1.06174,1.06187,1.50,1.50
2011.04.20 08:13:35.308,1.06175,1.06187,1.50,1.50
2011.04.20 08:13:35.761,1.06198,1.06204,3.75,2.25
2011.04.20 08:13:35.868,1.06198,1.06204,4.50,2.25
2011.04.20 08:13:36.213,1.06198,1.06209,4.50,1.50
2011.04.20 08:13:36.330,1.06198,1.06209,3.75,1.50
2011.04.20 08:13:37.072,1.06197,1.0621,4.77,4.50
2011.04.20 08:13:37.292,1.06199,1.0621,3.75,2.25
2011.04.20 08:13:37.634,1.06202,1.06216,6.00,1.50
2011.04.20 08:13:37.971,1.06207,1.06222,4.35,1.50
2011.04.20 08:13:38.081,1.06207,1.06222,4.62,1.50
2011.04.20 08:13:38.201,1.06207,1.06223,4.62,3.00
2011.04.20 08:13:39.421,1.06207,1.06222,3.64,1.50
2011.04.20 08:13:39.749,1.06207,1.06221,6.27,1.50
2011.04.20 08:13:40.078,1.06205,1.06219,1.02,1.50
2011.04.20 08:13:40.410,1.06203,1.06216,1.02,1.50
2011.04.20 08:13:41.487,1.06207,1.0622,2.85,1.50
2011.04.20 08:13:41.601,1.06207,1.0622,1.62,1.50
2011.04.20 08:13:41.832,1.06206,1.0622,4.02,1.50
2011.04.20 08:13:42.058,1.06206,1.06222,6.12,2.25
2011.04.20 08:13:42.608,1.06206,1.06223,3.87,2.25
2011.04.20 08:13:42.829,1.06206,1.06223,5.37,3.00
2011.04.20 08:13:43.378,1.06207,1.0622,1.77,1.50
2011.04.20 08:13:44.590,1.06208,1.06223,1.02,1.50
2011.04.20 08:13:44.699,1.06208,1.06223,1.02,1.50
2011.04.20 08:13:44.809,1.06209,1.06226,13.62,1.50
2011.04.20 08:13:44.921,1.0621,1.06227,6.00,1.50
2011.04.20 08:13:45.257,1.06215,1.06231,1.02,2.25
2011.04.20 08:13:48.818,1.06216,1.06231,3.87,1.50
2011.04.20 08:13:49.261,1.06218,1.06232,4.50,1.50
2011.04.20 08:13:49.598,1.06221,1.06237,2.25,2.25
2011.04.20 08:13:49.710,1.06221,1.06237,1.50,2.25
2011.04.20 08:13:49.929,1.06221,1.06238,2.25,2.25
2011.04.20 08:13:50.258,1.06224,1.0624,4.50,2.25
2011.04.20 08:13:50.369,1.06223,1.0624,4.50,2.25
2011.04.20 08:13:51.139,1.06224,1.0624,4.77,1.50
2011.04.20 08:13:51.250,1.06223,1.06238,3.75,1.50
2011.04.20 08:13:51.751,1.06221,1.06236,8.48,1.50
2011.04.20 08:13:51.876,1.06222,1.06236,2.98,1.50
2011.04.20 08:13:52.101,1.0622,1.06231,1.50,2.25
2011.04.20 08:13:52.219,1.0622,1.06231,1.50,2.25
2011.04.20 08:13:52.439,1.06219,1.06231,1.73,2.25
2011.04.20 08:13:52.550,1.06219,1.06236,5.48,2.25
2011.04.20 08:13:52.661,1.06219,1.06236,6.23,1.50
2011.04.20 08:13:53.212,1.06221,1.06237,1.13,1.50
2011.04.20 08:13:53.443,1.0622,1.06234,4.50,2.25
2011.04.20 08:13:53.559,1.06219,1.06232,1.02,3.00
2011.04.20 08:13:53.891,1.06217,1.06232,7.02,2.25
2011.04.20 08:13:54.222,1.06219,1.06232,1.02,2.25
2011.04.20 08:13:54.778,1.06219,1.06232,1.02,3.00
2011.04.20 08:13:55.328,1.06219,1.06232,1.02,2.25
2011.04.20 08:13:56.787,1.06219,1.06234,1.02,4.50
2011.04.20 08:13:57.118,1.06219,1.06233,1.02,1.50
2011.04.20 08:13:57.338,1.06217,1.06234,1.02,3.75
2011.04.20 08:13:57.668,1.06216,1.06224,1.77,2.25
2011.04.20 08:13:58.001,1.06213,1.06224,1.39,2.25
2011.04.20 08:13:58.108,1.06211,1.06228,1.02,1.90
2011.04.20 08:13:58.329,1.06211,1.06226,1.02,2.25
2011.04.20 08:13:58.439,1.0621,1.06225,4.02,1.50
2011.04.20 08:13:58.878,1.06212,1.06225,3.75,2.25
2011.04.20 08:13:59.209,1.06207,1.06224,4.77,5.25
2011.04.20 08:13:59.977,1.06206,1.06223,7.02,2.25
2011.04.20 08:14:00.528,1.06206,1.0622,1.02,2.25
2011.04.20 08:14:01.300,1.06206,1.0622,1.99,2.25
2011.04.20 08:14:01.741,1.0621,1.06223,2.25,1.50
2011.04.20 08:14:01.967,1.06208,1.06223,1.02,1.50
2011.04.20 08:14:02.511,1.06206,1.06221,3.27,1.50
2011.04.20 08:14:02.851,1.06201,1.06218,6.49,1.50
2011.04.20 08:14:03.948,1.06216,1.06221,2.25,2.25
2011.04.20 08:14:04.059,1.06216,1.06222,2.25,1.35
2011.04.20 08:14:04.170,1.06216,1.06223,2.25,1.15
2011.04.20 08:14:04.280,1.06216,1.06227,2.25,1.88
2011.04.20 08:14:04.388,1.0621,1.06227,3.38,2.63
2011.04.20 08:14:04.500,1.0621,1.06222,2.25,1.50
2011.04.20 08:14:04.608,1.06208,1.06222,4.77,2.25
2011.04.20 08:14:04.829,1.0621,1.06224,2.25,2.25
2011.04.20 08:14:05.378,1.0621,1.06224,2.25,1.50
2011.04.20 08:14:05.929,1.0621,1.06223,2.25,1.50
2011.04.20 08:14:06.479,1.0621,1.06222,2.25,1.50
2011.04.20 08:14:06.697,1.0621,1.06222,2.25,1.50
2011.04.20 08:14:06.808,1.06207,1.06222,1.02,1.50
2011.04.20 08:14:07.469,1.06207,1.06221,1.02,2.25
2011.04.20 08:14:07.799,1.06203,1.06213,1.77,1.50
2011.04.20 08:14:08.645,1.06202,1.06216,1.50,2.25
2011.04.20 08:14:09.200,1.06203,1.06212,1.50,1.50
2011.04.20 08:14:09.421,1.06199,1.06212,1.02,1.50
2011.04.20 08:14:09.871,1.06202,1.06212,1.50,1.13
2011.04.20 08:14:10.420,1.06201,1.06212,1.02,1.50
2011.04.20 08:14:10.529,1.062,1.06212,1.02,1.50
2011.04.20 08:14:11.077,1.062,1.06213,1.02,2.25
2011.04.20 08:14:14.449,1.06199,1.06212,1.02,1.50
2011.04.20 08:14:14.670,1.06197,1.0621,1.02,2.25
2011.04.20 08:14:15.329,1.06198,1.06212,1.02,2.25
2011.04.20 08:14:15.877,1.06196,1.06212,4.02,1.50
2011.04.20 08:14:17.087,1.06199,1.06212,1.02,1.50
2011.04.20 08:14:17.638,1.06196,1.06212,4.02,2.25
2011.04.20 08:14:18.191,1.062,1.06215,1.50,1.50
2011.04.20 08:14:18.301,1.062,1.06216,1.77,1.50
2011.04.20 08:14:18.894,1.06203,1.06216,1.50,1.50
2011.04.20 08:14:19.019,1.06204,1.06219,4.50,3.00
2011.04.20 08:14:19.571,1.06204,1.06219,5.25,1.50
2011.04.20 08:14:20.891,1.06205,1.06219,1.02,2.25
2011.04.20 08:14:21.003,1.06203,1.06217,2.25,1.50
2011.04.20 08:14:21.122,1.06201,1.06216,1.02,1.50
2011.04.20 08:14:21.350,1.06201,1.06216,1.02,1.50
2011.04.20 08:14:21.681,1.06203,1.06216,1.50,1.50
2011.04.20 08:14:22.230,1.06204,1.06218,1.50,1.50
2011.04.20 08:14:22.342,1.06204,1.0622,1.50,3.00
2011.04.20 08:14:23.188,1.06204,1.0622,2.25,2.25
2011.04.20 08:14:23.301,1.06205,1.0622,1.77,1.50
2011.04.20 08:14:23.960,1.06205,1.0622,1.02,3.00
2011.04.20 08:14:24.399,1.06204,1.06218,1.02,1.50
2011.04.20 08:14:26.379,1.06204,1.0622,1.02,3.00
2011.04.20 08:14:28.066,1.06205,1.06219,1.02,1.50
2011.04.20 08:14:29.540,1.06205,1.0622,1.02,2.25
2011.04.20 08:14:29.760,1.06205,1.0622,1.02,1.50
2011.04.20 08:14:30.641,1.06205,1.06219,1.02,2.25
2011.04.20 08:14:30.862,1.06205,1.06219,1.02,2.25
2011.04.20 08:14:31.091,1.06204,1.06219,1.02,2.25
2011.04.20 08:14:32.237,1.06204,1.06218,4.77,1.50
2011.04.20 08:14:32.832,1.0621,1.06224,1.50,3.00
2011.04.20 08:14:33.162,1.06209,1.06221,1.02,2.25
2011.04.20 08:14:33.615,1.0621,1.06221,1.50,2.25
2011.04.20 08:14:33.733,1.0621,1.06223,1.50,2.25
2011.04.20 08:14:34.184,1.0621,1.06223,1.77,2.25
2011.04.20 08:14:34.521,1.06214,1.06223,1.35,2.25
2011.04.20 08:14:35.014,1.06218,1.06229,1.02,6.40
2011.04.20 08:14:35.146,1.0622,1.06229,1.02,3.75
2011.04.20 08:14:35.262,1.0622,1.06232,1.02,2.25
2011.04.20 08:14:35.812,1.06218,1.06232,1.02,1.88
2011.04.20 08:14:36.359,1.06217,1.06232,3.27,1.88
2011.04.20 08:14:36.800,1.06215,1.06231,1.02,3.75
2011.04.20 08:14:37.351,1.06215,1.0623,1.02,1.50
2011.04.20 08:14:37.900,1.06215,1.06231,1.02,3.75
2011.04.20 08:14:40.770,1.06213,1.0623,1.02,1.50
2011.04.20 08:14:41.542,1.06213,1.0623,1.02,2.25
2011.04.20 08:14:41.762,1.0621,1.06227,3.27,1.50
2011.04.20 08:14:41.984,1.0621,1.06223,3.27,1.50
2011.04.20 08:14:42.101,1.06207,1.0622,1.02,3.00
2011.04.20 08:14:42.649,1.06206,1.0622,1.77,3.00
2011.04.20 08:14:43.582,1.06208,1.06223,1.02,2.25
2011.04.20 08:14:43.701,1.06209,1.06223,1.02,1.50
2011.04.20 08:14:45.240,1.0621,1.06224,1.02,3.00
2011.04.20 08:14:45.570,1.0621,1.06224,3.27,1.50
2011.04.20 08:14:46.930,1.06211,1.06227,1.02,1.50
2011.04.20 08:14:47.478,1.0621,1.06227,4.02,1.50
2011.04.20 08:14:51.211,1.0621,1.06223,5.14,3.00
2011.04.20 08:14:51.541,1.06213,1.06223,1.02,2.25
2011.04.20 08:14:51.651,1.06213,1.06223,1.02,2.25
2011.04.20 08:14:51.762,1.06214,1.06228,1.77,1.15
2011.04.20 08:14:51.870,1.06214,1.06231,1.77,5.03
2011.04.20 08:14:52.089,1.06214,1.06228,1.77,2.25
2011.04.20 08:14:52.419,1.06215,1.06228,1.77,2.25
2011.04.20 08:14:52.530,1.06216,1.06231,1.50,4.13
2011.04.20 08:14:52.640,1.06216,1.06231,1.50,3.15
2011.04.20 08:14:57.879,1.06214,1.06228,1.02,2.25
2011.04.20 08:14:57.989,1.06212,1.06228,1.02,2.25
2011.04.20 08:14:58.539,1.06211,1.06228,1.77,2.25
2011.04.20 08:15:00.039,1.06203,1.0622,1.39,3.00
2011.04.20 08:15:00.371,1.06207,1.06218,1.50,1.50
2011.04.20 08:15:00.700,1.06207,1.06218,1.50,1.50
2011.04.20 08:15:01.800,1.06207,1.06216,1.50,1.50
2011.04.20 08:15:02.131,1.06196,1.06204,1.77,2.25
2011.04.20 08:15:02.351,1.06191,1.06204,1.02,3.00
2011.04.20 08:15:02.461,1.06191,1.06204,1.62,3.00
2011.04.20 08:15:02.570,1.06197,1.06207,3.00,2.25
2011.04.20 08:15:03.063,1.06194,1.0621,1.80,2.25
2011.04.20 08:15:03.291,1.06195,1.06211,1.50,5.25
2011.04.20 08:15:03.512,1.06194,1.06211,1.77,6.00
2011.04.20 08:15:04.060,1.06194,1.0621,2.52,2.25
2011.04.20 08:15:04.722,1.06194,1.06205,1.77,1.50
2011.04.20 08:15:04.950,1.06188,1.06203,2.25,3.75
2011.04.20 08:15:05.498,1.06189,1.06202,1.50,1.13
2011.04.20 08:15:07.823,1.06188,1.06201,1.50,1.13
2011.04.20 08:15:13.480,1.06187,1.06202,4.02,1.88
2011.04.20 08:15:15.875,1.0619,1.06203,1.50,3.00
2011.04.20 08:15:16.210,1.06193,1.06206,1.77,1.50
2011.04.20 08:15:16.651,1.06193,1.06208,2.89,2.25
2011.04.20 08:15:18.080,1.06198,1.0621,1.50,3.00
2011.04.20 08:15:18.409,1.0619,1.06204,1.88,3.00
2011.04.20 08:15:18.519,1.06188,1.06204,1.77,3.75
2011.04.20 08:15:21.690,1.06189,1.06204,2.25,3.75
2011.04.20 08:15:21.911,1.06194,1.06206,1.50,2.25
2011.04.20 08:15:22.019,1.06194,1.06208,1.50,2.25
2011.04.20 08:15:22.608,1.06193,1.06208,1.02,3.00
2011.04.20 08:15:23.159,1.06193,1.06207,1.02,1.50
2011.04.20 08:15:23.379,1.06193,1.06206,1.02,1.50
2011.04.20 08:15:23.930,1.06193,1.06205,1.50,1.50
2011.04.20 08:15:24.039,1.06193,1.06205,1.50,1.50
2011.04.20 08:15:24.589,1.06193,1.06205,1.50,1.50
2011.04.20 08:15:25.138,1.06193,1.06205,1.50,1.50
2011.04.20 08:15:25.689,1.06193,1.06205,1.50,2.25
2011.04.20 08:15:26.209,1.06193,1.06205,1.50,2.25
2011.04.20 08:15:27.420,1.0619,1.06199,3.00,1.50
2011.04.20 08:15:27.751,1.06184,1.06193,1.02,2.25
2011.04.20 08:15:27.860,1.06184,1.06195,1.02,1.50
2011.04.20 08:15:28.080,1.06184,1.06198,2.25,1.50
2011.04.20 08:15:28.629,1.06186,1.06199,1.02,1.50
2011.04.20 08:15:29.030,1.06187,1.06201,1.50,1.50
2011.04.20 08:15:29.621,1.06186,1.06201,1.02,3.00
2011.04.20 08:15:30.281,1.06185,1.06201,1.02,4.50
2011.04.20 08:15:31.821,1.06188,1.06202,1.50,2.25
2011.04.20 08:15:32.420,1.06188,1.06203,1.50,3.00
2011.04.20 08:15:34.293,1.06191,1.06204,3.00,2.25
2011.04.20 08:15:34.630,1.06193,1.06204,1.50,1.50
2011.04.20 08:15:35.830,1.06189,1.06204,1.02,4.50
2011.04.20 08:15:37.490,1.06187,1.062,1.77,2.25
2011.04.20 08:15:37.600,1.06185,1.062,1.77,2.25
2011.04.20 08:15:38.149,1.06185,1.062,1.02,3.00
2011.04.20 08:15:39.470,1.06185,1.062,1.02,3.00
2011.04.20 08:15:42.650,1.06187,1.06201,3.75,1.50
2011.04.20 08:15:43.629,1.06187,1.06201,3.75,1.50
2011.04.20 08:15:50.600,1.06188,1.06202,1.50,1.50
2011.04.20 08:15:51.150,1.0619,1.06203,1.02,2.25
2011.04.20 08:15:53.360,1.0619,1.06203,1.02,2.25
2011.04.20 08:15:53.689,1.06192,1.06203,1.02,2.25
2011.04.20 08:15:54.020,1.06195,1.06209,1.02,2.65
2011.04.20 08:15:55.229,1.06194,1.06207,1.39,1.35
2011.04.20 08:15:55.450,1.06192,1.06204,1.02,3.00
2011.04.20 08:15:55.999,1.06189,1.06204,1.77,3.00
2011.04.20 08:15:58.320,1.06189,1.06204,1.77,3.00
2011.04.20 08:15:58.868,1.06189,1.06204,2.52,3.00
2011.04.20 08:16:03.750,1.06192,1.06204,2.89,2.25
2011.04.20 08:16:08.849,1.06192,1.06204,2.89,2.25
2011.04.20 08:16:09.399,1.06194,1.06204,1.50,2.25
2011.04.20 08:16:09.839,1.06197,1.06208,3.75,1.50
2011.04.20 08:16:10.060,1.06197,1.06213,4.50,1.50
2011.04.20 08:16:10.170,1.06198,1.06213,1.77,1.50
2011.04.20 08:16:13.325,1.06199,1.06213,1.02,1.50
2011.04.20 08:16:13.432,1.06198,1.06211,3.75,3.00
2011.04.20 08:16:19.939,1.06198,1.06211,3.75,2.25
2011.04.20 08:16:22.027,1.06196,1.06211,4.02,3.00
2011.04.20 08:16:24.121,1.06195,1.0621,8.52,1.50
2011.04.20 08:16:24.342,1.06194,1.06208,5.52,1.50
2011.04.20 08:16:24.462,1.06194,1.06203,1.77,1.13
2011.04.20 08:16:24.572,1.0619,1.06204,4.02,1.88
2011.04.20 08:16:24.680,1.0619,1.06203,1.02,3.00
2011.04.20 08:16:25.009,1.06189,1.06203,1.02,3.75
2011.04.20 08:16:31.582,1.06192,1.06203,1.50,2.25
2011.04.20 08:16:31.700,1.06192,1.06205,1.50,1.50
2011.04.20 08:16:32.249,1.06193,1.06207,1.50,2.25
2011.04.20 08:16:32.799,1.06193,1.06207,1.50,1.50
2011.04.20 08:16:33.130,1.06193,1.06207,1.50,1.50
2011.04.20 08:16:33.352,1.06194,1.06209,4.50,3.75
2011.04.20 08:16:33.916,1.06194,1.06209,5.25,2.25
2011.04.20 08:16:34.948,1.06196,1.06209,2.25,2.25
2011.04.20 08:16:35.290,1.06197,1.06211,1.50,1.50
2011.04.20 08:16:35.839,1.06198,1.06212,1.50,1.50
2011.04.20 08:16:42.859,1.06196,1.06212,3.27,1.50
2011.04.20 08:16:44.401,1.06196,1.06211,2.52,1.50
2011.04.20 08:16:44.732,1.06188,1.06204,1.39,3.75
2011.04.20 08:16:44.840,1.06191,1.06204,2.25,1.50
2011.04.20 08:16:44.950,1.06191,1.06205,3.00,2.25
2011.04.20 08:16:45.279,1.06191,1.06207,3.27,1.50
2011.04.20 08:16:46.379,1.06191,1.06207,3.27,1.50
2011.04.20 08:16:46.904,1.06189,1.06203,1.02,2.25
2011.04.20 08:16:48.019,1.06188,1.06203,1.02,3.00
2011.04.20 08:16:48.241,1.06187,1.06203,4.02,3.00
2011.04.20 08:16:49.578,1.06187,1.06203,2.52,3.00
2011.04.20 08:16:49.689,1.06188,1.06203,1.02,3.00
2011.04.20 08:16:50.492,1.06188,1.06203,1.02,3.00
2011.04.20 08:16:50.821,1.06191,1.06204,3.00,1.50
2011.04.20 08:16:51.149,1.06188,1.06194,1.02,2.25
2011.04.20 08:16:51.261,1.06184,1.06194,1.02,2.25
2011.04.20 08:16:51.809,1.06182,1.06194,1.02,2.25
2011.04.20 08:16:52.251,1.06188,1.06194,1.50,2.25
2011.04.20 08:16:52.580,1.06187,1.06199,1.02,1.50
2011.04.20 08:16:53.128,1.06185,1.06199,1.77,1.50
2011.04.20 08:16:54.671,1.06187,1.06199,1.02,1.50
2011.04.20 08:16:55.000,1.06187,1.06202,4.02,1.50
2011.04.20 08:16:56.045,1.06193,1.06204,1.50,2.25
2011.04.20 08:16:57.359,1.06193,1.06201,1.50,1.50
2011.04.20 08:16:57.691,1.06188,1.06203,1.50,1.50
2011.04.20 08:16:57.801,1.06187,1.06203,1.77,1.50
2011.04.20 08:16:58.349,1.06187,1.06203,1.77,1.50
2011.04.20 08:17:00.469,1.06187,1.06202,1.77,1.50
2011.04.20 08:17:00.689,1.06187,1.06201,1.77,1.50
2011.04.20 08:17:02.614,1.06187,1.06202,2.52,1.50
2011.04.20 08:17:03.170,1.06188,1.06203,2.25,2.25
2011.04.20 08:17:06.349,1.06188,1.06203,1.50,1.50
2011.04.20 08:17:06.899,1.06187,1.06203,1.77,1.50
2011.04.20 08:17:10.270,1.06187,1.06202,1.77,1.50
2011.04.20 08:17:10.710,1.06188,1.062,1.50,1.50
2011.04.20 08:17:10.930,1.06185,1.062,1.50,1.50
2011.04.20 08:17:11.149,1.06185,1.062,2.25,1.50
2011.04.20 08:17:11.699,1.06184,1.06199,1.77,1.50
2011.04.20 08:17:12.810,1.06184,1.06192,1.02,1.15
2011.04.20 08:17:13.616,1.06182,1.06193,1.77,1.15
2011.04.20 08:17:13.729,1.06182,1.06197,1.77,1.50
2011.04.20 08:17:14.077,1.06182,1.06193,1.77,1.15
2011.04.20 08:17:14.629,1.06182,1.06192,1.77,1.15
2011.04.20 08:17:15.179,1.06182,1.06193,1.77,1.15
2011.04.20 08:17:15.511,1.06183,1.06199,1.50,1.50
2011.04.20 08:17:16.278,1.06183,1.06197,1.50,2.25
2011.04.20 08:17:16.940,1.06182,1.06192,1.77,1.50
2011.04.20 08:17:17.160,1.0618,1.06193,1.02,3.00
2011.04.20 08:17:17.270,1.06178,1.06188,3.12,1.15
2011.04.20 08:17:17.758,1.06178,1.06193,3.12,3.00
2011.04.20 08:17:18.789,1.06178,1.06187,1.50,1.15
2011.04.20 08:17:19.339,1.06177,1.06188,7.50,1.15
2011.04.20 08:17:20.869,1.06177,1.06188,7.50,1.15
2011.04.20 08:17:21.419,1.06177,1.06187,7.50,1.15
2011.04.20 08:17:22.013,1.06177,1.06188,7.50,1.15
2011.04.20 08:17:22.679,1.06177,1.06187,7.50,1.15
2011.04.20 08:17:23.230,1.06177,1.06188,7.50,1.15
2011.04.20 08:17:23.889,1.06177,1.06187,7.50,1.15
2011.04.20 08:17:24.530,1.06177,1.06188,7.50,1.15
2011.04.20 08:17:24.859,1.06177,1.06188,7.13,1.15
2011.04.20 08:17:25.410,1.06177,1.06187,6.38,1.15
2011.04.20 08:17:25.983,1.06177,1.06187,6.38,1.15
2011.04.20 08:17:26.653,1.06173,1.06187,1.02,1.50
2011.04.20 08:17:26.772,1.06171,1.06183,2.25,1.15
2011.04.20 08:17:27.100,1.06176,1.06182,2.25,1.15
2011.04.20 08:17:27.320,1.0617,1.06186,1.50,1.50
2011.04.20 08:17:27.539,1.06169,1.06183,5.11,1.15
2011.04.20 08:17:28.059,1.0617,1.06186,1.50,1.50
2011.04.20 08:17:28.169,1.0617,1.06182,1.50,1.15
2011.04.20 08:17:28.729,1.06169,1.06183,8.11,1.15
2011.04.20 08:17:29.279,1.06172,1.06182,1.50,1.15
2011.04.20 08:17:30.222,1.06169,1.06182,3.27,1.15
2011.04.20 08:17:30.440,1.06169,1.06183,1.02,4.15
2011.04.20 08:17:31.650,1.06172,1.06187,1.50,2.25
2011.04.20 08:17:33.319,1.06172,1.06187,6.00,1.50
2011.04.20 08:17:33.651,1.06177,1.06188,3.00,1.50
2011.04.20 08:17:33.760,1.06177,1.06189,3.00,2.25
2011.04.20 08:17:33.979,1.06177,1.06191,3.00,1.50
2011.04.20 08:17:34.528,1.06177,1.06191,3.27,1.50
2011.04.20 08:17:35.628,1.06177,1.06191,4.02,1.50
2011.04.20 08:17:35.739,1.06177,1.06187,4.02,1.15
2011.04.20 08:17:37.779,1.06177,1.06188,3.27,1.15
2011.04.20 08:17:39.240,1.06177,1.06187,2.25,1.15
2011.04.20 08:17:39.800,1.06177,1.06188,2.25,1.15
2011.04.20 08:17:40.130,1.06177,1.0619,2.25,1.50
2011.04.20 08:17:40.459,1.06177,1.06191,3.00,1.50
2011.04.20 08:17:41.009,1.06177,1.06192,3.00,1.50
2011.04.20 08:17:41.119,1.06177,1.06192,2.25,1.50
2011.04.20 08:17:41.450,1.06179,1.06192,2.25,1.50
2011.04.20 08:17:44.531,1.06179,1.06195,3.75,1.50
2011.04.20 08:17:44.642,1.0618,1.06195,1.50,1.50
2011.04.20 08:17:44.970,1.06181,1.06197,1.02,1.50
2011.04.20 08:17:45.519,1.06181,1.06197,1.77,1.50
2011.04.20 08:17:48.361,1.0618,1.06197,1.02,1.50
2011.04.20 08:17:52.581,1.06178,1.06195,1.02,2.25
2011.04.20 08:17:52.801,1.06176,1.06194,1.02,1.50
2011.04.20 08:17:53.021,1.0618,1.06194,2.25,1.50
2011.04.20 08:17:53.349,1.0618,1.06192,2.25,1.50
2011.04.20 08:17:59.869,1.06177,1.06191,3.00,1.50
2011.04.20 08:18:02.181,1.06177,1.06191,2.25,1.50
2011.04.20 08:18:02.620,1.06172,1.06189,5.52,1.50
2011.04.20 08:18:03.279,1.06172,1.06189,5.52,2.25
2011.04.20 08:18:04.400,1.06172,1.06189,4.50,2.25
2011.04.20 08:18:07.911,1.06177,1.06187,1.50,1.50
2011.04.20 08:18:08.020,1.06174,1.06187,1.13,1.50
2011.04.20 08:18:08.238,1.06172,1.06187,4.50,1.50
2011.04.20 08:18:08.800,1.06172,1.06188,6.00,1.50
2011.04.20 08:18:15.180,1.06171,1.06187,1.02,1.50
2011.04.20 08:18:19.610,1.0617,1.06187,1.02,2.25
2011.04.20 08:18:20.049,1.0617,1.06187,1.02,3.00
2011.04.20 08:18:22.060,1.06171,1.06187,4.02,2.25
2011.04.20 08:18:22.279,1.06173,1.06187,3.75,2.25
2011.04.20 08:18:22.829,1.06173,1.06187,3.75,1.50
2011.04.20 08:18:23.489,1.06173,1.06187,3.75,1.50
2011.04.20 08:18:24.039,1.06173,1.06187,3.75,1.50
2011.04.20 08:18:25.069,1.06173,1.06188,3.75,1.50
2011.04.20 08:18:27.070,1.06173,1.06187,3.75,1.50
2011.04.20 08:18:27.429,1.06173,1.06187,3.75,1.50
2011.04.20 08:18:27.993,1.06173,1.06187,3.75,1.50
2011.04.20 08:18:29.211,1.06173,1.06187,3.75,1.50
2011.04.20 08:18:29.430,1.06169,1.06183,1.36,3.00
2011.04.20 08:18:33.440,1.06169,1.06181,1.36,2.25
2011.04.20 08:18:36.489,1.0617,1.06184,1.02,2.25
2011.04.20 08:18:36.821,1.06171,1.06188,5.52,2.25
2011.04.20 08:18:37.040,1.06172,1.06189,4.50,4.50
2011.04.20 08:18:38.249,1.06172,1.06189,4.50,6.00
2011.04.20 08:18:39.810,1.0617,1.06187,5.89,1.50
2011.04.20 08:18:40.358,1.0617,1.06187,5.52,2.25
2011.04.20 08:18:42.569,1.0617,1.06186,5.52,1.50
2011.04.20 08:18:43.699,1.0617,1.06186,5.52,1.50
2011.04.20 08:18:46.349,1.0617,1.06186,5.52,1.50
2011.04.20 08:18:46.922,1.0617,1.06186,5.52,1.50
2011.04.20 08:18:48.121,1.0617,1.06186,5.52,1.50
2011.04.20 08:18:48.814,1.0617,1.06186,5.52,1.50
2011.04.20 08:18:50.800,1.0617,1.06186,5.52,1.50
2011.04.20 08:18:51.349,1.06171,1.06188,1.77,3.00
2011.04.20 08:18:51.789,1.06171,1.06188,2.14,3.00
2011.04.20 08:18:52.118,1.06171,1.06188,2.14,3.00
2011.04.20 08:18:52.450,1.06173,1.06188,1.13,3.00
2011.04.20 08:18:53.770,1.06173,1.06187,4.50,1.35
2011.04.20 08:18:54.099,1.06173,1.06182,3.75,2.25
2011.04.20 08:18:54.649,1.06169,1.06182,1.02,2.25
2011.04.20 08:18:57.549,1.0617,1.06182,1.02,2.25
2011.04.20 08:19:02.230,1.06168,1.06182,1.39,2.25
2011.04.20 08:19:02.999,1.06167,1.06182,4.39,2.25
2011.04.20 08:19:04.136,1.06167,1.06182,4.77,2.25
2011.04.20 08:19:06.190,1.06167,1.06182,4.39,3.00
2011.04.20 08:19:06.850,1.06167,1.06182,4.39,3.00
2011.04.20 08:19:09.780,1.06167,1.06182,4.39,3.00
2011.04.20 08:19:10.110,1.06166,1.06178,1.02,2.25
2011.04.20 08:19:10.659,1.06165,1.06178,4.77,2.25
2011.04.20 08:19:10.989,1.06165,1.06178,4.77,2.25
2011.04.20 08:19:11.541,1.06165,1.06178,4.50,2.25
2011.04.20 08:19:12.200,1.06165,1.06178,4.50,3.75
2011.04.20 08:19:18.230,1.06166,1.06178,4.50,3.00
2011.04.20 08:19:23.410,1.06164,1.06178,1.13,3.00
2011.04.20 08:19:23.521,1.06163,1.06178,1.88,3.75
2011.04.20 08:19:23.960,1.06163,1.06178,2.25,3.00
2011.04.20 08:19:26.010,1.06163,1.06178,1.13,3.75
2011.04.20 08:19:26.233,1.0616,1.06173,5.25,1.58
2011.04.20 08:19:26.352,1.06159,1.06171,2.25,1.50
2011.04.20 08:19:26.462,1.06156,1.06168,1.50,3.00
2011.04.20 08:19:27.061,1.06156,1.06168,1.50,3.00
2011.04.20 08:19:27.610,1.06155,1.06168,1.50,2.25
2011.04.20 08:19:27.722,1.06156,1.06168,4.50,2.25
2011.04.20 08:19:28.051,1.06161,1.06175,4.50,3.75
2011.04.20 08:19:28.163,1.06163,1.06175,3.75,1.50
2011.04.20 08:19:28.280,1.06163,1.06176,3.75,3.75
2011.04.20 08:19:28.829,1.06163,1.06176,4.50,1.50
2011.04.20 08:19:31.080,1.0616,1.06174,6.27,1.50
2011.04.20 08:19:31.634,1.06161,1.06176,5.25,1.50
2011.04.20 08:19:31.862,1.06162,1.06176,3.00,1.50
2011.04.20 08:19:32.409,1.06162,1.06177,6.75,1.50
2011.04.20 08:19:32.959,1.06162,1.06177,7.13,1.50
2011.04.20 08:19:33.400,1.0616,1.06173,1.77,2.25
2011.04.20 08:19:34.848,1.06158,1.06173,5.89,2.25
2011.04.20 08:19:35.290,1.06166,1.06179,2.25,2.25
2011.04.20 08:19:35.400,1.06163,1.06179,5.63,3.75
2011.04.20 08:19:35.951,1.06163,1.06179,5.25,3.75
2011.04.20 08:19:36.393,1.06163,1.0618,6.75,3.00
2011.04.20 08:19:36.940,1.06163,1.06179,4.50,1.50
2011.04.20 08:19:37.380,1.06163,1.06178,3.75,1.50
2011.04.20 08:19:39.801,1.06163,1.06178,5.25,1.13
2011.04.20 08:19:40.130,1.06163,1.06178,4.88,1.13
2011.04.20 08:19:40.570,1.06167,1.0618,2.25,1.50
2011.04.20 08:19:41.119,1.06165,1.06179,1.02,2.25
2011.04.20 08:19:41.889,1.06164,1.06179,2.52,2.25
2011.04.20 08:19:43.401,1.06163,1.06179,1.77,3.00
2011.04.20 08:19:43.731,1.06167,1.0618,2.25,2.25
2011.04.20 08:19:45.160,1.06167,1.06181,3.00,1.50
2011.04.20 08:19:45.710,1.06167,1.06181,3.75,1.50
2011.04.20 08:19:46.259,1.06167,1.06183,4.02,3.00
2011.04.20 08:19:46.809,1.06167,1.06183,4.02,3.00
2011.04.20 08:19:48.039,1.06167,1.06183,4.02,3.00
2011.04.20 08:19:53.881,1.06167,1.06183,4.02,3.00
2011.04.20 08:19:54.320,1.0617,1.06185,7.02,1.50
2011.04.20 08:19:54.981,1.0617,1.06185,7.77,1.50
2011.04.20 08:19:55.200,1.0617,1.06185,7.77,1.50
2011.04.20 08:19:55.750,1.0617,1.06185,4.02,1.50
2011.04.20 08:19:56.670,1.06171,1.06185,1.50,1.50
2011.04.20 08:19:57.219,1.0617,1.06185,7.02,1.50
2011.04.20 08:20:02.079,1.0617,1.06185,7.02,1.50
2011.04.20 08:20:02.631,1.0617,1.06185,6.27,1.50
2011.04.20 08:20:03.181,1.0617,1.06185,2.52,1.50
2011.04.20 08:20:03.693,1.0617,1.06185,2.52,1.50
2011.04.20 08:20:05.350,1.06168,1.06183,4.02,2.25
2011.04.20 08:20:05.682,1.06164,1.0618,2.89,2.25
2011.04.20 08:20:06.230,1.06164,1.0618,1.77,3.00
2011.04.20 08:20:07.692,1.06169,1.0618,1.35,3.00
2011.04.20 08:20:07.913,1.06176,1.06189,2.52,2.25
2011.04.20 08:20:08.031,1.06176,1.06189,2.52,2.10
2011.04.20 08:20:08.141,1.06174,1.06188,1.88,2.10
2011.04.20 08:20:08.472,1.06169,1.06186,2.52,1.50
2011.04.20 08:20:09.020,1.0617,1.06186,1.77,1.50
2011.04.20 08:20:11.740,1.06171,1.06186,1.02,1.50
2011.04.20 08:20:12.070,1.06169,1.06186,1.02,1.50
2011.04.20 08:20:12.619,1.06169,1.06182,1.02,2.25
2011.04.20 08:20:13.170,1.06169,1.06186,1.77,3.75
2011.04.20 08:20:13.280,1.06169,1.06186,1.77,2.25
2011.04.20 08:20:13.830,1.06169,1.06186,2.52,1.50
2011.04.20 08:20:16.359,1.0617,1.06187,1.77,1.88
2011.04.20 08:20:19.331,1.06172,1.06187,1.50,1.13
2011.04.20 08:20:19.883,1.06168,1.06186,1.02,3.00
2011.04.20 08:20:22.650,1.06167,1.06185,4.02,3.00
2011.04.20 08:20:23.090,1.06167,1.06177,1.02,2.25
2011.04.20 08:20:23.205,1.06165,1.06177,1.02,2.25
2011.04.20 08:20:27.350,1.06165,1.06177,1.02,2.25
2011.04.20 08:20:27.899,1.06165,1.06177,1.02,2.25
2011.04.20 08:20:28.230,1.06165,1.06177,1.02,2.25
2011.04.20 08:20:28.670,1.06165,1.06177,1.02,2.25
2011.04.20 08:20:29.109,1.06165,1.06177,1.02,2.25
2011.04.20 08:20:29.220,1.06165,1.06182,1.77,3.00
2011.04.20 08:20:29.441,1.06165,1.06182,2.52,3.00
2011.04.20 08:20:29.769,1.06167,1.06184,1.50,2.25
2011.04.20 08:20:30.321,1.06168,1.06185,2.25,1.50
2011.04.20 08:20:30.651,1.06168,1.06185,2.52,1.50
2011.04.20 08:20:34.389,1.06169,1.06184,1.50,1.50
2011.04.20 08:20:34.940,1.06169,1.06185,1.50,1.50
2011.04.20 08:20:40.712,1.06169,1.06186,2.25,2.25
2011.04.20 08:20:43.723,1.06169,1.06186,2.25,1.50
2011.04.20 08:20:44.062,1.06169,1.06186,1.50,2.25
2011.04.20 08:20:46.769,1.06168,1.06186,1.77,1.50
2011.04.20 08:20:47.999,1.06168,1.06186,1.77,2.25
2011.04.20 08:20:54.944,1.06168,1.06185,1.77,2.25
2011.04.20 08:20:57.001,1.06168,1.06183,1.02,2.25
2011.04.20 08:20:57.550,1.06165,1.06177,1.02,2.25
2011.04.20 08:20:57.771,1.06165,1.0618,1.02,1.50
2011.04.20 08:20:57.880,1.06166,1.0618,1.02,1.50
2011.04.20 08:20:57.990,1.06166,1.06181,1.77,3.75
2011.04.20 08:20:58.540,1.06167,1.06182,3.00,1.50
2011.04.20 08:20:59.326,1.06168,1.06184,1.02,2.25
2011.04.20 08:21:00.100,1.06168,1.06185,3.27,1.50
2011.04.20 08:21:00.870,1.0617,1.06185,2.25,1.50
2011.04.20 08:21:02.011,1.06168,1.06184,1.77,3.00
2011.04.20 08:21:04.730,1.0617,1.06184,1.50,3.00
2011.04.20 08:21:05.060,1.0617,1.06185,3.00,1.50
2011.04.20 08:21:05.500,1.06173,1.06185,1.50,1.50
2011.04.20 08:21:06.534,1.0618,1.06189,1.43,2.25
2011.04.20 08:21:06.873,1.06179,1.06194,1.50,3.75
2011.04.20 08:21:07.210,1.0618,1.06197,1.50,2.63
2011.04.20 08:21:07.870,1.06179,1.06196,3.27,1.50
2011.04.20 08:21:08.420,1.06179,1.06196,4.02,1.50
2011.04.20 08:21:08.860,1.06182,1.06197,1.50,1.50
2011.04.20 08:21:09.080,1.06182,1.06198,1.50,2.63
2011.04.20 08:21:10.364,1.06183,1.06199,2.25,2.25
2011.04.20 08:21:15.649,1.06184,1.06199,2.25,2.25
2011.04.20 08:21:15.980,1.06184,1.06201,1.77,2.63
2011.04.20 08:21:16.311,1.06184,1.06199,2.52,2.25
2011.04.20 08:21:19.043,1.06184,1.062,1.02,3.00
2011.04.20 08:21:27.458,1.06182,1.062,1.77,4.50
2011.04.20 08:21:31.800,1.06183,1.062,2.52,3.75
2011.04.20 08:21:32.580,1.06184,1.062,1.02,3.75
2011.04.20 08:21:32.912,1.06196,1.06202,3.00,4.50
2011.04.20 08:21:33.023,1.06191,1.06202,1.50,3.75
2011.04.20 08:21:33.250,1.0619,1.06202,3.27,3.75
2011.04.20 08:21:33.844,1.0619,1.06207,2.52,2.63
2011.04.20 08:21:33.962,1.0619,1.06207,2.52,3.38
2011.04.20 08:21:34.511,1.06189,1.06204,1.02,1.50
2011.04.20 08:21:35.063,1.06187,1.06204,1.17,1.50
2011.04.20 08:21:35.283,1.0619,1.06204,1.13,4.50
2011.04.20 08:21:35.515,1.06191,1.06208,3.00,3.00
2011.04.20 08:21:35.634,1.06193,1.06211,1.02,3.75
2011.04.20 08:21:35.863,1.06197,1.06211,2.25,1.50
2011.04.20 08:21:36.611,1.06197,1.06213,5.52,3.00
2011.04.20 08:21:36.726,1.06198,1.06213,1.02,3.00
2011.04.20 08:21:36.951,1.06198,1.06213,1.02,2.25
2011.04.20 08:21:38.932,1.06198,1.06213,1.02,3.00
2011.04.20 08:21:39.534,1.06197,1.06209,4.50,2.63
2011.04.20 08:21:39.763,1.06203,1.06218,1.99,4.50
2011.04.20 08:21:40.321,1.06206,1.06218,1.02,3.00
2011.04.20 08:21:45.531,1.06199,1.06213,1.02,3.00
2011.04.20 08:21:46.080,1.06197,1.06213,3.27,3.00
2011.04.20 08:21:47.732,1.06197,1.06213,4.77,3.00
2011.04.20 08:21:51.660,1.06197,1.06213,4.77,3.00
2011.04.20 08:21:53.421,1.06197,1.06213,4.02,3.00
2011.04.20 08:21:53.750,1.06194,1.06209,1.02,1.50
2011.04.20 08:21:54.304,1.06191,1.0621,4.02,3.00
2011.04.20 08:21:56.669,1.06192,1.0621,2.25,2.25
2011.04.20 08:21:57.220,1.06193,1.06208,1.50,1.50
2011.04.20 08:21:58.490,1.06193,1.06208,1.50,1.50
2011.04.20 08:21:58.711,1.06195,1.06209,2.25,1.50
2011.04.20 08:21:59.040,1.06198,1.06211,2.25,1.50
2011.04.20 08:22:01.871,1.06198,1.06211,2.25,1.50
2011.04.20 08:22:02.420,1.06198,1.06212,3.00,1.50
2011.04.20 08:22:02.992,1.06198,1.06212,3.00,1.50
2011.04.20 08:22:03.541,1.06198,1.06212,2.25,1.50
2011.04.20 08:22:04.201,1.06198,1.06212,2.25,1.50
2011.04.20 08:22:04.860,1.06198,1.06213,3.00,1.50
2011.04.20 08:22:05.380,1.06198,1.06214,3.27,1.50
2011.04.20 08:22:06.372,1.062,1.06216,1.02,1.50
2011.04.20 08:22:06.921,1.06199,1.06216,1.02,1.50
2011.04.20 08:22:09.151,1.062,1.06216,1.02,2.25
2011.04.20 08:22:15.329,1.062,1.06216,1.02,3.00
2011.04.20 08:22:15.879,1.06201,1.06216,1.02,3.75
2011.04.20 08:22:16.469,1.06201,1.06216,1.77,3.75
2011.04.20 08:22:17.000,1.06201,1.06216,1.02,3.75
2011.04.20 08:22:18.231,1.06201,1.06216,1.02,3.00
2011.04.20 08:22:19.779,1.06201,1.06215,1.02,1.50
2011.04.20 08:22:21.591,1.06201,1.06215,1.02,1.50
2011.04.20 08:22:21.920,1.06201,1.06216,1.02,3.00
2011.04.20 08:22:27.296,1.06202,1.06216,2.25,1.50
2011.04.20 08:22:27.525,1.06206,1.06221,1.02,1.88
2011.04.20 08:22:27.641,1.06206,1.0622,1.02,1.13
2011.04.20 08:22:28.190,1.06208,1.06222,1.50,8.25
2011.04.20 08:22:28.741,1.06207,1.06222,1.50,8.25
2011.04.20 08:22:29.291,1.06208,1.06222,1.50,8.25
2011.04.20 08:22:29.731,1.06208,1.06221,1.50,1.50
2011.04.20 08:22:30.172,1.06207,1.0622,1.35,1.50
2011.04.20 08:22:30.283,1.06205,1.06218,1.77,1.35
2011.04.20 08:22:30.512,1.06199,1.06214,1.77,1.50
2011.04.20 08:22:33.411,1.06199,1.06214,1.77,1.35
2011.04.20 08:22:35.460,1.06202,1.06217,1.50,1.50
2011.04.20 08:22:37.001,1.06207,1.06217,1.50,1.50
2011.04.20 08:22:37.330,1.06208,1.06224,3.00,2.25
2011.04.20 08:22:44.070,1.06208,1.06223,3.00,2.25
2011.04.20 08:22:44.291,1.06206,1.06223,1.02,3.75
2011.04.20 08:22:44.780,1.06205,1.06219,1.50,2.25
2011.04.20 08:22:45.379,1.06204,1.06219,1.02,2.25
2011.04.20 08:22:45.600,1.06204,1.06218,1.02,1.50
2011.04.20 08:22:46.150,1.06204,1.06217,1.02,1.50
2011.04.20 08:22:46.722,1.06203,1.06218,3.27,1.50
2011.04.20 08:22:47.270,1.06203,1.06216,2.52,1.50
2011.04.20 08:22:47.600,1.06203,1.06217,3.27,2.25
2011.04.20 08:22:48.042,1.06201,1.06215,1.77,1.50
2011.04.20 08:22:48.482,1.06202,1.06217,3.27,1.50
2011.04.20 08:22:49.234,1.06202,1.06217,2.52,1.50
2011.04.20 08:22:49.570,1.06201,1.06217,1.02,2.25
2011.04.20 08:22:50.230,1.06201,1.06217,1.02,7.50
2011.04.20 08:22:50.780,1.06201,1.06217,1.02,6.75
2011.04.20 08:22:51.111,1.06209,1.06218,2.25,1.50
2011.04.20 08:22:51.221,1.06203,1.06221,3.00,4.05
2011.04.20 08:22:51.330,1.06203,1.06218,3.00,1.50
2011.04.20 08:22:51.880,1.06203,1.06218,2.52,1.50
2011.04.20 08:22:53.131,1.06203,1.06218,2.52,1.50
2011.04.20 08:22:54.521,1.06203,1.06218,3.27,1.50
2011.04.20 08:22:54.850,1.06209,1.06218,2.25,1.50
2011.04.20 08:22:56.961,1.06207,1.06218,2.25,1.50
2011.04.20 08:22:58.170,1.06207,1.06218,2.25,1.50
2011.04.20 08:22:59.630,1.06207,1.06219,2.25,1.50
2011.04.20 08:23:00.290,1.06207,1.06218,2.25,1.50
2011.04.20 08:23:00.841,1.06207,1.06218,2.25,1.50
2011.04.20 08:23:02.065,1.06207,1.06218,2.25,1.50
2011.04.20 08:23:02.621,1.06207,1.06212,2.25,1.50
2011.04.20 08:23:02.735,1.06201,1.06212,5.52,1.50
2011.04.20 08:23:02.855,1.06196,1.06212,4.02,2.25
2011.04.20 08:23:02.972,1.06196,1.06211,2.25,1.50
2011.04.20 08:23:03.962,1.06196,1.0621,2.25,1.50
2011.04.20 08:23:04.290,1.06196,1.0621,2.25,1.50
2011.04.20 08:23:04.512,1.06196,1.0621,2.25,1.50
2011.04.20 08:23:04.841,1.06196,1.06209,2.25,1.50
2011.04.20 08:23:05.172,1.06192,1.06206,2.52,1.50
2011.04.20 08:23:05.648,1.06192,1.06205,2.25,1.50
2011.04.20 08:23:05.768,1.06191,1.06208,4.77,1.50
2011.04.20 08:23:05.881,1.06194,1.0621,1.50,4.50
2011.04.20 08:23:06.109,1.062,1.0621,2.25,1.50
2011.04.20 08:23:06.441,1.062,1.06213,2.25,1.50
2011.04.20 08:23:08.671,1.062,1.06213,2.25,1.50
2011.04.20 08:23:11.100,1.06197,1.06211,2.52,1.50
2011.04.20 08:23:11.431,1.06203,1.06213,1.50,1.50
2011.04.20 08:23:11.761,1.06208,1.06221,2.25,1.50
2011.04.20 08:23:11.871,1.06208,1.06223,2.25,1.50
2011.04.20 08:23:12.202,1.06213,1.06227,2.52,2.25
2011.04.20 08:23:12.752,1.06213,1.06227,2.52,1.50
2011.04.20 08:23:12.970,1.06212,1.06231,4.39,1.50
2011.04.20 08:23:16.792,1.06215,1.0623,1.02,1.50
2011.04.20 08:23:17.121,1.0622,1.06232,1.50,1.50
2011.04.20 08:23:17.452,1.06222,1.06234,1.50,1.50
2011.04.20 08:23:17.561,1.06222,1.06234,1.50,1.50
2011.04.20 08:23:20.820,1.06221,1.06236,1.02,2.70
2011.04.20 08:23:21.370,1.0622,1.06236,2.52,2.70
2011.04.20 08:23:21.920,1.0622,1.06236,2.52,2.70
2011.04.20 08:23:22.801,1.0622,1.06234,2.52,1.50
2011.04.20 08:23:23.820,1.0622,1.06234,2.52,1.50
2011.04.20 08:23:24.264,1.06211,1.06223,1.39,2.25
2011.04.20 08:23:24.493,1.06207,1.06223,3.27,3.00
2011.04.20 08:23:25.041,1.06207,1.06221,1.02,2.25
2011.04.20 08:23:25.590,1.06206,1.06223,1.02,2.25
2011.04.20 08:23:26.170,1.06205,1.06223,4.02,3.40
2011.04.20 08:23:27.631,1.06206,1.06223,1.02,3.40
2011.04.20 08:23:30.240,1.06207,1.06222,1.50,2.25
2011.04.20 08:23:30.461,1.0621,1.06225,1.13,5.65
2011.04.20 08:23:30.571,1.06208,1.06225,5.14,2.65
2011.04.20 08:23:31.011,1.06208,1.06224,3.27,2.25
2011.04.20 08:23:32.911,1.06208,1.06223,1.02,2.85
2011.04.20 08:23:39.601,1.06207,1.06222,1.02,2.85
2011.04.20 08:23:44.004,1.06207,1.06222,1.02,3.60
2011.04.20 08:23:45.660,1.06207,1.06222,1.02,2.10
2011.04.20 08:23:46.847,1.06205,1.06221,2.52,1.35
2011.04.20 08:23:47.401,1.06206,1.06222,1.02,2.10
2011.04.20 08:23:49.784,1.06207,1.06222,1.02,2.25
2011.04.20 08:23:51.001,1.06207,1.06222,1.02,3.00
2011.04.20 08:23:51.332,1.06208,1.06223,1.77,1.35
2011.04.20 08:23:51.661,1.06208,1.06223,3.27,2.25
2011.04.20 08:23:51.995,1.06195,1.06207,1.50,3.00
2011.04.20 08:23:52.488,1.062,1.06215,1.50,1.50
2011.04.20 08:23:52.711,1.06202,1.06218,3.00,6.00
2011.04.20 08:23:53.259,1.06202,1.06217,6.00,1.50
2011.04.20 08:23:58.129,1.06202,1.06217,6.00,2.25
2011.04.20 08:23:59.333,1.06202,1.06217,6.00,2.25
2011.04.20 08:23:59.891,1.06202,1.06217,2.25,1.50
2011.04.20 08:24:00.441,1.06202,1.06217,2.25,1.50
2011.04.20 08:24:01.100,1.06202,1.06217,6.00,2.25
2011.04.20 08:24:03.583,1.062,1.06214,1.77,1.50
2011.04.20 08:24:03.810,1.06199,1.06215,3.27,1.50
2011.04.20 08:24:04.583,1.06199,1.06214,3.27,1.50
2011.04.20 08:24:05.530,1.06199,1.06214,4.02,1.50
2011.04.20 08:24:07.091,1.06202,1.06215,6.00,1.50
2011.04.20 08:24:07.310,1.06202,1.06217,6.00,1.50
2011.04.20 08:24:08.190,1.06202,1.06217,6.00,1.50
2011.04.20 08:24:08.521,1.06202,1.06217,2.25,2.25
2011.04.20 08:24:08.850,1.06202,1.06217,6.00,1.50
2011.04.20 08:24:21.741,1.06202,1.06211,3.75,1.13
2011.04.20 08:24:22.073,1.06199,1.06212,5.14,1.50
2011.04.20 08:24:23.560,1.06199,1.06213,1.02,3.75
2011.04.20 08:24:24.111,1.06197,1.06213,3.27,3.75
2011.04.20 08:24:24.224,1.06196,1.0621,1.02,3.60
2011.04.20 08:24:24.450,1.06191,1.06206,3.75,1.50
2011.04.20 08:24:25.001,1.06189,1.06204,1.77,4.50
2011.04.20 08:24:25.440,1.06189,1.06204,1.02,4.50
2011.04.20 08:24:25.551,1.06189,1.06204,1.77,4.50
2011.04.20 08:24:25.771,1.06189,1.06204,1.02,5.10
2011.04.20 08:24:25.993,1.06186,1.06201,3.27,1.50
2011.04.20 08:24:26.552,1.06186,1.06201,3.27,2.63
2011.04.20 08:24:27.087,1.06186,1.06198,2.25,5.25
2011.04.20 08:24:27.203,1.06182,1.06198,1.02,5.25
2011.04.20 08:24:27.764,1.06181,1.06196,3.27,1.50
2011.04.20 08:24:28.433,1.06181,1.06195,3.27,1.50
2011.04.20 08:24:28.651,1.06179,1.06194,1.02,3.75
2011.04.20 08:24:29.202,1.06177,1.06194,2.14,4.50
2011.04.20 08:24:29.750,1.06177,1.06194,2.14,4.50
2011.04.20 08:24:29.860,1.06177,1.06194,2.14,5.25
2011.04.20 08:24:30.300,1.06176,1.06193,3.64,1.50
2011.04.20 08:24:30.960,1.06176,1.06191,2.52,1.50
2011.04.20 08:24:31.510,1.06176,1.06193,3.27,1.50
2011.04.20 08:24:32.322,1.06177,1.06193,1.02,1.50
2011.04.20 08:24:40.741,1.06177,1.06194,1.02,3.75
2011.04.20 08:24:41.509,1.06178,1.06194,1.02,3.75
2011.04.20 08:24:43.080,1.06177,1.06194,1.39,3.75
2011.04.20 08:24:47.991,1.06178,1.06193,1.32,1.50
2011.04.20 08:24:48.210,1.06181,1.06196,2.25,2.25
2011.04.20 08:24:50.361,1.06182,1.06197,1.02,1.50
2011.04.20 08:24:56.459,1.06182,1.06197,1.77,1.50
2011.04.20 08:24:56.692,1.06185,1.06197,1.50,1.50
2011.04.20 08:25:01.435,1.06184,1.06197,1.50,1.50
2011.04.20 08:25:01.990,1.06184,1.06197,1.50,1.50
2011.04.20 08:25:12.050,1.06184,1.06197,1.50,1.50
2011.04.20 08:25:12.600,1.06184,1.06196,1.50,2.25
2011.04.20 08:25:13.151,1.06184,1.06197,1.50,2.25
2011.04.20 08:25:13.919,1.06184,1.06197,1.50,1.50
2011.04.20 08:25:14.250,1.06184,1.06197,1.50,2.25
2011.04.20 08:25:14.579,1.06184,1.06197,1.50,2.25
2011.04.20 08:25:15.129,1.06183,1.06197,1.50,2.25
2011.04.20 08:25:21.740,1.06183,1.06198,1.50,1.50
2011.04.20 08:25:28.290,1.06184,1.06197,1.50,1.50
2011.04.20 08:25:30.290,1.06184,1.06198,1.50,1.50
2011.04.20 08:25:45.510,1.06184,1.06197,2.25,1.50
2011.04.20 08:25:46.061,1.06182,1.06197,1.02,1.50
2011.04.20 08:25:46.390,1.06184,1.06197,1.50,1.50
2011.04.20 08:25:47.270,1.06182,1.06197,1.02,1.50
2011.04.20 08:25:47.820,1.06181,1.06197,3.27,1.50
2011.04.20 08:25:49.030,1.06181,1.06196,2.52,1.50
2011.04.20 08:25:49.141,1.06178,1.06194,1.50,3.00
2011.04.20 08:25:49.691,1.06177,1.06194,4.50,3.00
2011.04.20 08:25:50.022,1.06182,1.06194,1.50,3.75
2011.04.20 08:25:50.131,1.06182,1.06197,1.50,4.13
2011.04.20 08:25:50.730,1.06184,1.06199,1.88,1.88
2011.04.20 08:25:52.819,1.06182,1.06198,1.28,1.50
2011.04.20 08:25:53.350,1.06182,1.06198,2.03,1.50
2011.04.20 08:25:56.526,1.06183,1.06197,1.28,1.50
2011.04.20 08:25:56.642,1.06183,1.06199,2.03,1.88
2011.04.20 08:26:00.293,1.06182,1.06197,3.53,1.88
2011.04.20 08:26:00.622,1.06177,1.06183,1.02,3.00
2011.04.20 08:26:00.952,1.0617,1.06183,1.02,3.00
2011.04.20 08:26:01.060,1.06171,1.06187,1.02,1.50
2011.04.20 08:26:01.761,1.06171,1.06186,2.52,1.50
2011.04.20 08:26:07.850,1.06171,1.06185,2.52,1.50
2011.04.20 08:26:08.181,1.06163,1.06174,1.13,2.25
2011.04.20 08:26:08.291,1.06161,1.06174,4.02,2.25
2011.04.20 08:26:08.401,1.0616,1.06174,5.25,2.25
2011.04.20 08:26:08.512,1.06158,1.06174,1.02,3.38
2011.04.20 08:26:08.621,1.06157,1.06172,1.50,1.50
2011.04.20 08:26:08.951,1.06155,1.0617,2.25,2.25
2011.04.20 08:26:09.499,1.06155,1.0617,1.50,2.25
2011.04.20 08:26:10.139,1.06155,1.0617,1.50,3.00
2011.04.20 08:26:12.457,1.06154,1.0617,1.88,3.75
2011.04.20 08:26:13.124,1.06153,1.06169,1.39,1.50
2011.04.20 08:26:13.681,1.06153,1.06169,1.39,1.50
2011.04.20 08:26:14.231,1.06153,1.06169,1.39,1.50
2011.04.20 08:26:14.779,1.06153,1.06169,1.39,1.50
2011.04.20 08:26:15.333,1.06153,1.06169,2.14,1.50
2011.04.20 08:26:15.880,1.06153,1.06169,1.39,1.50
2011.04.20 08:26:16.540,1.06152,1.06169,2.14,1.50
2011.04.20 08:26:17.375,1.06154,1.06169,1.88,1.50
2011.04.20 08:26:18.270,1.06153,1.06169,1.39,1.50
2011.04.20 08:26:18.821,1.06153,1.06169,1.39,1.50
2011.04.20 08:26:19.351,1.06153,1.06169,1.39,1.50
2011.04.20 08:26:19.683,1.06152,1.06169,2.52,3.00
2011.04.20 08:26:20.013,1.06144,1.06152,1.50,1.50
2011.04.20 08:26:20.342,1.06136,1.0615,3.75,1.50
2011.04.20 08:26:21.701,1.06135,1.06149,6.00,1.35
2011.04.20 08:26:21.920,1.06138,1.06149,1.50,1.35
2011.04.20 08:26:22.581,1.06142,1.06157,1.50,1.50
2011.04.20 08:26:22.801,1.06142,1.06158,1.50,1.50
2011.04.20 08:26:23.398,1.06146,1.06159,3.00,2.25
2011.04.20 08:26:23.519,1.06149,1.06164,4.50,1.50
2011.04.20 08:26:23.632,1.0615,1.06167,1.50,1.50
2011.04.20 08:26:24.070,1.06153,1.06168,1.50,2.25
2011.04.20 08:26:24.619,1.06153,1.06168,1.50,3.00
2011.04.20 08:26:33.920,1.06153,1.06166,1.50,2.25
2011.04.20 08:26:34.143,1.0615,1.06163,1.02,2.25
2011.04.20 08:26:34.692,1.06151,1.06163,1.02,2.40
2011.04.20 08:26:35.775,1.06151,1.06163,1.02,2.25
2011.04.20 08:26:36.910,1.06152,1.06163,1.02,2.25
2011.04.20 08:26:37.240,1.06151,1.06166,1.02,1.50
2011.04.20 08:26:38.451,1.06151,1.06166,1.02,2.25
2011.04.20 08:26:38.782,1.06145,1.0616,1.77,2.25
2011.04.20 08:26:39.113,1.06145,1.0616,1.77,2.25
2011.04.20 08:26:39.661,1.06147,1.0616,4.50,3.75
2011.04.20 08:26:39.991,1.0615,1.06166,3.00,2.25
2011.04.20 08:26:42.689,1.06149,1.06164,1.02,2.25
2011.04.20 08:26:43.240,1.06149,1.06164,1.02,2.25
2011.04.20 08:26:44.692,1.06149,1.06164,1.02,2.25
2011.04.20 08:26:49.851,1.0615,1.06165,3.00,1.50
2011.04.20 08:26:50.073,1.0615,1.06165,3.00,1.50
2011.04.20 08:26:51.201,1.06149,1.06164,3.00,1.50
2011.04.20 08:26:51.421,1.06149,1.06161,4.50,1.13
2011.04.20 08:26:52.041,1.06148,1.06161,1.13,1.13
2011.04.20 08:26:53.751,1.06151,1.06163,2.25,3.00
2011.04.20 08:26:53.972,1.06156,1.06166,2.25,1.50
2011.04.20 08:26:54.081,1.06151,1.06166,2.25,1.50
2011.04.20 08:26:54.190,1.06149,1.06166,4.77,1.50
2011.04.20 08:26:54.300,1.06149,1.06167,4.77,2.25
2011.04.20 08:26:55.442,1.06149,1.06166,4.02,1.50
2011.04.20 08:26:56.050,1.06139,1.06152,1.50,1.50
2011.04.20 08:26:57.481,1.06137,1.06152,1.50,4.15
2011.04.20 08:26:57.811,1.06147,1.06151,2.25,1.90
2011.04.20 08:26:57.920,1.06147,1.06156,2.52,1.05
2011.04.20 08:26:58.250,1.06147,1.06162,3.27,2.17
2011.04.20 08:26:58.581,1.06151,1.06164,1.02,1.13
2011.04.20 08:26:58.691,1.06151,1.06167,1.02,3.00
2011.04.20 08:27:01.051,1.0615,1.06167,1.02,1.50
2011.04.20 08:27:01.490,1.06147,1.06161,1.39,2.63
2011.04.20 08:27:05.552,1.06148,1.06164,1.39,2.25
2011.04.20 08:27:05.776,1.06148,1.06164,2.37,2.25
2011.04.20 08:27:06.332,1.0615,1.06167,5.52,1.50
2011.04.20 08:27:13.261,1.0615,1.06167,5.52,1.50
2011.04.20 08:27:16.942,1.06157,1.06168,2.25,1.50
2011.04.20 08:27:18.041,1.06157,1.06169,2.25,1.50
2011.04.20 08:27:19.746,1.06157,1.0617,2.63,1.13
2011.04.20 08:27:19.856,1.06158,1.06173,5.63,3.00
2011.04.20 08:27:23.781,1.06158,1.06173,1.77,3.00
2011.04.20 08:27:24.001,1.06158,1.06173,1.02,3.75
2011.04.20 08:27:24.561,1.06157,1.06173,3.27,3.75
2011.04.20 08:27:25.110,1.06159,1.06174,3.00,1.80
2011.04.20 08:27:26.212,1.0616,1.06176,1.50,1.50
2011.04.20 08:27:26.651,1.0616,1.06176,1.77,2.25
2011.04.20 08:27:27.199,1.06159,1.06176,4.02,2.25
2011.04.20 08:27:27.921,1.06159,1.06172,2.52,1.50
2011.04.20 08:27:28.645,1.06157,1.06173,2.52,3.75
2011.04.20 08:27:29.790,1.06157,1.06171,3.27,2.25
2011.04.20 08:27:30.450,1.06158,1.06173,1.50,3.75
2011.04.20 08:27:30.780,1.06162,1.06173,2.25,1.50
2011.04.20 08:27:31.553,1.06158,1.06172,6.00,2.25
2011.04.20 08:27:31.771,1.06157,1.06172,1.77,3.15
2011.04.20 08:27:32.322,1.06156,1.06171,3.00,2.65
2011.04.20 08:27:32.870,1.06156,1.06171,3.00,1.50
2011.04.20 08:27:33.750,1.06156,1.06171,3.00,1.50
2011.04.20 08:27:34.300,1.06156,1.06172,3.00,2.25
2011.04.20 08:27:35.486,1.06156,1.06172,2.25,2.25
2011.04.20 08:27:39.103,1.06156,1.06171,2.25,1.50
2011.04.20 08:27:39.651,1.06156,1.06172,3.00,2.25
2011.04.20 08:27:40.812,1.06156,1.06172,2.25,2.25
2011.04.20 08:27:42.022,1.06153,1.06163,4.88,3.00
2011.04.20 08:27:42.508,1.06149,1.06163,2.14,3.00
2011.04.20 08:27:42.732,1.06151,1.06163,1.02,2.25
2011.04.20 08:27:42.843,1.0615,1.06163,1.02,2.25
2011.04.20 08:27:43.392,1.06152,1.06163,1.39,2.25
2011.04.20 08:27:43.503,1.06152,1.06163,1.02,2.25
2011.04.20 08:27:43.614,1.06152,1.06168,2.52,4.15
2011.04.20 08:27:45.730,1.06152,1.06167,3.27,1.50
2011.04.20 08:27:46.062,1.06148,1.06164,2.25,3.00
2011.04.20 08:27:46.611,1.0615,1.06164,1.02,2.25
2011.04.20 08:27:49.101,1.06148,1.06164,1.02,3.00
2011.04.20 08:27:49.766,1.06151,1.06164,1.88,2.25
2011.04.20 08:27:49.886,1.0615,1.06164,1.02,2.25
2011.04.20 08:27:53.041,1.06149,1.06164,1.77,2.25
2011.04.20 08:27:58.534,1.06149,1.06164,1.77,3.00
2011.04.20 08:27:59.550,1.0615,1.06164,1.02,2.25
2011.04.20 08:28:01.091,1.0615,1.06164,1.02,2.25
2011.04.20 08:28:05.093,1.0615,1.06167,3.27,5.25
2011.04.20 08:28:07.820,1.06153,1.06168,1.50,1.50
2011.04.20 08:28:08.370,1.06154,1.06168,1.13,1.50
2011.04.20 08:28:09.141,1.06151,1.06164,1.88,2.25
2011.04.20 08:28:09.251,1.0615,1.06164,1.02,2.25
2011.04.20 08:28:12.390,1.0615,1.06164,1.02,2.25
2011.04.20 08:28:13.170,1.0615,1.06164,1.02,2.25
2011.04.20 08:28:13.720,1.0615,1.06164,1.02,2.25
2011.04.20 08:28:14.940,1.0615,1.06164,1.02,3.00
2011.04.20 08:28:15.492,1.06151,1.06165,2.25,1.50
2011.04.20 08:28:16.041,1.06149,1.06163,1.02,2.25
2011.04.20 08:28:23.391,1.06149,1.06163,1.02,3.00
2011.04.20 08:28:23.501,1.06149,1.06163,1.02,3.38
2011.04.20 08:28:23.611,1.06147,1.06161,3.75,1.13
2011.04.20 08:28:23.721,1.06147,1.06163,3.75,4.50
2011.04.20 08:28:23.831,1.06145,1.06161,1.50,4.88
2011.04.20 08:28:24.371,1.06143,1.0616,1.50,2.10
2011.04.20 08:28:24.488,1.06147,1.06162,3.27,4.50
2011.04.20 08:28:25.591,1.06147,1.0616,3.27,1.50
2011.04.20 08:28:25.811,1.06147,1.06162,3.27,2.25
2011.04.20 08:28:25.920,1.06147,1.06162,3.27,2.25
2011.04.20 08:28:26.472,1.06147,1.06161,3.27,1.50
2011.04.20 08:28:27.021,1.06147,1.06159,2.25,1.50
2011.04.20 08:28:27.570,1.06147,1.0616,3.00,1.50
2011.04.20 08:28:28.121,1.06147,1.0616,2.25,1.50
2011.04.20 08:28:28.340,1.06142,1.06159,3.27,2.25
2011.04.20 08:28:28.450,1.06142,1.06157,3.27,1.50
2011.04.20 08:28:28.560,1.06141,1.06157,1.50,1.50
2011.04.20 08:28:28.782,1.0614,1.06155,3.00,1.50
2011.04.20 08:28:28.893,1.0614,1.06152,1.50,1.88
2011.04.20 08:28:29.111,1.06142,1.06151,1.50,1.50
2011.04.20 08:28:29.221,1.06142,1.06155,1.50,2.25
2011.04.20 08:28:30.321,1.0614,1.06154,2.25,1.88
2011.04.20 08:28:30.788,1.06141,1.06155,1.35,1.50
2011.04.20 08:28:31.025,1.06146,1.06163,3.27,1.50
2011.04.20 08:28:31.143,1.06146,1.06164,3.27,3.00
2011.04.20 08:28:31.362,1.06148,1.06164,1.02,3.00
2011.04.20 08:28:32.594,1.06148,1.06164,1.02,3.00
2011.04.20 08:28:33.501,1.06148,1.06164,1.02,3.75
2011.04.20 08:28:34.160,1.06148,1.06164,1.02,3.75
2011.04.20 08:28:34.722,1.06148,1.06164,1.02,3.75
2011.04.20 08:28:39.023,1.06146,1.06161,3.75,1.50
2011.04.20 08:28:39.572,1.06145,1.0616,1.50,3.00
2011.04.20 08:28:39.791,1.06147,1.06161,3.00,1.50
2011.04.20 08:28:40.010,1.06147,1.06162,3.00,1.50
2011.04.20 08:28:41.111,1.06149,1.06163,1.02,2.25
2011.04.20 08:28:42.110,1.06149,1.06163,1.02,2.25
2011.04.20 08:28:43.992,1.06151,1.06166,3.00,2.25
2011.04.20 08:28:44.103,1.06149,1.06163,1.02,2.25
2011.04.20 08:28:44.540,1.06149,1.06163,1.02,2.25
2011.04.20 08:28:47.352,1.06149,1.06166,3.64,1.50
2011.04.20 08:28:47.571,1.06151,1.06166,3.00,1.50
2011.04.20 08:28:48.254,1.06151,1.06166,3.00,1.50
2011.04.20 08:28:48.814,1.06151,1.06167,3.00,1.50
2011.04.20 08:28:53.780,1.06151,1.06166,3.00,1.50
2011.04.20 08:28:54.331,1.06151,1.06166,3.00,1.50
2011.04.20 08:28:55.703,1.06151,1.06166,2.25,3.00
2011.04.20 08:28:56.251,1.06149,1.06163,1.02,2.25
2011.04.20 08:28:57.583,1.06149,1.06163,2.14,2.25
2011.04.20 08:28:57.802,1.06151,1.06167,3.00,2.25
2011.04.20 08:28:58.461,1.06153,1.06169,1.02,1.50
2011.04.20 08:29:01.931,1.06151,1.06168,4.77,2.25
2011.04.20 08:29:02.940,1.06152,1.06168,1.02,3.75
2011.04.20 08:29:03.490,1.06153,1.0617,1.02,5.25
2011.04.20 08:29:03.711,1.06153,1.06158,1.02,3.75
2011.04.20 08:29:04.155,1.06151,1.06161,1.02,1.50
2011.04.20 08:29:04.273,1.06144,1.0616,1.02,4.50
2011.04.20 08:29:04.822,1.06141,1.0616,5.52,6.38
2011.04.20 08:29:05.853,1.06141,1.06159,4.77,1.50
2011.04.20 08:29:06.183,1.06149,1.06163,1.02,3.00
2011.04.20 08:29:06.767,1.06149,1.06163,1.02,3.00
2011.04.20 08:29:06.879,1.06151,1.06167,1.02,2.25
2011.04.20 08:29:07.211,1.06151,1.06167,1.02,1.50
2011.04.20 08:29:07.432,1.06151,1.06168,1.02,2.25
2011.04.20 08:29:08.091,1.06151,1.06167,1.02,1.50
2011.04.20 08:29:08.421,1.06151,1.06163,1.02,2.25
2011.04.20 08:29:14.811,1.06148,1.06163,1.77,2.25
2011.04.20 08:29:17.241,1.06148,1.06163,1.02,3.75
2011.04.20 08:29:17.791,1.06148,1.06163,1.02,3.00
2011.04.20 08:29:18.140,1.06148,1.06163,1.77,3.00
2011.04.20 08:29:18.472,1.06151,1.06165,3.00,1.50
2011.04.20 08:29:22.420,1.06151,1.06166,3.00,1.50
2011.04.20 08:29:22.531,1.06152,1.06167,1.50,1.50
2011.04.20 08:29:22.751,1.06156,1.06169,3.00,1.50
2011.04.20 08:29:23.414,1.06156,1.06165,2.25,1.50
2011.04.20 08:29:23.524,1.06151,1.06165,2.52,1.50
2011.04.20 08:29:23.861,1.0615,1.06164,1.02,3.00
2011.04.20 08:29:23.971,1.06147,1.06164,2.36,3.00
2011.04.20 08:29:24.462,1.06151,1.06164,1.77,3.75
2011.04.20 08:29:24.685,1.06156,1.06169,2.25,2.25
2011.04.20 08:29:25.240,1.06156,1.06169,2.25,1.50
2011.04.20 08:29:37.901,1.06158,1.06169,1.50,1.50
2011.04.20 08:29:38.232,1.06162,1.06176,1.50,1.50
2011.04.20 08:29:38.891,1.06162,1.06176,1.50,1.50
2011.04.20 08:29:40.231,1.06162,1.06177,1.50,1.50
2011.04.20 08:29:40.342,1.06167,1.06177,2.25,1.50
2011.04.20 08:29:43.700,1.06167,1.06177,3.00,1.50
2011.04.20 08:29:44.032,1.06176,1.06188,3.00,1.50
2011.04.20 08:29:44.141,1.06179,1.06188,2.25,1.50
2011.04.20 08:29:44.251,1.06179,1.06191,2.25,1.50
2011.04.20 08:29:44.361,1.06177,1.06191,2.52,1.50
2011.04.20 08:29:44.910,1.06177,1.06191,2.25,1.50
2011.04.20 08:29:45.681,1.06177,1.06188,2.25,2.25
2011.04.20 08:29:45.901,1.06173,1.06184,1.02,3.38
2011.04.20 08:29:46.010,1.06167,1.06182,1.02,2.25
2011.04.20 08:29:48.711,1.06171,1.06182,1.50,1.05
2011.04.20 08:29:49.042,1.06172,1.06187,1.77,1.50
2011.04.20 08:29:49.590,1.06171,1.06187,2.25,2.25
2011.04.20 08:29:51.221,1.06171,1.06185,3.00,2.25
2011.04.20 08:29:51.441,1.06166,1.0618,2.25,1.50
2011.04.20 08:29:52.013,1.06166,1.06179,2.25,1.50
2011.04.20 08:29:55.430,1.06166,1.06179,3.00,1.50
2011.04.20 08:29:55.543,1.06172,1.0618,2.25,1.50
2011.04.20 08:29:55.651,1.06172,1.06185,2.25,1.50
2011.04.20 08:29:56.285,1.06172,1.06185,2.25,1.50
2011.04.20 08:29:56.621,1.06172,1.06185,2.25,1.50
2011.04.20 08:29:57.062,1.06168,1.06181,1.50,1.50
2011.04.20 08:29:57.171,1.06166,1.06181,2.25,1.50
2011.04.20 08:30:00.983,1.06166,1.06181,2.25,1.50
2011.04.20 08:30:01.530,1.06166,1.06181,3.00,1.50
2011.04.20 08:30:01.972,1.06166,1.06181,2.25,2.25
2011.04.20 08:30:02.521,1.06166,1.06181,2.25,1.50
2011.04.20 08:30:03.216,1.06167,1.06183,1.50,1.88
2011.04.20 08:30:03.550,1.06169,1.06184,3.00,1.50
2011.04.20 08:30:03.662,1.06169,1.06184,2.25,1.50
2011.04.20 08:30:04.212,1.06169,1.06182,2.25,1.50
2011.04.20 08:30:04.761,1.06169,1.06182,2.25,1.50
2011.04.20 08:30:05.601,1.06169,1.06182,2.25,1.50
2011.04.20 08:30:05.931,1.06171,1.06186,3.75,1.50
2011.04.20 08:30:06.261,1.0617,1.06183,3.75,1.50
2011.04.20 08:30:06.921,1.0617,1.06183,2.25,1.50
2011.04.20 08:30:07.142,1.06167,1.06182,1.50,2.25
2011.04.20 08:30:07.701,1.06166,1.0618,2.25,1.50
2011.04.20 08:30:10.034,1.06166,1.0618,2.25,1.50
2011.04.20 08:30:10.372,1.06166,1.06177,2.25,3.75
2011.04.20 08:30:10.486,1.06161,1.06177,1.50,3.75
2011.04.20 08:30:10.931,1.06161,1.06175,1.50,1.50
2011.04.20 08:30:11.261,1.06159,1.06175,2.25,1.50
2011.04.20 08:30:11.921,1.0616,1.06176,2.25,1.50
2011.04.20 08:30:12.142,1.06167,1.06176,2.25,1.50
2011.04.20 08:30:12.361,1.06159,1.06176,4.77,2.25
2011.04.20 08:30:12.584,1.0616,1.06176,1.50,2.25
2011.04.20 08:30:12.804,1.0616,1.06176,1.50,2.25
2011.04.20 08:30:13.478,1.0616,1.06174,1.50,1.50
2011.04.20 08:30:13.702,1.0616,1.06176,2.25,1.50
2011.04.20 08:30:14.033,1.06166,1.06177,2.25,1.50
2011.04.20 08:30:14.144,1.06162,1.06177,2.25,1.50
2011.04.20 08:30:14.473,1.06162,1.06174,1.50,1.50
2011.04.20 08:30:14.581,1.06162,1.06174,1.50,1.50
2011.04.20 08:30:15.351,1.06159,1.06174,4.02,1.50
2011.04.20 08:30:15.792,1.06166,1.06176,2.25,1.50
2011.04.20 08:30:16.121,1.06166,1.06176,2.25,2.63
2011.04.20 08:30:16.342,1.06161,1.06175,1.50,1.50
2011.04.20 08:30:16.890,1.0616,1.06173,2.25,1.50
2011.04.20 08:30:17.551,1.0616,1.06176,4.50,1.13
2011.04.20 08:30:18.176,1.0616,1.06176,3.75,2.25
2011.04.20 08:30:18.731,1.0616,1.06174,2.25,3.00
2011.04.20 08:30:19.773,1.06167,1.06174,2.25,1.50
2011.04.20 08:30:19.991,1.06167,1.06176,2.25,1.50
2011.04.20 08:30:20.102,1.0616,1.06176,4.50,2.25
2011.04.20 08:30:20.322,1.06157,1.06172,1.02,1.50
2011.04.20 08:30:20.760,1.06156,1.06172,3.27,1.73
2011.04.20 08:30:21.202,1.06156,1.06171,2.52,2.65
2011.04.20 08:30:21.534,1.06156,1.06167,2.25,2.25
2011.04.20 08:30:21.652,1.06154,1.06164,1.02,3.00
2011.04.20 08:30:21.762,1.06148,1.06164,2.59,3.00
2011.04.20 08:30:22.573,1.0615,1.06166,2.25,2.25
2011.04.20 08:30:23.891,1.0615,1.06166,3.00,1.50
2011.04.20 08:30:24.443,1.0615,1.06167,3.00,1.50
2011.04.20 08:30:26.113,1.06154,1.06169,1.50,2.25
2011.04.20 08:30:26.443,1.06167,1.06177,2.52,1.50
2011.04.20 08:30:26.551,1.06167,1.06182,3.27,2.25
2011.04.20 08:30:27.143,1.06169,1.06183,1.02,3.75
2011.04.20 08:30:27.692,1.06169,1.06183,1.02,3.75
2011.04.20 08:30:28.461,1.06168,1.06181,1.50,2.25
2011.04.20 08:30:28.573,1.06166,1.06178,1.02,3.00
2011.04.20 08:30:29.011,1.06166,1.06181,3.64,1.50
2011.04.20 08:30:29.230,1.06167,1.06182,1.13,1.50
2011.04.20 08:30:29.341,1.06168,1.06182,1.50,2.25
2011.04.20 08:30:29.891,1.06169,1.06183,1.02,1.50
2011.04.20 08:30:31.691,1.06169,1.06183,1.02,1.50
2011.04.20 08:30:32.132,1.06169,1.06188,3.27,3.40
2011.04.20 08:30:34.111,1.06169,1.06187,3.27,2.25
2011.04.20 08:30:34.662,1.06169,1.06186,3.27,1.50
2011.04.20 08:30:35.101,1.06169,1.06187,3.27,1.50
2011.04.20 08:30:37.921,1.06169,1.06186,3.27,1.50
2011.04.20 08:30:39.131,1.06169,1.06188,3.27,3.00
2011.04.20 08:30:41.460,1.06169,1.06188,3.27,3.00
2011.04.20 08:30:43.820,1.06169,1.06188,3.27,3.00
2011.04.20 08:30:45.181,1.06169,1.06186,3.27,1.50
2011.04.20 08:30:45.290,1.06169,1.06186,3.27,2.25
2011.04.20 08:30:45.841,1.06169,1.06185,3.00,1.50
2011.04.20 08:30:49.355,1.06167,1.06183,4.02,3.15
2011.04.20 08:30:49.472,1.06167,1.06181,3.27,1.28
2011.04.20 08:30:49.692,1.06167,1.0618,2.25,1.88
2011.04.20 08:30:49.913,1.06162,1.06177,1.77,1.13
2011.04.20 08:30:50.242,1.0616,1.06177,3.00,1.88
2011.04.20 08:30:50.461,1.0616,1.06177,3.00,1.88
2011.04.20 08:30:50.682,1.0616,1.06177,3.00,2.63
2011.04.20 08:30:52.111,1.0616,1.06177,3.75,2.63
2011.04.20 08:30:52.442,1.06167,1.06179,2.25,1.50
2011.04.20 08:30:53.468,1.06157,1.06174,1.50,4.13
2011.04.20 08:30:54.021,1.06158,1.06174,1.50,4.13
2011.04.20 08:30:54.571,1.06158,1.06174,1.50,3.75
2011.04.20 08:30:54.683,1.06158,1.06174,1.50,3.75
2011.04.20 08:30:55.012,1.0616,1.06174,1.50,2.25
2011.04.20 08:30:55.122,1.0616,1.06177,1.50,2.25
2011.04.20 08:30:55.451,1.06163,1.0618,2.25,3.75
2011.04.20 08:30:56.968,1.06166,1.06184,3.75,5.28
2011.04.20 08:30:57.523,1.06167,1.06184,1.50,4.13
2011.04.20 08:31:00.223,1.06169,1.06184,1.35,4.13
2011.04.20 08:31:00.566,1.06176,1.06186,2.25,1.50
2011.04.20 08:31:00.684,1.06172,1.06186,2.25,1.50
2011.04.20 08:31:00.804,1.06173,1.06188,1.50,1.50
2011.04.20 08:31:01.144,1.06177,1.06188,3.00,1.50
2011.04.20 08:31:01.691,1.06177,1.06188,3.00,1.50
2011.04.20 08:31:04.492,1.06177,1.06191,3.00,1.50
2011.04.20 08:31:05.401,1.06177,1.06192,3.00,4.13
2011.04.20 08:31:05.624,1.06186,1.06194,3.00,1.13
2011.04.20 08:31:05.732,1.06186,1.06198,3.00,1.50
2011.04.20 08:31:06.064,1.06179,1.06193,1.99,2.25
2011.04.20 08:31:07.172,1.0618,1.06193,1.35,2.25
2011.04.20 08:31:07.766,1.06186,1.062,2.25,1.50
2011.04.20 08:31:08.871,1.06186,1.06201,2.25,4.15
2011.04.20 08:31:09.421,1.06186,1.06201,3.00,1.88
2011.04.20 08:31:09.752,1.0619,1.06205,2.25,2.25
2011.04.20 08:31:10.082,1.0619,1.06206,2.25,1.50
2011.04.20 08:31:10.631,1.0619,1.06206,2.52,3.00
2011.04.20 08:31:10.742,1.0619,1.06204,2.52,1.73
2011.04.20 08:31:11.071,1.06188,1.062,2.37,1.15
2011.04.20 08:31:11.292,1.06187,1.06201,1.02,1.90
2011.04.20 08:31:11.800,1.06186,1.062,2.52,1.90
2011.04.20 08:31:12.133,1.06186,1.062,2.25,1.50
2011.04.20 08:31:12.353,1.06183,1.06197,1.50,2.25
2011.04.20 08:31:12.463,1.06181,1.06197,1.50,2.25
2011.04.20 08:31:12.684,1.06181,1.06194,1.50,1.50
2011.04.20 08:31:13.016,1.06176,1.06188,3.75,1.50
2011.04.20 08:31:13.243,1.06171,1.06183,1.50,1.50
2011.04.20 08:31:13.462,1.06171,1.06183,1.50,2.25
2011.04.20 08:31:14.013,1.06169,1.06183,1.50,5.25
2011.04.20 08:31:14.231,1.06169,1.06183,3.75,1.50
2011.04.20 08:31:14.782,1.0617,1.06184,1.35,1.50
2011.04.20 08:31:15.003,1.06169,1.0618,2.25,1.50
2011.04.20 08:31:15.332,1.06166,1.06178,2.25,2.25
2011.04.20 08:31:15.442,1.06162,1.06176,1.50,5.25
2011.04.20 08:31:16.005,1.06161,1.06176,3.60,5.25
2011.04.20 08:31:17.004,1.06161,1.06176,3.60,5.25
2011.04.20 08:31:17.563,1.06161,1.06176,4.35,4.50
2011.04.20 08:31:18.551,1.06163,1.06176,2.25,4.50
2011.04.20 08:31:18.884,1.06167,1.06177,3.00,1.50
2011.04.20 08:31:19.443,1.06167,1.06178,2.25,1.50
2011.04.20 08:31:21.603,1.06167,1.06178,3.00,1.50
2011.04.20 08:31:21.932,1.06167,1.06181,3.00,1.50
2011.04.20 08:31:24.557,1.06163,1.06179,1.02,3.38
2011.04.20 08:31:24.674,1.06162,1.06178,1.50,2.25
2011.04.20 08:31:25.222,1.0616,1.06178,3.27,2.63
2011.04.20 08:31:27.091,1.0616,1.06177,3.75,5.25
2011.04.20 08:31:28.529,1.0616,1.06177,3.00,6.00
2011.04.20 08:31:29.082,1.0616,1.06177,3.75,1.50
2011.04.20 08:31:29.741,1.0616,1.06176,3.00,1.50
2011.04.20 08:31:31.061,1.0616,1.06176,2.25,1.50
2011.04.20 08:31:31.573,1.0616,1.06176,2.25,1.50
2011.04.20 08:31:32.672,1.06159,1.06176,1.77,1.50
2011.04.20 08:31:33.222,1.06159,1.06176,1.77,1.50
2011.04.20 08:31:37.412,1.06159,1.06176,2.52,1.50
2011.04.20 08:31:37.743,1.06166,1.06171,1.13,2.25
2011.04.20 08:31:37.963,1.06166,1.06178,1.50,3.00
2011.04.20 08:31:38.073,1.06168,1.06181,1.02,2.25
2011.04.20 08:31:38.952,1.06168,1.06181,1.77,2.25
2011.04.20 08:31:39.064,1.06169,1.06186,1.02,1.50
2011.04.20 08:31:39.504,1.06174,1.06188,1.50,1.50
2011.04.20 08:31:40.426,1.06172,1.06189,1.50,4.50
2011.04.20 08:31:40.764,1.06175,1.06189,1.50,3.75
2011.04.20 08:31:40.875,1.06177,1.06192,3.00,2.28
2011.04.20 08:31:40.996,1.06179,1.06194,2.25,1.50
2011.04.20 08:31:41.885,1.06179,1.06195,3.00,2.25
2011.04.20 08:31:42.442,1.06179,1.06194,3.00,1.50
2011.04.20 08:31:42.992,1.06179,1.06195,3.00,2.25
2011.04.20 08:31:44.465,1.06178,1.06195,1.35,2.25
2011.04.20 08:31:45.255,1.06178,1.06195,1.35,2.25
2011.04.20 08:31:52.171,1.0618,1.06195,2.25,1.50
2011.04.20 08:31:53.052,1.0618,1.06197,2.25,2.25
2011.04.20 08:31:53.939,1.06183,1.06199,1.50,4.88
2011.04.20 08:31:54.058,1.06182,1.06199,1.77,4.50
2011.04.20 08:31:54.503,1.0618,1.06198,6.12,1.50
2011.04.20 08:31:55.501,1.0618,1.06197,5.85,1.50
2011.04.20 08:32:04.783,1.0618,1.06196,3.60,2.25
2011.04.20 08:32:05.608,1.0618,1.06196,3.60,2.25
2011.04.20 08:32:10.782,1.06179,1.06196,1.62,2.25
2011.04.20 08:32:11.001,1.06179,1.06194,1.62,1.05
2011.04.20 08:32:11.787,1.06179,1.06196,1.62,2.25
2011.04.20 08:32:13.042,1.06183,1.06199,3.00,1.88
2011.04.20 08:32:13.262,1.06184,1.06199,1.35,1.50
2011.04.20 08:32:13.812,1.06185,1.06201,1.35,3.00
2011.04.20 08:32:13.921,1.06186,1.06201,1.02,3.00
2011.04.20 08:32:14.802,1.06186,1.06203,3.12,2.25
2011.04.20 08:32:15.023,1.06189,1.06205,3.12,2.48
2011.04.20 08:32:19.223,1.06189,1.06204,3.12,1.43
2011.04.20 08:32:19.443,1.06188,1.06203,2.37,2.25
2011.04.20 08:32:19.553,1.06189,1.06205,3.12,1.50
2011.04.20 08:32:21.404,1.0619,1.06205,1.02,3.00
2011.04.20 08:32:21.953,1.06189,1.06204,1.62,4.50
2011.04.20 08:32:22.172,1.06189,1.06204,1.62,3.75
2011.04.20 08:32:22.612,1.0619,1.06204,1.02,3.75
2011.04.20 08:32:22.722,1.06192,1.06204,1.50,3.00
2011.04.20 08:32:22.942,1.06197,1.06209,3.00,1.28
2011.04.20 08:32:23.053,1.06197,1.06211,3.00,4.15
2011.04.20 08:32:23.604,1.06197,1.06211,3.00,2.35
2011.04.20 08:32:23.715,1.06198,1.06212,1.13,1.13
2011.04.20 08:32:24.239,1.06198,1.06213,1.02,2.25
2011.04.20 08:32:25.802,1.062,1.06213,1.02,2.25
2011.04.20 08:32:26.242,1.06202,1.06217,1.02,1.50
2011.04.20 08:32:27.263,1.06202,1.06217,1.02,1.50
2011.04.20 08:32:28.692,1.06199,1.06217,3.64,1.50
2011.04.20 08:32:29.241,1.062,1.06214,1.02,2.25
2011.04.20 08:32:30.713,1.06202,1.06214,1.02,2.25
2011.04.20 08:32:31.043,1.06202,1.06217,1.02,2.25
2011.04.20 08:32:32.172,1.062,1.06216,2.52,2.25
2011.04.20 08:32:32.394,1.06199,1.06213,1.50,3.00
2011.04.20 08:32:32.505,1.06198,1.06213,1.02,3.75
2011.04.20 08:32:33.062,1.06197,1.06213,4.62,3.75
2011.04.20 08:32:33.611,1.06198,1.06213,1.02,3.75
2011.04.20 08:32:34.161,1.06198,1.06213,1.02,4.50
2011.04.20 08:32:34.492,1.06197,1.06209,1.35,3.00
2011.04.20 08:32:35.199,1.062,1.06217,3.27,7.13
2011.04.20 08:32:35.644,1.062,1.06217,3.27,6.75
2011.04.20 08:32:35.752,1.062,1.06217,3.27,6.75
2011.04.20 08:32:36.084,1.062,1.06217,3.87,1.50
2011.04.20 08:32:38.662,1.062,1.06217,4.24,1.50
2011.04.20 08:32:40.202,1.062,1.06217,3.87,6.00
2011.04.20 08:32:40.852,1.062,1.06217,3.27,6.75
2011.04.20 08:32:41.402,1.062,1.06217,3.27,6.75
2011.04.20 08:32:42.312,1.062,1.06217,3.27,7.50
2011.04.20 08:32:42.972,1.062,1.06215,2.52,1.50
2011.04.20 08:32:43.964,1.06199,1.06208,1.77,3.75
2011.04.20 08:32:44.292,1.06199,1.06214,1.02,3.75
2011.04.20 08:32:44.404,1.06199,1.06211,1.02,1.50
2011.04.20 08:32:44.623,1.06197,1.0621,1.02,3.75
2011.04.20 08:32:44.846,1.06194,1.06209,1.32,2.25
2011.04.20 08:32:45.381,1.0619,1.06207,4.02,2.25
2011.04.20 08:32:46.045,1.06189,1.06206,5.52,2.25
2011.04.20 08:32:49.312,1.06189,1.06205,5.52,1.50
2011.04.20 08:32:49.752,1.06187,1.06202,1.50,2.25
2011.04.20 08:32:49.862,1.06186,1.06202,3.00,1.50
2011.04.20 08:32:51.753,1.06185,1.062,1.02,4.13
2011.04.20 08:32:52.256,1.06182,1.06197,1.02,1.50
2011.04.20 08:32:54.893,1.06182,1.06197,1.02,1.50
2011.04.20 08:32:55.225,1.06184,1.062,1.13,3.75
2011.04.20 08:32:55.344,1.06184,1.062,1.13,3.00
2011.04.20 08:32:55.454,1.06186,1.06201,3.00,1.50
2011.04.20 08:32:55.674,1.06181,1.06194,1.02,2.25
2011.04.20 08:32:55.893,1.06182,1.06197,1.02,4.50
2011.04.20 08:32:56.772,1.06182,1.06198,1.02,1.50
2011.04.20 08:32:57.322,1.06182,1.06198,1.02,1.50
2011.04.20 08:32:58.981,1.06182,1.06199,1.02,1.50
2011.04.20 08:33:00.592,1.06182,1.06199,1.02,1.50
2011.04.20 08:33:06.272,1.06182,1.06194,1.02,2.25
2011.04.20 08:33:06.851,1.06182,1.06194,1.02,2.25
2011.04.20 08:33:07.182,1.06183,1.06197,1.13,1.50
2011.04.20 08:33:07.405,1.06184,1.06199,1.13,2.25
2011.04.20 08:33:07.525,1.06183,1.06199,1.39,2.25
2011.04.20 08:33:08.083,1.06183,1.06199,2.14,2.25
2011.04.20 08:33:08.414,1.06187,1.06203,3.00,3.00
2011.04.20 08:33:09.182,1.06189,1.06203,1.65,3.00
2011.04.20 08:33:10.454,1.06193,1.06203,1.35,3.00
2011.04.20 08:33:10.582,1.06198,1.06213,1.77,1.50
2011.04.20 08:33:10.694,1.062,1.06213,1.50,1.50
2011.04.20 08:33:11.244,1.06198,1.06213,1.02,1.50
2011.04.20 08:33:11.574,1.06198,1.06213,1.02,2.25
2011.04.20 08:33:13.934,1.06198,1.06212,2.22,1.50
2011.04.20 08:33:14.594,1.06198,1.06211,1.24,1.50
2011.04.20 08:33:14.705,1.06198,1.06209,1.02,3.00
2011.04.20 08:33:15.044,1.06197,1.06209,1.02,3.00
2011.04.20 08:33:15.263,1.06196,1.06209,1.02,3.00
2011.04.20 08:33:15.812,1.06195,1.06209,2.52,3.00
2011.04.20 08:33:16.325,1.06195,1.06209,2.52,3.00
2011.04.20 08:33:16.860,1.06195,1.06209,2.52,3.00
2011.04.20 08:33:17.631,1.06195,1.06209,1.77,3.00
2011.04.20 08:33:18.073,1.06196,1.06211,3.00,1.50
2011.04.20 08:33:18.402,1.06198,1.06212,1.20,1.50
2011.04.20 08:33:18.622,1.06198,1.06212,1.20,1.50
2011.04.20 08:33:19.063,1.06198,1.06214,1.20,3.75
2011.04.20 08:33:19.171,1.06198,1.06214,1.80,3.00
2011.04.20 08:33:19.502,1.062,1.06218,1.24,1.50
2011.04.20 08:33:22.843,1.06203,1.06219,1.20,2.25
2011.04.20 08:33:23.394,1.062,1.06219,1.24,2.25
2011.04.20 08:33:27.104,1.06205,1.0622,1.02,3.75
2011.04.20 08:33:28.314,1.06206,1.0622,2.25,1.50
2011.04.20 08:33:28.532,1.06206,1.0622,2.48,1.50
2011.04.20 08:33:28.864,1.06208,1.06223,1.20,1.50
2011.04.20 08:33:29.592,1.06208,1.06224,1.20,4.13
2011.04.20 08:33:29.697,1.06207,1.06224,1.50,4.88
2011.04.20 08:33:29.924,1.06208,1.06223,1.20,1.50
2011.04.20 08:33:30.912,1.06208,1.06223,1.20,1.50
2011.04.20 08:33:31.241,1.06207,1.06224,1.73,3.38
2011.04.20 08:33:31.684,1.06209,1.06224,1.77,2.25
2011.04.20 08:33:33.342,1.06214,1.06229,1.77,3.40
2011.04.20 08:33:33.674,1.06214,1.06227,1.50,1.50
2011.04.20 08:33:34.007,1.06212,1.06219,1.50,2.25
2011.04.20 08:33:34.440,1.06206,1.0622,1.02,4.90
2011.04.20 08:33:35.212,1.06206,1.06219,1.02,1.50
2011.04.20 08:33:35.843,1.06206,1.06219,1.02,1.50
2011.04.20 08:33:37.102,1.06206,1.06219,1.02,1.50
2011.04.20 08:33:39.191,1.06206,1.06219,1.02,1.50
2011.04.20 08:33:39.411,1.06206,1.06219,1.02,1.50
2011.04.20 08:33:39.631,1.06206,1.06219,1.02,1.50
2011.04.20 08:33:45.111,1.06206,1.06219,1.02,1.50
2011.04.20 08:33:45.444,1.06203,1.0621,1.50,1.50
2011.04.20 08:33:46.102,1.06203,1.06212,1.02,1.50
2011.04.20 08:33:47.783,1.06195,1.0621,1.02,1.50
2011.04.20 08:33:48.332,1.06195,1.06213,1.02,3.00
2011.04.20 08:33:51.582,1.06196,1.06213,1.77,2.25
2011.04.20 08:33:51.916,1.06202,1.06214,1.50,1.50
2011.04.20 08:33:53.133,1.062,1.06216,1.50,1.50
2011.04.20 08:33:53.903,1.06204,1.06216,1.02,1.50
2011.04.20 08:33:54.231,1.06205,1.06216,1.50,1.50
2011.04.20 08:33:54.782,1.06207,1.06219,1.50,1.50
2011.04.20 08:33:54.893,1.06207,1.06222,1.50,1.50
2011.04.20 08:33:55.223,1.06206,1.06224,5.52,1.50
2011.04.20 08:33:55.553,1.06209,1.06225,3.00,3.00
2011.04.20 08:33:56.102,1.0621,1.06225,1.50,3.00
2011.04.20 08:33:57.701,1.06208,1.06223,1.02,2.25
2011.04.20 08:33:58.252,1.06208,1.06222,1.02,1.35
2011.04.20 08:33:58.364,1.06206,1.06219,1.39,3.00
2011.04.20 08:33:58.473,1.06205,1.06219,2.25,3.00
2011.04.20 08:33:58.913,1.06203,1.06218,1.02,1.50
2011.04.20 08:33:59.352,1.06203,1.06218,1.02,1.50
2011.04.20 08:33:59.682,1.06202,1.06218,1.77,1.50
2011.04.20 08:34:00.013,1.06203,1.06219,1.02,2.25
2011.04.20 08:34:00.122,1.06203,1.06219,1.77,2.25
2011.04.20 08:34:00.452,1.06205,1.06222,2.25,2.25
2011.04.20 08:34:00.782,1.0621,1.06222,3.00,1.50
2011.04.20 08:34:01.529,1.0621,1.06224,3.00,1.50
2011.04.20 08:34:04.822,1.06211,1.06226,1.02,1.50
2011.04.20 08:34:05.042,1.06211,1.06226,1.02,1.50
2011.04.20 08:34:05.592,1.06211,1.06227,1.02,1.50
2011.04.20 08:34:08.553,1.06211,1.06223,1.77,2.25
2011.04.20 08:34:09.322,1.06211,1.06223,1.02,2.25
2011.04.20 08:34:10.203,1.06211,1.06223,1.77,2.25
2011.04.20 08:34:10.313,1.06213,1.06227,1.50,1.50
2011.04.20 08:34:11.193,1.06213,1.06228,1.02,1.50
2011.04.20 08:34:11.742,1.06213,1.06228,1.02,2.25
2011.04.20 08:34:12.593,1.06213,1.06227,1.02,1.50
2011.04.20 08:34:13.362,1.06213,1.06228,1.02,1.50
2011.04.20 08:34:14.464,1.06213,1.0623,1.77,4.50
2011.04.20 08:34:15.012,1.06214,1.0623,1.50,2.63
2011.04.20 08:34:15.453,1.06217,1.06228,2.25,1.50
2011.04.20 08:34:15.674,1.06213,1.06228,1.02,1.50
2011.04.20 08:34:16.222,1.06212,1.06228,1.02,2.25
2011.04.20 08:34:17.762,1.06212,1.06229,1.02,1.50
2011.04.20 08:34:18.203,1.06212,1.06228,1.39,1.50
2011.04.20 08:34:18.423,1.06213,1.06228,1.02,1.50
2011.04.20 08:34:18.864,1.06214,1.06228,1.02,1.50
2011.04.20 08:34:19.200,1.06226,1.06235,2.25,1.50
2011.04.20 08:34:19.535,1.0622,1.06233,3.12,3.00
2011.04.20 08:34:19.762,1.06221,1.06237,1.02,1.50
2011.04.20 08:34:20.312,1.0622,1.06238,4.77,6.00
2011.04.20 08:34:20.752,1.06221,1.06238,1.02,6.00
2011.04.20 08:34:21.082,1.06225,1.06239,1.50,1.50
2011.04.20 08:34:21.194,1.06228,1.06241,1.13,1.50
2011.04.20 08:34:21.413,1.06227,1.06242,1.50,4.50
2011.04.20 08:34:21.637,1.06226,1.06239,3.00,4.80
2011.04.20 08:34:22.230,1.06221,1.06233,1.02,3.00
2011.04.20 08:34:22.562,1.06218,1.06233,1.50,3.00
2011.04.20 08:34:26.544,1.06217,1.06231,1.77,2.25
2011.04.20 08:34:26.873,1.06217,1.06234,1.77,3.75
2011.04.20 08:34:29.933,1.06219,1.06234,1.50,3.75
2011.04.20 08:34:30.154,1.06222,1.06236,1.50,3.75
2011.04.20 08:34:30.702,1.06223,1.06238,1.02,4.58
2011.04.20 08:34:31.293,1.06223,1.06238,1.02,4.58
2011.04.20 08:34:32.341,1.06222,1.06238,1.02,5.33
2011.04.20 08:34:33.666,1.06221,1.06238,4.77,5.47
2011.04.20 08:34:35.103,1.06222,1.06238,1.77,4.72
2011.04.20 08:34:35.653,1.06223,1.06239,1.02,5.25
2011.04.20 08:34:36.742,1.06223,1.06239,1.02,5.25
2011.04.20 08:34:36.852,1.06226,1.0624,3.00,1.50
2011.04.20 08:34:37.403,1.06226,1.06238,3.00,1.50
2011.04.20 08:34:37.953,1.06223,1.06236,1.77,1.50
2011.04.20 08:34:38.062,1.06223,1.06236,1.02,1.50
2011.04.20 08:34:39.623,1.06223,1.06236,1.02,1.50
2011.04.20 08:34:39.732,1.06223,1.06236,1.02,1.50
2011.04.20 08:34:40.173,1.06233,1.06238,3.75,1.50
2011.04.20 08:34:40.394,1.06233,1.0624,5.25,1.50
2011.04.20 08:34:40.505,1.06235,1.0625,1.39,3.00
2011.04.20 08:34:40.842,1.06237,1.06252,1.02,1.50
2011.04.20 08:34:41.391,1.06237,1.06252,1.02,1.50
2011.04.20 08:34:41.943,1.06237,1.06254,1.02,3.90
2011.04.20 08:34:46.133,1.06238,1.06253,2.25,4.88
2011.04.20 08:34:47.232,1.06238,1.06252,2.25,1.50
2011.04.20 08:34:47.782,1.06238,1.0625,2.25,1.43
2011.04.20 08:34:48.004,1.06238,1.06249,2.25,1.50
2011.04.20 08:34:48.114,1.06232,1.06246,2.25,1.50
2011.04.20 08:34:48.332,1.06232,1.06246,2.25,1.65
2011.04.20 08:34:49.898,1.06232,1.06246,2.25,1.50
2011.04.20 08:34:50.015,1.06232,1.06246,2.25,1.50
2011.04.20 08:34:50.582,1.06232,1.06246,2.25,1.50
2011.04.20 08:34:51.062,1.06228,1.06246,2.52,3.00
2011.04.20 08:34:51.282,1.06229,1.06246,1.02,4.13
2011.04.20 08:34:51.843,1.06228,1.06243,3.00,1.15
2011.04.20 08:34:52.392,1.06228,1.06239,2.25,1.50
2011.04.20 08:34:52.613,1.06223,1.06239,3.75,1.88
2011.04.20 08:34:52.721,1.06223,1.06239,2.25,1.88
2011.04.20 08:34:54.752,1.06223,1.06237,3.75,1.50
2011.04.20 08:34:55.302,1.06223,1.06237,3.00,1.50
2011.04.20 08:34:55.632,1.06228,1.0624,3.00,3.23
2011.04.20 08:34:55.963,1.06228,1.0624,3.00,1.88
2011.04.20 08:34:56.415,1.06226,1.06236,1.50,1.50
2011.04.20 08:34:56.531,1.06219,1.06235,3.75,2.25
2011.04.20 08:34:58.062,1.0622,1.06235,1.50,2.25
2011.04.20 08:34:58.722,1.0622,1.06235,2.25,2.25
2011.04.20 08:34:59.052,1.06229,1.0624,3.00,1.50
2011.04.20 08:35:00.045,1.06229,1.0624,3.00,2.63
2011.04.20 08:35:00.261,1.06223,1.0624,4.02,2.63
2011.04.20 08:35:00.812,1.06223,1.06237,3.75,1.50
2011.04.20 08:35:01.455,1.06223,1.06237,3.75,1.50
2011.04.20 08:35:01.784,1.06225,1.06239,1.50,1.50
2011.04.20 08:35:01.896,1.06229,1.06241,2.25,2.63
2011.04.20 08:35:02.122,1.06226,1.06241,2.25,2.63
2011.04.20 08:35:02.672,1.06226,1.0624,2.25,1.13
2011.04.20 08:35:02.894,1.06223,1.06239,1.77,1.50
2011.04.20 08:35:03.114,1.06221,1.06238,1.02,1.50
2011.04.20 08:35:03.663,1.06221,1.06239,1.02,5.25
2011.04.20 08:35:11.673,1.06227,1.06238,2.25,1.50
2011.04.20 08:35:11.784,1.06222,1.06237,1.50,1.50
2011.04.20 08:35:12.113,1.06227,1.06238,2.25,1.50
2011.04.20 08:35:12.223,1.06227,1.06239,2.25,3.75
2011.04.20 08:35:12.771,1.06227,1.0624,2.25,1.35
2011.04.20 08:35:16.193,1.06228,1.06243,1.77,3.75
2011.04.20 08:35:16.415,1.0623,1.06246,2.25,1.68
2011.04.20 08:35:16.643,1.06233,1.06247,1.50,2.43
2011.04.20 08:35:16.975,1.06236,1.0625,3.27,4.23
2011.04.20 08:35:17.083,1.06236,1.06251,3.27,1.88
2011.04.20 08:35:17.414,1.06233,1.06246,1.13,2.25
2011.04.20 08:35:17.522,1.06232,1.06246,1.50,3.38
2011.04.20 08:35:17.636,1.06229,1.06246,2.25,3.38
2011.04.20 08:35:18.193,1.0623,1.06245,2.25,1.50
2011.04.20 08:35:18.854,1.06231,1.06245,1.50,1.50
2011.04.20 08:35:19.298,1.06231,1.06246,2.25,2.63
2011.04.20 08:35:19.423,1.06237,1.06251,2.25,1.13
2011.04.20 08:35:20.083,1.06237,1.0625,3.00,1.88
2011.04.20 08:35:20.198,1.06232,1.06247,2.25,1.50
2011.04.20 08:35:20.532,1.06229,1.06243,2.25,2.25
2011.04.20 08:35:20.646,1.06228,1.06243,1.50,2.25
2011.04.20 08:35:22.484,1.06229,1.06245,2.85,2.25
2011.04.20 08:35:22.594,1.06233,1.06247,3.00,6.00
2011.04.20 08:35:22.922,1.06229,1.06245,2.37,1.05
2011.04.20 08:35:23.033,1.06229,1.06245,1.35,1.05
2011.04.20 08:35:24.073,1.06229,1.06244,3.60,1.50
2011.04.20 08:35:24.405,1.06233,1.06246,3.00,1.50
2011.04.20 08:35:27.941,1.06233,1.06246,2.25,1.50
2011.04.20 08:35:31.376,1.06231,1.06241,1.02,1.50
2011.04.20 08:35:31.495,1.06224,1.06241,1.77,1.50
2011.04.20 08:35:32.042,1.06225,1.06241,1.02,2.25
2011.04.20 08:35:33.032,1.06225,1.06242,1.02,1.50
2011.04.20 08:35:33.363,1.06238,1.06247,2.25,1.90
2011.04.20 08:35:33.693,1.06238,1.06246,2.25,1.50
2011.04.20 08:35:33.804,1.06231,1.06245,2.25,1.50
2011.04.20 08:35:33.914,1.06228,1.06244,2.52,1.20
2011.04.20 08:35:34.025,1.06233,1.06242,2.25,1.50
2011.04.20 08:35:34.363,1.06229,1.06244,2.52,3.45
2011.04.20 08:35:35.059,1.06228,1.0624,2.25,1.88
2011.04.20 08:35:35.176,1.06223,1.0624,1.77,1.88
2011.04.20 08:35:35.954,1.06222,1.0624,1.02,2.25
2011.04.20 08:35:36.394,1.06231,1.06242,5.14,1.50
2011.04.20 08:35:36.504,1.06233,1.06249,1.02,1.50
2011.04.20 08:35:36.723,1.06231,1.06244,1.02,1.65
2011.04.20 08:35:36.943,1.06227,1.06243,3.75,1.50
2011.04.20 08:35:37.162,1.06227,1.06241,3.75,1.50
2011.04.20 08:35:37.603,1.06222,1.0624,1.50,1.88
2011.04.20 08:35:37.714,1.0622,1.06238,4.02,1.50
2011.04.20 08:35:38.270,1.06221,1.06239,1.50,1.50
2011.04.20 08:35:39.304,1.06226,1.0624,2.25,1.50
2011.04.20 08:35:39.636,1.06231,1.06246,2.25,2.25
2011.04.20 08:35:43.323,1.06228,1.06243,1.77,4.50
2011.04.20 08:35:43.542,1.06228,1.06243,1.02,3.75
2011.04.20 08:35:44.332,1.06228,1.06243,1.02,3.00
2011.04.20 08:35:46.057,1.06228,1.06243,1.02,4.50
2011.04.20 08:35:46.393,1.06225,1.06233,1.02,2.25
2011.04.20 08:35:46.502,1.06223,1.06233,1.02,2.25
2011.04.20 08:35:46.833,1.06223,1.06233,1.02,2.25
2011.04.20 08:35:46.944,1.06223,1.06238,1.02,3.75
2011.04.20 08:35:47.054,1.0622,1.06233,1.02,2.25
2011.04.20 08:35:47.164,1.06219,1.06233,1.77,2.25
2011.04.20 08:35:48.044,1.06221,1.06235,2.52,1.50
2011.04.20 08:35:49.054,1.06221,1.06236,2.52,1.50
2011.04.20 08:35:49.168,1.06221,1.06237,3.27,1.50
2011.04.20 08:35:49.615,1.06224,1.06239,1.02,1.50
2011.04.20 08:35:50.065,1.06227,1.06241,3.00,1.50
2011.04.20 08:35:50.282,1.06228,1.06243,1.02,4.50
2011.04.20 08:35:51.166,1.06228,1.06243,1.02,4.50
2011.04.20 08:35:51.504,1.06228,1.06243,1.77,4.50
2011.04.20 08:35:51.614,1.0623,1.06246,3.00,3.00
2011.04.20 08:35:51.723,1.0623,1.06246,2.52,3.00
2011.04.20 08:35:51.943,1.0623,1.06245,2.52,1.50
2011.04.20 08:35:52.165,1.06227,1.06242,2.25,4.50
2011.04.20 08:35:52.283,1.06227,1.06242,2.25,3.75
2011.04.20 08:35:52.833,1.06231,1.06245,2.25,2.25
2011.04.20 08:35:53.581,1.06231,1.06243,2.25,1.50
2011.04.20 08:35:54.153,1.06225,1.06241,1.77,4.50
2011.04.20 08:35:54.702,1.06225,1.0624,1.77,1.50
2011.04.20 08:35:56.364,1.06223,1.06239,1.02,2.25
2011.04.20 08:35:56.585,1.06222,1.06238,1.50,2.25
2011.04.20 08:35:57.132,1.06222,1.06237,1.50,1.50
2011.04.20 08:35:57.461,1.06221,1.06236,1.02,2.25
2011.04.20 08:35:58.013,1.06221,1.06233,1.02,3.00
2011.04.20 08:35:58.345,1.06221,1.06235,3.00,1.50
2011.04.20 08:35:58.792,1.06222,1.06237,1.50,2.25
2011.04.20 08:36:00.015,1.06222,1.06237,1.50,1.50
2011.04.20 08:36:00.243,1.06221,1.06237,3.27,1.50
2011.04.20 08:36:00.572,1.06221,1.06237,3.27,1.50
2011.04.20 08:36:01.013,1.06221,1.06237,3.27,1.50
2011.04.20 08:36:01.564,1.06221,1.06237,3.27,1.50
2011.04.20 08:36:02.112,1.06221,1.06237,4.02,1.50
2011.04.20 08:36:02.662,1.06221,1.06237,3.27,1.50
2011.04.20 08:36:03.211,1.06221,1.06237,3.27,1.50
2011.04.20 08:36:04.283,1.06221,1.06237,3.16,1.50
2011.04.20 08:36:04.505,1.06221,1.06236,3.16,1.50
2011.04.20 08:36:04.847,1.0622,1.06236,3.16,1.50
2011.04.20 08:36:04.966,1.0622,1.06237,3.91,2.25
2011.04.20 08:36:05.524,1.06222,1.0624,1.66,2.25
2011.04.20 08:36:06.072,1.06223,1.0624,1.39,1.50
2011.04.20 08:36:06.621,1.06223,1.0624,3.16,1.50
2011.04.20 08:36:09.339,1.06226,1.06241,1.02,3.75
2011.04.20 08:36:09.883,1.06227,1.06241,2.25,1.50
2011.04.20 08:36:10.431,1.06227,1.06241,2.25,1.50
2011.04.20 08:36:11.142,1.06227,1.06241,2.25,1.50
2011.04.20 08:36:11.692,1.06224,1.0624,1.02,3.00
2011.04.20 08:36:12.053,1.06223,1.0624,1.66,3.75
2011.04.20 08:36:12.601,1.06223,1.0624,1.77,3.75
2011.04.20 08:36:13.152,1.06223,1.0624,1.02,3.75
2011.04.20 08:36:13.262,1.06223,1.0624,1.66,3.75
2011.04.20 08:36:13.811,1.06222,1.0624,2.03,4.50
2011.04.20 08:36:15.352,1.06223,1.0624,1.66,3.75
2011.04.20 08:36:16.056,1.06222,1.06237,1.66,2.25
2011.04.20 08:36:16.615,1.06221,1.06237,3.53,2.25
2011.04.20 08:36:16.954,1.06222,1.06237,2.03,1.50
2011.04.20 08:36:17.065,1.06223,1.06237,2.03,1.50
2011.04.20 08:36:17.282,1.06226,1.06243,2.10,2.47
2011.04.20 08:36:17.394,1.06231,1.06243,2.25,2.25
2011.04.20 08:36:17.943,1.06231,1.06243,2.25,1.50
2011.04.20 08:36:30.331,1.06231,1.06245,2.25,1.50
2011.04.20 08:36:30.882,1.06231,1.06245,2.25,1.50
2011.04.20 08:36:35.222,1.06231,1.06245,2.25,1.50
2011.04.20 08:36:36.432,1.06231,1.06245,2.25,1.50
2011.04.20 08:36:36.764,1.06231,1.06245,2.25,1.50
2011.04.20 08:36:37.093,1.06231,1.06247,2.25,2.25
2011.04.20 08:36:37.655,1.06231,1.06247,2.25,1.50
2011.04.20 08:36:38.204,1.06231,1.06247,3.00,1.50
2011.04.20 08:36:38.534,1.06231,1.06246,2.25,1.50
2011.04.20 08:36:41.064,1.06231,1.06246,2.25,1.50
2011.04.20 08:36:42.044,1.06231,1.06247,3.00,1.50
2011.04.20 08:36:44.481,1.06231,1.06247,2.25,1.50
2011.04.20 08:36:45.032,1.06231,1.06247,2.25,1.50
2011.04.20 08:36:46.023,1.06231,1.06247,2.25,1.50
2011.04.20 08:36:46.243,1.06231,1.06245,2.25,1.50
2011.04.20 08:36:46.792,1.06231,1.06246,2.25,2.25
2011.04.20 08:36:48.641,1.06231,1.06245,2.25,1.50
2011.04.20 08:36:49.215,1.06231,1.06245,2.25,1.50
2011.04.20 08:36:49.773,1.06231,1.06245,2.25,1.50
2011.04.20 08:36:50.655,1.06231,1.06245,2.25,1.50
2011.04.20 08:36:51.101,1.06231,1.06245,2.25,1.50
2011.04.20 08:36:52.093,1.06231,1.06245,2.25,1.50
2011.04.20 08:36:52.681,1.06231,1.06245,2.25,1.50
2011.04.20 08:36:53.782,1.06231,1.06248,3.27,5.25
2011.04.20 08:36:54.963,1.06231,1.06248,3.27,1.50
2011.04.20 08:36:57.161,1.06232,1.06249,1.02,5.25
2011.04.20 08:36:57.973,1.06231,1.06248,3.27,1.50
2011.04.20 08:36:58.303,1.06231,1.06244,1.02,3.00
2011.04.20 08:36:58.523,1.06231,1.06246,4.39,1.50
2011.04.20 08:36:59.245,1.06231,1.06249,3.64,1.50
2011.04.20 08:36:59.473,1.06231,1.06249,4.69,1.50
2011.04.20 08:37:00.022,1.06232,1.06249,1.02,1.50
2011.04.20 08:37:00.352,1.06232,1.06249,1.02,1.50
2011.04.20 08:37:00.901,1.06232,1.06249,1.02,1.50
2011.04.20 08:37:01.452,1.06231,1.06249,4.39,6.00
2011.04.20 08:37:01.782,1.06235,1.06249,1.02,4.50
2011.04.20 08:37:03.106,1.06235,1.06248,1.02,1.50
2011.04.20 08:37:03.886,1.06235,1.06249,1.02,5.25
2011.04.20 08:37:04.112,1.06235,1.06249,1.02,5.25
2011.04.20 08:37:04.333,1.06235,1.06249,1.02,5.25
2011.04.20 08:37:04.671,1.06235,1.06249,1.77,4.50
2011.04.20 08:37:05.402,1.06235,1.06249,1.77,4.50
2011.04.20 08:37:07.352,1.06235,1.06249,1.77,4.50
2011.04.20 08:37:09.642,1.06235,1.06249,1.02,4.50
2011.04.20 08:37:10.239,1.06235,1.06249,1.02,3.75
2011.04.20 08:37:11.025,1.06235,1.06249,1.02,4.50
2011.04.20 08:37:12.693,1.06235,1.06249,1.77,4.50
2011.04.20 08:37:17.143,1.06236,1.0625,1.02,6.00
2011.04.20 08:37:20.741,1.06236,1.06248,1.02,3.75
2011.04.20 08:37:23.861,1.06235,1.06248,1.02,4.50
2011.04.20 08:37:24.192,1.06235,1.06244,1.02,2.25
2011.04.20 08:37:24.522,1.06237,1.06249,1.02,5.65
2011.04.20 08:37:25.071,1.06235,1.06248,1.77,3.75
2011.04.20 08:37:26.642,1.06237,1.0625,1.02,7.50
2011.04.20 08:37:27.192,1.06236,1.0625,1.02,4.50
2011.04.20 08:37:27.982,1.06237,1.0625,1.02,4.50
2011.04.20 08:37:28.531,1.06237,1.0625,1.02,4.50
2011.04.20 08:37:29.397,1.06237,1.0625,1.02,4.50
2011.04.20 08:37:29.951,1.06237,1.0625,1.02,3.75
2011.04.20 08:37:35.901,1.06235,1.06248,1.02,1.50
2011.04.20 08:37:36.233,1.06235,1.06243,1.02,2.25
2011.04.20 08:37:36.453,1.06237,1.0625,1.02,5.10
2011.04.20 08:37:37.073,1.06236,1.0625,1.02,3.60
2011.04.20 08:37:37.634,1.06236,1.06249,1.02,1.35
2011.04.20 08:37:38.344,1.06235,1.06249,2.52,1.35
2011.04.20 08:37:38.462,1.06235,1.06247,1.02,3.75
2011.04.20 08:37:38.683,1.06234,1.0625,1.13,8.25
2011.04.20 08:37:39.232,1.06235,1.0625,1.02,7.50
2011.04.20 08:37:39.784,1.06232,1.06243,1.13,2.25
2011.04.20 08:37:40.113,1.06233,1.0625,1.13,8.25
2011.04.20 08:37:40.223,1.06233,1.0625,1.13,7.50
2011.04.20 08:37:40.772,1.06235,1.06251,1.02,9.75
2011.04.20 08:37:41.322,1.06235,1.06251,1.02,9.75
2011.04.20 08:37:41.543,1.06232,1.06243,1.26,2.25
2011.04.20 08:37:42.643,1.06232,1.06247,1.88,2.25
2011.04.20 08:37:43.083,1.06234,1.06249,1.13,2.10
2011.04.20 08:37:43.843,1.06233,1.0625,1.13,4.88
2011.04.20 08:37:45.822,1.06233,1.06248,1.02,1.50
2011.04.20 08:37:46.264,1.06234,1.0625,1.02,1.50
2011.04.20 08:37:46.592,1.06234,1.06249,1.02,4.75
2011.04.20 08:37:47.185,1.06234,1.06243,1.02,2.25
2011.04.20 08:37:47.297,1.06234,1.06249,1.02,1.50
2011.04.20 08:37:47.963,1.06233,1.06249,1.02,1.50
2011.04.20 08:37:48.842,1.06233,1.0625,1.02,6.00
2011.04.20 08:37:49.852,1.06233,1.0625,1.02,6.75
2011.04.20 08:37:50.402,1.06232,1.06249,1.77,1.50
2011.04.20 08:37:52.162,1.06235,1.0625,1.02,5.25
2011.04.20 08:37:57.243,1.06234,1.06249,1.26,1.35
2011.04.20 08:37:57.573,1.06233,1.06244,1.13,2.25
2011.04.20 08:37:59.685,1.06231,1.06244,1.13,2.25
2011.04.20 08:38:00.545,1.06232,1.06244,1.13,2.25
2011.04.20 08:38:00.773,1.06232,1.06249,1.26,2.85
2011.04.20 08:38:01.322,1.06231,1.06248,3.38,1.50
2011.04.20 08:38:02.642,1.06232,1.06249,1.16,2.10
2011.04.20 08:38:02.753,1.06232,1.06249,1.16,2.10
2011.04.20 08:38:03.814,1.06232,1.06249,1.16,2.10
2011.04.20 08:38:05.652,1.06232,1.06249,1.91,2.10
2011.04.20 08:38:05.873,1.06234,1.06249,1.13,1.50
2011.04.20 08:38:07.672,1.06236,1.06249,3.00,1.50
2011.04.20 08:38:07.783,1.06236,1.06252,3.00,1.50
2011.04.20 08:38:08.222,1.06236,1.06252,2.25,2.63
2011.04.20 08:38:08.785,1.06234,1.06251,1.39,7.90
2011.04.20 08:38:10.056,1.06234,1.06251,1.02,7.50
2011.04.20 08:38:10.176,1.06234,1.06251,1.39,7.90
2011.04.20 08:38:10.512,1.06236,1.06251,2.25,4.50
2011.04.20 08:38:12.171,1.06236,1.06251,3.75,1.55
2011.04.20 08:38:12.502,1.06238,1.06252,1.40,5.63
2011.04.20 08:38:12.725,1.06236,1.06252,3.00,5.63
2011.04.20 08:38:12.843,1.06234,1.0625,1.91,2.25
2011.04.20 08:38:15.112,1.06236,1.0625,1.50,2.25
2011.04.20 08:38:15.445,1.06238,1.06251,1.50,1.50
2011.04.20 08:38:15.554,1.0624,1.06256,2.25,4.23
2011.04.20 08:38:15.884,1.0624,1.06253,3.00,1.65
2011.04.20 08:38:16.432,1.06242,1.06257,1.50,1.05
2011.04.20 08:38:20.183,1.06241,1.06254,3.75,3.15
2011.04.20 08:38:20.734,1.06242,1.06256,1.50,1.05
2011.04.20 08:38:21.284,1.06242,1.06257,2.25,1.05
2011.04.20 08:38:22.002,1.06242,1.06257,2.25,1.05
2011.04.20 08:38:23.213,1.06247,1.06258,2.25,1.05
2011.04.20 08:38:23.763,1.06247,1.06261,3.00,1.05
2011.04.20 08:38:23.983,1.0625,1.06263,1.88,3.75
2011.04.20 08:38:24.093,1.06252,1.06267,1.02,2.25
2011.04.20 08:38:25.742,1.06252,1.06267,1.02,1.50
2011.04.20 08:38:26.073,1.06253,1.06263,1.02,2.25
2011.04.20 08:38:26.183,1.06253,1.0627,1.02,8.85
2011.04.20 08:38:26.292,1.06253,1.06268,1.02,1.50
2011.04.20 08:38:27.066,1.06253,1.06269,1.02,1.50
2011.04.20 08:38:28.503,1.06254,1.0627,1.50,1.10
2011.04.20 08:38:29.272,1.06256,1.0627,3.00,0.10
2011.04.20 08:38:29.605,1.06251,1.06266,3.27,1.50
2011.04.20 08:38:29.824,1.06249,1.06263,1.50,2.25
2011.04.20 08:38:29.932,1.06248,1.06263,1.77,2.25
2011.04.20 08:38:30.264,1.0625,1.06267,3.00,2.25
2011.04.20 08:38:30.592,1.06251,1.06267,1.50,1.50
2011.04.20 08:38:31.191,1.06252,1.06267,1.50,1.50
2011.04.20 08:38:32.475,1.0625,1.06267,3.00,2.25
2011.04.20 08:38:32.813,1.06248,1.06263,1.50,3.00
2011.04.20 08:38:33.512,1.06247,1.06263,3.75,3.00
2011.04.20 08:38:34.283,1.06248,1.06263,1.02,2.25
2011.04.20 08:38:34.612,1.06248,1.06263,1.02,2.37
2011.04.20 08:38:35.714,1.0625,1.06263,1.50,2.37
2011.04.20 08:38:35.823,1.06256,1.06267,3.00,1.15
2011.04.20 08:38:35.933,1.06256,1.0627,3.00,1.10
2011.04.20 08:38:36.044,1.06256,1.0627,2.25,1.85
2011.04.20 08:38:36.154,1.06253,1.0627,1.02,4.85
2011.04.20 08:38:36.263,1.06253,1.0627,1.77,5.10
2011.04.20 08:38:37.473,1.06254,1.0627,1.50,4.10
2011.04.20 08:38:38.118,1.06256,1.0627,3.27,0.10
2011.04.20 08:38:38.343,1.06261,1.0627,2.25,0.10
2011.04.20 08:38:38.562,1.06258,1.0627,1.02,0.10
2011.04.20 08:38:39.494,1.0626,1.0627,1.02,0.10
2011.04.20 08:38:40.153,1.06261,1.0627,2.14,0.10
2011.04.20 08:38:41.382,1.06261,1.06277,2.14,4.50
2011.04.20 08:38:41.715,1.06261,1.06276,1.39,1.02
2011.04.20 08:38:41.933,1.06261,1.06277,1.02,4.50
2011.04.20 08:38:42.482,1.06261,1.06277,1.02,4.50
2011.04.20 08:38:44.732,1.06261,1.06277,1.02,5.25
2011.04.20 08:38:45.173,1.06264,1.06273,1.02,2.25
2011.04.20 08:38:45.283,1.06266,1.06277,2.52,3.75
2011.04.20 08:38:45.504,1.06266,1.06283,3.27,3.00
2011.04.20 08:38:45.613,1.06266,1.0628,1.02,2.25
2011.04.20 08:38:45.942,1.06267,1.0628,1.77,2.25
2011.04.20 08:38:46.054,1.06267,1.06283,4.02,3.75
2011.04.20 08:38:46.602,1.06268,1.0628,1.02,2.25
2011.04.20 08:38:47.152,1.06268,1.0628,1.02,2.25
2011.04.20 08:38:47.593,1.06268,1.06285,1.02,2.65
2011.04.20 08:38:47.704,1.0627,1.06286,1.02,1.88
2011.04.20 08:38:48.252,1.0627,1.06287,3.13,1.50
2011.04.20 08:38:48.802,1.06271,1.06288,1.32,4.50
2011.04.20 08:38:49.675,1.0627,1.06288,4.32,4.50
2011.04.20 08:38:50.223,1.0627,1.06288,4.32,4.50
2011.04.20 08:38:52.813,1.0627,1.06287,4.32,3.75
2011.04.20 08:38:53.033,1.06272,1.06289,1.70,6.75
2011.04.20 08:38:55.673,1.06272,1.06289,1.32,6.75
2011.04.20 08:38:59.563,1.06277,1.06292,2.25,1.90
2011.04.20 08:38:59.893,1.0628,1.06294,2.25,1.13
2011.04.20 08:39:00.223,1.0628,1.06296,3.00,2.25
2011.04.20 08:39:00.334,1.0628,1.06297,3.00,1.50
2011.04.20 08:39:00.663,1.0628,1.06297,3.20,1.50
2011.04.20 08:39:01.299,1.0628,1.06297,3.20,1.50
2011.04.20 08:39:01.416,1.0628,1.06297,3.20,2.25
2011.04.20 08:39:03.654,1.0628,1.06297,3.20,2.25
2011.04.20 08:39:03.873,1.06277,1.06293,3.20,3.00
2011.04.20 08:39:05.912,1.06277,1.06293,3.20,3.75
2011.04.20 08:39:06.133,1.06277,1.06292,3.00,2.25
2011.04.20 08:39:06.682,1.06277,1.06292,3.00,2.25
2011.04.20 08:39:07.657,1.06277,1.06292,7.13,1.50
2011.04.20 08:39:07.883,1.0628,1.06297,3.75,1.50
2011.04.20 08:39:08.102,1.06283,1.06297,1.50,1.50
2011.04.20 08:39:08.433,1.06287,1.06303,5.07,2.63
2011.04.20 08:39:10.902,1.06287,1.06303,3.95,3.00
2011.04.20 08:39:12.283,1.06287,1.06301,3.95,4.50
2011.04.20 08:39:12.517,1.06279,1.06294,2.45,2.25
2011.04.20 08:39:13.072,1.06278,1.06294,2.07,3.00
2011.04.20 08:39:14.862,1.06277,1.06294,1.32,3.00
2011.04.20 08:39:15.195,1.06274,1.06283,1.13,2.25
2011.04.20 08:39:15.306,1.0627,1.06283,1.70,2.25
2011.04.20 08:39:16.083,1.06269,1.06283,2.45,3.75
2011.04.20 08:39:16.962,1.06268,1.06283,1.70,2.25
2011.04.20 08:39:19.361,1.06269,1.06283,1.70,2.25
2011.04.20 08:39:22.982,1.06269,1.06283,1.70,2.25
2011.04.20 08:39:23.203,1.06269,1.06283,1.70,3.75
2011.04.20 08:39:23.862,1.06269,1.06283,1.70,3.75
2011.04.20 08:39:24.636,1.06269,1.06283,1.70,3.00
2011.04.20 08:39:24.973,1.06269,1.06283,1.70,3.75
2011.04.20 08:39:26.622,1.06269,1.06283,1.70,3.75
2011.04.20 08:39:27.172,1.06269,1.06283,1.70,3.75
2011.04.20 08:39:27.842,1.06269,1.06283,1.70,3.75
2011.04.20 08:39:29.243,1.06269,1.06283,1.70,3.75
2011.04.20 08:39:29.902,1.06268,1.06283,1.32,3.75
2011.04.20 08:39:30.452,1.06268,1.06283,1.32,3.75
2011.04.20 08:39:31.282,1.06271,1.06284,1.70,1.50
2011.04.20 08:39:31.836,1.06269,1.06281,2.45,1.50
2011.04.20 08:39:32.172,1.06264,1.06279,2.07,2.25
2011.04.20 08:39:32.722,1.06265,1.06279,1.70,2.25
2011.04.20 08:39:33.054,1.06262,1.06279,5.07,3.00
2011.04.20 08:39:33.273,1.06263,1.06279,1.70,3.00
2011.04.20 08:39:33.943,1.06262,1.06279,1.32,3.00
2011.04.20 08:39:34.602,1.06262,1.06279,2.07,3.00
2011.04.20 08:39:37.091,1.06262,1.06277,2.07,1.50
2011.04.20 08:39:39.864,1.0626,1.06277,4.32,2.25
2011.04.20 08:39:40.082,1.0626,1.06276,3.00,2.25
2011.04.20 08:39:40.631,1.0626,1.06276,3.00,2.25
2011.04.20 08:39:40.963,1.0626,1.06278,3.95,1.50
2011.04.20 08:39:41.733,1.0626,1.06276,6.20,1.50
2011.04.20 08:39:42.943,1.0626,1.06275,2.45,1.50
2011.04.20 08:39:43.492,1.0626,1.06275,2.45,1.50
2011.04.20 08:39:43.932,1.0626,1.06275,2.45,1.50
2011.04.20 08:39:44.465,1.0626,1.06272,2.45,1.50
2011.04.20 08:39:45.175,1.06259,1.06272,1.50,1.50
2011.04.20 08:39:46.443,1.0626,1.06273,2.25,3.00
2011.04.20 08:39:46.774,1.06267,1.06276,2.25,1.50
2011.04.20 08:39:46.882,1.06264,1.06276,1.50,1.50
2011.04.20 08:39:46.993,1.0626,1.06275,2.45,1.50
2011.04.20 08:39:47.541,1.06259,1.06275,7.70,1.50
2011.04.20 08:39:50.983,1.06261,1.06277,1.50,1.50
2011.04.20 08:39:51.316,1.06266,1.06277,2.25,1.50
2011.04.20 08:39:51.433,1.06259,1.06277,3.57,1.50
2011.04.20 08:39:51.982,1.06259,1.06275,3.95,1.50
2011.04.20 08:39:54.685,1.06259,1.06276,3.20,2.25
2011.04.20 08:39:55.308,1.06261,1.06276,4.50,1.50
2011.04.20 08:39:55.644,1.06259,1.06275,6.20,1.50
2011.04.20 08:39:55.863,1.06259,1.06275,2.45,1.50
2011.04.20 08:39:56.302,1.06259,1.06275,3.20,2.25
2011.04.20 08:39:56.854,1.06261,1.06276,5.25,1.50
2011.04.20 08:39:57.402,1.06261,1.06278,4.50,2.25
2011.04.20 08:39:57.952,1.06261,1.06277,4.50,1.50
2011.04.20 08:40:00.223,1.06261,1.06276,3.95,2.25
2011.04.20 08:40:00.445,1.06259,1.06276,3.75,1.50
2011.04.20 08:40:00.994,1.06259,1.06275,3.75,1.50
2011.04.20 08:40:01.322,1.06257,1.06273,4.70,2.25
2011.04.20 08:40:01.875,1.0626,1.06275,3.00,1.50
2011.04.20 08:40:04.402,1.0626,1.06277,3.95,1.50
2011.04.20 08:40:05.645,1.0626,1.06278,4.70,1.50
2011.04.20 08:40:05.975,1.06261,1.06278,4.70,2.25
2011.04.20 08:40:09.322,1.0626,1.06277,3.95,1.50
2011.04.20 08:40:12.965,1.0626,1.06276,3.95,2.25
2011.04.20 08:40:14.103,1.0626,1.06275,2.25,2.25
2011.04.20 08:40:15.643,1.06259,1.06276,4.70,2.25
2011.04.20 08:40:16.522,1.06258,1.06276,2.45,2.25
2011.04.20 08:40:23.355,1.06258,1.06277,6.57,4.50
2011.04.20 08:40:23.695,1.0626,1.06277,1.50,3.00
2011.04.20 08:40:24.382,1.06262,1.06276,1.50,1.50
2011.04.20 08:40:30.294,1.06264,1.06276,1.50,1.50
2011.04.20 08:40:30.514,1.06263,1.06281,2.25,1.50
2011.04.20 08:40:31.061,1.06264,1.06279,2.25,1.50
2011.04.20 08:40:31.502,1.06265,1.06279,1.50,1.50
2011.04.20 08:40:32.052,1.06265,1.06282,1.70,3.75
2011.04.20 08:40:36.713,1.06267,1.06281,2.25,1.50
2011.04.20 08:40:39.683,1.06267,1.0628,2.25,1.50
2011.04.20 08:40:40.013,1.06262,1.06276,3.95,1.50
2011.04.20 08:40:40.563,1.06261,1.06275,2.25,1.50
2011.04.20 08:40:43.555,1.06261,1.06274,2.25,1.50
2011.04.20 08:40:43.774,1.06257,1.06273,4.70,3.00
2011.04.20 08:40:43.993,1.06257,1.06273,3.95,3.00
2011.04.20 08:40:45.292,1.06257,1.06272,3.95,1.50
2011.04.20 08:40:46.172,1.06257,1.06272,3.95,1.50
2011.04.20 08:40:46.602,1.06257,1.06271,3.95,1.50
2011.04.20 08:40:46.933,1.06255,1.06269,1.70,3.00
2011.04.20 08:40:47.263,1.06254,1.06269,1.70,3.00
2011.04.20 08:40:47.482,1.06254,1.06269,1.70,3.00
2011.04.20 08:40:48.036,1.06253,1.06268,1.70,5.25
2011.04.20 08:40:48.156,1.06252,1.06263,1.32,3.00
2011.04.20 08:40:48.729,1.06252,1.06268,2.45,1.50
2011.04.20 08:40:54.872,1.06253,1.06269,1.70,3.00
2011.04.20 08:40:57.612,1.06253,1.06269,1.70,3.00
2011.04.20 08:40:58.164,1.06253,1.06269,1.70,3.00
2011.04.20 08:40:59.422,1.06253,1.06269,2.45,3.00
2011.04.20 08:41:00.023,1.06255,1.06269,1.70,2.25
2011.04.20 08:41:02.112,1.06253,1.06269,2.45,3.00
2011.04.20 08:41:02.662,1.06253,1.06269,2.45,3.75
2011.04.20 08:41:03.472,1.06253,1.06269,2.45,3.75
2011.04.20 08:41:07.702,1.06253,1.06269,1.70,3.00
2011.04.20 08:41:16.547,1.0625,1.06266,3.57,1.50
2011.04.20 08:41:16.885,1.0625,1.06268,3.57,1.50
2011.04.20 08:41:17.112,1.06253,1.06267,1.70,1.50
2011.04.20 08:41:18.742,1.06253,1.06267,1.70,1.50
2011.04.20 08:41:19.952,1.06253,1.06268,1.70,2.25
2011.04.20 08:41:21.743,1.06252,1.06268,1.70,2.25
2011.04.20 08:41:27.792,1.06252,1.06267,1.70,1.50
2011.04.20 08:41:29.704,1.06253,1.06267,1.70,1.50
2011.04.20 08:41:30.602,1.06253,1.06267,1.70,2.25
2011.04.20 08:41:31.164,1.06253,1.06267,1.70,1.50
2011.04.20 08:41:31.712,1.06252,1.06267,2.45,1.50
2011.04.20 08:41:33.423,1.06252,1.06267,1.70,1.50
2011.04.20 08:41:36.943,1.06251,1.06267,1.70,2.25
2011.04.20 08:41:38.482,1.0625,1.06266,2.07,2.25
2011.04.20 08:41:47.637,1.0625,1.06266,2.45,2.25
2011.04.20 08:41:52.772,1.0625,1.06266,1.70,1.50
2011.04.20 08:42:00.565,1.0625,1.06268,6.95,1.50
2011.04.20 08:42:01.144,1.06253,1.0627,1.88,3.75
2011.04.20 08:42:02.304,1.06253,1.0627,5.63,1.50
2011.04.20 08:42:08.094,1.06253,1.0627,3.00,1.50
2011.04.20 08:42:08.813,1.06253,1.0627,1.88,2.25
2011.04.20 08:42:09.362,1.06253,1.0627,3.00,2.33
2011.04.20 08:42:09.964,1.06253,1.0627,1.88,2.25
2011.04.20 08:42:10.185,1.06251,1.06267,5.45,1.50
2011.04.20 08:42:10.734,1.06251,1.06267,5.45,1.58
2011.04.20 08:42:11.506,1.06251,1.06267,4.70,1.50
2011.04.20 08:42:13.792,1.06251,1.06268,5.45,2.33
2011.04.20 08:42:14.233,1.06251,1.06268,5.45,2.25
2011.04.20 08:42:14.782,1.06251,1.06268,4.70,1.58
2011.04.20 08:42:15.664,1.06251,1.06267,5.45,1.58
2011.04.20 08:42:16.212,1.06251,1.06267,5.45,1.58
2011.04.20 08:42:19.261,1.06251,1.06268,5.45,1.58
2011.04.20 08:42:19.863,1.06251,1.06268,4.70,1.58
2011.04.20 08:42:20.763,1.06251,1.06264,5.45,3.00
2011.04.20 08:42:21.093,1.06247,1.06264,2.07,3.83
2011.04.20 08:42:21.535,1.06246,1.06264,4.70,3.83
2011.04.20 08:42:25.894,1.06246,1.06262,4.47,2.25
2011.04.20 08:42:26.223,1.06246,1.06262,3.20,1.50
2011.04.20 08:42:27.410,1.06244,1.06257,3.20,3.75
2011.04.20 08:42:29.063,1.06247,1.0626,2.45,3.75
2011.04.20 08:42:29.173,1.06247,1.06262,2.45,1.50
2011.04.20 08:42:31.420,1.0625,1.06264,2.25,1.50
2011.04.20 08:42:31.537,1.06247,1.06262,2.45,1.50
2011.04.20 08:42:31.767,1.06246,1.06263,3.95,1.50
2011.04.20 08:42:32.215,1.06247,1.06262,1.70,1.50
2011.04.20 08:42:32.987,1.06246,1.06259,2.45,1.50
2011.04.20 08:42:33.326,1.06238,1.06253,1.70,1.50
2011.04.20 08:42:34.332,1.06241,1.06256,2.45,2.25
2011.04.20 08:42:34.884,1.06241,1.06256,2.45,2.25
2011.04.20 08:42:35.657,1.06241,1.06256,2.45,1.50
2011.04.20 08:42:36.216,1.06241,1.06256,2.45,2.25
2011.04.20 08:42:36.666,1.06241,1.06256,3.20,1.50
2011.04.20 08:42:36.896,1.06247,1.06256,2.25,1.50
2011.04.20 08:42:37.425,1.06242,1.06256,1.50,2.25
2011.04.20 08:42:37.975,1.06242,1.06254,1.50,1.50
2011.04.20 08:42:38.744,1.06246,1.06257,3.00,1.50
2011.04.20 08:42:38.853,1.06246,1.06258,3.00,3.00
2011.04.20 08:42:38.965,1.06246,1.06257,2.25,1.50
2011.04.20 08:42:39.185,1.06241,1.06256,1.70,2.25
2011.04.20 08:42:39.294,1.06241,1.06254,1.70,1.50
2011.04.20 08:42:40.526,1.06246,1.06256,2.25,1.73
2011.04.20 08:42:40.754,1.06246,1.06256,2.25,1.73
2011.04.20 08:42:40.864,1.06241,1.06256,3.95,1.73
2011.04.20 08:42:41.085,1.06241,1.06256,2.45,1.50
2011.04.20 08:42:42.514,1.06246,1.06258,2.25,3.45
2011.04.20 08:42:45.074,1.06246,1.06258,2.25,1.50
2011.04.20 08:42:45.842,1.06246,1.06261,2.25,2.25
2011.04.20 08:42:47.052,1.06246,1.0626,2.25,1.50
2011.04.20 08:42:47.603,1.06246,1.06261,2.25,1.50
2011.04.20 08:42:47.933,1.06246,1.06262,7.50,1.50
2011.04.20 08:42:48.266,1.06257,1.06266,2.25,2.25
2011.04.20 08:42:48.768,1.06257,1.06266,2.25,1.50
2011.04.20 08:42:49.105,1.06257,1.0627,2.25,1.50
2011.04.20 08:42:49.652,1.06257,1.06271,2.25,1.50
2011.04.20 08:42:51.753,1.06254,1.06271,2.45,3.75
2011.04.20 08:42:53.592,1.06256,1.06271,2.25,1.50
2011.04.20 08:42:59.801,1.06256,1.06267,2.25,1.50
2011.04.20 08:43:00.026,1.06246,1.06264,4.92,3.00
2011.04.20 08:43:00.588,1.06249,1.06263,2.45,1.50
2011.04.20 08:43:00.817,1.06249,1.06267,3.00,2.25
2011.04.20 08:43:01.043,1.06249,1.06267,3.95,1.50
2011.04.20 08:43:01.703,1.06249,1.06266,4.70,1.50
2011.04.20 08:43:02.033,1.06257,1.06267,2.25,1.50
2011.04.20 08:43:02.364,1.06251,1.06266,2.45,1.50
2011.04.20 08:43:03.009,1.0625,1.06266,4.70,2.25
2011.04.20 08:43:07.804,1.0625,1.06266,2.45,1.50
2011.04.20 08:43:08.132,1.0625,1.06265,2.45,1.50
2011.04.20 08:43:08.463,1.06247,1.06263,3.95,3.00
2011.04.20 08:43:09.454,1.06249,1.06262,2.45,2.10
2011.04.20 08:43:09.782,1.0624,1.06258,1.32,2.25
2011.04.20 08:43:10.333,1.06242,1.06258,1.32,1.50
2011.04.20 08:43:10.932,1.06242,1.06259,1.32,2.25
2011.04.20 08:43:11.483,1.06241,1.06258,2.07,1.50
2011.04.20 08:43:11.704,1.06242,1.06259,1.70,1.50
2011.04.20 08:43:11.814,1.06246,1.06261,3.00,2.25
2011.04.20 08:43:14.254,1.06246,1.06261,3.20,1.50
2011.04.20 08:43:15.026,1.06246,1.06264,4.70,4.50
2011.04.20 08:43:15.144,1.06249,1.06264,1.50,3.75
2011.04.20 08:43:15.475,1.06257,1.06268,3.95,3.75
2011.04.20 08:43:15.977,1.06257,1.06273,3.95,3.00
2011.04.20 08:43:16.425,1.06257,1.06273,3.95,3.00
2011.04.20 08:43:16.973,1.06257,1.06273,4.32,3.00
2011.04.20 08:43:17.746,1.06257,1.06273,4.32,3.00
2011.04.20 08:43:17.975,1.06257,1.06273,4.32,3.75
2011.04.20 08:43:18.635,1.06257,1.06271,3.95,1.50
2011.04.20 08:43:18.745,1.06257,1.06268,2.25,1.50
2011.04.20 08:43:18.966,1.06252,1.06268,1.50,2.25
2011.04.20 08:43:19.771,1.0625,1.06264,3.95,1.50
2011.04.20 08:43:21.742,1.06248,1.06264,1.70,3.75
2011.04.20 08:43:22.432,1.06248,1.06264,1.70,3.00
2011.04.20 08:43:22.983,1.0625,1.06265,3.20,1.50
2011.04.20 08:43:23.854,1.0625,1.06267,3.20,1.50
2011.04.20 08:43:23.966,1.0625,1.06269,3.20,5.10
2011.04.20 08:43:26.043,1.06256,1.06269,1.50,3.00
2011.04.20 08:43:26.154,1.06257,1.0627,3.00,1.50
2011.04.20 08:43:26.263,1.06257,1.0627,3.00,1.50
2011.04.20 08:43:26.484,1.06257,1.06269,2.25,1.50
2011.04.20 08:43:26.704,1.06253,1.06269,1.70,3.75
2011.04.20 08:43:29.663,1.06253,1.06269,1.70,3.75
2011.04.20 08:43:30.585,1.06251,1.06268,2.45,1.50
2011.04.20 08:43:31.354,1.06251,1.06269,2.45,3.75
2011.04.20 08:43:31.902,1.0625,1.06268,4.70,1.50
2011.04.20 08:43:32.683,1.0625,1.06269,4.70,4.50
2011.04.20 08:43:34.532,1.0625,1.06268,5.07,1.50
2011.04.20 08:43:35.849,1.0625,1.06269,5.07,4.50
2011.04.20 08:43:47.033,1.0625,1.06268,4.32,1.50
2011.04.20 08:43:48.603,1.0625,1.06268,4.32,1.50
2011.04.20 08:43:50.024,1.0625,1.06268,4.32,1.50
2011.04.20 08:43:55.785,1.0625,1.06267,3.20,5.25
2011.04.20 08:43:56.614,1.0625,1.06266,3.20,1.50
2011.04.20 08:43:57.053,1.0625,1.06266,2.45,2.25
2011.04.20 08:43:57.274,1.06248,1.06263,3.00,3.00
2011.04.20 08:43:57.385,1.06247,1.06263,3.95,3.00
2011.04.20 08:43:57.934,1.06247,1.06263,2.45,3.75
2011.04.20 08:44:00.830,1.06247,1.06263,2.45,3.75
2011.04.20 08:44:01.285,1.0625,1.06264,2.25,5.25
2011.04.20 08:44:01.613,1.0625,1.06264,2.25,2.25
2011.04.20 08:44:01.836,1.0625,1.06264,2.25,2.25
2011.04.20 08:44:02.483,1.06246,1.06264,3.95,1.50
2011.04.20 08:44:02.707,1.06247,1.06264,1.70,5.25
2011.04.20 08:44:03.264,1.0625,1.06265,3.00,2.25
2011.04.20 08:44:03.483,1.0625,1.06267,3.20,6.00
2011.04.20 08:44:04.475,1.0625,1.06267,2.45,1.50
2011.04.20 08:44:04.804,1.06251,1.06267,1.50,1.50
2011.04.20 08:44:05.233,1.06251,1.06268,1.50,5.25
2011.04.20 08:44:08.544,1.06254,1.06263,1.50,3.00
2011.04.20 08:44:08.655,1.0625,1.06263,1.70,3.00
2011.04.20 08:44:08.765,1.06252,1.06263,1.50,2.25
2011.04.20 08:44:08.873,1.0625,1.06267,3.95,1.50
2011.04.20 08:44:09.422,1.0625,1.06267,3.95,1.50
2011.04.20 08:44:20.502,1.0625,1.06269,4.70,3.75
2011.04.20 08:44:21.492,1.06251,1.06269,1.70,3.75
2011.04.20 08:44:22.042,1.06255,1.06269,1.50,3.75
2011.04.20 08:44:22.836,1.06255,1.06269,1.50,3.75
2011.04.20 08:44:22.944,1.06255,1.06269,1.50,3.75
2011.04.20 08:44:23.702,1.06255,1.06269,1.50,3.00
2011.04.20 08:44:25.153,1.06255,1.06269,2.25,3.00
2011.04.20 08:44:26.465,1.06255,1.06269,1.50,3.75
2011.04.20 08:44:29.105,1.06255,1.06269,1.50,3.75
2011.04.20 08:44:33.912,1.06253,1.06269,1.50,4.13
2011.04.20 08:44:34.624,1.06253,1.06268,1.50,2.25
2011.04.20 08:44:34.842,1.06252,1.06268,1.50,2.25
2011.04.20 08:44:39.643,1.06254,1.06269,1.50,3.00
2011.04.20 08:44:39.974,1.06254,1.06269,1.80,3.00
2011.04.20 08:44:40.522,1.06254,1.06269,2.25,3.00
2011.04.20 08:44:41.075,1.06254,1.06269,2.63,3.00
2011.04.20 08:44:41.796,1.06254,1.06269,2.25,3.00
2011.04.20 08:44:42.355,1.06254,1.06269,1.13,3.00
2011.04.20 08:44:42.687,1.06251,1.06264,1.70,2.25
2011.04.20 08:44:42.918,1.06253,1.06269,1.50,3.75
2011.04.20 08:44:43.038,1.06254,1.06269,1.70,2.25
2011.04.20 08:44:45.052,1.06255,1.06269,1.70,2.25
2011.04.20 08:44:48.666,1.06258,1.06269,1.35,2.25
2011.04.20 08:44:49.007,1.06266,1.06279,2.25,1.50
2011.04.20 08:44:49.124,1.06266,1.06281,2.25,3.00
2011.04.20 08:44:49.676,1.06267,1.06281,2.25,2.25
2011.04.20 08:44:49.795,1.06267,1.06281,2.25,1.50
2011.04.20 08:44:51.043,1.06267,1.06281,2.25,1.50
2011.04.20 08:44:52.144,1.06267,1.06282,2.25,1.50
2011.04.20 08:44:52.476,1.06268,1.06283,1.50,5.10
2011.04.20 08:44:52.814,1.06268,1.0628,1.50,2.25
2011.04.20 08:44:53.255,1.06271,1.06287,1.50,1.50
2011.04.20 08:44:54.362,1.06277,1.06291,1.50,1.50
2011.04.20 08:44:54.914,1.0628,1.06293,1.50,3.75
2011.04.20 08:44:55.027,1.06281,1.06296,1.50,1.50
2011.04.20 08:44:55.146,1.06286,1.06297,3.75,2.25
2011.04.20 08:44:55.375,1.06286,1.06299,3.75,1.50
2011.04.20 08:44:55.924,1.06287,1.063,2.25,1.50
2011.04.20 08:44:56.036,1.06287,1.06301,2.25,2.25
2011.04.20 08:44:56.255,1.06282,1.06299,2.45,2.25
2011.04.20 08:44:56.969,1.06282,1.06297,1.70,3.75
2011.04.20 08:44:57.528,1.06282,1.06299,1.70,2.25
2011.04.20 08:44:58.086,1.06282,1.06297,1.70,3.75
2011.04.20 08:44:58.305,1.06282,1.06299,1.70,2.25
2011.04.20 08:45:00.224,1.06287,1.06299,2.10,2.25
2011.04.20 08:45:00.554,1.0629,1.06307,3.20,2.25
2011.04.20 08:45:01.102,1.06291,1.06308,5.45,1.50
2011.04.20 08:45:01.433,1.06291,1.06308,6.20,1.50
2011.04.20 08:45:01.656,1.063,1.06315,3.75,3.00
2011.04.20 08:45:01.886,1.06302,1.06313,1.70,2.25
2011.04.20 08:45:02.114,1.06307,1.0632,5.25,2.25
2011.04.20 08:45:02.335,1.06309,1.06323,3.75,1.50
2011.04.20 08:45:02.445,1.06308,1.06321,4.70,1.50
2011.04.20 08:45:04.696,1.06305,1.06319,1.32,3.75
2011.04.20 08:45:06.465,1.06304,1.06319,1.70,3.00
2011.04.20 08:45:06.573,1.06307,1.06321,2.45,2.25
2011.04.20 08:45:06.795,1.06304,1.0632,1.32,3.00
2011.04.20 08:45:07.343,1.06305,1.0632,1.32,3.00
2011.04.20 08:45:07.564,1.06309,1.06324,2.45,1.50
2011.04.20 08:45:07.785,1.06309,1.06327,3.95,3.00
2011.04.20 08:45:09.194,1.06312,1.06327,1.70,1.50
2011.04.20 08:45:09.306,1.06312,1.0633,2.07,5.25
2011.04.20 08:45:09.423,1.06312,1.0633,2.07,5.25
2011.04.20 08:45:09.643,1.06312,1.0633,1.32,5.25
2011.04.20 08:45:10.307,1.06309,1.06329,7.70,1.50
2011.04.20 08:45:10.535,1.06309,1.06326,3.20,5.25
2011.04.20 08:45:12.575,1.0631,1.06324,3.20,3.75
2011.04.20 08:45:12.904,1.06308,1.06324,2.07,4.50
2011.04.20 08:45:13.013,1.06308,1.06326,2.07,1.50
2011.04.20 08:45:13.563,1.06309,1.06327,1.70,3.75
2011.04.20 08:45:14.112,1.06309,1.06327,1.70,3.75
2011.04.20 08:45:15.887,1.06308,1.06325,1.32,2.25
2011.04.20 08:45:16.115,1.06307,1.06322,1.70,3.00
2011.04.20 08:45:20.093,1.06308,1.06325,1.70,1.50
2011.04.20 08:45:21.086,1.06313,1.0633,2.45,1.88
2011.04.20 08:45:21.204,1.06317,1.0633,2.25,1.50
2011.04.20 08:45:21.314,1.06311,1.06329,6.80,3.00
2011.04.20 08:45:21.864,1.06311,1.06329,3.05,3.00
2011.04.20 08:45:22.853,1.06311,1.06329,2.07,3.75
2011.04.20 08:45:23.073,1.06312,1.06329,1.70,3.75
2011.04.20 08:45:23.294,1.06313,1.06329,2.45,3.75
2011.04.20 08:45:23.846,1.06315,1.06331,2.07,1.50
2011.04.20 08:45:24.769,1.06313,1.0633,1.32,3.00
2011.04.20 08:45:30.552,1.06312,1.0633,2.07,3.00
2011.04.20 08:45:31.553,1.06312,1.0633,1.32,3.00
2011.04.20 08:45:37.373,1.06313,1.0633,1.70,3.75
2011.04.20 08:45:37.827,1.06327,1.06334,2.25,1.50
2011.04.20 08:45:37.946,1.06327,1.0634,3.75,1.50
2011.04.20 08:45:38.056,1.0633,1.06339,1.50,3.00
2011.04.20 08:45:38.739,1.06332,1.0635,1.70,1.50
2011.04.20 08:45:39.293,1.06332,1.06346,1.70,1.50
2011.04.20 08:45:39.845,1.06332,1.06346,1.70,1.50
2011.04.20 08:45:40.175,1.06333,1.06346,1.50,1.50
2011.04.20 08:45:40.723,1.06333,1.06346,1.50,1.50
2011.04.20 08:45:42.613,1.06334,1.06347,1.50,1.50
2011.04.20 08:45:42.835,1.0634,1.06348,1.50,3.75
2011.04.20 08:45:43.165,1.06344,1.06354,1.50,1.50
2011.04.20 08:45:43.276,1.06344,1.06352,2.07,3.75
2011.04.20 08:45:43.384,1.06346,1.06361,3.20,1.88
2011.04.20 08:45:43.495,1.06347,1.06359,1.50,3.40
2011.04.20 08:45:43.714,1.06339,1.06353,2.45,2.25
2011.04.20 08:45:44.153,1.06337,1.06353,3.20,2.25
2011.04.20 08:45:44.703,1.06339,1.06355,1.50,1.50
2011.04.20 08:45:45.183,1.06339,1.06355,1.50,1.50
2011.04.20 08:45:45.756,1.06345,1.06358,1.50,2.25
2011.04.20 08:45:45.976,1.0635,1.06361,2.25,3.75
2011.04.20 08:45:46.313,1.06353,1.06363,1.50,1.50
2011.04.20 08:45:46.535,1.06352,1.06363,1.50,1.50
2011.04.20 08:45:47.084,1.06353,1.06366,1.50,1.71
2011.04.20 08:45:47.194,1.06352,1.06366,1.50,1.71
2011.04.20 08:45:47.524,1.06353,1.06361,1.50,1.50
2011.04.20 08:45:47.634,1.0635,1.06361,2.25,1.50
2011.04.20 08:45:47.746,1.0635,1.06361,2.25,1.50
2011.04.20 08:45:47.864,1.06344,1.06361,2.82,4.50
2011.04.20 08:45:48.426,1.06344,1.06361,2.45,4.50
2011.04.20 08:45:48.550,1.06344,1.06358,1.70,1.50
2011.04.20 08:45:48.886,1.06348,1.06361,1.50,1.50
2011.04.20 08:45:49.004,1.06347,1.06364,1.70,3.75
2011.04.20 08:45:51.214,1.06346,1.06364,4.92,3.75
2011.04.20 08:45:51.457,1.0635,1.06364,1.70,3.00
2011.04.20 08:45:51.683,1.0635,1.06367,1.70,2.25
2011.04.20 08:45:52.233,1.06352,1.06369,5.45,1.50
2011.04.20 08:45:52.784,1.06353,1.0637,1.70,3.75
2011.04.20 08:45:52.894,1.06357,1.0637,1.50,3.75
2011.04.20 08:45:53.224,1.0636,1.06375,3.95,1.50
2011.04.20 08:45:53.625,1.06361,1.06375,1.70,1.50
2011.04.20 08:45:53.987,1.06396,1.06413,3.05,1.50
2011.04.20 08:45:54.327,1.06399,1.06411,3.20,1.50
2011.04.20 08:45:54.665,1.06397,1.06411,1.32,2.25
2011.04.20 08:45:55.215,1.06397,1.0641,1.32,1.50
2011.04.20 08:45:55.546,1.06397,1.06406,1.32,1.50
2011.04.20 08:45:55.764,1.0639,1.06404,4.70,1.50
2011.04.20 08:45:56.205,1.06399,1.06414,5.63,1.50
2011.04.20 08:45:56.803,1.06395,1.06407,1.70,1.50
2011.04.20 08:45:57.024,1.06392,1.06405,5.45,1.50
2011.04.20 08:45:57.134,1.06392,1.06404,5.45,1.50
2011.04.20 08:45:57.468,1.06388,1.06402,4.50,1.50
2011.04.20 08:45:57.694,1.06386,1.06403,3.75,2.25
2011.04.20 08:45:58.245,1.06386,1.06404,3.75,4.50
2011.04.20 08:45:58.464,1.06404,1.0641,5.25,1.15
2011.04.20 08:45:58.575,1.06409,1.06421,2.25,2.79
2011.04.20 08:45:58.687,1.06409,1.06426,3.00,2.25
2011.04.20 08:45:58.805,1.06408,1.06424,2.45,1.50
2011.04.20 08:45:59.136,1.06412,1.06424,5.25,1.50
2011.04.20 08:45:59.256,1.06412,1.06428,5.33,1.50
2011.04.20 08:45:59.365,1.06416,1.06429,3.00,2.25
2011.04.20 08:45:59.477,1.06413,1.06423,3.00,1.50
2011.04.20 08:45:59.596,1.06412,1.0642,1.50,1.50
2011.04.20 08:45:59.716,1.0641,1.0642,2.60,1.50
2011.04.20 08:45:59.937,1.0641,1.06425,2.45,1.50
2011.04.20 08:46:00.931,1.06404,1.06414,2.45,2.25
2011.04.20 08:46:01.269,1.06442,1.06479,1.09,1.50
2011.04.20 08:46:01.388,1.06448,1.0648,1.70,5.25
2011.04.20 08:46:01.736,1.0645,1.06486,1.55,2.25
2011.04.20 08:46:02.296,1.06463,1.06476,3.20,2.25
2011.04.20 08:46:02.845,1.06463,1.06475,3.20,1.50
2011.04.20 08:46:03.175,1.0646,1.06471,1.35,1.50
2011.04.20 08:46:03.864,1.06456,1.06467,3.95,1.50
2011.04.20 08:46:04.095,1.06454,1.0647,1.70,1.50
2011.04.20 08:46:04.208,1.06456,1.06469,3.20,1.50
2011.04.20 08:46:04.547,1.06451,1.06464,3.20,1.50
2011.04.20 08:46:04.885,1.06451,1.06463,3.00,2.25
2011.04.20 08:46:05.104,1.06451,1.06463,2.25,2.63
2011.04.20 08:46:05.324,1.06451,1.06461,2.25,1.50
2011.04.20 08:46:05.554,1.06446,1.06458,2.25,1.50
2011.04.20 08:46:05.664,1.06442,1.06455,2.30,1.50
2011.04.20 08:46:05.885,1.0644,1.06454,3.75,1.50
2011.04.20 08:46:06.764,1.0644,1.06455,3.75,1.50
2011.04.20 08:46:07.646,1.0644,1.06455,2.25,1.50
2011.04.20 08:46:08.107,1.0644,1.06453,2.25,1.50
2011.04.20 08:46:08.348,1.06434,1.06447,1.50,6.00
2011.04.20 08:46:08.575,1.06431,1.06446,1.35,1.50
2011.04.20 08:46:09.130,1.06431,1.06442,3.75,1.50
2011.04.20 08:46:09.244,1.06427,1.06442,2.30,1.50
2011.04.20 08:46:09.793,1.06427,1.06441,2.30,1.50
2011.04.20 08:46:10.344,1.06427,1.06441,2.30,1.50
2011.04.20 08:46:10.787,1.06423,1.06433,1.50,1.50
2011.04.20 08:46:11.344,1.06416,1.06432,3.95,1.50
2011.04.20 08:46:12.040,1.06416,1.06431,3.00,5.25
2011.04.20 08:46:12.156,1.0642,1.06438,1.67,1.50
2011.04.20 08:46:12.498,1.06408,1.06421,2.12,1.50
2011.04.20 08:46:12.615,1.06407,1.06421,3.00,1.50
2011.04.20 08:46:12.946,1.06403,1.06417,3.60,1.50
2011.04.20 08:46:13.065,1.06401,1.06415,3.75,1.50
2011.04.20 08:46:13.285,1.06403,1.06415,3.60,1.50
2011.04.20 08:46:13.613,1.06404,1.0642,1.50,6.00
2011.04.20 08:46:13.723,1.06404,1.0642,3.00,6.00
2011.04.20 08:46:13.837,1.06408,1.06424,1.35,6.00
2011.04.20 08:46:13.953,1.06408,1.06424,1.35,6.00
2011.04.20 08:46:14.063,1.06407,1.06424,2.10,6.00
2011.04.20 08:46:14.724,1.06419,1.06426,1.50,1.13
2011.04.20 08:46:14.836,1.06422,1.06432,1.35,4.13
2011.04.20 08:46:14.946,1.06423,1.06435,3.00,1.50
2011.04.20 08:46:15.065,1.06418,1.06435,2.48,2.25
2011.04.20 08:46:15.285,1.06418,1.06434,1.67,1.50
2011.04.20 08:46:15.394,1.06418,1.06434,2.42,1.50
2011.04.20 08:46:15.725,1.06428,1.06442,3.75,4.50
2011.04.20 08:46:16.389,1.06428,1.0644,3.75,1.50
2011.04.20 08:46:16.514,1.06422,1.06435,4.50,1.50
2011.04.20 08:46:16.628,1.06422,1.06431,3.75,1.50
2011.04.20 08:46:16.750,1.06418,1.06431,5.27,1.50
2011.04.20 08:46:16.866,1.06418,1.06434,5.27,1.50
2011.04.20 08:46:16.983,1.06418,1.06434,5.27,2.25
2011.04.20 08:46:17.317,1.06418,1.06433,3.92,1.50
2011.04.20 08:46:17.434,1.06417,1.06431,1.50,1.50
2011.04.20 08:46:17.984,1.06417,1.06431,3.00,1.50
2011.04.20 08:46:18.663,1.06424,1.06431,1.50,1.50
2011.04.20 08:46:18.884,1.06434,1.06442,1.35,4.15
2011.04.20 08:46:18.998,1.06432,1.06444,3.92,1.50
2011.04.20 08:46:19.115,1.06432,1.0644,1.13,3.75
2011.04.20 08:46:19.225,1.06425,1.0644,2.27,3.75
2011.04.20 08:46:19.334,1.06429,1.0644,2.25,1.50
2011.04.20 08:46:19.665,1.06422,1.06434,3.00,3.00
2011.04.20 08:46:19.883,1.0642,1.06435,3.17,1.50
2011.04.20 08:46:19.995,1.0642,1.06435,3.17,1.50
2011.04.20 08:46:20.513,1.0642,1.06438,3.92,1.50
2011.04.20 08:46:20.854,1.0643,1.06445,3.17,1.50
2011.04.20 08:46:21.297,1.0643,1.06445,3.17,1.50
2011.04.20 08:46:21.637,1.06433,1.06445,2.25,2.25
2011.04.20 08:46:21.977,1.06441,1.06452,2.25,1.13
2011.04.20 08:46:22.097,1.06445,1.06453,2.25,5.25
2011.04.20 08:46:22.219,1.06445,1.06459,2.25,2.25
2011.04.20 08:46:22.339,1.06445,1.06458,2.25,3.00
2011.04.20 08:46:22.565,1.06437,1.06451,3.17,1.50
2011.04.20 08:46:22.675,1.06437,1.06455,1.67,2.25
2011.04.20 08:46:23.003,1.06438,1.06454,1.50,1.50
2011.04.20 08:46:23.747,1.06442,1.06454,3.75,2.25
2011.04.20 08:46:23.975,1.06438,1.06454,4.50,2.25
2011.04.20 08:46:24.195,1.06438,1.06453,6.00,2.10
2011.04.20 08:46:24.525,1.0643,1.0644,1.52,1.50
2011.04.20 08:46:24.636,1.06431,1.06445,1.67,1.50
2011.04.20 08:46:24.755,1.06432,1.06445,4.50,1.50
2011.04.20 08:46:24.979,1.06433,1.06451,1.67,2.25
2011.04.20 08:46:25.096,1.06433,1.06448,1.67,3.00
2011.04.20 08:46:25.425,1.06438,1.06452,5.05,3.75
2011.04.20 08:46:25.647,1.06441,1.06455,4.50,2.25
2011.04.20 08:46:25.984,1.06442,1.0646,2.05,1.50
2011.04.20 08:46:26.644,1.06444,1.06461,1.67,3.38
2011.04.20 08:46:27.144,1.06456,1.0647,2.25,1.50
2011.04.20 08:46:27.367,1.06453,1.06468,3.92,1.50
2011.04.20 08:46:27.487,1.06454,1.06467,1.13,1.50
2011.04.20 08:46:28.045,1.06454,1.06467,4.50,1.50
2011.04.20 08:46:28.595,1.06452,1.06467,4.67,1.50
2011.04.20 08:46:29.145,1.06452,1.06466,3.75,1.50
2011.04.20 08:46:29.695,1.06449,1.06466,1.52,6.00
2011.04.20 08:46:30.353,1.06447,1.06465,4.30,1.50
2011.04.20 08:46:30.573,1.06447,1.06461,1.50,3.75
2011.04.20 08:46:31.265,1.06444,1.06458,1.67,3.75
2011.04.20 08:46:31.378,1.06444,1.06459,4.27,3.75
2011.04.20 08:46:31.936,1.06443,1.06459,1.67,3.75
2011.04.20 08:46:32.156,1.06442,1.06458,1.35,8.44
2011.04.20 08:46:33.146,1.06441,1.06456,1.52,1.50
2011.04.20 08:46:33.486,1.06439,1.06455,3.02,1.50
2011.04.20 08:46:33.826,1.06442,1.06452,1.35,1.50
2011.04.20 08:46:34.058,1.06443,1.06456,1.15,4.50
2011.04.20 08:46:34.762,1.06441,1.06456,3.40,4.50
2011.04.20 08:46:35.096,1.06443,1.06457,2.10,3.75
2011.04.20 08:46:35.538,1.06441,1.06452,1.67,4.50
2011.04.20 08:46:35.655,1.0644,1.06452,1.30,7.50
2011.04.20 08:46:35.987,1.06443,1.06457,2.85,5.25
2011.04.20 08:46:36.108,1.06444,1.06457,2.42,4.50
2011.04.20 08:46:36.445,1.06452,1.06466,3.00,4.74
2011.04.20 08:46:36.565,1.06451,1.06466,2.42,3.99
2011.04.20 08:46:36.675,1.0645,1.06464,1.35,1.50
2011.04.20 08:46:36.786,1.06447,1.06464,3.17,1.50
2011.04.20 08:46:36.904,1.06447,1.06464,2.25,1.50
2011.04.20 08:46:37.564,1.06442,1.06458,1.52,1.50
2011.04.20 08:46:37.676,1.06443,1.0646,1.67,4.50
2011.04.20 08:46:38.014,1.06435,1.0644,4.13,3.75
2011.04.20 08:46:38.695,1.06442,1.06448,1.52,3.75
2011.04.20 08:46:38.916,1.06439,1.06447,2.42,3.75
2011.04.20 08:46:39.034,1.06441,1.06453,1.52,3.00
2011.04.20 08:46:39.255,1.06441,1.06455,1.52,1.50
2011.04.20 08:46:39.366,1.06442,1.06455,1.52,1.50
2011.04.20 08:46:39.695,1.06446,1.06462,3.77,1.50
2011.04.20 08:46:39.806,1.06446,1.06461,2.25,2.25
2011.04.20 08:46:40.145,1.0644,1.06457,2.42,2.25
2011.04.20 08:46:40.367,1.06444,1.0646,1.90,1.50
2011.04.20 08:46:40.597,1.06443,1.06456,1.30,1.50
2011.04.20 08:46:41.044,1.06441,1.06453,1.30,1.50
2011.04.20 08:46:41.264,1.06438,1.06453,2.42,3.00
2011.04.20 08:46:41.376,1.0644,1.06456,1.67,1.50
2011.04.20 08:46:41.485,1.0644,1.06457,1.67,3.00
2011.04.20 08:46:41.597,1.06444,1.0646,1.35,2.25
2011.04.20 08:46:42.343,1.06447,1.06463,1.52,2.25
2011.04.20 08:46:42.895,1.06446,1.06463,1.52,1.50
2011.04.20 08:46:44.444,1.06446,1.06461,2.27,1.50
2011.04.20 08:46:44.663,1.06446,1.06462,3.02,1.50
2011.04.20 08:46:46.353,1.06447,1.06463,1.67,1.50
2011.04.20 08:46:46.483,1.06453,1.06468,3.92,1.88
2011.04.20 08:46:46.594,1.06451,1.06467,2.05,1.50
2011.04.20 08:46:46.925,1.06441,1.06452,2.05,3.00
2011.04.20 08:46:47.257,1.06438,1.06453,1.67,1.50
2011.04.20 08:46:47.484,1.06435,1.06452,2.27,4.50
2011.04.20 08:46:48.253,1.06439,1.06452,1.50,2.25
2011.04.20 08:46:48.474,1.06442,1.06461,1.67,2.25
2011.04.20 08:46:48.585,1.06442,1.06457,1.67,3.00
2011.04.20 08:46:48.803,1.06444,1.06463,1.30,4.50
2011.04.20 08:46:48.916,1.06443,1.06457,4.67,2.25
2011.04.20 08:46:49.145,1.06444,1.06463,1.52,3.75
2011.04.20 08:46:49.583,1.06446,1.06463,1.67,3.75
2011.04.20 08:46:50.177,1.06446,1.06461,1.30,1.50
2011.04.20 08:46:50.845,1.06445,1.06463,3.17,3.75
2011.04.20 08:46:50.956,1.06446,1.06463,4.67,3.00
2011.04.20 08:46:51.184,1.06445,1.06463,2.05,4.50
2011.04.20 08:46:51.735,1.06445,1.06453,2.63,3.00
2011.04.20 08:46:51.846,1.06443,1.06453,4.50,4.50
2011.04.20 08:46:51.957,1.06437,1.06453,4.30,5.25
2011.04.20 08:46:52.074,1.06437,1.06451,3.75,1.50
2011.04.20 08:46:52.405,1.0644,1.06454,3.75,1.88
2011.04.20 08:46:52.625,1.06436,1.06452,3.40,3.00
2011.04.20 08:46:52.844,1.06436,1.06452,1.67,3.00
2011.04.20 08:46:53.392,1.06435,1.06452,2.42,3.75
2011.04.20 08:46:53.944,1.06435,1.06452,2.42,3.83
2011.04.20 08:46:54.053,1.06435,1.06452,2.50,3.75
2011.04.20 08:46:54.484,1.06435,1.06451,2.42,1.13
2011.04.20 08:46:55.035,1.06435,1.06451,2.05,2.25
2011.04.20 08:46:55.364,1.06432,1.06447,1.67,3.75
2011.04.20 08:46:55.913,1.06432,1.06447,1.67,4.50
2011.04.20 08:46:57.245,1.06432,1.06447,1.67,2.25
2011.04.20 08:46:57.684,1.06439,1.0645,5.25,1.50
2011.04.20 08:46:58.015,1.06443,1.06455,3.92,1.13
2011.04.20 08:46:58.454,1.06439,1.06454,2.25,1.09
2011.04.20 08:46:58.564,1.06439,1.06454,1.50,1.77
2011.04.20 08:46:59.063,1.06437,1.06442,3.75,2.25
2011.04.20 08:46:59.176,1.0643,1.06446,6.55,1.88
2011.04.20 08:47:00.054,1.06425,1.06441,1.67,1.50
2011.04.20 08:47:00.603,1.06422,1.0644,1.67,1.50
2011.04.20 08:47:01.703,1.06424,1.0644,1.13,1.50
2011.04.20 08:47:03.134,1.06425,1.06443,1.67,3.00
2011.04.20 08:47:04.444,1.06423,1.06441,3.92,1.50
2011.04.20 08:47:04.993,1.06423,1.06441,3.92,1.50
2011.04.20 08:47:05.327,1.06422,1.06437,4.67,1.50
2011.04.20 08:47:05.556,1.0642,1.06432,1.67,2.25
2011.04.20 08:47:06.008,1.06422,1.06437,4.50,1.50
2011.04.20 08:47:06.234,1.06422,1.06438,4.67,3.00
2011.04.20 08:47:06.453,1.06425,1.06441,1.50,2.25
2011.04.20 08:47:06.982,1.06425,1.06441,1.50,1.50
2011.04.20 08:47:07.547,1.06425,1.06442,2.42,3.75
2011.04.20 08:47:07.775,1.06432,1.06442,1.50,3.00
2011.04.20 08:47:07.886,1.06432,1.06448,3.92,1.50
2011.04.20 08:47:08.434,1.06432,1.06448,8.05,1.50
2011.04.20 08:47:08.545,1.06432,1.06448,2.05,4.50
2011.04.20 08:47:08.985,1.0643,1.06447,3.17,1.50
2011.04.20 08:47:09.314,1.0643,1.06447,1.67,1.88
2011.04.20 08:47:09.863,1.06428,1.06445,4.67,1.50
2011.04.20 08:47:10.414,1.06428,1.06445,4.67,1.50
2011.04.20 08:47:10.524,1.06428,1.06445,5.42,1.50
2011.04.20 08:47:11.569,1.06429,1.06446,4.50,1.50
2011.04.20 08:47:12.923,1.0643,1.06446,1.35,1.50
2011.04.20 08:47:13.144,1.0643,1.06447,5.27,1.50
2011.04.20 08:47:14.274,1.0643,1.06447,5.27,1.50
2011.04.20 08:47:14.822,1.06431,1.06447,1.67,2.25
2011.04.20 08:47:15.613,1.0643,1.06447,6.02,1.50
2011.04.20 08:47:15.944,1.06429,1.06439,1.52,4.50
2011.04.20 08:47:16.274,1.06419,1.06435,6.00,1.50
2011.04.20 08:47:16.823,1.06419,1.06432,1.50,2.25
2011.04.20 08:47:20.167,1.06418,1.06432,5.27,3.75
2011.04.20 08:47:20.724,1.06417,1.06432,1.52,4.13
2011.04.20 08:47:22.347,1.06412,1.0643,6.55,1.50
2011.04.20 08:47:22.463,1.06412,1.0643,6.55,1.50
2011.04.20 08:47:23.238,1.06412,1.0643,6.55,1.50
2011.04.20 08:47:24.144,1.06412,1.0643,6.55,2.25
2011.04.20 08:47:25.717,1.06417,1.0643,1.35,1.50
2011.04.20 08:47:26.055,1.06421,1.06437,1.30,3.00
2011.04.20 08:47:32.073,1.06422,1.06437,3.92,3.75
2011.04.20 08:47:32.623,1.06418,1.06436,5.42,2.25
2011.04.20 08:47:36.164,1.0642,1.06437,2.05,3.00
2011.04.20 08:47:36.494,1.06423,1.06437,1.67,2.25
2011.04.20 08:47:36.603,1.06421,1.06437,5.05,3.00
2011.04.20 08:47:40.694,1.0642,1.06436,5.42,1.50
2011.04.20 08:47:40.914,1.06418,1.06435,1.67,1.50
2011.04.20 08:47:41.464,1.06417,1.06435,3.77,1.50
2011.04.20 08:47:42.012,1.06417,1.06435,3.02,2.25
2011.04.20 08:47:42.592,1.06417,1.06434,3.02,1.50
2011.04.20 08:47:43.034,1.06422,1.06436,1.50,1.88
2011.04.20 08:47:43.364,1.06422,1.06437,1.50,3.75
2011.04.20 08:47:43.476,1.0642,1.06434,1.67,1.50
2011.04.20 08:47:44.034,1.06417,1.06433,2.65,3.00
2011.04.20 08:47:44.365,1.06427,1.06441,2.42,2.25
2011.04.20 08:47:44.474,1.06432,1.06446,3.00,1.50
2011.04.20 08:47:44.695,1.06434,1.06448,3.75,1.50
2011.04.20 08:47:44.805,1.06432,1.06449,9.00,1.50
2011.04.20 08:47:45.310,1.06432,1.06449,6.17,1.50
2011.04.20 08:47:45.427,1.06432,1.06449,6.92,1.50
2011.04.20 08:47:45.982,1.06432,1.06449,6.17,1.50
2011.04.20 08:47:46.533,1.06432,1.06449,6.92,1.50
2011.04.20 08:47:46.754,1.06431,1.06448,3.92,1.50
2011.04.20 08:47:46.974,1.0643,1.06447,5.42,3.00
2011.04.20 08:47:47.084,1.06431,1.06447,1.67,3.00
2011.04.20 08:47:47.414,1.06437,1.06452,4.50,1.50
2011.04.20 08:47:47.526,1.06437,1.0645,3.75,1.50
2011.04.20 08:47:47.646,1.06432,1.06448,1.67,3.00
2011.04.20 08:47:47.756,1.06431,1.06448,3.40,3.00
2011.04.20 08:47:49.183,1.06431,1.06448,3.40,3.00
2011.04.20 08:47:49.725,1.06431,1.06447,1.90,1.50
2011.04.20 08:47:50.246,1.06429,1.06447,1.67,1.50
2011.04.20 08:47:50.467,1.06431,1.06447,1.67,1.50
2011.04.20 08:47:51.615,1.0643,1.06447,1.67,1.50
2011.04.20 08:47:51.944,1.06433,1.06447,1.50,1.50
2011.04.20 08:47:52.055,1.06434,1.06448,2.25,3.00
2011.04.20 08:47:52.165,1.06434,1.0645,8.05,4.50
2011.04.20 08:47:53.043,1.06438,1.06453,1.50,2.25
2011.04.20 08:47:53.486,1.06447,1.06462,3.75,1.50
2011.04.20 08:47:54.427,1.06444,1.06457,1.67,2.25
2011.04.20 08:47:54.766,1.06447,1.06463,1.50,1.50
2011.04.20 08:47:54.885,1.06447,1.06463,2.25,1.50
2011.04.20 08:47:55.214,1.0645,1.06465,1.50,1.50
2011.04.20 08:47:55.434,1.06452,1.06468,1.67,3.00
2011.04.20 08:47:58.155,1.06451,1.06462,2.27,1.50
2011.04.20 08:47:58.271,1.06443,1.06458,1.67,3.00
2011.04.20 08:47:58.493,1.06444,1.06458,2.42,3.00
2011.04.20 08:47:58.826,1.0644,1.06454,1.67,1.50
2011.04.20 08:47:59.055,1.06439,1.06454,2.42,1.50
2011.04.20 08:47:59.275,1.06442,1.06454,1.43,1.50
2011.04.20 08:47:59.384,1.0644,1.06453,1.52,3.00
2011.04.20 08:48:00.045,1.0644,1.06453,2.10,3.00
2011.04.20 08:48:00.264,1.0644,1.06456,2.10,1.13
2011.04.20 08:48:00.485,1.06449,1.06457,1.35,1.50
2011.04.20 08:48:00.595,1.06445,1.06456,1.35,1.50
2011.04.20 08:48:01.891,1.06459,1.06468,1.35,3.00
2011.04.20 08:48:02.006,1.06455,1.06468,1.35,3.00
2011.04.20 08:48:02.675,1.06455,1.06468,1.35,3.75
2011.04.20 08:48:03.223,1.06455,1.06468,1.35,3.00
2011.04.20 08:48:04.984,1.06455,1.06466,1.35,1.50
2011.04.20 08:48:05.099,1.06455,1.06467,1.35,1.50
2011.04.20 08:48:07.072,1.06455,1.06467,1.35,1.50
2011.04.20 08:48:07.624,1.06454,1.06467,1.35,2.25
2011.04.20 08:48:08.461,1.06455,1.06467,1.35,1.50
2011.04.20 08:48:09.896,1.06456,1.06467,1.50,1.50
2011.04.20 08:48:10.234,1.06455,1.06466,1.50,1.50
2011.04.20 08:48:11.663,1.06454,1.06466,1.50,2.25
2011.04.20 08:48:11.884,1.06449,1.06463,1.67,3.00
2011.04.20 08:48:12.804,1.06451,1.06467,1.67,3.75
2011.04.20 08:48:12.931,1.06454,1.06467,1.50,3.75
2011.04.20 08:48:13.485,1.06455,1.06467,1.50,3.00
2011.04.20 08:48:13.815,1.06459,1.06467,1.50,2.25
2011.04.20 08:48:13.927,1.06459,1.06471,1.50,1.50
2011.04.20 08:48:14.483,1.06459,1.06472,1.50,4.50
2011.04.20 08:48:14.814,1.06455,1.06472,2.25,4.50
2011.04.20 08:48:14.927,1.06455,1.06466,1.50,1.88
2011.04.20 08:48:15.265,1.06451,1.06462,2.05,2.25
2011.04.20 08:48:15.375,1.06457,1.06467,1.50,1.15
2011.04.20 08:48:15.596,1.0646,1.06471,1.50,1.50
2011.04.20 08:48:16.134,1.0646,1.06472,1.50,6.00
2011.04.20 08:48:16.926,1.06459,1.06471,1.50,1.50
2011.04.20 08:48:17.046,1.06457,1.06472,1.67,3.75
2011.04.20 08:48:17.167,1.06455,1.06468,3.17,2.25
2011.04.20 08:48:17.724,1.0646,1.06468,2.25,2.25
2011.04.20 08:48:18.055,1.06465,1.06481,1.50,2.25
2011.04.20 08:48:18.603,1.06466,1.06482,1.50,1.88
2011.04.20 08:48:19.261,1.0647,1.06482,1.50,1.88
2011.04.20 08:48:19.813,1.0647,1.06482,1.50,1.50
2011.04.20 08:48:20.602,1.06465,1.06474,1.88,1.50
2011.04.20 08:48:20.719,1.06463,1.06474,2.14,1.50
2011.04.20 08:48:20.836,1.06469,1.06476,1.50,1.15
2011.04.20 08:48:20.945,1.06469,1.06481,1.50,1.50
2011.04.20 08:48:21.492,1.0647,1.06482,1.50,1.88
2011.04.20 08:48:22.375,1.06472,1.06482,1.35,2.63
2011.04.20 08:48:22.598,1.0647,1.06482,1.20,2.25
2011.04.20 08:48:23.157,1.0647,1.06482,1.20,3.75
2011.04.20 08:48:25.142,1.0647,1.06484,1.95,2.25
2011.04.20 08:48:25.367,1.06475,1.06487,2.85,1.50
2011.04.20 08:48:25.708,1.06479,1.06492,1.20,1.50
2011.04.20 08:48:25.937,1.06476,1.06487,1.73,1.50
2011.04.20 08:48:26.047,1.06476,1.06487,1.35,1.50
2011.04.20 08:48:26.485,1.06477,1.0649,1.35,1.88
2011.04.20 08:48:28.384,1.06486,1.06495,1.20,1.90
2011.04.20 08:48:28.718,1.0649,1.06502,1.20,2.25
2011.04.20 08:48:29.277,1.06495,1.06502,1.20,1.50
2011.04.20 08:48:29.607,1.06489,1.06502,1.20,1.50
2011.04.20 08:48:29.838,1.06496,1.06506,2.85,1.50
2011.04.20 08:48:30.170,1.06525,1.06532,1.35,1.88
2011.04.20 08:48:30.288,1.06525,1.06533,1.35,1.50
2011.04.20 08:48:30.408,1.06525,1.06538,3.02,3.00
2011.04.20 08:48:30.527,1.06527,1.06545,1.52,2.25
2011.04.20 08:48:30.647,1.06529,1.06544,2.42,3.00
2011.04.20 08:48:30.758,1.06532,1.06544,4.90,2.25
2011.04.20 08:48:31.253,1.06542,1.0655,4.52,3.00
2011.04.20 08:48:31.375,1.06547,1.0656,5.25,3.00
2011.04.20 08:48:31.487,1.06549,1.06561,2.25,1.50
2011.04.20 08:48:32.974,1.06545,1.06561,3.77,2.25
2011.04.20 08:48:33.566,1.06545,1.0656,4.52,1.50
2011.04.20 08:48:34.161,1.0655,1.06559,1.13,1.50
2011.04.20 08:48:34.500,1.06535,1.06546,3.00,1.50
2011.04.20 08:48:34.619,1.06525,1.06534,1.30,1.50
2011.04.20 08:48:34.849,1.06517,1.0653,3.17,1.50
2011.04.20 08:48:34.969,1.06513,1.0653,6.02,2.25
2011.04.20 08:48:35.307,1.0651,1.06518,4.50,3.00
2011.04.20 08:48:35.527,1.0651,1.06515,3.75,1.50
2011.04.20 08:48:35.856,1.06503,1.06515,4.13,1.50
2011.04.20 08:48:36.405,1.06503,1.06515,3.75,1.50
2011.04.20 08:48:37.097,1.06502,1.06515,4.73,2.25
2011.04.20 08:48:37.645,1.06502,1.06514,4.73,1.50
2011.04.20 08:48:37.978,1.06497,1.06504,1.67,1.50
2011.04.20 08:48:38.097,1.06488,1.06503,6.00,1.13
2011.04.20 08:48:38.207,1.06488,1.06502,3.75,3.75
2011.04.20 08:48:38.316,1.06485,1.06502,5.25,4.88
2011.04.20 08:48:38.974,1.06485,1.06502,1.50,4.88
2011.04.20 08:48:39.482,1.06489,1.06502,1.67,3.00
2011.04.20 08:48:39.818,1.06492,1.06505,1.88,3.00
2011.04.20 08:48:40.267,1.06494,1.06507,5.42,3.00
2011.04.20 08:48:40.596,1.06506,1.06519,4.50,1.15
2011.04.20 08:48:40.707,1.06508,1.06518,1.67,1.15
2011.04.20 08:48:40.815,1.06508,1.06521,1.67,1.50
2011.04.20 08:48:40.925,1.06509,1.06523,1.50,3.75
2011.04.20 08:48:41.255,1.06512,1.06523,3.92,2.25
2011.04.20 08:48:41.367,1.06512,1.06525,4.67,1.50
2011.04.20 08:48:42.371,1.06512,1.06527,4.67,3.15
2011.04.20 08:48:42.487,1.06512,1.06525,4.67,1.50
2011.04.20 08:48:43.807,1.06513,1.06525,3.75,2.25
2011.04.20 08:48:43.921,1.06513,1.06522,3.75,1.50
2011.04.20 08:48:44.258,1.06507,1.06521,4.67,1.13
2011.04.20 08:48:44.376,1.06507,1.06525,2.42,3.00
2011.04.20 08:48:44.486,1.06507,1.06525,2.80,3.00
2011.04.20 08:48:44.706,1.06508,1.06522,4.67,2.25
2011.04.20 08:48:46.344,1.06507,1.06522,5.80,2.25
2011.04.20 08:48:46.675,1.06511,1.06522,1.50,2.25
2011.04.20 08:48:46.895,1.06513,1.06528,5.25,2.25
2011.04.20 08:48:47.114,1.06513,1.06528,5.25,1.50
2011.04.20 08:48:47.668,1.06515,1.06531,1.50,1.50
2011.04.20 08:48:48.448,1.0652,1.06531,1.13,1.50
2011.04.20 08:48:48.786,1.06525,1.06539,1.50,3.00
2011.04.20 08:48:49.335,1.06526,1.06541,3.00,2.25
2011.04.20 08:48:49.940,1.06526,1.06541,3.00,2.25
2011.04.20 08:48:50.611,1.06527,1.06541,1.50,1.50
2011.04.20 08:48:51.058,1.06527,1.06542,1.50,1.50
2011.04.20 08:48:51.508,1.06528,1.06544,3.75,5.25
2011.04.20 08:48:51.736,1.06528,1.06544,4.50,5.63
2011.04.20 08:48:52.068,1.06527,1.06544,3.17,5.25
2011.04.20 08:48:53.127,1.06526,1.06544,4.67,5.25
2011.04.20 08:48:53.566,1.06526,1.06541,4.67,1.50
2011.04.20 08:48:54.115,1.06526,1.06539,2.25,1.50
2011.04.20 08:48:54.557,1.06521,1.06538,6.17,1.50
2011.04.20 08:48:54.666,1.0652,1.06536,8.27,1.50
2011.04.20 08:48:54.885,1.0652,1.06536,6.02,1.50
2011.04.20 08:48:55.435,1.06521,1.06536,1.67,1.50
2011.04.20 08:48:56.308,1.06519,1.06536,3.17,1.50
2011.04.20 08:48:56.528,1.06518,1.06534,1.67,3.00
2011.04.20 08:48:56.756,1.06517,1.06534,1.30,3.75
2011.04.20 08:48:57.306,1.06517,1.06534,2.80,5.25
2011.04.20 08:48:59.614,1.06517,1.06534,1.67,5.25
2011.04.20 08:49:00.305,1.06516,1.06531,3.92,1.50
2011.04.20 08:49:00.648,1.06508,1.06521,1.13,1.50
2011.04.20 08:49:00.876,1.06506,1.06521,3.75,1.50
2011.04.20 08:49:01.424,1.06506,1.06522,3.17,1.50
2011.04.20 08:49:01.894,1.06506,1.06522,3.17,1.50
2011.04.20 08:49:04.934,1.06501,1.06519,6.02,3.75
2011.04.20 08:49:05.492,1.06501,1.06513,1.67,1.50
2011.04.20 08:49:05.609,1.065,1.06513,2.42,1.50
2011.04.20 08:49:05.836,1.065,1.06515,2.42,1.50
2011.04.20 08:49:06.058,1.06497,1.06515,1.67,4.50
2011.04.20 08:49:06.396,1.06498,1.06513,1.50,1.50
2011.04.20 08:49:06.508,1.06498,1.06509,1.50,2.25
2011.04.20 08:49:06.847,1.06492,1.06505,1.13,3.00
2011.04.20 08:49:06.959,1.06488,1.06505,1.50,4.88
2011.04.20 08:49:07.547,1.06488,1.06505,1.50,6.38
2011.04.20 08:49:07.658,1.06487,1.06505,1.67,5.63
2011.04.20 08:49:09.204,1.06485,1.06505,3.92,6.38
2011.04.20 08:49:09.426,1.06485,1.06501,3.00,3.00
2011.04.20 08:49:09.756,1.06476,1.06492,6.00,1.13
2011.04.20 08:49:10.513,1.06475,1.06491,1.50,1.13
2011.04.20 08:49:10.632,1.06472,1.06486,3.75,1.13
2011.04.20 08:49:10.857,1.06466,1.06484,1.50,1.50
2011.04.20 08:49:11.076,1.06466,1.06484,3.75,1.88
2011.04.20 08:49:11.407,1.06468,1.06484,1.50,1.13
2011.04.20 08:49:11.737,1.06476,1.06482,2.25,1.50
2011.04.20 08:49:11.856,1.06471,1.06482,2.25,1.50
2011.04.20 08:49:11.967,1.06471,1.06487,1.50,1.50
2011.04.20 08:49:12.076,1.06473,1.06488,1.50,2.25
2011.04.20 08:49:12.186,1.06476,1.06488,2.25,2.25
2011.04.20 08:49:12.517,1.0647,1.06487,7.67,1.50
2011.04.20 08:49:12.735,1.06472,1.06488,1.50,1.50
2011.04.20 08:49:13.066,1.0647,1.06486,6.92,1.50
2011.04.20 08:49:13.671,1.0647,1.06487,3.17,1.50
2011.04.20 08:49:13.792,1.06468,1.06484,1.67,1.50
2011.04.20 08:49:14.346,1.06468,1.06484,1.67,1.50
2011.04.20 08:49:14.567,1.0647,1.06484,3.00,1.50
2011.04.20 08:49:15.117,1.0647,1.06484,2.25,2.25
2011.04.20 08:49:15.228,1.0647,1.06484,3.75,1.50
2011.04.20 08:49:15.567,1.06475,1.06486,2.25,1.50
2011.04.20 08:49:15.894,1.0647,1.06489,9.92,4.50
2011.04.20 08:49:16.008,1.06475,1.06489,1.50,3.00
2011.04.20 08:49:16.565,1.06476,1.0649,2.25,1.50
2011.04.20 08:49:17.259,1.06471,1.06488,1.67,1.50
2011.04.20 08:49:17.611,1.06469,1.06477,2.05,4.50
2011.04.20 08:49:17.731,1.06463,1.06477,1.52,4.50
2011.04.20 08:49:18.286,1.0646,1.06477,5.42,3.75
2011.04.20 08:49:18.614,1.0646,1.06477,5.42,5.25
2011.04.20 08:49:18.835,1.06459,1.06474,1.67,2.25
2011.04.20 08:49:19.166,1.06461,1.06475,1.67,2.25
2011.04.20 08:49:19.498,1.06466,1.06479,3.00,1.50
2011.04.20 08:49:21.154,1.06466,1.06481,3.00,2.25
2011.04.20 08:49:21.489,1.0647,1.06484,1.50,2.25
2011.04.20 08:49:21.717,1.06473,1.06488,1.50,1.50
2011.04.20 08:49:22.045,1.06474,1.06489,1.67,3.75
2011.04.20 08:49:22.375,1.06476,1.06492,5.85,2.10
2011.04.20 08:49:22.705,1.06483,1.06498,1.67,2.25
2011.04.20 08:49:22.815,1.06483,1.06498,1.67,2.25
2011.04.20 08:49:23.145,1.06482,1.06498,1.67,1.50
2011.04.20 08:49:24.536,1.06481,1.06497,1.30,1.50
2011.04.20 08:49:25.084,1.06478,1.06496,5.42,3.00
2011.04.20 08:49:25.307,1.06483,1.06498,2.10,1.88
2011.04.20 08:49:25.525,1.06483,1.06502,3.02,2.25
2011.04.20 08:49:25.745,1.06483,1.06498,3.02,2.25
2011.04.20 08:49:28.219,1.0649,1.06504,1.50,1.88
2011.04.20 08:49:28.555,1.06493,1.06507,2.05,1.50
2011.04.20 08:49:28.777,1.06494,1.06509,1.30,4.50
2011.04.20 08:49:28.887,1.06496,1.06509,3.92,4.50
2011.04.20 08:49:29.216,1.06499,1.06514,2.25,1.50
2011.04.20 08:49:29.325,1.06499,1.06515,2.25,1.50
2011.04.20 08:49:29.766,1.065,1.06516,1.30,1.50
2011.04.20 08:49:30.208,1.06499,1.06515,3.17,1.88
2011.04.20 08:49:30.546,1.06496,1.06511,3.00,1.50
2011.04.20 08:49:31.053,1.065,1.0651,1.50,1.50
2011.04.20 08:49:31.175,1.06494,1.06508,1.67,1.50
2011.04.20 08:49:31.726,1.06494,1.06508,1.67,2.25
2011.04.20 08:49:33.765,1.06494,1.06508,1.50,2.25
2011.04.20 08:49:34.318,1.06495,1.06507,1.50,1.50
2011.04.20 08:49:34.832,1.06516,1.0653,1.50,1.50
2011.04.20 08:49:35.277,1.0651,1.06524,1.67,2.25
2011.04.20 08:49:35.387,1.06511,1.06521,1.67,1.50
2011.04.20 08:49:35.500,1.06506,1.06521,1.50,1.50
2011.04.20 08:49:35.615,1.06502,1.06521,2.42,1.50
2011.04.20 08:49:35.836,1.06501,1.06518,1.67,1.50
2011.04.20 08:49:36.935,1.06502,1.06518,1.67,1.50
2011.04.20 08:49:37.485,1.06502,1.06518,1.67,1.50
2011.04.20 08:49:38.195,1.06502,1.06518,2.42,1.50
2011.04.20 08:49:38.527,1.06508,1.06516,1.50,1.50
2011.04.20 08:49:38.855,1.06502,1.06514,1.50,1.50
2011.04.20 08:49:38.965,1.06498,1.06514,1.50,1.50
2011.04.20 08:49:39.075,1.06498,1.06514,1.50,1.50
2011.04.20 08:49:39.405,1.06498,1.0651,1.50,1.50
2011.04.20 08:49:39.517,1.06494,1.06505,2.42,2.25
2011.04.20 08:49:39.626,1.0649,1.06502,1.50,1.50
2011.04.20 08:49:39.737,1.06487,1.06503,2.25,1.50
2011.04.20 08:49:39.845,1.06488,1.06504,2.05,2.25
2011.04.20 08:49:39.960,1.0649,1.06504,1.67,2.25
2011.04.20 08:49:40.187,1.06493,1.0651,3.00,2.25
2011.04.20 08:49:40.517,1.06496,1.0651,2.25,2.25
2011.04.20 08:49:40.956,1.06496,1.06508,2.25,1.50
2011.04.20 08:49:41.067,1.0649,1.06508,4.67,1.50
2011.04.20 08:49:41.958,1.0649,1.06507,3.17,3.00
2011.04.20 08:49:42.298,1.0649,1.065,2.25,1.50
2011.04.20 08:49:42.417,1.06483,1.06498,1.67,1.50
2011.04.20 08:49:42.529,1.06481,1.06498,1.67,1.50
2011.04.20 08:49:43.086,1.0648,1.06497,6.02,1.50
2011.04.20 08:49:43.855,1.0648,1.06497,1.67,2.25
2011.04.20 08:49:44.937,1.0648,1.06497,4.67,2.25
2011.04.20 08:49:47.417,1.06479,1.06493,3.92,1.90
2011.04.20 08:49:47.748,1.06478,1.0649,3.75,1.50
2011.04.20 08:49:48.075,1.06476,1.06493,3.75,1.50
2011.04.20 08:49:48.624,1.06476,1.06493,3.00,1.50
2011.04.20 08:49:49.507,1.06476,1.06493,2.25,1.50
2011.04.20 08:49:50.055,1.0648,1.06493,2.25,1.50
2011.04.20 08:49:50.714,1.0648,1.06494,3.00,1.50
2011.04.20 08:49:51.265,1.06477,1.06493,1.67,1.50
2011.04.20 08:49:51.789,1.06485,1.06496,2.25,1.50
2011.04.20 08:49:51.895,1.06481,1.06495,4.88,1.50
2011.04.20 08:49:52.224,1.06477,1.06494,1.67,1.50
2011.04.20 08:49:52.774,1.06477,1.06493,1.50,1.50
2011.04.20 08:49:52.884,1.06475,1.06493,3.17,1.50
2011.04.20 08:49:53.665,1.06475,1.06493,5.05,1.50
2011.04.20 08:49:55.645,1.06475,1.06492,4.48,1.50
2011.04.20 08:49:56.816,1.06475,1.06492,3.73,1.50
2011.04.20 08:49:59.048,1.06475,1.06493,2.23,2.25
2011.04.20 08:49:59.374,1.06476,1.06494,3.75,2.25
2011.04.20 08:49:59.926,1.06476,1.06494,3.75,2.63
2011.04.20 08:50:00.686,1.06476,1.06493,4.50,1.50
2011.04.20 08:50:01.235,1.06476,1.06493,4.50,1.50
2011.04.20 08:50:01.675,1.06476,1.06493,4.50,1.88
2011.04.20 08:50:01.894,1.06476,1.06492,3.00,1.50
2011.04.20 08:50:02.444,1.06473,1.0649,2.42,3.75
2011.04.20 08:50:03.345,1.06473,1.0649,1.67,3.75
2011.04.20 08:50:03.786,1.06474,1.0649,1.67,3.75
2011.04.20 08:50:05.305,1.06476,1.0649,2.25,1.50
2011.04.20 08:50:05.854,1.06476,1.06491,3.75,2.25
2011.04.20 08:50:06.404,1.06476,1.0649,3.00,1.50
2011.04.20 08:50:06.954,1.06476,1.0649,3.75,1.50
2011.04.20 08:50:07.395,1.0648,1.0649,2.25,1.50
2011.04.20 08:50:08.319,1.0648,1.06494,2.25,3.05
2011.04.20 08:50:08.875,1.0648,1.06493,2.25,1.55
2011.04.20 08:50:09.207,1.06477,1.06488,1.50,1.50
2011.04.20 08:50:09.317,1.06475,1.06484,1.88,3.00
2011.04.20 08:50:09.426,1.06473,1.06484,1.67,3.00
2011.04.20 08:50:09.650,1.06472,1.06488,1.50,3.40
2011.04.20 08:50:09.770,1.06477,1.06489,1.50,2.25
2011.04.20 08:50:10.107,1.06479,1.06491,3.00,1.50
2011.04.20 08:50:10.654,1.06479,1.06491,3.00,1.50
2011.04.20 08:50:11.205,1.06479,1.06491,3.00,1.50
2011.04.20 08:50:17.950,1.06479,1.06494,3.00,1.55
2011.04.20 08:50:19.515,1.06479,1.06495,3.00,1.55
2011.04.20 08:50:21.658,1.06479,1.06493,3.00,1.50
2011.04.20 08:50:21.885,1.06479,1.06493,3.00,1.55
2011.04.20 08:50:22.105,1.06479,1.06493,3.00,1.55
2011.04.20 08:50:22.985,1.06479,1.06493,3.00,1.55
2011.04.20 08:50:23.427,1.06475,1.06492,6.40,2.25
2011.04.20 08:50:23.647,1.06479,1.06492,2.25,3.00
2011.04.20 08:50:24.194,1.06479,1.06493,3.00,1.50
2011.04.20 08:50:25.227,1.06479,1.06492,3.00,1.50
2011.04.20 08:50:25.774,1.06479,1.06492,3.00,1.50
2011.04.20 08:50:26.108,1.06479,1.06491,2.25,1.50
2011.04.20 08:50:26.446,1.06479,1.06486,2.25,2.10
2011.04.20 08:50:26.945,1.0647,1.06486,1.67,2.25
2011.04.20 08:50:27.498,1.06469,1.06485,1.67,3.75
2011.04.20 08:50:28.055,1.06473,1.06485,1.67,1.50
2011.04.20 08:50:28.166,1.06473,1.06489,1.67,4.50
2011.04.20 08:50:28.605,1.06474,1.06489,5.25,2.25
2011.04.20 08:50:28.936,1.0648,1.06492,2.25,2.25
2011.04.20 08:50:30.037,1.0648,1.0649,2.25,2.25
2011.04.20 08:50:30.636,1.0647,1.06485,2.12,2.25
2011.04.20 08:50:31.296,1.06468,1.06485,1.67,4.50
2011.04.20 08:50:31.845,1.06468,1.06485,2.42,4.50
2011.04.20 08:50:32.614,1.06468,1.06485,2.42,3.00
2011.04.20 08:50:33.165,1.06469,1.06485,1.67,3.75
2011.04.20 08:50:33.715,1.06469,1.06485,1.67,4.50
2011.04.20 08:50:34.048,1.06471,1.06485,4.50,2.25
2011.04.20 08:50:34.276,1.06471,1.06486,4.50,2.25
2011.04.20 08:50:36.116,1.06473,1.06488,4.50,1.50
2011.04.20 08:50:36.226,1.06472,1.06488,5.05,2.25
2011.04.20 08:50:36.885,1.06472,1.06488,4.67,3.00
2011.04.20 08:50:37.434,1.06472,1.06488,4.67,3.00
2011.04.20 08:50:37.984,1.06472,1.06488,4.67,3.00
2011.04.20 08:50:38.997,1.06472,1.06485,3.92,1.50
2011.04.20 08:50:39.217,1.06472,1.06485,4.50,3.75
2011.04.20 08:50:39.434,1.06471,1.06485,4.50,1.50
2011.04.20 08:50:40.271,1.06472,1.06486,3.75,2.25
2011.04.20 08:50:44.526,1.06472,1.06487,3.75,1.50
2011.04.20 08:50:45.845,1.06472,1.06487,3.75,1.50
2011.04.20 08:50:46.414,1.06472,1.06487,3.75,1.50
2011.04.20 08:50:47.215,1.06472,1.06487,3.75,1.50
2011.04.20 08:50:47.978,1.06472,1.06488,3.75,2.25
2011.04.20 08:50:48.526,1.06475,1.06488,3.00,1.50
2011.04.20 08:50:48.636,1.06476,1.06491,1.50,2.25
2011.04.20 08:50:51.535,1.06475,1.06489,3.75,1.50
2011.04.20 08:50:52.099,1.06475,1.06489,3.00,2.25
2011.04.20 08:50:52.915,1.06471,1.06484,3.75,1.50
2011.04.20 08:50:53.575,1.06472,1.06485,3.75,2.25
2011.04.20 08:50:55.055,1.06471,1.06485,3.75,2.25
2011.04.20 08:50:55.605,1.06471,1.06485,3.75,2.25
2011.04.20 08:50:56.357,1.06471,1.06485,3.75,2.25
2011.04.20 08:50:56.815,1.06471,1.06487,4.67,3.00
2011.04.20 08:50:59.394,1.06472,1.06487,4.67,2.25
2011.04.20 08:51:00.316,1.06472,1.06487,3.92,2.25
2011.04.20 08:51:00.429,1.06472,1.06487,3.92,2.25
2011.04.20 08:51:02.004,1.06472,1.06486,3.75,1.50
2011.04.20 08:51:02.114,1.06472,1.06486,3.75,1.50
2011.04.20 08:51:02.444,1.06472,1.06486,3.75,1.50
2011.04.20 08:51:03.325,1.06472,1.06486,3.75,3.00
2011.04.20 08:51:03.874,1.06472,1.06486,3.75,2.25
2011.04.20 08:51:05.184,1.0647,1.06486,7.35,2.25
2011.04.20 08:51:05.404,1.0647,1.06486,7.35,2.25
2011.04.20 08:51:05.996,1.0647,1.06486,7.35,1.50
2011.04.20 08:51:06.375,1.0647,1.06486,7.35,1.50
2011.04.20 08:51:07.254,1.0647,1.06483,6.00,1.50
2011.04.20 08:51:07.879,1.0647,1.06483,6.00,1.50
2011.04.20 08:51:08.435,1.0647,1.06483,3.75,1.50
2011.04.20 08:51:09.025,1.06471,1.06483,3.75,1.50
2011.04.20 08:51:09.574,1.06471,1.06483,3.75,1.50
2011.04.20 08:51:10.596,1.06471,1.06483,3.75,1.50
2011.04.20 08:51:11.147,1.06471,1.06483,3.75,1.50
2011.04.20 08:51:11.665,1.06471,1.06483,3.75,1.50
2011.04.20 08:51:12.227,1.06471,1.06483,3.75,1.50
2011.04.20 08:51:13.456,1.06471,1.06483,3.75,1.50
2011.04.20 08:51:24.804,1.06468,1.06484,3.75,1.50
2011.04.20 08:51:25.435,1.06468,1.06483,3.75,1.50
2011.04.20 08:51:25.835,1.06468,1.0648,3.75,1.50
2011.04.20 08:51:26.387,1.06467,1.06481,1.50,1.50
2011.04.20 08:51:26.936,1.06468,1.06481,3.75,1.50
2011.04.20 08:51:27.704,1.06467,1.06481,1.50,1.50
2011.04.20 08:51:28.248,1.06467,1.0648,1.50,1.50
2011.04.20 08:51:28.805,1.06467,1.0648,1.50,1.50
2011.04.20 08:51:29.356,1.06468,1.06481,3.75,1.50
2011.04.20 08:51:37.796,1.06466,1.06473,3.75,3.00
2011.04.20 08:51:37.906,1.06463,1.06473,1.50,3.00
2011.04.20 08:51:38.017,1.06458,1.06473,6.17,2.25
2011.04.20 08:51:38.126,1.06462,1.06475,4.50,1.13
2011.04.20 08:51:38.345,1.06463,1.06478,4.50,1.50
2011.04.20 08:51:38.788,1.06465,1.06478,3.75,3.75
2011.04.20 08:51:38.908,1.06463,1.06477,4.52,1.50
2011.04.20 08:51:39.375,1.06465,1.06477,3.75,1.50
2011.04.20 08:51:39.924,1.06466,1.06477,3.75,1.50
2011.04.20 08:51:42.184,1.06465,1.06477,3.75,1.50
2011.04.20 08:51:42.736,1.06464,1.06477,3.75,1.50
2011.04.20 08:51:43.358,1.06463,1.06475,3.75,1.50
2011.04.20 08:51:43.686,1.06458,1.06471,6.17,1.50
2011.04.20 08:51:44.018,1.06463,1.06472,1.50,3.00
2011.04.20 08:51:44.137,1.06463,1.06477,1.50,1.50
2011.04.20 08:51:44.258,1.06461,1.06475,7.50,1.50
2011.04.20 08:51:45.476,1.06461,1.06475,3.92,1.50
2011.04.20 08:51:46.706,1.06461,1.06475,3.92,1.50
2011.04.20 08:51:47.255,1.06458,1.06471,1.30,1.50
2011.04.20 08:51:48.159,1.06461,1.06474,3.92,3.75
2011.04.20 08:51:48.277,1.06461,1.06475,4.67,1.50
2011.04.20 08:51:48.387,1.06462,1.06477,1.13,3.00
2011.04.20 08:51:48.935,1.06463,1.06475,3.75,1.50
2011.04.20 08:51:49.486,1.06463,1.06474,3.75,1.50
2011.04.20 08:51:50.035,1.06458,1.06475,2.57,1.50
2011.04.20 08:51:53.164,1.06457,1.06474,6.40,1.50
2011.04.20 08:51:53.495,1.06458,1.06471,1.67,1.50
2011.04.20 08:51:56.006,1.06456,1.06465,4.50,1.13
2011.04.20 08:51:56.228,1.06453,1.06463,3.75,2.25
2011.04.20 08:51:56.666,1.06456,1.06466,1.13,1.50
2011.04.20 08:51:57.106,1.06457,1.06471,1.13,1.50
2011.04.20 08:51:57.216,1.06456,1.0647,2.10,1.50
2011.04.20 08:51:58.325,1.06457,1.0647,1.88,1.50
2011.04.20 08:51:58.437,1.06459,1.06472,1.50,1.50
2011.04.20 08:51:58.837,1.06459,1.06474,2.25,1.88
2011.04.20 08:51:58.964,1.06458,1.0647,2.42,1.50
2011.04.20 08:51:59.519,1.06456,1.06466,1.67,1.50
2011.04.20 08:52:01.715,1.06457,1.06469,2.05,1.50
2011.04.20 08:52:01.937,1.06457,1.0647,1.67,1.50
2011.04.20 08:52:02.157,1.06456,1.06466,2.05,1.50
2011.04.20 08:52:04.146,1.06456,1.06466,1.67,1.50
2011.04.20 08:52:05.025,1.06454,1.06466,1.67,1.50
2011.04.20 08:52:06.226,1.06452,1.06466,9.92,1.50
2011.04.20 08:52:06.811,1.06452,1.06466,10.30,1.50
2011.04.20 08:52:17.019,1.06452,1.06465,3.92,1.50
2011.04.20 08:52:17.247,1.06451,1.06461,3.00,1.50
2011.04.20 08:52:17.468,1.06452,1.06465,3.75,1.50
2011.04.20 08:52:20.507,1.06451,1.06466,3.00,3.00
2011.04.20 08:52:20.617,1.06452,1.06467,5.25,3.75
2011.04.20 08:52:21.166,1.06453,1.06465,3.75,1.50
2011.04.20 08:52:22.156,1.06451,1.06466,3.75,2.25
2011.04.20 08:52:24.611,1.06449,1.06461,4.30,1.50
2011.04.20 08:52:24.837,1.06452,1.06465,1.50,1.50
2011.04.20 08:52:25.166,1.06452,1.06463,6.00,1.50
2011.04.20 08:52:25.499,1.06444,1.06458,3.00,7.50
2011.04.20 08:52:25.618,1.06444,1.06456,1.50,1.50
2011.04.20 08:52:25.738,1.06443,1.06458,2.25,6.75
2011.04.20 08:52:25.855,1.06443,1.06458,3.17,6.00
2011.04.20 08:52:26.405,1.06443,1.06458,2.42,6.00
2011.04.20 08:52:26.954,1.06444,1.06458,1.50,5.25
2011.04.20 08:52:28.236,1.06444,1.06458,1.35,1.50
2011.04.20 08:52:28.846,1.06455,1.0647,5.80,1.50
2011.04.20 08:52:29.395,1.06455,1.0647,1.67,1.50
2011.04.20 08:52:29.946,1.06455,1.0647,2.42,1.50
2011.04.20 08:52:30.395,1.06461,1.0647,1.50,1.50
2011.04.20 08:52:30.615,1.06465,1.06478,1.30,2.06
2011.04.20 08:52:30.836,1.06464,1.0648,2.05,1.50
2011.04.20 08:52:31.386,1.06467,1.06483,1.30,1.50
2011.04.20 08:52:31.935,1.06467,1.06483,2.05,1.50
2011.04.20 08:52:32.266,1.06467,1.06484,2.80,2.25
2011.04.20 08:52:33.206,1.06467,1.06483,2.05,1.50
2011.04.20 08:52:33.536,1.06467,1.06482,2.05,1.50
2011.04.20 08:52:33.866,1.06463,1.0648,2.42,2.25
2011.04.20 08:52:33.977,1.06462,1.06475,3.55,1.90
2011.04.20 08:52:34.087,1.06461,1.06475,4.30,1.50
2011.04.20 08:52:34.635,1.0646,1.06475,2.42,2.25
2011.04.20 08:52:36.095,1.06461,1.06475,4.67,1.50
2011.04.20 08:52:37.419,1.06461,1.06475,1.67,1.50
2011.04.20 08:52:37.956,1.06462,1.06479,5.05,1.50
2011.04.20 08:52:38.504,1.06466,1.06481,4.67,1.50
2011.04.20 08:52:39.054,1.06466,1.06481,3.17,1.50
2011.04.20 08:52:39.557,1.06466,1.06481,3.17,1.50
2011.04.20 08:52:40.408,1.06466,1.06481,3.92,1.50
2011.04.20 08:52:40.968,1.06466,1.06481,4.67,1.88
2011.04.20 08:52:41.086,1.06466,1.06479,3.00,1.50
2011.04.20 08:52:41.781,1.06465,1.06477,2.25,1.50
2011.04.20 08:52:42.226,1.06464,1.06477,1.50,1.50
2011.04.20 08:52:42.884,1.06464,1.06478,1.50,2.25
2011.04.20 08:52:43.215,1.06468,1.06483,1.50,1.50
2011.04.20 08:52:43.436,1.06469,1.06484,1.50,2.25
2011.04.20 08:52:43.655,1.0647,1.06484,2.42,1.50
2011.04.20 08:52:44.206,1.0647,1.06486,1.67,1.50
2011.04.20 08:52:44.426,1.06468,1.06485,6.92,1.50
2011.04.20 08:52:44.649,1.06472,1.06486,4.50,2.25
2011.04.20 08:52:45.208,1.06473,1.06486,3.75,2.25
2011.04.20 08:52:49.225,1.06469,1.06484,1.67,1.50
2011.04.20 08:52:49.335,1.06468,1.06484,1.67,1.50
2011.04.20 08:52:49.886,1.06467,1.06483,1.67,1.50
2011.04.20 08:52:50.765,1.06466,1.06483,7.90,1.50
2011.04.20 08:52:51.096,1.06467,1.06483,1.67,1.50
2011.04.20 08:52:52.435,1.06467,1.06483,1.67,1.50
2011.04.20 08:52:53.094,1.06467,1.06484,2.42,1.50
2011.04.20 08:52:53.645,1.06467,1.06483,3.17,1.50
2011.04.20 08:52:54.088,1.06467,1.06478,3.17,1.50
2011.04.20 08:52:54.636,1.06465,1.06481,2.42,1.50
2011.04.20 08:52:55.277,1.06465,1.0648,2.63,2.25
2011.04.20 08:52:55.844,1.06465,1.0648,2.63,1.50
2011.04.20 08:52:58.186,1.06466,1.0648,1.50,1.50
2011.04.20 08:52:58.520,1.06468,1.06481,1.88,1.50
2011.04.20 08:52:58.638,1.06469,1.06483,5.25,1.50
2011.04.20 08:52:59.735,1.06472,1.06485,1.67,1.50
2011.04.20 08:53:00.286,1.06471,1.06484,1.67,1.50
2011.04.20 08:53:01.017,1.0647,1.06483,4.67,2.25
2011.04.20 08:53:01.126,1.06466,1.06481,3.17,1.50
2011.04.20 08:53:01.675,1.06467,1.0648,1.67,1.50
2011.04.20 08:53:02.226,1.06467,1.06481,1.67,2.25
2011.04.20 08:53:02.984,1.06466,1.0648,1.67,1.50
2011.04.20 08:53:03.535,1.06465,1.0648,1.67,1.50
2011.04.20 08:53:04.585,1.06465,1.06481,1.67,2.25
2011.04.20 08:53:06.895,1.06464,1.0648,5.42,1.50
2011.04.20 08:53:07.444,1.06464,1.06481,4.50,3.00
2011.04.20 08:53:08.741,1.06462,1.0648,7.67,2.25
2011.04.20 08:53:09.429,1.06462,1.0648,8.42,2.25
2011.04.20 08:53:10.316,1.06464,1.0648,1.50,1.50
2011.04.20 08:53:10.865,1.06466,1.06481,1.50,3.27
2011.04.20 08:53:11.416,1.06467,1.06481,1.50,2.25
2011.04.20 08:53:12.405,1.06464,1.06481,4.50,3.38
2011.04.20 08:53:13.794,1.06463,1.0648,5.42,1.50
2011.04.20 08:53:16.155,1.06463,1.06481,4.67,2.25
2011.04.20 08:53:18.494,1.06463,1.06481,4.67,2.25
2011.04.20 08:53:19.394,1.06461,1.06476,2.42,1.50
2011.04.20 08:53:19.727,1.06459,1.06476,1.67,1.50
2011.04.20 08:53:19.945,1.06459,1.06476,1.67,2.25
2011.04.20 08:53:20.057,1.06459,1.06473,1.67,2.25
2011.04.20 08:53:20.385,1.06459,1.0647,1.67,1.50
2011.04.20 08:53:20.937,1.06461,1.06472,2.42,2.25
2011.04.20 08:53:21.044,1.06461,1.06477,4.67,1.15
2011.04.20 08:53:21.155,1.06461,1.06479,5.42,1.50
2011.04.20 08:53:21.265,1.06461,1.06478,6.92,1.50
2011.04.20 08:53:21.817,1.06465,1.06475,1.67,1.50
2011.04.20 08:53:22.365,1.06463,1.06475,1.67,1.50
2011.04.20 08:53:23.065,1.06463,1.06475,1.67,1.50
2011.04.20 08:53:24.586,1.06462,1.06475,6.17,1.50
2011.04.20 08:53:25.245,1.06464,1.06475,1.67,1.50
2011.04.20 08:53:25.576,1.06466,1.06478,1.50,3.00
2011.04.20 08:53:25.686,1.06464,1.0648,1.67,2.25
2011.04.20 08:53:25.796,1.06464,1.06477,1.67,2.25
2011.04.20 08:53:26.016,1.06464,1.06476,1.67,1.50
2011.04.20 08:53:27.231,1.06462,1.06475,4.67,1.50
2011.04.20 08:53:27.788,1.06461,1.06475,5.42,1.50
2011.04.20 08:53:28.886,1.06461,1.06475,6.17,2.25
2011.04.20 08:53:29.436,1.06461,1.06475,1.67,1.50
2011.04.20 08:53:29.766,1.06458,1.06471,3.17,1.50
2011.04.20 08:53:32.230,1.06463,1.06474,3.75,2.25
2011.04.20 08:53:33.077,1.06458,1.06471,6.55,1.50
2011.04.20 08:53:33.297,1.0646,1.06472,5.42,2.25
2011.04.20 08:53:33.515,1.0646,1.06474,5.42,1.50
2011.04.20 08:53:34.065,1.06462,1.06475,4.50,1.50
2011.04.20 08:53:34.636,1.06462,1.06475,4.50,1.50
2011.04.20 08:53:35.077,1.06462,1.06477,4.50,2.25
2011.04.20 08:53:36.576,1.06462,1.06479,6.75,2.25
2011.04.20 08:53:36.795,1.06462,1.06479,8.42,1.50
2011.04.20 08:53:38.505,1.06464,1.06479,1.50,1.50
2011.04.20 08:53:39.055,1.06465,1.06481,1.50,3.00
2011.04.20 08:53:39.716,1.06463,1.06479,1.67,1.50
2011.04.20 08:53:39.828,1.06463,1.06476,1.50,1.50
2011.04.20 08:53:40.167,1.06462,1.06479,7.67,2.25
2011.04.20 08:53:40.277,1.06463,1.06477,1.13,3.00
2011.04.20 08:53:40.606,1.06463,1.06476,5.80,1.50
2011.04.20 08:53:41.327,1.06463,1.06476,6.55,1.50
2011.04.20 08:53:42.244,1.06463,1.06476,5.42,1.50
2011.04.20 08:53:43.546,1.06463,1.06476,4.67,1.50
2011.04.20 08:53:43.986,1.06463,1.06476,4.67,1.50
2011.04.20 08:53:44.096,1.06463,1.06476,4.67,1.50
2011.04.20 08:53:44.645,1.06462,1.06476,5.42,1.50
2011.04.20 08:53:45.196,1.06462,1.06473,3.92,2.25
2011.04.20 08:53:45.306,1.0646,1.06471,1.67,1.50
2011.04.20 08:53:45.417,1.06461,1.06471,1.67,1.50
2011.04.20 08:53:47.136,1.0646,1.06473,5.42,3.00
2011.04.20 08:53:47.575,1.06461,1.06476,4.67,2.25
2011.04.20 08:53:48.126,1.06461,1.06476,4.67,1.50
2011.04.20 08:53:48.566,1.06462,1.06477,1.50,2.25
2011.04.20 08:53:48.787,1.06461,1.06478,9.92,1.50
2011.04.20 08:53:49.675,1.06462,1.06475,3.75,1.50
2011.04.20 08:53:51.435,1.06462,1.06475,4.50,1.50
2011.04.20 08:53:51.657,1.06462,1.06479,6.17,1.50
2011.04.20 08:53:52.866,1.06462,1.06477,1.67,1.50
2011.04.20 08:53:53.194,1.06461,1.06475,5.42,1.50
2011.04.20 08:53:54.365,1.06461,1.06473,4.67,1.50
2011.04.20 08:53:54.696,1.06458,1.06471,1.67,1.50
2011.04.20 08:53:54.806,1.06458,1.06472,1.30,3.00
2011.04.20 08:53:55.354,1.06458,1.06472,1.30,2.25
2011.04.20 08:53:55.906,1.06457,1.06471,4.88,1.50
2011.04.20 08:53:56.456,1.06457,1.0647,4.88,1.50
2011.04.20 08:53:57.935,1.06453,1.06461,1.67,1.50
2011.04.20 08:53:58.266,1.06458,1.06465,3.75,1.50
2011.04.20 08:53:58.377,1.06458,1.06465,4.50,1.50
2011.04.20 08:53:58.925,1.06458,1.0647,4.88,1.50
2011.04.20 08:54:03.727,1.06458,1.06472,5.25,3.75
2011.04.20 08:54:04.313,1.06462,1.06471,4.50,1.50
2011.04.20 08:54:04.425,1.06462,1.06478,4.67,1.50
2011.04.20 08:54:06.737,1.06462,1.06478,7.67,2.25
2011.04.20 08:54:06.848,1.06462,1.06478,4.67,5.25
2011.04.20 08:54:08.995,1.06462,1.06475,4.67,2.25
2011.04.20 08:54:09.508,1.06463,1.06475,4.67,1.50
2011.04.20 08:54:10.827,1.06464,1.06475,1.50,1.50
2011.04.20 08:54:11.045,1.06466,1.06478,1.50,3.75
2011.04.20 08:54:11.267,1.06467,1.06479,1.50,1.50
2011.04.20 08:54:11.609,1.06468,1.0648,1.50,1.50
2011.04.20 08:54:12.165,1.06466,1.0648,1.67,1.50
2011.04.20 08:54:12.276,1.06465,1.06478,3.17,2.25
2011.04.20 08:54:12.386,1.06465,1.06476,3.17,1.50
2011.04.20 08:54:12.496,1.06466,1.06478,2.42,1.50
2011.04.20 08:54:12.605,1.06466,1.06481,2.42,1.50
2011.04.20 08:54:13.318,1.06471,1.06482,1.50,3.00
2011.04.20 08:54:13.441,1.06471,1.06485,1.50,2.25
2011.04.20 08:54:13.994,1.06469,1.06485,1.50,2.25
2011.04.20 08:54:16.746,1.06469,1.06485,1.50,2.25
2011.04.20 08:54:17.077,1.06467,1.0648,1.50,1.50
2011.04.20 08:54:17.671,1.06469,1.0648,1.50,3.75
2011.04.20 08:54:18.007,1.06471,1.06485,1.50,2.25
2011.04.20 08:54:18.227,1.06475,1.06485,1.50,1.50
2011.04.20 08:54:18.446,1.06475,1.06487,1.50,1.50
2011.04.20 08:54:19.438,1.06476,1.06489,1.50,1.50
2011.04.20 08:54:23.997,1.06474,1.06489,1.50,1.50
2011.04.20 08:54:26.042,1.06474,1.06487,1.50,1.50
2011.04.20 08:54:26.160,1.06474,1.06489,1.50,2.25
2011.04.20 08:54:26.276,1.06474,1.0649,1.50,2.25
2011.04.20 08:54:26.715,1.06474,1.06489,2.85,1.50
2011.04.20 08:54:27.265,1.06476,1.0649,1.50,1.50
2011.04.20 08:54:29.868,1.06475,1.0649,1.67,1.50
2011.04.20 08:54:30.417,1.06476,1.0649,1.50,1.50
2011.04.20 08:54:31.688,1.06476,1.0649,1.50,1.50
2011.04.20 08:54:33.185,1.06477,1.0649,1.50,1.50
2011.04.20 08:54:33.625,1.06477,1.0649,1.50,1.50
2011.04.20 08:54:33.957,1.0648,1.06494,2.25,1.50
2011.04.20 08:54:34.286,1.06482,1.06495,3.00,1.50
2011.04.20 08:54:34.396,1.06482,1.06497,3.75,1.50
2011.04.20 08:54:34.505,1.06482,1.06496,4.50,1.50
2011.04.20 08:54:35.056,1.06479,1.06496,1.67,2.25
2011.04.20 08:54:35.165,1.06479,1.06494,1.67,1.50
2011.04.20 08:54:35.386,1.0648,1.06494,1.50,4.50
2011.04.20 08:54:36.265,1.06478,1.06495,3.55,1.50
2011.04.20 08:54:39.516,1.06478,1.06494,1.67,1.50
2011.04.20 08:54:40.106,1.06476,1.06491,1.67,1.50
2011.04.20 08:54:40.655,1.06476,1.06491,1.67,1.50
2011.04.20 08:54:44.905,1.06475,1.06489,2.27,1.50
2011.04.20 08:54:45.017,1.06474,1.06488,1.67,1.50
2011.04.20 08:54:45.126,1.06473,1.06487,1.50,3.00
2011.04.20 08:54:45.455,1.06472,1.06482,3.00,1.50
2011.04.20 08:54:45.677,1.06474,1.06486,1.50,1.50
2011.04.20 08:54:46.335,1.06473,1.06487,1.50,1.50
2011.04.20 08:54:46.886,1.06475,1.0649,3.17,1.50
2011.04.20 08:54:46.996,1.06478,1.0649,1.50,1.50
2011.04.20 08:54:47.326,1.0648,1.06495,1.67,1.50
2011.04.20 08:54:47.875,1.06481,1.06495,1.50,1.50
2011.04.20 08:54:50.466,1.06477,1.06495,8.42,1.50
2011.04.20 08:54:50.575,1.06479,1.06495,1.67,1.50
2011.04.20 08:54:51.126,1.06479,1.06495,1.67,1.50
2011.04.20 08:54:53.435,1.0648,1.06495,1.67,1.50
2011.04.20 08:54:53.986,1.0648,1.06495,1.67,1.50
2011.04.20 08:54:54.535,1.06477,1.06492,1.67,3.75
2011.04.20 08:54:54.865,1.06476,1.06491,2.42,1.50
2011.04.20 08:54:54.975,1.06476,1.06492,2.42,3.75
2011.04.20 08:54:55.195,1.06476,1.06492,2.42,3.75
2011.04.20 08:54:55.416,1.06476,1.06487,2.42,1.50
2011.04.20 08:54:56.295,1.06476,1.06487,2.42,1.50
2011.04.20 08:54:57.396,1.06477,1.06491,1.30,1.50
2011.04.20 08:54:58.272,1.06477,1.06491,2.05,1.50
2011.04.20 08:54:58.399,1.06482,1.06496,1.50,1.50
2011.04.20 08:54:58.523,1.06477,1.06486,4.30,1.50
2011.04.20 08:54:58.642,1.06477,1.06488,2.05,1.50
2011.04.20 08:54:58.760,1.06476,1.06488,1.67,1.50
2011.04.20 08:54:58.877,1.06478,1.06492,1.67,2.25
2011.04.20 08:54:58.988,1.06479,1.06496,1.50,2.25
2011.04.20 08:54:59.206,1.06478,1.06496,1.67,1.50
2011.04.20 08:55:00.306,1.06478,1.06496,1.67,2.25
2011.04.20 08:55:00.416,1.06478,1.06495,1.67,2.25
2011.04.20 08:55:00.859,1.06474,1.06488,1.67,2.25
2011.04.20 08:55:01.085,1.06469,1.06488,1.67,3.00
2011.04.20 08:55:01.806,1.06472,1.06488,2.05,2.25
2011.04.20 08:55:02.796,1.06471,1.06488,1.67,5.25
2011.04.20 08:55:06.356,1.06472,1.06488,4.67,5.25
2011.04.20 08:55:06.905,1.06472,1.06487,4.67,1.50
2011.04.20 08:55:07.126,1.06472,1.06486,3.92,1.50
2011.04.20 08:55:07.347,1.06468,1.06483,1.67,3.00
2011.04.20 08:55:07.567,1.06467,1.06483,5.42,3.00
2011.04.20 08:55:08.446,1.06469,1.06484,1.67,2.25
2011.04.20 08:55:08.776,1.06472,1.06489,2.42,1.50
2011.04.20 08:55:08.996,1.06473,1.06488,4.67,1.50
2011.04.20 08:55:09.766,1.06473,1.06488,3.92,1.50
2011.04.20 08:55:10.976,1.06472,1.06487,4.67,3.75
2011.04.20 08:55:11.307,1.06475,1.06487,2.25,3.00
2011.04.20 08:55:11.528,1.06472,1.06486,2.42,1.50
2011.04.20 08:55:11.752,1.0647,1.06485,1.67,1.50
2011.04.20 08:55:11.865,1.0647,1.06482,2.42,1.50
2011.04.20 08:55:12.526,1.06469,1.06482,1.67,1.50
2011.04.20 08:55:15.226,1.0647,1.06482,1.67,1.50
2011.04.20 08:55:15.338,1.06472,1.06488,1.50,1.50
2011.04.20 08:55:15.883,1.06472,1.06487,2.25,1.50
2011.04.20 08:55:16.000,1.06472,1.06488,3.75,2.25
2011.04.20 08:55:16.227,1.06472,1.0649,5.42,1.50
2011.04.20 08:55:16.774,1.06474,1.0649,1.06,1.50
2011.04.20 08:55:17.329,1.06474,1.06491,1.50,3.00
2011.04.20 08:55:17.670,1.06482,1.06491,1.50,1.50
2011.04.20 08:55:17.899,1.06482,1.06496,3.00,1.50
2011.04.20 08:55:18.020,1.06482,1.06498,1.50,4.50
2011.04.20 08:55:19.205,1.06483,1.065,6.17,1.50
2011.04.20 08:55:19.854,1.06483,1.065,2.42,1.50
2011.04.20 08:55:20.076,1.06483,1.065,1.67,1.50
2011.04.20 08:55:22.876,1.06482,1.065,4.30,1.50
2011.04.20 08:55:24.055,1.06485,1.065,1.50,1.50
2011.04.20 08:55:25.168,1.06485,1.065,1.50,1.50
2011.04.20 08:55:25.596,1.06485,1.06502,1.67,3.00
2011.04.20 08:55:25.706,1.06488,1.06502,1.50,2.25
2011.04.20 08:55:26.006,1.06492,1.06505,1.50,2.65
2011.04.20 08:55:26.123,1.06493,1.06509,4.81,1.90
2011.04.20 08:55:26.458,1.06499,1.06515,1.50,1.50
2011.04.20 08:55:26.899,1.06496,1.06513,2.42,3.00
2011.04.20 08:55:27.019,1.06495,1.06508,1.30,2.25
2011.04.20 08:55:27.138,1.06494,1.06508,2.58,2.25
2011.04.20 08:55:27.578,1.06495,1.0651,2.61,1.90
2011.04.20 08:55:27.798,1.06497,1.06512,2.42,1.50
2011.04.20 08:55:27.905,1.06499,1.06514,1.50,1.90
2011.04.20 08:55:28.675,1.06499,1.06515,1.50,1.50
2011.04.20 08:55:30.186,1.065,1.06516,1.50,1.50
2011.04.20 08:55:30.734,1.06498,1.06516,2.05,2.25
2011.04.20 08:55:31.396,1.06497,1.06516,4.90,2.25
2011.04.20 08:55:31.948,1.06495,1.06508,2.05,2.25
2011.04.20 08:55:32.388,1.06495,1.06511,2.05,1.90
2011.04.20 08:55:32.607,1.06495,1.06512,3.92,3.75
2011.04.20 08:55:33.596,1.06496,1.06512,1.67,3.83
2011.04.20 08:55:34.123,1.06493,1.06507,2.80,2.25
2011.04.20 08:55:34.896,1.06492,1.06507,2.05,3.75
2011.04.20 08:55:35.562,1.06494,1.06503,1.48,1.50
2011.04.20 08:55:35.790,1.0649,1.06505,1.30,1.50
2011.04.20 08:55:36.237,1.06492,1.06507,1.67,3.00
2011.04.20 08:55:36.345,1.06491,1.06507,1.30,3.00
2011.04.20 08:55:36.676,1.06491,1.06505,1.30,1.50
2011.04.20 08:55:37.225,1.06489,1.06502,1.30,2.25
2011.04.20 08:55:37.776,1.06491,1.06506,2.42,2.65
2011.04.20 08:55:38.504,1.06492,1.06507,1.30,1.50
2011.04.20 08:55:38.624,1.06493,1.06507,1.67,3.00
2011.04.20 08:55:38.959,1.06494,1.06506,2.42,1.50
2011.04.20 08:55:39.517,1.06495,1.06505,1.50,1.50
2011.04.20 08:55:41.635,1.06495,1.06507,1.50,2.25
2011.04.20 08:55:42.184,1.06495,1.06507,1.50,1.50
2011.04.20 08:55:42.515,1.06495,1.06507,1.50,2.25
2011.04.20 08:55:42.845,1.06492,1.06507,1.67,2.25
2011.04.20 08:55:44.794,1.06492,1.06507,1.67,2.25
2011.04.20 08:55:45.126,1.06492,1.06507,2.42,2.25
2011.04.20 08:55:45.684,1.06492,1.06507,1.67,2.25
2011.04.20 08:55:46.641,1.06492,1.06507,2.42,1.50
2011.04.20 08:55:47.645,1.0649,1.06507,5.42,1.50
2011.04.20 08:55:47.755,1.0649,1.06507,4.67,1.50
2011.04.20 08:55:48.195,1.0649,1.06507,5.42,1.50
2011.04.20 08:55:49.415,1.0649,1.06507,4.67,2.25
2011.04.20 08:55:50.738,1.0649,1.06507,4.67,1.50
2011.04.20 08:55:53.769,1.0649,1.06507,6.17,1.50
2011.04.20 08:55:54.326,1.0649,1.06507,5.42,1.50
2011.04.20 08:55:56.945,1.06495,1.06509,1.35,1.50
2011.04.20 08:55:57.277,1.06499,1.06515,3.75,3.00
2011.04.20 08:55:57.496,1.065,1.06516,1.30,2.25
2011.04.20 08:55:58.103,1.06501,1.06519,1.67,3.00
2011.04.20 08:56:00.016,1.06501,1.06519,1.67,3.00
2011.04.20 08:56:00.565,1.06501,1.06518,1.67,1.50
2011.04.20 08:56:01.115,1.065,1.06516,2.25,1.50
2011.04.20 08:56:03.141,1.065,1.06516,1.50,2.25
2011.04.20 08:56:03.257,1.065,1.06516,1.50,2.25
2011.04.20 08:56:05.955,1.065,1.06516,1.50,2.25
2011.04.20 08:56:06.288,1.06502,1.06516,2.25,1.50
2011.04.20 08:56:06.947,1.065,1.06516,3.17,1.50
2011.04.20 08:56:07.510,1.06506,1.0652,2.25,2.25
2011.04.20 08:56:07.728,1.065,1.06518,3.17,1.50
2011.04.20 08:56:08.277,1.065,1.06517,3.17,1.50
2011.04.20 08:56:09.927,1.065,1.06517,3.17,3.00
2011.04.20 08:56:10.479,1.065,1.06515,3.00,1.50
2011.04.20 08:56:14.176,1.065,1.06517,3.75,3.00
2011.04.20 08:56:15.254,1.065,1.06517,3.75,3.00
2011.04.20 08:56:15.587,1.06496,1.06514,4.67,3.00
2011.04.20 08:56:16.686,1.06496,1.06514,5.42,3.00
2011.04.20 08:56:17.345,1.06499,1.06515,2.25,2.25
2011.04.20 08:56:17.894,1.06499,1.06515,3.00,1.50
2011.04.20 08:56:19.227,1.06499,1.06515,3.00,1.50
2011.04.20 08:56:20.736,1.06499,1.06515,2.25,2.25
2011.04.20 08:56:20.955,1.06496,1.06514,3.92,3.00
2011.04.20 08:56:21.395,1.06497,1.06514,1.67,2.25
2011.04.20 08:56:21.944,1.065,1.06516,3.00,2.25
2011.04.20 08:56:22.495,1.065,1.06516,2.25,2.25
2011.04.20 08:56:22.826,1.06497,1.06514,3.92,3.00
2011.04.20 08:56:22.935,1.06496,1.06514,5.27,3.00
2011.04.20 08:56:24.055,1.06496,1.06514,5.27,3.00
2011.04.20 08:56:24.604,1.06496,1.06514,5.27,3.83
2011.04.20 08:56:26.686,1.06499,1.06514,1.50,3.83
2011.04.20 08:56:26.909,1.06502,1.06519,1.67,3.00
2011.04.20 08:56:28.356,1.06501,1.06519,9.92,2.25
2011.04.20 08:56:28.686,1.06501,1.06515,1.50,1.50
2011.04.20 08:56:28.796,1.06497,1.06513,1.67,2.25
2011.04.20 08:56:29.786,1.06496,1.06513,1.67,3.08
2011.04.20 08:56:30.005,1.06496,1.06513,1.67,4.58
2011.04.20 08:56:30.228,1.06494,1.0651,1.20,1.50
2011.04.20 08:56:30.337,1.06492,1.06507,1.67,2.25
2011.04.20 08:56:31.182,1.0649,1.06507,1.50,3.08
2011.04.20 08:56:31.302,1.06492,1.06507,1.50,3.00
2011.04.20 08:56:33.468,1.06495,1.06509,1.50,1.58
2011.04.20 08:56:33.795,1.065,1.06512,2.25,1.50
2011.04.20 08:56:34.127,1.06496,1.06513,2.25,2.25
2011.04.20 08:56:34.676,1.06496,1.0651,2.25,1.50
2011.04.20 08:56:36.355,1.06496,1.0651,3.00,1.50
2011.04.20 08:56:36.587,1.06493,1.06509,1.50,1.50
2011.04.20 08:56:37.026,1.06494,1.0651,1.50,3.75
2011.04.20 08:56:37.357,1.06493,1.0651,1.67,3.00
2011.04.20 08:56:37.465,1.06493,1.0651,1.67,3.00
2011.04.20 08:56:38.565,1.06492,1.06509,1.67,1.50
2011.04.20 08:56:39.115,1.06491,1.06509,3.17,1.50
2011.04.20 08:56:42.684,1.06492,1.06509,2.25,1.50
2011.04.20 08:56:43.235,1.06493,1.06509,1.50,1.50
2011.04.20 08:56:43.895,1.06493,1.06509,1.50,1.50
2011.04.20 08:56:44.433,1.06492,1.06509,1.50,1.50
2011.04.20 08:56:44.936,1.06492,1.06509,1.50,1.50
2011.04.20 08:56:45.485,1.06492,1.06509,1.50,1.50
2011.04.20 08:56:47.865,1.06491,1.06507,3.17,1.50
2011.04.20 08:56:48.417,1.06491,1.06506,3.00,2.25
2011.04.20 08:56:49.766,1.06491,1.06506,3.00,1.50
2011.04.20 08:56:50.315,1.06491,1.06507,3.92,1.50
2011.04.20 08:56:51.887,1.06491,1.06509,3.17,2.25
2011.04.20 08:56:53.775,1.06488,1.06505,1.13,3.75
2011.04.20 08:56:54.219,1.06485,1.06504,6.55,1.50
2011.04.20 08:56:54.809,1.06485,1.06503,3.00,1.13
2011.04.20 08:57:03.029,1.06487,1.06502,3.00,1.50
2011.04.20 08:57:03.651,1.06487,1.06502,3.00,1.50
2011.04.20 08:57:06.285,1.06487,1.06502,3.00,1.50
2011.04.20 08:57:07.646,1.06487,1.06501,3.00,1.13
2011.04.20 08:57:09.319,1.06487,1.06501,3.00,1.13
2011.04.20 08:57:10.763,1.06487,1.06497,2.25,2.25
2011.04.20 08:57:10.991,1.06481,1.06497,1.50,1.50
2011.04.20 08:57:11.107,1.06479,1.06497,1.67,3.00
2011.04.20 08:57:11.655,1.06479,1.06497,2.42,6.75
2011.04.20 08:57:12.205,1.06479,1.06496,2.42,1.50
2011.04.20 08:57:12.775,1.06479,1.06496,2.42,1.50
2011.04.20 08:57:13.291,1.06479,1.06497,2.42,8.25
2011.04.20 08:57:13.737,1.06481,1.06495,1.50,1.50
2011.04.20 08:57:13.956,1.06484,1.06497,1.50,1.50
2011.04.20 08:57:14.175,1.06484,1.06497,1.50,1.50
2011.04.20 08:57:15.285,1.06484,1.06498,1.50,1.50
2011.04.20 08:57:17.486,1.06483,1.06498,3.92,2.25
2011.04.20 08:57:17.815,1.0648,1.06497,1.67,2.25
2011.04.20 08:57:19.217,1.06484,1.06495,1.50,1.15
2011.04.20 08:57:19.438,1.06489,1.06502,1.50,1.88
2011.04.20 08:57:21.676,1.06489,1.06501,1.50,1.88
2011.04.20 08:57:21.900,1.06489,1.06498,1.50,1.15
2011.04.20 08:57:22.018,1.06483,1.06498,2.25,1.15
2011.04.20 08:57:22.575,1.06483,1.06499,2.25,5.65
2011.04.20 08:57:23.128,1.06483,1.06498,2.25,1.15
2011.04.20 08:57:23.675,1.06483,1.06498,2.25,1.90
2011.04.20 08:57:25.937,1.06483,1.06498,1.50,1.15
2011.04.20 08:57:26.515,1.06483,1.06499,1.50,2.65
2011.04.20 08:57:27.287,1.06483,1.06498,1.50,1.15
2011.04.20 08:57:27.884,1.06483,1.06499,1.50,2.65
2011.04.20 08:57:28.419,1.06482,1.06499,3.17,2.65
2011.04.20 08:57:29.016,1.06482,1.06498,3.17,1.15
2011.04.20 08:57:29.565,1.06482,1.06499,3.17,3.40
2011.04.20 08:57:29.787,1.06482,1.06498,3.17,1.15
2011.04.20 08:57:30.287,1.06482,1.06499,3.92,2.28
2011.04.20 08:57:31.337,1.06482,1.06498,3.92,1.15
2011.04.20 08:57:31.865,1.06482,1.06499,3.17,2.28
2011.04.20 08:57:32.306,1.06482,1.06497,3.00,1.50
2011.04.20 08:57:32.635,1.06482,1.06497,3.00,2.25
2011.04.20 08:57:33.385,1.06482,1.06497,3.00,1.50
2011.04.20 08:57:33.607,1.06482,1.06497,3.00,1.50
2011.04.20 08:57:34.046,1.06482,1.06497,3.00,1.50
2011.04.20 08:57:34.265,1.06482,1.06498,3.00,1.90
2011.04.20 08:57:34.707,1.06482,1.06498,3.00,1.90
2011.04.20 08:57:35.827,1.06482,1.06499,3.75,2.65
2011.04.20 08:57:37.036,1.06482,1.06499,3.00,6.40
2011.04.20 08:57:37.781,1.06482,1.06498,3.00,1.50
2011.04.20 08:57:38.666,1.06482,1.06498,3.00,1.50
2011.04.20 08:57:40.436,1.06484,1.06499,1.50,2.65
2011.04.20 08:57:40.766,1.06494,1.06509,2.85,2.65
2011.04.20 08:57:40.879,1.06497,1.0651,6.75,1.50
2011.04.20 08:57:40.998,1.06498,1.06512,1.13,1.50
2011.04.20 08:57:41.434,1.06498,1.06515,1.30,1.50
2011.04.20 08:57:42.683,1.06499,1.06515,1.67,1.90
2011.04.20 08:57:43.016,1.06503,1.06518,3.38,1.50
2011.04.20 08:57:43.568,1.06504,1.06518,1.13,1.50
2011.04.20 08:57:43.677,1.06503,1.06518,3.00,2.25
2011.04.20 08:57:43.786,1.06503,1.06518,3.00,3.60
2011.04.20 08:57:44.335,1.06503,1.06515,2.25,3.00
2011.04.20 08:57:47.155,1.06503,1.06513,2.25,1.50
2011.04.20 08:57:47.267,1.06498,1.06511,1.67,1.35
2011.04.20 08:57:47.379,1.06498,1.06505,1.67,1.50
2011.04.20 08:57:47.917,1.06492,1.06506,1.50,3.00
2011.04.20 08:57:48.357,1.06487,1.065,1.67,1.50
2011.04.20 08:57:48.906,1.06486,1.065,3.17,1.50
2011.04.20 08:57:49.235,1.06486,1.065,3.92,1.50
2011.04.20 08:57:49.456,1.06492,1.06503,2.25,1.50
2011.04.20 08:57:50.257,1.06492,1.06503,3.00,1.50
2011.04.20 08:57:50.587,1.06492,1.06505,2.25,1.50
2011.04.20 08:57:50.696,1.06492,1.06505,2.25,2.25
2011.04.20 08:57:51.027,1.06492,1.06505,3.00,1.50
2011.04.20 08:57:51.357,1.06492,1.06505,3.00,1.50
2011.04.20 08:57:52.236,1.06493,1.06506,1.50,1.50
2011.04.20 08:57:52.820,1.06497,1.0651,2.25,1.50
2011.04.20 08:57:52.937,1.06497,1.0651,3.17,1.50
2011.04.20 08:57:53.267,1.06502,1.06515,2.25,1.50
2011.04.20 08:57:54.036,1.06502,1.06514,2.25,1.50
2011.04.20 08:57:54.480,1.06502,1.06509,2.25,2.10
2011.04.20 08:57:54.707,1.06493,1.065,2.25,1.50
2011.04.20 08:57:54.817,1.06488,1.065,3.00,1.50
2011.04.20 08:57:55.915,1.06488,1.065,3.00,2.25
2011.04.20 08:57:56.686,1.06492,1.065,1.50,1.50
2011.04.20 08:57:58.015,1.06493,1.06505,1.50,1.50
2011.04.20 08:57:58.457,1.06492,1.06505,3.00,1.50
2011.04.20 08:57:59.006,1.06488,1.065,3.92,1.50
2011.04.20 08:57:59.337,1.06497,1.06506,2.25,1.50
2011.04.20 08:57:59.556,1.06497,1.06505,3.00,1.50
2011.04.20 08:57:59.885,1.06492,1.06506,3.92,1.50
2011.04.20 08:58:00.486,1.06492,1.06505,3.92,1.50
2011.04.20 08:58:01.366,1.06492,1.06505,3.17,1.50
2011.04.20 08:58:01.586,1.06492,1.06505,3.17,1.50
2011.04.20 08:58:02.620,1.06492,1.06501,2.25,1.50
2011.04.20 08:58:02.850,1.06492,1.06503,2.25,1.90
2011.04.20 08:58:08.657,1.0649,1.06503,3.75,2.25
2011.04.20 08:58:08.769,1.0649,1.06502,3.00,1.50
2011.04.20 08:58:08.888,1.0649,1.065,2.25,1.50
2011.04.20 08:58:08.998,1.06487,1.065,2.25,1.50
2011.04.20 08:58:10.137,1.06487,1.06501,3.00,3.00
2011.04.20 08:58:11.016,1.06487,1.06501,3.00,3.00
2011.04.20 08:58:11.676,1.06487,1.065,2.25,1.50
2011.04.20 08:58:11.785,1.06487,1.06498,2.25,1.50
2011.04.20 08:58:12.115,1.06483,1.065,1.67,4.50
2011.04.20 08:58:13.186,1.06483,1.065,1.67,3.75
2011.04.20 08:58:13.408,1.0648,1.06494,4.50,2.25
2011.04.20 08:58:13.736,1.06482,1.06494,1.50,2.25
2011.04.20 08:58:13.848,1.06482,1.06494,1.67,3.00
2011.04.20 08:58:13.958,1.06485,1.06494,1.50,3.00
2011.04.20 08:58:14.396,1.06486,1.065,1.50,3.75
2011.04.20 08:58:14.835,1.06487,1.06501,2.25,2.25
2011.04.20 08:58:15.547,1.06485,1.065,1.50,4.50
2011.04.20 08:58:15.888,1.06491,1.06502,1.50,1.50
2011.04.20 08:58:16.220,1.06502,1.06512,1.50,1.50
2011.04.20 08:58:16.342,1.06502,1.06515,2.25,1.50
2011.04.20 08:58:16.568,1.06506,1.06515,3.00,1.50
2011.04.20 08:58:16.787,1.06506,1.06519,3.00,1.50
2011.04.20 08:58:17.336,1.06506,1.06519,3.00,1.50
2011.04.20 08:58:17.996,1.06506,1.06519,3.00,1.50
2011.04.20 08:58:18.550,1.06506,1.06519,2.25,2.25
2011.04.20 08:58:19.044,1.06505,1.06515,1.67,1.50
2011.04.20 08:58:19.596,1.06501,1.06513,1.67,2.25
2011.04.20 08:58:19.705,1.06499,1.0651,1.50,1.50
2011.04.20 08:58:20.035,1.06497,1.06511,3.92,1.50
2011.04.20 08:58:20.257,1.06497,1.06509,3.17,1.50
2011.04.20 08:58:20.369,1.06497,1.06506,2.25,1.50
2011.04.20 08:58:20.488,1.06488,1.06501,1.50,1.50
2011.04.20 08:58:21.036,1.06487,1.06501,3.92,1.50
2011.04.20 08:58:21.476,1.06489,1.06501,1.50,1.50
2011.04.20 08:58:21.805,1.06489,1.06501,1.50,1.50
2011.04.20 08:58:22.532,1.06488,1.06501,1.50,1.50
2011.04.20 08:58:22.757,1.06491,1.06501,1.50,1.50
2011.04.20 08:58:22.980,1.06494,1.06505,1.50,1.50
2011.04.20 08:58:23.101,1.06494,1.06506,1.88,1.50
2011.04.20 08:58:23.438,1.06503,1.06511,1.50,2.25
2011.04.20 08:58:23.558,1.06503,1.06515,1.67,1.50
2011.04.20 08:58:23.778,1.06506,1.06515,3.00,1.50
2011.04.20 08:58:23.886,1.06506,1.0652,3.00,2.25
2011.04.20 08:58:24.575,1.06506,1.0652,3.00,1.50
2011.04.20 08:58:25.237,1.06508,1.06522,1.50,1.50
2011.04.20 08:58:25.346,1.06508,1.06523,1.50,2.25
2011.04.20 08:58:25.458,1.06507,1.06522,2.42,1.50
2011.04.20 08:58:25.968,1.0651,1.06523,3.00,1.50
2011.04.20 08:58:27.627,1.0651,1.06523,3.00,1.50
2011.04.20 08:58:28.175,1.06511,1.06525,1.67,1.50
2011.04.20 08:58:29.386,1.06511,1.06526,1.67,1.50
2011.04.20 08:58:30.048,1.06509,1.0652,2.25,3.00
2011.04.20 08:58:30.266,1.06503,1.06516,1.67,1.50
2011.04.20 08:58:30.853,1.06502,1.06515,1.13,1.50
2011.04.20 08:58:30.972,1.06498,1.06511,3.75,1.50
2011.04.20 08:58:31.087,1.06498,1.06511,2.25,1.50
2011.04.20 08:58:31.623,1.06498,1.06511,2.25,1.50
2011.04.20 08:58:32.226,1.06496,1.06509,1.67,2.25
2011.04.20 08:58:32.495,1.06493,1.06503,1.50,3.00
2011.04.20 08:58:32.828,1.06496,1.06507,1.50,3.00
2011.04.20 08:58:32.939,1.06496,1.06507,1.50,2.25
2011.04.20 08:58:33.227,1.06497,1.06507,1.67,1.50
2011.04.20 08:58:33.364,1.06506,1.06517,1.50,1.50
2011.04.20 08:58:33.917,1.06505,1.06516,1.67,1.50
2011.04.20 08:58:34.466,1.06504,1.06517,1.67,1.50
2011.04.20 08:58:36.059,1.06503,1.06517,2.42,1.50
2011.04.20 08:58:36.182,1.065,1.06508,3.17,3.75
2011.04.20 08:58:36.523,1.06488,1.06499,1.67,3.75
2011.04.20 08:58:36.639,1.06488,1.06499,1.67,4.05
2011.04.20 08:58:36.976,1.0649,1.065,3.00,3.90
2011.04.20 08:58:37.085,1.0649,1.065,3.00,3.75
2011.04.20 08:58:37.196,1.0649,1.065,3.00,3.75
2011.04.20 08:58:37.967,1.06492,1.06503,2.25,3.75
2011.04.20 08:58:38.516,1.0649,1.065,3.92,3.75
2011.04.20 08:58:39.396,1.0649,1.065,3.17,3.75
2011.04.20 08:58:40.207,1.06491,1.06501,3.00,3.75
2011.04.20 08:58:40.315,1.06491,1.06501,3.00,3.75
2011.04.20 08:58:40.866,1.06491,1.06501,2.25,4.50
2011.04.20 08:58:40.975,1.06486,1.06499,3.75,3.75
2011.04.20 08:58:41.306,1.06484,1.06497,1.67,3.75
2011.04.20 08:58:41.637,1.06486,1.06497,1.50,4.50
2011.04.20 08:58:41.857,1.06486,1.06499,1.50,4.50
2011.04.20 08:58:41.966,1.06486,1.065,1.50,6.75
2011.04.20 08:58:42.077,1.06488,1.065,1.50,6.75
2011.04.20 08:58:43.415,1.0649,1.065,2.10,4.50
2011.04.20 08:58:43.758,1.06491,1.06503,3.92,3.75
2011.04.20 08:58:44.965,1.06493,1.06503,1.50,3.75
2011.04.20 08:58:45.078,1.06496,1.06506,3.75,4.50
2011.04.20 08:58:45.301,1.06496,1.06506,2.25,2.25
2011.04.20 08:58:45.419,1.0649,1.06506,5.27,2.25
2011.04.20 08:58:45.647,1.0649,1.06506,3.92,2.25
2011.04.20 08:58:46.875,1.06496,1.06506,3.00,1.50
2011.04.20 08:58:46.986,1.06496,1.06509,2.25,1.50
2011.04.20 08:58:47.097,1.06493,1.06503,1.50,2.25
2011.04.20 08:58:47.208,1.06491,1.06503,2.42,2.25
2011.04.20 08:58:47.318,1.06489,1.06501,3.17,1.50
2011.04.20 08:58:47.428,1.06488,1.06501,1.67,1.50
2011.04.20 08:58:48.425,1.06489,1.06501,1.50,1.50
2011.04.20 08:58:48.865,1.06488,1.06501,1.67,1.50
2011.04.20 08:58:48.976,1.06488,1.06503,1.67,3.75
2011.04.20 08:58:49.086,1.0649,1.06504,3.75,2.25
2011.04.20 08:58:49.306,1.0649,1.06503,1.50,3.75
2011.04.20 08:58:49.856,1.0649,1.06501,1.50,1.50
2011.04.20 08:58:50.407,1.0649,1.06501,1.50,1.50
2011.04.20 08:58:51.279,1.06496,1.06503,3.00,1.50
2011.04.20 08:58:51.507,1.06496,1.0651,3.75,3.00
2011.04.20 08:58:52.259,1.06496,1.06509,3.75,1.50
2011.04.20 08:58:52.709,1.06496,1.06507,2.25,1.50
2011.04.20 08:58:52.939,1.06489,1.06501,3.92,1.50
2011.04.20 08:58:53.276,1.06491,1.06501,1.50,1.50
2011.04.20 08:58:53.386,1.06491,1.06506,1.50,6.75
2011.04.20 08:58:53.496,1.06491,1.06506,1.50,3.00
2011.04.20 08:58:55.596,1.06491,1.06505,1.50,1.50
2011.04.20 08:58:56.035,1.06496,1.06506,3.00,1.50
2011.04.20 08:58:56.146,1.06496,1.06507,3.00,1.50
2011.04.20 08:58:56.255,1.06496,1.06509,3.00,2.25
2011.04.20 08:58:58.348,1.06484,1.06493,1.50,1.50
2011.04.20 08:58:58.456,1.06484,1.06495,1.50,4.50
2011.04.20 08:58:58.675,1.06484,1.06495,1.67,4.50
2011.04.20 08:58:59.007,1.06485,1.06499,1.67,1.50
2011.04.20 08:58:59.225,1.06487,1.06502,3.00,1.50
2011.04.20 08:58:59.336,1.06487,1.06502,3.00,1.50
2011.04.20 08:58:59.776,1.06487,1.06502,3.75,1.50
2011.04.20 08:58:59.997,1.06491,1.06504,3.00,1.50
2011.04.20 08:59:00.655,1.06493,1.06505,1.50,1.50
2011.04.20 08:59:00.986,1.06493,1.06507,1.50,1.50
2011.04.20 08:59:01.536,1.06494,1.06509,1.67,4.50
2011.04.20 08:59:01.866,1.0649,1.06503,1.67,3.75
2011.04.20 08:59:01.978,1.06487,1.06501,3.00,1.50
2011.04.20 08:59:02.086,1.06484,1.065,2.42,3.00
2011.04.20 08:59:02.606,1.06485,1.06499,1.05,1.50
2011.04.20 08:59:03.127,1.06484,1.06497,1.80,1.50
2011.04.20 08:59:03.570,1.06487,1.06499,3.00,1.50
2011.04.20 08:59:03.913,1.06496,1.06509,2.25,1.50
2011.04.20 08:59:04.032,1.065,1.06512,1.67,1.50
2011.04.20 08:59:04.148,1.06501,1.06516,1.67,1.88
2011.04.20 08:59:04.261,1.06503,1.06517,1.50,2.25
2011.04.20 08:59:04.486,1.06503,1.06518,1.50,1.50
2011.04.20 08:59:05.035,1.06503,1.06518,2.42,1.50
2011.04.20 08:59:07.033,1.06503,1.06519,2.42,2.25
2011.04.20 08:59:09.774,1.06503,1.06519,2.79,2.25
2011.04.20 08:59:10.339,1.06503,1.06519,2.79,2.25
2011.04.20 08:59:10.565,1.06504,1.06521,1.67,1.50
2011.04.20 08:59:10.789,1.0651,1.06524,2.25,1.50
2011.04.20 08:59:10.907,1.06511,1.06524,2.25,1.50
2011.04.20 08:59:13.487,1.06511,1.06526,3.75,1.50
2011.04.20 08:59:13.818,1.06512,1.06527,2.25,1.50
2011.04.20 08:59:14.147,1.0652,1.0653,1.67,2.25
2011.04.20 08:59:15.239,1.0652,1.06536,1.67,2.25
2011.04.20 08:59:15.365,1.06519,1.06536,3.92,1.50
2011.04.20 08:59:16.356,1.06519,1.06536,3.92,1.50
2011.04.20 08:59:16.467,1.06519,1.06536,3.92,1.50
2011.04.20 08:59:16.690,1.06519,1.06536,3.17,2.25
2011.04.20 08:59:16.810,1.06519,1.06535,3.00,1.50
2011.04.20 08:59:17.807,1.06519,1.06535,3.00,1.50
2011.04.20 08:59:18.246,1.0652,1.06538,1.67,1.50
2011.04.20 08:59:19.757,1.06519,1.06537,3.92,2.25
2011.04.20 08:59:20.087,1.06519,1.06536,3.17,3.00
2011.04.20 08:59:20.655,1.06519,1.06535,3.17,2.25
2011.04.20 08:59:21.207,1.06517,1.06533,4.67,2.25
2011.04.20 08:59:21.535,1.06519,1.06535,3.17,2.63
2011.04.20 08:59:22.634,1.06527,1.06536,2.25,1.95
2011.04.20 08:59:23.079,1.06522,1.06536,1.50,2.25
2011.04.20 08:59:23.307,1.06521,1.06536,3.00,3.00
2011.04.20 08:59:25.487,1.06521,1.06538,3.17,1.88
2011.04.20 08:59:25.602,1.06521,1.0654,4.67,4.88
2011.04.20 08:59:25.830,1.06527,1.0654,3.00,1.50
2011.04.20 08:59:26.059,1.06527,1.06541,2.25,1.50
2011.04.20 08:59:26.618,1.06527,1.06542,2.25,1.50
2011.04.20 08:59:27.508,1.06527,1.06542,3.00,1.50
2011.04.20 08:59:28.056,1.06527,1.06543,3.17,3.00
2011.04.20 08:59:28.387,1.06531,1.06544,2.25,1.50
2011.04.20 08:59:29.018,1.06532,1.06544,1.13,1.50
2011.04.20 08:59:29.237,1.06536,1.06552,2.25,4.13
2011.04.20 08:59:29.785,1.06536,1.06551,3.00,1.13
2011.04.20 08:59:31.328,1.06536,1.06553,3.17,1.88
2011.04.20 08:59:31.549,1.06541,1.06554,3.00,1.88
2011.04.20 08:59:32.039,1.06541,1.06555,4.35,2.25
2011.04.20 08:59:32.152,1.06546,1.06562,3.75,3.38
2011.04.20 08:59:32.489,1.06546,1.06561,3.00,1.13
2011.04.20 08:59:32.717,1.06546,1.06562,3.00,3.38
2011.04.20 08:59:32.827,1.06546,1.06562,3.00,3.38
2011.04.20 08:59:33.157,1.0655,1.06564,1.13,3.00
2011.04.20 08:59:33.377,1.06552,1.06567,1.67,3.45
2011.04.20 08:59:34.148,1.06552,1.06566,1.67,1.50
2011.04.20 08:59:34.256,1.06557,1.06569,1.50,4.50
2011.04.20 08:59:34.481,1.06561,1.06569,2.25,3.75
2011.04.20 08:59:34.708,1.06561,1.06571,2.25,1.88
2011.04.20 08:59:34.817,1.06561,1.06571,2.25,2.63
2011.04.20 08:59:35.486,1.06559,1.06573,1.67,2.25
2011.04.20 08:59:35.599,1.06561,1.06577,1.50,1.50
2011.04.20 08:59:36.589,1.06562,1.06579,2.42,1.50
2011.04.20 08:59:36.930,1.06572,1.06579,1.50,1.50
2011.04.20 08:59:37.270,1.06574,1.06581,2.40,3.00
2011.04.20 08:59:37.391,1.06575,1.06581,1.82,3.00
2011.04.20 08:59:38.337,1.0658,1.06591,2.25,1.13
2011.04.20 08:59:38.888,1.06577,1.06592,4.50,1.50
2011.04.20 08:59:38.998,1.06578,1.06593,1.50,3.00
2011.04.20 08:59:39.987,1.06578,1.06592,1.50,2.25
2011.04.20 08:59:40.207,1.06577,1.06588,2.25,1.35
2011.04.20 08:59:40.693,1.06572,1.06584,2.25,1.50
2011.04.20 08:59:40.917,1.06572,1.06584,1.50,1.50
2011.04.20 08:59:41.027,1.06569,1.06584,1.67,2.25
2011.04.20 08:59:41.797,1.06567,1.06584,2.79,1.50
2011.04.20 08:59:41.910,1.06568,1.06587,1.67,2.25
2011.04.20 08:59:42.469,1.06572,1.0659,1.67,3.00
2011.04.20 08:59:42.589,1.06576,1.06591,2.25,3.75
2011.04.20 08:59:43.300,1.06573,1.0659,1.67,3.00
2011.04.20 08:59:43.418,1.06574,1.0659,1.50,3.00
2011.04.20 08:59:43.529,1.06575,1.06592,2.42,1.50
2011.04.20 08:59:44.090,1.06576,1.06591,2.42,1.13
2011.04.20 08:59:44.646,1.06576,1.06591,1.67,3.00
2011.04.20 08:59:44.866,1.06573,1.06591,2.42,4.13
2011.04.20 08:59:45.426,1.06573,1.0659,1.50,2.85
2011.04.20 08:59:45.977,1.0657,1.0659,4.67,3.98
2011.04.20 08:59:46.523,1.0657,1.06583,1.67,2.25
2011.04.20 08:59:47.077,1.0657,1.06588,4.67,1.50
2011.04.20 08:59:47.188,1.0657,1.06584,3.92,1.50
2011.04.20 08:59:47.408,1.06566,1.06584,3.92,3.75
2011.04.20 08:59:47.846,1.06566,1.06584,3.92,3.00
2011.04.20 08:59:48.395,1.06566,1.06584,3.92,3.75
2011.04.20 08:59:48.947,1.06566,1.06584,3.92,4.50
2011.04.20 08:59:49.643,1.0657,1.06584,1.50,3.75
2011.04.20 08:59:49.990,1.06571,1.0659,1.29,2.25
2011.04.20 08:59:50.327,1.06571,1.06591,1.29,5.25
2011.04.20 08:59:50.660,1.06575,1.06594,1.29,1.15
2011.04.20 08:59:51.546,1.0658,1.06598,3.17,5.25
2011.04.20 08:59:53.228,1.06592,1.06598,1.35,3.00
2011.04.20 08:59:53.559,1.06596,1.06611,3.75,2.25
2011.04.20 08:59:53.896,1.06596,1.06611,3.00,1.13
2011.04.20 08:59:54.228,1.06603,1.06613,1.52,3.75
2011.04.20 08:59:54.556,1.06608,1.06626,1.67,2.25
2011.04.20 08:59:55.106,1.06609,1.06623,4.67,3.00
2011.04.20 08:59:55.738,1.06607,1.06619,3.75,1.50
2011.04.20 08:59:55.996,1.06597,1.06612,2.25,2.25
2011.04.20 08:59:56.328,1.06597,1.0661,2.25,2.25
2011.04.20 08:59:56.656,1.06597,1.06607,2.25,1.50
2011.04.20 08:59:57.428,1.06589,1.06603,2.42,3.00
2011.04.20 08:59:57.537,1.06589,1.06603,2.42,3.00
2011.04.20 08:59:57.758,1.06587,1.06603,3.17,4.50
2011.04.20 08:59:58.088,1.06586,1.066,1.50,2.25
2011.04.20 08:59:58.417,1.06583,1.06599,4.50,2.25
2011.04.20 08:59:59.559,1.06581,1.06599,3.75,2.25
