2012.08.23 01:00:00.182,1.05071,1.05081,1.50,1.73
2012.08.23 01:00:00.248,1.05071,1.05081,1.50,1.73
2012.08.23 01:00:00.788,1.05071,1.05082,1.50,1.73
2012.08.23 01:00:03.891,1.05071,1.05083,1.50,2.48
2012.08.23 01:00:04.298,1.05068,1.05083,3.89,2.48
2012.08.23 01:00:07.385,1.0507,1.05083,1.50,2.48
2012.08.23 01:00:07.448,1.0507,1.05083,2.25,2.48
2012.08.23 01:00:07.931,1.05068,1.05076,3.00,1.73
2012.08.23 01:00:08.253,1.05066,1.05074,3.00,1.73
2012.08.23 01:00:08.788,1.0507,1.05077,1.23,1.73
2012.08.23 01:00:09.049,1.05071,1.05083,1.50,1.73
2012.08.23 01:00:09.242,1.05073,1.05083,1.23,1.73
2012.08.23 01:00:09.370,1.05075,1.05083,1.23,1.51
2012.08.23 01:00:09.900,1.05072,1.05083,2.21,1.51
2012.08.23 01:00:10.031,1.0507,1.05083,2.21,1.73
2012.08.23 01:00:10.398,1.05068,1.05082,2.25,2.48
2012.08.23 01:00:10.763,1.05071,1.05079,1.98,1.50
2012.08.23 01:00:11.079,1.05071,1.05077,1.23,1.50
2012.08.23 01:00:11.651,1.05073,1.05078,1.23,2.25
2012.08.23 01:00:11.840,1.0507,1.05078,1.23,2.25
2012.08.23 01:00:11.908,1.0507,1.05077,1.23,1.50
2012.08.23 01:00:12.278,1.05068,1.05077,2.25,1.73
2012.08.23 01:00:12.838,1.05068,1.05078,3.00,1.73
2012.08.23 01:00:15.349,1.05069,1.05082,1.23,1.73
2012.08.23 01:00:17.463,1.05069,1.05082,1.23,1.73
2012.08.23 01:00:22.875,1.0507,1.05082,1.23,1.73
2012.08.23 01:00:23.534,1.05069,1.05082,1.23,1.73
2012.08.23 01:00:25.871,1.05069,1.05082,1.23,2.48
2012.08.23 01:00:26.444,1.05069,1.05082,1.23,2.48
2012.08.23 01:00:32.269,1.0507,1.05082,1.98,2.48
2012.08.23 01:00:37.198,1.05072,1.05082,1.13,2.33
2012.08.23 01:00:41.758,1.05072,1.05082,1.13,2.33
2012.08.23 01:00:42.375,1.05072,1.05082,1.13,2.33
2012.08.23 01:00:45.818,1.05072,1.05081,1.88,1.73
2012.08.23 01:00:48.052,1.05072,1.05081,1.13,1.73
2012.08.23 01:00:48.594,1.05072,1.05082,1.88,2.33
2012.08.23 01:00:49.114,1.05072,1.05082,1.88,2.33
2012.08.23 01:00:49.731,1.05072,1.05082,1.88,2.33
2012.08.23 01:00:51.270,1.05073,1.05082,1.98,1.58
2012.08.23 01:00:51.529,1.05075,1.05082,1.23,1.35
2012.08.23 01:00:51.896,1.05076,1.05082,2.21,1.35
2012.08.23 01:00:52.610,1.05075,1.05082,1.23,1.35
2012.08.23 01:00:53.057,1.05074,1.05082,2.73,1.35
2012.08.23 01:01:00.601,1.05074,1.05086,2.21,2.33
2012.08.23 01:01:01.001,1.05074,1.05086,2.21,2.33
2012.08.23 01:01:01.569,1.05074,1.05086,2.21,2.33
2012.08.23 01:01:06.317,1.05076,1.05086,1.13,1.58
2012.08.23 01:01:06.878,1.05074,1.05086,2.96,1.58
2012.08.23 01:01:07.338,1.05075,1.05087,1.23,3.83
2012.08.23 01:01:07.649,1.05078,1.05087,1.23,3.83
2012.08.23 01:01:07.779,1.0508,1.05087,1.46,3.60
2012.08.23 01:01:08.232,1.05074,1.05086,1.61,1.35
2012.08.23 01:01:08.782,1.05078,1.05087,1.46,3.60
2012.08.23 01:01:09.162,1.05075,1.05086,1.23,1.58
2012.08.23 01:01:09.241,1.05075,1.05087,1.23,3.83
2012.08.23 01:01:09.600,1.05075,1.05087,1.23,3.83
2012.08.23 01:01:10.338,1.05075,1.05086,1.23,1.58
2012.08.23 01:01:13.201,1.05075,1.05087,1.23,3.83
2012.08.23 01:01:13.269,1.05075,1.05087,1.23,3.83
2012.08.23 01:01:13.883,1.05075,1.05087,1.23,3.83
2012.08.23 01:01:14.573,1.05074,1.05086,1.46,1.58
2012.08.23 01:01:16.530,1.05075,1.05086,1.23,1.58
2012.08.23 01:01:16.657,1.05074,1.05086,1.46,1.58
2012.08.23 01:01:17.438,1.05075,1.05086,1.23,1.58
2012.08.23 01:01:17.508,1.05076,1.05087,1.23,3.83
2012.08.23 01:01:18.028,1.05075,1.05086,1.46,2.33
2012.08.23 01:01:18.162,1.05074,1.05086,1.46,1.58
2012.08.23 01:01:24.648,1.05075,1.05086,2.21,1.58
2012.08.23 01:01:24.780,1.05077,1.05087,1.23,3.83
2012.08.23 01:01:25.310,1.05076,1.05087,2.21,3.60
2012.08.23 01:01:25.772,1.05075,1.05086,1.23,1.58
2012.08.23 01:01:26.550,1.05075,1.05086,1.23,1.58
2012.08.23 01:01:32.642,1.05076,1.05087,1.50,2.33
2012.08.23 01:01:36.100,1.05076,1.05087,1.50,2.33
2012.08.23 01:01:37.696,1.05075,1.05087,1.98,2.33
2012.08.23 01:01:40.549,1.05075,1.05087,2.73,2.33
2012.08.23 01:01:40.737,1.05077,1.05087,1.98,2.33
2012.08.23 01:01:41.244,1.05077,1.05087,2.21,2.10
2012.08.23 01:01:41.919,1.05079,1.05087,1.46,2.10
2012.08.23 01:01:44.325,1.05077,1.05087,2.70,2.10
2012.08.23 01:01:44.457,1.05077,1.05087,1.73,2.33
2012.08.23 01:01:45.317,1.05076,1.05087,1.50,2.33
2012.08.23 01:01:49.087,1.05073,1.05088,1.46,1.73
2012.08.23 01:01:59.789,1.05072,1.05087,2.58,1.73
2012.08.23 01:02:02.616,1.05072,1.05089,2.58,3.23
2012.08.23 01:02:03.152,1.05072,1.05089,2.58,3.23
2012.08.23 01:02:06.459,1.05073,1.05086,1.46,1.73
2012.08.23 01:02:08.017,1.05072,1.05086,1.83,2.48
2012.08.23 01:02:08.333,1.05072,1.05084,1.13,1.73
2012.08.23 01:02:08.897,1.05071,1.05084,1.50,1.73
2012.08.23 01:02:10.289,1.05071,1.05084,2.73,1.73
2012.08.23 01:02:10.358,1.05071,1.05084,2.96,1.50
2012.08.23 01:02:13.896,1.05072,1.05086,1.46,1.73
2012.08.23 01:02:17.441,1.05072,1.05085,1.46,1.73
2012.08.23 01:02:17.942,1.05072,1.05087,2.21,2.48
2012.08.23 01:02:22.147,1.05075,1.05087,1.73,2.48
2012.08.23 01:02:22.340,1.05076,1.05087,1.46,2.25
2012.08.23 01:02:22.668,1.05074,1.05087,2.21,2.48
2012.08.23 01:02:23.063,1.05076,1.05087,1.46,1.50
2012.08.23 01:02:27.127,1.05077,1.05087,2.48,1.50
2012.08.23 01:02:27.440,1.05083,1.05091,1.08,1.51
2012.08.23 01:02:27.751,1.05084,1.05093,1.46,1.50
2012.08.23 01:02:27.818,1.05084,1.05089,1.46,1.50
2012.08.23 01:02:32.019,1.05082,1.05088,1.46,1.50
2012.08.23 01:02:32.629,1.05081,1.05087,1.46,1.50
2012.08.23 01:02:33.178,1.0508,1.05086,1.73,1.50
2012.08.23 01:02:35.384,1.05083,1.05091,1.23,1.50
2012.08.23 01:02:35.899,1.05087,1.05092,1.46,2.25
2012.08.23 01:02:37.390,1.05085,1.05089,1.23,2.25
2012.08.23 01:02:38.975,1.05081,1.05089,2.21,2.25
2012.08.23 01:02:39.499,1.05081,1.05089,1.98,2.25
2012.08.23 01:02:40.600,1.05081,1.05089,1.23,2.25
2012.08.23 01:02:41.100,1.0508,1.05086,1.23,1.50
2012.08.23 01:02:43.729,1.0508,1.05088,1.23,1.50
2012.08.23 01:02:48.987,1.05079,1.05088,1.23,1.50
2012.08.23 01:02:49.358,1.05076,1.05088,2.73,2.48
2012.08.23 01:02:49.930,1.05076,1.05088,2.73,2.48
2012.08.23 01:02:50.412,1.05076,1.05088,2.73,2.48
2012.08.23 01:02:52.301,1.05078,1.05088,1.46,1.50
2012.08.23 01:02:55.318,1.05078,1.05088,2.21,1.50
2012.08.23 01:02:55.740,1.0508,1.05088,1.98,1.50
2012.08.23 01:02:56.098,1.05082,1.05088,2.21,1.50
2012.08.23 01:02:56.820,1.05084,1.05092,1.23,1.13
2012.08.23 01:02:57.130,1.05084,1.05094,1.46,1.88
2012.08.23 01:02:57.259,1.05084,1.05091,1.23,2.25
2012.08.23 01:02:58.280,1.05083,1.05089,1.23,1.88
2012.08.23 01:02:58.352,1.0508,1.05089,1.23,1.88
2012.08.23 01:03:00.021,1.05079,1.05089,1.13,4.88
2012.08.23 01:03:00.090,1.05079,1.05086,1.13,1.50
2012.08.23 01:03:00.615,1.05078,1.05086,1.83,1.73
2012.08.23 01:03:01.089,1.0508,1.05089,1.50,4.13
2012.08.23 01:03:12.795,1.05078,1.05089,1.50,4.13
2012.08.23 01:03:14.920,1.05085,1.05091,1.50,1.50
2012.08.23 01:03:15.227,1.05086,1.05094,2.21,1.88
2012.08.23 01:03:15.488,1.05087,1.05091,1.46,3.38
2012.08.23 01:03:16.219,1.05087,1.05093,1.46,3.38
2012.08.23 01:03:16.760,1.05087,1.05092,1.46,2.25
2012.08.23 01:03:17.108,1.05088,1.05095,1.23,1.50
2012.08.23 01:03:17.409,1.05093,1.05099,1.23,1.88
2012.08.23 01:03:17.628,1.05093,1.05101,1.46,3.76
2012.08.23 01:03:18.257,1.05093,1.05101,1.46,3.76
2012.08.23 01:03:18.828,1.05093,1.05101,1.46,3.76
2012.08.23 01:03:19.297,1.05097,1.05104,1.23,4.51
2012.08.23 01:03:19.723,1.05094,1.05101,1.50,3.75
2012.08.23 01:03:20.431,1.05097,1.05104,1.46,4.50
2012.08.23 01:03:22.078,1.05095,1.05101,1.98,3.75
2012.08.23 01:03:22.591,1.05093,1.05101,3.00,3.23
2012.08.23 01:03:23.139,1.05093,1.05101,2.73,3.00
2012.08.23 01:03:25.299,1.05095,1.05101,1.73,3.00
2012.08.23 01:03:25.608,1.05099,1.05105,1.23,1.50
2012.08.23 01:03:26.280,1.05099,1.05106,1.23,5.25
2012.08.23 01:03:27.170,1.051,1.05106,1.23,4.50
2012.08.23 01:03:27.419,1.05103,1.05118,1.73,1.73
2012.08.23 01:03:27.547,1.05106,1.05123,1.73,1.51
2012.08.23 01:03:28.488,1.05106,1.05116,2.33,1.50
2012.08.23 01:03:29.093,1.05107,1.0512,1.20,1.50
2012.08.23 01:03:29.512,1.05111,1.05123,1.73,1.50
2012.08.23 01:03:30.015,1.05111,1.05123,1.65,1.50
2012.08.23 01:03:30.867,1.05111,1.05126,1.65,2.11
2012.08.23 01:03:31.379,1.05109,1.05123,1.73,1.73
2012.08.23 01:03:31.627,1.05111,1.05125,1.50,1.73
2012.08.23 01:03:31.948,1.05111,1.05126,2.48,1.73
2012.08.23 01:03:33.498,1.05112,1.05127,1.73,1.73
2012.08.23 01:03:35.318,1.05111,1.05126,1.50,1.73
2012.08.23 01:03:35.637,1.05112,1.05125,1.50,1.50
2012.08.23 01:03:36.175,1.05115,1.05129,1.73,1.51
2012.08.23 01:03:36.418,1.05115,1.05128,1.50,1.73
2012.08.23 01:03:37.537,1.05113,1.05128,1.73,1.73
2012.08.23 01:03:39.093,1.05113,1.05128,1.73,1.73
2012.08.23 01:03:39.161,1.05113,1.05128,1.73,1.73
2012.08.23 01:03:39.429,1.05113,1.05126,1.73,1.73
2012.08.23 01:03:39.497,1.05111,1.05126,2.48,2.29
2012.08.23 01:03:39.798,1.05108,1.05121,2.21,1.73
2012.08.23 01:03:40.168,1.05106,1.05118,1.98,1.73
2012.08.23 01:03:41.519,1.05106,1.05123,1.23,1.73
2012.08.23 01:03:43.520,1.05107,1.05118,2.21,1.50
2012.08.23 01:03:44.582,1.05108,1.05119,1.46,1.50
2012.08.23 01:03:44.973,1.05112,1.05123,1.46,1.51
2012.08.23 01:03:45.038,1.05115,1.05127,1.50,1.54
2012.08.23 01:03:45.109,1.05117,1.05127,1.46,1.32
2012.08.23 01:03:45.762,1.05117,1.05128,1.23,1.51
2012.08.23 01:03:46.653,1.05114,1.05122,1.88,1.50
2012.08.23 01:03:50.047,1.05117,1.0513,2.21,1.50
2012.08.23 01:03:53.267,1.05112,1.05122,1.98,1.50
2012.08.23 01:03:53.371,1.05117,1.0513,1.46,1.50
2012.08.23 01:04:00.117,1.05115,1.05128,1.73,1.73
2012.08.23 01:04:00.239,1.05116,1.05127,1.23,1.73
2012.08.23 01:04:00.569,1.05114,1.05127,2.21,1.73
2012.08.23 01:04:03.248,1.05112,1.05124,2.25,1.73
2012.08.23 01:04:03.947,1.05112,1.05124,2.25,1.73
2012.08.23 01:04:05.650,1.05112,1.05122,1.50,1.73
2012.08.23 01:04:05.979,1.05109,1.05118,1.13,1.73
2012.08.23 01:04:06.489,1.05105,1.05118,1.50,1.73
2012.08.23 01:04:08.370,1.05107,1.05122,1.46,1.73
2012.08.23 01:04:08.667,1.05107,1.05122,2.21,1.73
2012.08.23 01:04:09.399,1.05109,1.05122,1.73,1.73
2012.08.23 01:04:09.707,1.05111,1.05122,1.46,1.51
2012.08.23 01:04:12.199,1.05111,1.05122,1.46,1.51
2012.08.23 01:04:14.489,1.05111,1.05123,2.21,1.51
2012.08.23 01:04:14.812,1.05111,1.05122,2.21,1.51
2012.08.23 01:04:18.159,1.05113,1.05123,1.73,1.50
2012.08.23 01:04:18.349,1.05115,1.05128,1.50,1.73
2012.08.23 01:04:18.478,1.05115,1.05129,1.46,3.01
2012.08.23 01:04:19.419,1.05121,1.05129,1.23,2.26
2012.08.23 01:04:19.739,1.05126,1.05132,1.23,1.50
2012.08.23 01:04:19.869,1.05122,1.05127,1.23,1.50
2012.08.23 01:04:20.419,1.05122,1.05132,1.73,2.25
2012.08.23 01:04:20.669,1.05124,1.05133,1.46,1.50
2012.08.23 01:04:21.439,1.05127,1.05135,1.73,1.50
2012.08.23 01:04:21.543,1.05124,1.05133,1.46,1.50
2012.08.23 01:04:21.607,1.05127,1.0515,1.73,1.73
2012.08.23 01:04:21.729,1.05141,1.05153,1.50,1.35
2012.08.23 01:04:21.788,1.05144,1.05163,1.46,1.73
2012.08.23 01:04:21.848,1.05144,1.05163,1.46,1.73
2012.08.23 01:04:22.221,1.05147,1.05163,1.73,1.65
2012.08.23 01:04:22.469,1.05149,1.05165,1.50,1.65
2012.08.23 01:04:22.798,1.05147,1.05167,1.73,2.03
2012.08.23 01:04:23.388,1.05147,1.05167,1.65,2.10
2012.08.23 01:04:23.967,1.05151,1.05168,1.50,2.10
2012.08.23 01:04:24.148,1.05154,1.05168,1.23,1.35
2012.08.23 01:04:24.396,1.05157,1.05175,1.46,1.73
2012.08.23 01:04:24.698,1.05157,1.05173,2.21,1.73
2012.08.23 01:04:25.068,1.05158,1.05175,1.23,1.73
2012.08.23 01:04:25.247,1.05153,1.05169,2.36,1.73
2012.08.23 01:04:25.369,1.05152,1.05169,1.08,1.73
2012.08.23 01:04:25.438,1.05152,1.05169,1.08,1.73
2012.08.23 01:04:25.568,1.05152,1.05169,1.08,1.73
2012.08.23 01:04:26.087,1.05153,1.05169,1.13,1.73
2012.08.23 01:04:26.687,1.05154,1.05168,1.50,1.57
2012.08.23 01:04:26.747,1.05153,1.05168,1.13,1.57
2012.08.23 01:04:26.870,1.05153,1.05167,1.88,1.57
2012.08.23 01:04:27.200,1.05157,1.05173,1.23,1.73
2012.08.23 01:04:27.328,1.05157,1.05173,2.21,1.73
2012.08.23 01:04:28.072,1.05157,1.05173,1.46,1.73
2012.08.23 01:04:28.617,1.05155,1.05173,1.73,1.73
2012.08.23 01:04:28.678,1.05155,1.05168,1.73,1.34
2012.08.23 01:04:28.929,1.05151,1.05165,1.50,1.57
2012.08.23 01:04:29.718,1.05151,1.05164,1.23,1.73
2012.08.23 01:04:30.218,1.05148,1.05164,1.23,1.73
2012.08.23 01:04:30.489,1.05151,1.05166,1.23,1.36
2012.08.23 01:04:30.820,1.05156,1.05174,1.46,1.73
2012.08.23 01:04:31.280,1.05157,1.05174,1.46,1.73
2012.08.23 01:04:31.808,1.05157,1.05174,1.46,1.73
2012.08.23 01:04:32.348,1.05158,1.05174,1.46,1.73
2012.08.23 01:04:34.439,1.05159,1.05174,1.23,1.73
2012.08.23 01:04:34.747,1.05155,1.05173,3.03,1.73
2012.08.23 01:04:34.868,1.05156,1.05173,1.46,1.73
2012.08.23 01:04:34.927,1.05157,1.05173,1.73,1.73
2012.08.23 01:04:35.658,1.05157,1.05173,1.73,1.73
2012.08.23 01:04:36.037,1.05157,1.05173,1.73,1.73
2012.08.23 01:04:37.012,1.0516,1.05173,1.56,1.73
2012.08.23 01:04:37.318,1.05166,1.05183,1.23,1.73
2012.08.23 01:04:37.628,1.05167,1.05183,2.21,1.73
2012.08.23 01:04:37.697,1.05169,1.05184,1.23,1.73
2012.08.23 01:04:38.118,1.05169,1.05185,1.23,1.73
2012.08.23 01:04:38.177,1.05169,1.05185,1.23,1.73
2012.08.23 01:04:38.858,1.05169,1.05184,1.23,1.73
2012.08.23 01:04:39.128,1.05169,1.05184,1.23,1.73
2012.08.23 01:04:39.598,1.05169,1.0519,1.46,1.73
2012.08.23 01:04:40.708,1.05171,1.0519,1.88,2.86
2012.08.23 01:04:40.827,1.05171,1.05195,2.51,2.48
2012.08.23 01:04:41.067,1.05177,1.05194,1.73,1.73
2012.08.23 01:04:41.188,1.05181,1.052,1.73,1.73
2012.08.23 01:04:41.809,1.05181,1.05199,1.73,1.73
2012.08.23 01:04:41.998,1.05181,1.05199,2.48,2.48
2012.08.23 01:04:42.177,1.05181,1.05199,2.25,2.48
2012.08.23 01:04:42.359,1.05182,1.05199,1.73,1.73
2012.08.23 01:04:42.788,1.05186,1.05203,1.73,2.32
2012.08.23 01:04:42.860,1.05185,1.05201,1.46,1.73
2012.08.23 01:04:43.131,1.05182,1.05199,1.73,1.50
2012.08.23 01:04:43.199,1.05182,1.05199,1.50,1.73
2012.08.23 01:04:43.694,1.05182,1.052,1.65,1.73
2012.08.23 01:04:43.770,1.05187,1.052,1.50,1.73
2012.08.23 01:04:44.079,1.05188,1.05205,1.23,1.73
2012.08.23 01:04:44.148,1.05188,1.05204,1.38,1.73
2012.08.23 01:04:44.338,1.05188,1.05203,1.38,1.73
2012.08.23 01:04:44.790,1.05188,1.05205,1.46,1.73
2012.08.23 01:04:45.527,1.05188,1.05207,1.46,1.73
2012.08.23 01:04:45.708,1.05188,1.05205,2.21,1.73
2012.08.23 01:04:45.778,1.05188,1.05205,2.21,1.73
2012.08.23 01:04:45.907,1.05188,1.05208,2.21,1.73
2012.08.23 01:04:46.459,1.05188,1.05207,1.50,1.73
2012.08.23 01:04:46.978,1.0519,1.05203,1.23,1.73
2012.08.23 01:04:47.310,1.05196,1.05215,1.46,2.86
2012.08.23 01:04:47.497,1.05197,1.05215,1.46,1.73
2012.08.23 01:04:47.797,1.05196,1.05214,1.73,1.73
2012.08.23 01:04:47.858,1.05196,1.05214,1.50,2.48
2012.08.23 01:04:48.455,1.05197,1.05214,1.23,1.73
2012.08.23 01:04:48.768,1.05201,1.05216,1.23,5.48
2012.08.23 01:04:48.957,1.05206,1.05216,1.23,5.26
2012.08.23 01:04:49.465,1.05197,1.05215,2.20,1.73
2012.08.23 01:04:49.796,1.05197,1.05212,1.23,1.57
2012.08.23 01:04:50.321,1.05194,1.05208,1.23,1.73
2012.08.23 01:04:50.388,1.05193,1.05208,1.23,1.73
2012.08.23 01:04:50.447,1.0519,1.05208,1.23,3.44
2012.08.23 01:04:50.806,1.05189,1.05203,1.23,1.73
2012.08.23 01:04:51.400,1.05189,1.05203,1.23,2.48
2012.08.23 01:04:51.928,1.0519,1.05203,1.50,1.73
2012.08.23 01:04:52.119,1.05192,1.05207,1.50,2.48
2012.08.23 01:04:52.308,1.05195,1.05207,1.23,2.25
2012.08.23 01:04:52.380,1.05195,1.05207,1.23,2.25
2012.08.23 01:04:52.450,1.052,1.05207,1.23,2.25
2012.08.23 01:04:53.327,1.05198,1.05207,1.23,1.51
2012.08.23 01:04:53.948,1.05198,1.05207,1.45,1.50
2012.08.23 01:04:54.515,1.05198,1.05207,1.45,1.50
2012.08.23 01:04:55.103,1.05201,1.05207,1.23,1.50
2012.08.23 01:04:55.599,1.05202,1.05211,1.45,3.75
2012.08.23 01:04:55.793,1.05206,1.05211,1.23,3.75
2012.08.23 01:04:56.038,1.05207,1.05216,1.23,4.51
2012.08.23 01:04:56.577,1.05207,1.05212,1.23,3.75
2012.08.23 01:04:57.192,1.05203,1.0522,1.23,1.73
2012.08.23 01:04:57.697,1.05203,1.05217,1.23,1.73
2012.08.23 01:04:58.208,1.05203,1.05216,1.23,1.73
2012.08.23 01:04:58.278,1.052,1.05216,1.13,1.73
2012.08.23 01:04:58.348,1.05199,1.05212,3.15,1.73
2012.08.23 01:04:58.849,1.05199,1.05212,2.18,1.73
2012.08.23 01:04:59.672,1.05198,1.05212,1.23,1.73
2012.08.23 01:05:00.468,1.05197,1.05212,1.23,1.73
2012.08.23 01:05:01.050,1.05191,1.05212,1.73,1.73
2012.08.23 01:05:01.179,1.05189,1.05212,1.73,2.48
2012.08.23 01:05:01.487,1.05186,1.05209,2.48,1.73
2012.08.23 01:05:01.546,1.05186,1.05209,2.48,1.73
2012.08.23 01:05:01.727,1.05191,1.05211,1.50,1.73
2012.08.23 01:05:01.857,1.05191,1.05211,2.48,1.73
2012.08.23 01:05:03.058,1.05196,1.05214,1.50,1.73
2012.08.23 01:05:03.128,1.05195,1.05214,2.48,1.73
2012.08.23 01:05:03.198,1.05194,1.05211,1.73,1.50
2012.08.23 01:05:03.268,1.05191,1.05211,1.73,1.73
2012.08.23 01:05:04.014,1.05196,1.05214,2.25,1.73
2012.08.23 01:05:04.099,1.05201,1.05216,1.50,1.73
2012.08.23 01:05:04.628,1.05196,1.05214,1.88,1.73
2012.08.23 01:05:04.938,1.05195,1.05211,3.38,1.73
2012.08.23 01:05:05.440,1.05196,1.05209,2.40,1.73
2012.08.23 01:05:05.759,1.052,1.05215,1.50,1.57
2012.08.23 01:05:06.129,1.052,1.05216,3.08,2.26
2012.08.23 01:05:07.207,1.05205,1.05217,1.73,1.51
2012.08.23 01:05:07.598,1.05205,1.05218,1.73,1.51
2012.08.23 01:05:08.369,1.05205,1.05222,2.48,2.26
2012.08.23 01:05:08.709,1.0521,1.05222,2.25,1.51
2012.08.23 01:05:09.019,1.05215,1.05224,1.73,1.51
2012.08.23 01:05:09.089,1.05216,1.05224,1.50,1.51
2012.08.23 01:05:09.159,1.05216,1.05225,1.73,1.50
2012.08.23 01:05:09.469,1.05223,1.05236,1.58,3.23
2012.08.23 01:05:09.854,1.05221,1.05236,1.35,3.75
2012.08.23 01:05:10.159,1.05225,1.05236,1.35,3.75
2012.08.23 01:05:10.408,1.05224,1.05234,3.38,1.73
2012.08.23 01:05:10.539,1.05219,1.05234,4.73,1.73
2012.08.23 01:05:11.124,1.05219,1.05234,4.73,1.73
2012.08.23 01:05:11.317,1.05219,1.05234,4.73,1.73
2012.08.23 01:05:11.678,1.05219,1.0523,4.73,1.50
2012.08.23 01:05:11.867,1.05219,1.0523,4.73,1.50
2012.08.23 01:05:12.197,1.05218,1.0523,2.25,1.73
2012.08.23 01:05:12.728,1.05218,1.05227,3.00,1.13
2012.08.23 01:05:12.859,1.0522,1.0524,1.73,1.73
2012.08.23 01:05:13.107,1.05218,1.05235,3.23,1.73
2012.08.23 01:05:13.168,1.05218,1.05237,3.23,1.35
2012.08.23 01:05:13.286,1.05225,1.05248,1.13,2.32
2012.08.23 01:05:13.468,1.05225,1.05244,1.35,2.32
2012.08.23 01:05:13.539,1.0522,1.0524,1.73,1.73
2012.08.23 01:05:13.727,1.0522,1.0524,1.73,1.73
2012.08.23 01:05:14.260,1.05218,1.0524,3.23,1.73
2012.08.23 01:05:14.568,1.05218,1.05235,2.48,1.73
2012.08.23 01:05:15.197,1.05218,1.05235,2.48,1.73
2012.08.23 01:05:16.103,1.05218,1.05236,3.23,1.35
2012.08.23 01:05:16.171,1.05223,1.05237,2.48,1.35
2012.08.23 01:05:16.297,1.05226,1.05244,1.73,1.73
2012.08.23 01:05:16.917,1.05226,1.05244,2.48,1.73
2012.08.23 01:05:17.563,1.05226,1.05244,2.48,1.73
2012.08.23 01:05:18.121,1.05226,1.05244,2.48,1.73
2012.08.23 01:05:19.979,1.05226,1.05244,2.48,1.73
2012.08.23 01:05:20.487,1.05226,1.05244,2.48,1.73
2012.08.23 01:05:21.330,1.05226,1.05244,2.48,1.73
2012.08.23 01:05:21.538,1.05226,1.05244,2.48,1.73
2012.08.23 01:05:22.077,1.05226,1.05245,2.40,1.73
2012.08.23 01:05:22.201,1.05233,1.0525,1.13,3.98
2012.08.23 01:05:22.447,1.05233,1.05252,1.65,3.75
2012.08.23 01:05:22.628,1.05232,1.05251,1.73,1.57
2012.08.23 01:05:23.436,1.0523,1.05247,1.73,3.00
2012.08.23 01:05:23.840,1.05228,1.05247,1.28,3.38
2012.08.23 01:05:24.086,1.05226,1.05247,1.73,3.97
2012.08.23 01:05:24.297,1.05226,1.05247,1.73,3.97
2012.08.23 01:05:24.417,1.05224,1.05247,1.83,3.97
2012.08.23 01:05:24.724,1.05227,1.05239,3.08,1.73
2012.08.23 01:05:24.788,1.05218,1.05239,2.48,1.73
2012.08.23 01:05:25.046,1.05218,1.05239,2.48,1.73
2012.08.23 01:05:25.367,1.05218,1.05234,2.48,1.73
2012.08.23 01:05:25.498,1.05218,1.0523,2.48,1.50
2012.08.23 01:05:25.568,1.05218,1.0523,2.25,1.73
2012.08.23 01:05:25.637,1.05218,1.0523,2.25,1.73
2012.08.23 01:05:26.142,1.05218,1.0523,2.25,1.73
2012.08.23 01:05:27.339,1.05218,1.05225,2.25,1.50
2012.08.23 01:05:28.827,1.05218,1.05234,2.25,1.73
2012.08.23 01:05:29.458,1.05218,1.05234,2.25,1.73
2012.08.23 01:05:30.100,1.05218,1.05235,3.00,2.32
2012.08.23 01:05:30.178,1.05218,1.05239,3.23,1.73
2012.08.23 01:05:30.250,1.05218,1.05243,4.73,1.57
2012.08.23 01:05:30.558,1.05223,1.05244,2.48,1.57
2012.08.23 01:05:31.037,1.05224,1.05247,1.73,3.98
2012.08.23 01:05:31.239,1.05224,1.05246,1.73,1.57
2012.08.23 01:05:31.548,1.05224,1.0524,1.73,1.50
2012.08.23 01:05:31.790,1.05224,1.0524,1.73,1.73
2012.08.23 01:05:32.368,1.05223,1.0524,1.80,2.48
2012.08.23 01:05:33.569,1.05224,1.0524,1.73,2.78
2012.08.23 01:05:33.960,1.05224,1.0524,1.73,1.28
2012.08.23 01:05:34.408,1.05227,1.05237,1.73,1.51
2012.08.23 01:05:35.487,1.05223,1.05235,1.50,1.50
2012.08.23 01:05:36.112,1.05224,1.05235,1.05,1.50
2012.08.23 01:05:37.647,1.05225,1.05237,1.13,1.50
2012.08.23 01:05:38.367,1.05227,1.05235,1.73,1.50
2012.08.23 01:05:38.972,1.05225,1.05235,1.88,1.50
2012.08.23 01:05:39.530,1.05225,1.05235,1.05,1.50
2012.08.23 01:05:39.839,1.05223,1.05234,1.88,1.50
2012.08.23 01:05:40.318,1.0522,1.0523,1.50,1.73
2012.08.23 01:05:40.568,1.05219,1.0523,1.50,1.73
2012.08.23 01:05:40.637,1.05218,1.0523,4.80,1.73
2012.08.23 01:05:40.697,1.05219,1.0523,1.50,1.73
2012.08.23 01:05:41.331,1.05219,1.0523,1.50,1.73
2012.08.23 01:05:41.963,1.05218,1.05223,2.25,1.50
2012.08.23 01:05:42.515,1.05218,1.05226,2.25,1.73
2012.08.23 01:05:43.075,1.05218,1.05226,2.25,1.73
2012.08.23 01:05:43.848,1.05218,1.05226,3.00,1.73
2012.08.23 01:05:44.388,1.05218,1.05226,3.00,1.73
2012.08.23 01:05:44.847,1.05213,1.05225,6.98,1.73
2012.08.23 01:05:45.089,1.05213,1.05225,7.73,1.73
2012.08.23 01:05:45.159,1.05213,1.05225,6.75,2.48
2012.08.23 01:05:45.607,1.05207,1.05223,2.48,1.73
2012.08.23 01:05:46.118,1.05208,1.0522,1.73,1.50
2012.08.23 01:05:46.377,1.05208,1.0522,1.73,1.50
2012.08.23 01:05:46.438,1.05209,1.05222,1.73,1.73
2012.08.23 01:05:46.749,1.05213,1.05226,1.73,1.51
2012.08.23 01:05:48.039,1.05212,1.05221,1.45,1.50
2012.08.23 01:05:48.319,1.05213,1.05223,1.73,1.50
2012.08.23 01:05:48.507,1.05213,1.05225,1.73,1.50
2012.08.23 01:05:49.580,1.05214,1.05229,1.73,1.50
2012.08.23 01:05:50.738,1.05212,1.05225,1.98,1.50
2012.08.23 01:05:50.808,1.05212,1.05225,1.50,1.73
2012.08.23 01:05:51.360,1.05211,1.05223,1.65,1.73
2012.08.23 01:05:51.488,1.05212,1.05223,2.40,1.73
2012.08.23 01:05:51.707,1.0521,1.05223,1.73,1.73
2012.08.23 01:05:53.498,1.05212,1.05225,1.13,1.73
2012.08.23 01:05:53.569,1.05212,1.05225,2.10,1.50
2012.08.23 01:05:53.817,1.05212,1.05225,1.50,1.50
2012.08.23 01:05:53.878,1.05211,1.05224,1.73,1.50
2012.08.23 01:05:54.387,1.05208,1.05221,1.73,1.73
2012.08.23 01:05:59.017,1.05207,1.0522,1.73,1.73
2012.08.23 01:05:59.197,1.05207,1.0522,1.73,1.73
2012.08.23 01:05:59.921,1.05206,1.05217,1.05,2.48
2012.08.23 01:06:00.338,1.05206,1.05217,1.05,2.48
2012.08.23 01:06:00.558,1.05206,1.05217,1.28,1.50
2012.08.23 01:06:02.048,1.05205,1.05219,2.85,1.50
2012.08.23 01:06:02.369,1.05203,1.05218,2.48,1.50
2012.08.23 01:06:02.678,1.05202,1.05215,2.55,1.73
2012.08.23 01:06:02.811,1.05201,1.05214,1.50,1.73
2012.08.23 01:06:03.118,1.05198,1.05211,1.35,1.73
2012.08.23 01:06:03.401,1.05199,1.05212,2.48,1.73
2012.08.23 01:06:03.739,1.05201,1.05214,1.73,1.50
2012.08.23 01:06:03.930,1.05201,1.05216,2.48,2.48
2012.08.23 01:06:04.001,1.05203,1.05217,1.73,1.13
2012.08.23 01:06:04.558,1.05205,1.05219,2.10,1.51
2012.08.23 01:06:04.838,1.05203,1.05218,1.23,2.26
2012.08.23 01:06:05.098,1.05205,1.05218,2.10,1.51
2012.08.23 01:06:05.170,1.05204,1.05215,1.50,1.50
2012.08.23 01:06:07.748,1.05202,1.05217,2.63,2.25
2012.08.23 01:06:08.442,1.05203,1.05216,1.50,1.50
2012.08.23 01:06:09.394,1.05202,1.05216,3.53,1.50
2012.08.23 01:06:09.610,1.05202,1.05216,3.75,1.50
2012.08.23 01:06:10.105,1.05202,1.05215,3.53,1.50
2012.08.23 01:06:10.633,1.05203,1.05216,1.35,1.50
2012.08.23 01:06:11.021,1.052,1.05216,2.25,2.25
2012.08.23 01:06:11.640,1.05203,1.05216,2.85,1.50
2012.08.23 01:06:12.220,1.052,1.05216,2.25,1.50
2012.08.23 01:06:12.299,1.05204,1.05219,1.28,1.51
2012.08.23 01:06:13.166,1.05206,1.05219,1.35,1.51
2012.08.23 01:06:14.814,1.052,1.05215,2.48,1.50
2012.08.23 01:06:14.878,1.05203,1.05216,1.73,2.48
2012.08.23 01:06:15.069,1.05203,1.05215,1.73,1.73
2012.08.23 01:06:15.718,1.05202,1.05211,2.48,1.50
2012.08.23 01:06:15.859,1.05202,1.05211,2.25,1.73
2012.08.23 01:06:18.239,1.05202,1.05212,1.50,1.73
2012.08.23 01:06:18.967,1.05202,1.05215,2.48,1.51
2012.08.23 01:06:19.628,1.05202,1.05214,2.48,1.51
2012.08.23 01:06:19.938,1.05203,1.05214,1.50,1.73
2012.08.23 01:06:22.967,1.05202,1.05211,1.50,2.48
2012.08.23 01:06:23.321,1.05198,1.05211,1.73,2.48
2012.08.23 01:06:25.237,1.05196,1.05209,1.50,1.50
2012.08.23 01:06:28.538,1.05199,1.05208,1.50,1.73
2012.08.23 01:06:29.144,1.05198,1.05208,1.50,1.73
2012.08.23 01:06:30.358,1.05196,1.05207,1.50,1.73
2012.08.23 01:06:31.276,1.05202,1.0521,1.50,1.51
2012.08.23 01:06:32.328,1.05198,1.05209,1.50,2.09
2012.08.23 01:06:32.642,1.05196,1.05208,1.50,1.73
2012.08.23 01:06:34.151,1.052,1.05208,1.50,1.73
2012.08.23 01:06:38.288,1.05197,1.05205,1.50,1.50
2012.08.23 01:06:38.369,1.05192,1.05205,1.73,1.50
2012.08.23 01:06:38.857,1.05192,1.05206,1.73,1.73
2012.08.23 01:06:39.157,1.05195,1.05211,1.50,2.48
2012.08.23 01:06:39.458,1.05196,1.05211,2.48,1.51
2012.08.23 01:06:39.882,1.05199,1.05211,1.73,2.26
2012.08.23 01:06:40.401,1.05199,1.05211,1.73,3.01
2012.08.23 01:06:40.657,1.05199,1.05211,1.73,1.50
2012.08.23 01:06:41.531,1.05196,1.05211,1.73,2.25
2012.08.23 01:06:42.008,1.05196,1.05209,1.73,1.50
2012.08.23 01:06:42.988,1.05196,1.05209,1.73,1.50
2012.08.23 01:06:43.594,1.05196,1.05209,1.73,1.50
2012.08.23 01:06:44.781,1.05197,1.05212,1.73,1.73
2012.08.23 01:06:45.262,1.05199,1.05215,1.73,1.51
2012.08.23 01:06:45.798,1.05201,1.05215,1.50,1.51
2012.08.23 01:06:46.658,1.052,1.05215,1.73,2.25
2012.08.23 01:06:46.788,1.052,1.05215,1.73,2.25
2012.08.23 01:06:47.318,1.052,1.05215,1.73,3.00
2012.08.23 01:06:47.967,1.052,1.05215,1.73,1.51
2012.08.23 01:06:49.489,1.05197,1.05215,1.73,1.51
2012.08.23 01:06:49.618,1.05196,1.05215,3.70,1.51
2012.08.23 01:06:50.181,1.05198,1.05215,1.73,1.51
2012.08.23 01:06:50.308,1.05196,1.05211,2.48,1.50
2012.08.23 01:06:50.378,1.05196,1.05211,1.73,1.50
2012.08.23 01:06:50.688,1.05196,1.05209,1.50,1.73
2012.08.23 01:06:51.027,1.05196,1.05207,2.25,1.73
2012.08.23 01:06:51.590,1.05196,1.05207,2.25,1.73
2012.08.23 01:06:51.927,1.05196,1.05207,1.50,1.73
2012.08.23 01:06:52.228,1.05193,1.05206,1.73,1.73
2012.08.23 01:06:53.021,1.05198,1.05206,1.50,1.73
2012.08.23 01:06:53.147,1.05195,1.05204,1.50,1.73
2012.08.23 01:06:54.348,1.05198,1.05204,1.50,1.50
2012.08.23 01:06:54.738,1.05198,1.05207,1.50,1.73
2012.08.23 01:06:54.868,1.05198,1.05209,1.50,1.73
2012.08.23 01:06:55.058,1.05194,1.05209,1.73,1.73
2012.08.23 01:06:55.570,1.05196,1.0521,1.73,1.51
2012.08.23 01:06:56.331,1.05197,1.05212,1.73,1.73
2012.08.23 01:06:56.856,1.05199,1.05212,1.73,1.73
2012.08.23 01:06:57.598,1.05199,1.05212,1.73,1.73
2012.08.23 01:06:57.669,1.05199,1.05213,1.73,1.73
2012.08.23 01:06:58.588,1.05199,1.05213,1.73,2.48
2012.08.23 01:06:59.028,1.05197,1.0521,2.20,1.50
2012.08.23 01:06:59.338,1.05194,1.05209,1.45,2.25
2012.08.23 01:07:00.179,1.05194,1.05208,1.45,1.50
2012.08.23 01:07:01.018,1.05194,1.05206,1.45,1.50
2012.08.23 01:07:01.705,1.05195,1.05206,1.73,1.50
2012.08.23 01:07:01.829,1.05196,1.05207,1.73,1.50
2012.08.23 01:07:02.218,1.05198,1.05207,1.73,1.50
2012.08.23 01:07:02.528,1.05202,1.0521,1.73,1.50
2012.08.23 01:07:03.088,1.05204,1.05214,1.73,1.51
2012.08.23 01:07:03.219,1.05206,1.05213,1.50,1.51
2012.08.23 01:07:03.289,1.05205,1.05213,1.73,1.51
2012.08.23 01:07:03.839,1.05201,1.05213,2.48,1.50
2012.08.23 01:07:04.431,1.05197,1.0521,3.60,1.73
2012.08.23 01:07:05.014,1.05198,1.05211,1.73,1.73
2012.08.23 01:07:06.179,1.05199,1.05212,1.73,1.73
2012.08.23 01:07:06.598,1.05201,1.05215,1.73,1.73
2012.08.23 01:07:07.109,1.05202,1.05215,1.73,1.51
2012.08.23 01:07:08.180,1.05199,1.05215,3.00,1.50
2012.08.23 01:07:08.780,1.05202,1.05216,2.25,1.50
2012.08.23 01:07:11.148,1.05203,1.05217,2.20,1.50
2012.08.23 01:07:11.457,1.05207,1.05219,2.20,1.50
2012.08.23 01:07:11.892,1.05209,1.05219,1.73,1.50
2012.08.23 01:07:13.769,1.05214,1.05221,1.35,1.50
2012.08.23 01:07:14.295,1.05212,1.0522,1.35,1.50
2012.08.23 01:07:16.159,1.05204,1.05215,5.40,1.50
2012.08.23 01:07:16.408,1.05212,1.05225,2.10,1.50
2012.08.23 01:07:17.196,1.05214,1.05228,1.35,1.51
2012.08.23 01:07:17.422,1.05209,1.05218,2.48,1.50
2012.08.23 01:07:18.578,1.05211,1.05219,2.48,1.50
2012.08.23 01:07:18.888,1.0521,1.05218,1.13,1.50
2012.08.23 01:07:19.399,1.05211,1.0522,2.48,1.50
2012.08.23 01:07:19.708,1.05214,1.05224,1.73,1.50
2012.08.23 01:07:20.722,1.05211,1.05218,3.00,1.50
2012.08.23 01:07:20.788,1.05213,1.05228,1.73,1.51
2012.08.23 01:07:21.289,1.05212,1.05219,1.50,1.50
2012.08.23 01:07:21.428,1.05212,1.05222,1.50,1.73
2012.08.23 01:07:21.738,1.05214,1.05226,1.50,1.50
2012.08.23 01:07:21.991,1.05224,1.05235,1.35,1.34
2012.08.23 01:07:23.871,1.05225,1.0524,1.73,1.73
2012.08.23 01:07:23.998,1.05222,1.05237,1.73,1.73
2012.08.23 01:07:27.258,1.05223,1.05237,1.73,1.73
2012.08.23 01:07:27.388,1.05226,1.05241,1.50,1.73
2012.08.23 01:07:27.448,1.05226,1.05241,1.73,1.73
2012.08.23 01:07:28.249,1.05225,1.05241,1.73,1.73
2012.08.23 01:07:28.388,1.05224,1.05239,1.73,1.50
2012.08.23 01:07:28.687,1.05216,1.05234,2.48,1.50
2012.08.23 01:07:28.817,1.05216,1.05233,2.48,1.73
2012.08.23 01:07:29.587,1.05219,1.05233,1.35,1.73
2012.08.23 01:07:35.069,1.05219,1.05234,1.35,1.73
2012.08.23 01:07:35.839,1.05219,1.05234,1.35,1.73
2012.08.23 01:07:37.660,1.05208,1.05231,7.60,1.51
2012.08.23 01:07:38.140,1.05208,1.05233,5.35,1.51
2012.08.23 01:07:38.269,1.05211,1.05229,1.50,1.51
2012.08.23 01:07:38.598,1.05219,1.05234,1.35,1.73
2012.08.23 01:07:39.680,1.05216,1.0523,1.13,1.73
2012.08.23 01:07:40.377,1.05219,1.05231,1.35,1.73
2012.08.23 01:07:40.661,1.05219,1.05234,1.35,1.73
2012.08.23 01:07:41.275,1.05219,1.05234,1.35,1.73
2012.08.23 01:07:41.398,1.05223,1.05237,1.50,1.73
2012.08.23 01:07:41.577,1.05228,1.05241,1.35,3.23
2012.08.23 01:07:42.078,1.05228,1.05243,1.35,2.48
2012.08.23 01:07:42.601,1.05228,1.05243,1.35,1.73
2012.08.23 01:07:43.799,1.05228,1.05243,1.35,1.73
2012.08.23 01:07:44.335,1.05228,1.05243,1.35,1.73
2012.08.23 01:07:46.409,1.05228,1.05243,1.35,1.73
2012.08.23 01:07:47.438,1.05228,1.05242,1.35,1.57
2012.08.23 01:07:47.940,1.05224,1.05234,1.50,2.32
2012.08.23 01:07:48.014,1.05226,1.05239,1.73,1.50
2012.08.23 01:07:48.078,1.05226,1.05239,1.50,2.48
2012.08.23 01:07:48.660,1.05225,1.05238,1.73,2.48
2012.08.23 01:07:49.921,1.05227,1.05238,1.50,1.73
2012.08.23 01:07:50.913,1.05227,1.05241,1.50,1.73
2012.08.23 01:07:51.311,1.05227,1.0524,2.10,1.73
2012.08.23 01:07:54.159,1.05227,1.05242,2.10,1.73
2012.08.23 01:07:54.717,1.05227,1.05241,2.10,1.73
2012.08.23 01:07:55.303,1.05227,1.05243,2.10,1.73
2012.08.23 01:07:55.859,1.05227,1.05243,2.10,2.48
2012.08.23 01:07:58.987,1.05227,1.05243,2.10,1.73
2012.08.23 01:07:59.571,1.05227,1.0524,2.10,1.50
2012.08.23 01:08:00.187,1.05227,1.0524,2.10,1.50
2012.08.23 01:08:00.743,1.05227,1.0524,1.35,1.50
2012.08.23 01:08:01.187,1.05227,1.0524,2.10,1.50
2012.08.23 01:08:02.035,1.05228,1.05244,1.13,2.48
2012.08.23 01:08:02.296,1.05228,1.05244,1.13,2.48
2012.08.23 01:08:02.870,1.05228,1.05244,1.13,2.48
2012.08.23 01:08:03.539,1.05228,1.05244,1.13,2.48
2012.08.23 01:08:04.073,1.05232,1.05247,1.50,2.48
2012.08.23 01:08:04.137,1.05232,1.05247,1.73,2.48
2012.08.23 01:08:04.259,1.05228,1.05242,1.35,1.50
2012.08.23 01:08:04.567,1.05227,1.05236,2.43,1.43
2012.08.23 01:08:04.628,1.05228,1.05236,1.13,1.43
2012.08.23 01:08:04.688,1.05228,1.05242,1.13,1.73
2012.08.23 01:08:04.808,1.05228,1.05242,2.25,1.65
2012.08.23 01:08:04.936,1.05228,1.05242,2.25,1.65
2012.08.23 01:08:05.119,1.05228,1.05242,1.13,1.65
2012.08.23 01:08:05.247,1.05228,1.0524,1.13,1.43
2012.08.23 01:08:07.358,1.05227,1.05238,1.35,1.50
2012.08.23 01:08:07.799,1.05224,1.05233,3.00,1.73
2012.08.23 01:08:08.670,1.05224,1.05232,3.00,1.73
2012.08.23 01:08:09.413,1.05224,1.05232,2.25,1.73
2012.08.23 01:08:09.607,1.05224,1.05232,1.13,1.73
2012.08.23 01:08:10.588,1.05224,1.05233,1.88,2.48
2012.08.23 01:08:10.657,1.05224,1.05233,1.13,2.48
2012.08.23 01:08:11.531,1.05224,1.05233,1.13,1.73
2012.08.23 01:08:13.839,1.05224,1.05235,1.35,1.73
2012.08.23 01:08:14.572,1.05222,1.05236,2.48,1.73
2012.08.23 01:08:15.138,1.05224,1.05237,1.73,1.73
2012.08.23 01:08:16.009,1.05224,1.05236,1.13,1.73
2012.08.23 01:08:16.078,1.05223,1.05236,1.88,2.48
2012.08.23 01:08:16.597,1.05223,1.05234,1.05,1.50
2012.08.23 01:08:17.508,1.05223,1.05234,1.13,1.50
2012.08.23 01:08:18.337,1.05222,1.05233,2.00,1.73
2012.08.23 01:08:18.901,1.05223,1.05234,1.13,1.50
2012.08.23 01:08:21.868,1.05222,1.05234,1.73,1.50
2012.08.23 01:08:23.970,1.05222,1.05234,1.73,1.50
2012.08.23 01:08:24.392,1.05222,1.05234,1.73,1.50
2012.08.23 01:08:24.947,1.05222,1.05235,2.25,2.25
2012.08.23 01:08:25.292,1.05223,1.05237,2.58,1.50
2012.08.23 01:08:25.628,1.05222,1.05235,2.48,1.50
2012.08.23 01:08:26.302,1.05222,1.05235,2.48,2.25
2012.08.23 01:08:27.567,1.05222,1.05235,2.48,2.25
2012.08.23 01:08:29.957,1.05222,1.05235,1.73,1.50
2012.08.23 01:08:30.720,1.05222,1.05229,1.50,1.50
2012.08.23 01:08:31.188,1.05223,1.05232,1.50,2.48
2012.08.23 01:08:32.317,1.05223,1.05232,1.50,1.50
2012.08.23 01:08:34.637,1.05222,1.0523,1.50,2.48
2012.08.23 01:08:34.696,1.05222,1.0523,1.50,2.48
2012.08.23 01:08:34.900,1.05223,1.05235,1.50,2.48
2012.08.23 01:08:35.256,1.05222,1.05232,1.50,1.50
2012.08.23 01:08:37.377,1.05223,1.05232,1.50,1.73
2012.08.23 01:08:37.777,1.05222,1.0523,1.50,1.73
2012.08.23 01:08:37.897,1.05223,1.0523,1.50,1.73
2012.08.23 01:08:42.863,1.05223,1.05235,1.50,2.48
2012.08.23 01:08:43.147,1.05222,1.0523,1.50,1.73
2012.08.23 01:08:43.327,1.05222,1.05228,1.50,1.50
2012.08.23 01:08:43.677,1.0522,1.05227,1.50,1.50
2012.08.23 01:08:44.369,1.05213,1.05218,1.80,1.13
2012.08.23 01:08:45.790,1.05221,1.05227,1.50,1.88
2012.08.23 01:08:47.533,1.05222,1.0523,1.50,1.73
2012.08.23 01:08:48.834,1.05222,1.05233,1.50,1.13
2012.08.23 01:08:49.194,1.05222,1.05233,1.50,1.51
2012.08.23 01:08:52.500,1.05221,1.0523,1.50,1.73
2012.08.23 01:08:55.488,1.05222,1.0523,1.50,1.73
2012.08.23 01:08:56.001,1.05222,1.05236,1.50,3.23
2012.08.23 01:08:56.229,1.05221,1.0523,1.50,2.48
2012.08.23 01:08:56.717,1.05219,1.05226,1.50,1.50
2012.08.23 01:08:56.781,1.05222,1.05232,1.50,2.48
2012.08.23 01:08:57.292,1.05222,1.05231,1.50,2.48
2012.08.23 01:08:58.488,1.05221,1.05229,1.50,1.50
2012.08.23 01:08:59.042,1.05221,1.05228,1.50,1.50
2012.08.23 01:08:59.672,1.0522,1.05228,1.50,1.50
2012.08.23 01:09:01.029,1.05218,1.05226,1.50,1.73
2012.08.23 01:09:01.217,1.05211,1.05226,1.28,1.73
2012.08.23 01:09:01.457,1.05211,1.05221,1.05,1.73
2012.08.23 01:09:01.799,1.05216,1.05221,1.50,2.25
2012.08.23 01:09:03.347,1.05216,1.05221,1.50,1.50
2012.08.23 01:09:03.527,1.05219,1.05225,1.88,1.35
2012.08.23 01:09:05.570,1.05219,1.05225,1.50,1.88
2012.08.23 01:09:07.567,1.05219,1.05228,1.13,2.25
2012.08.23 01:09:08.074,1.05219,1.05228,1.13,1.50
2012.08.23 01:09:08.418,1.05215,1.0522,1.50,1.13
2012.08.23 01:09:15.789,1.05215,1.0522,1.50,1.13
2012.08.23 01:09:15.858,1.05215,1.0522,1.50,1.13
2012.08.23 01:09:16.453,1.05215,1.05223,1.50,2.10
2012.08.23 01:09:19.130,1.05215,1.05222,1.50,1.73
2012.08.23 01:09:20.087,1.05215,1.05222,1.50,1.73
2012.08.23 01:09:20.638,1.05215,1.05222,1.50,1.73
2012.08.23 01:09:21.167,1.05215,1.05222,1.50,1.73
2012.08.23 01:09:21.492,1.0521,1.05215,1.50,1.13
2012.08.23 01:09:22.051,1.05215,1.0522,1.50,1.13
2012.08.23 01:09:22.642,1.0521,1.05215,1.50,1.13
2012.08.23 01:09:26.249,1.05215,1.05223,1.50,1.88
2012.08.23 01:09:28.475,1.05206,1.05212,1.83,1.13
2012.08.23 01:09:29.909,1.05214,1.0522,1.50,1.35
2012.08.23 01:09:31.798,1.05214,1.0522,1.50,2.10
2012.08.23 01:09:38.081,1.05218,1.05228,1.50,1.35
2012.08.23 01:09:38.147,1.05213,1.0522,1.50,2.10
2012.08.23 01:09:40.237,1.05213,1.0522,1.50,2.85
2012.08.23 01:09:40.738,1.05213,1.0522,1.50,2.10
2012.08.23 01:09:41.640,1.05214,1.05223,1.50,2.85
2012.08.23 01:09:42.512,1.05214,1.05225,1.50,1.88
2012.08.23 01:09:43.217,1.05211,1.0522,1.23,2.10
2012.08.23 01:09:43.758,1.05214,1.0522,1.50,2.10
2012.08.23 01:09:43.909,1.05215,1.05222,1.50,2.10
2012.08.23 01:09:44.418,1.05215,1.05222,1.50,2.85
2012.08.23 01:09:44.957,1.05215,1.05222,1.50,2.10
2012.08.23 01:09:45.510,1.05217,1.05221,1.50,1.50
2012.08.23 01:09:46.458,1.05214,1.05224,1.50,1.35
2012.08.23 01:09:46.530,1.05212,1.0522,1.23,1.35
2012.08.23 01:09:51.067,1.0521,1.0522,1.23,2.10
2012.08.23 01:09:51.738,1.05208,1.05217,1.08,1.50
2012.08.23 01:09:52.107,1.05208,1.0522,1.45,2.85
2012.08.23 01:09:52.288,1.05207,1.05216,2.33,1.50
2012.08.23 01:09:52.797,1.05208,1.0522,1.23,2.63
2012.08.23 01:09:53.348,1.05207,1.0522,3.18,2.63
2012.08.23 01:09:53.910,1.05208,1.05218,1.23,1.50
2012.08.23 01:09:54.037,1.05208,1.0522,1.23,1.88
2012.08.23 01:09:54.157,1.05208,1.05218,1.23,1.50
2012.08.23 01:09:55.047,1.05208,1.0522,1.23,2.10
2012.08.23 01:09:55.227,1.05208,1.0522,1.23,1.88
2012.08.23 01:09:56.187,1.05208,1.0522,1.23,1.88
2012.08.23 01:09:56.614,1.05208,1.0522,1.23,1.88
2012.08.23 01:09:56.918,1.05206,1.05216,1.50,1.73
2012.08.23 01:09:57.098,1.05208,1.0522,1.45,2.10
2012.08.23 01:09:57.217,1.05208,1.05218,1.08,1.50
2012.08.23 01:09:57.587,1.05206,1.05218,1.50,1.73
2012.08.23 01:09:58.097,1.05207,1.05216,2.10,1.73
2012.08.23 01:09:59.050,1.05208,1.0522,1.45,1.35
2012.08.23 01:09:59.437,1.05208,1.05227,2.20,1.34
2012.08.23 01:09:59.981,1.05208,1.05225,2.20,1.88
2012.08.23 01:10:02.241,1.05208,1.05225,1.98,1.88
2012.08.23 01:10:02.909,1.05209,1.05222,1.23,1.88
2012.08.23 01:10:03.471,1.05209,1.05222,1.23,1.88
2012.08.23 01:10:04.089,1.05209,1.05221,1.98,1.13
2012.08.23 01:10:04.829,1.05209,1.05225,1.98,1.34
2012.08.23 01:10:06.750,1.05209,1.05223,1.98,1.13
2012.08.23 01:10:08.038,1.05209,1.05221,1.23,1.88
2012.08.23 01:10:08.825,1.05208,1.05221,1.23,1.88
2012.08.23 01:10:09.047,1.05209,1.05226,1.23,3.22
2012.08.23 01:10:09.259,1.05208,1.05221,1.23,1.88
2012.08.23 01:10:09.696,1.05209,1.05226,1.23,2.63
2012.08.23 01:10:10.849,1.05209,1.05226,1.98,2.63
2012.08.23 01:10:10.976,1.05209,1.05221,1.98,1.13
2012.08.23 01:10:11.118,1.05209,1.05226,1.98,2.63
2012.08.23 01:10:13.165,1.05211,1.05221,1.50,1.13
2012.08.23 01:10:14.261,1.05217,1.05226,1.50,1.36
2012.08.23 01:10:15.057,1.05216,1.05221,1.98,1.13
2012.08.23 01:10:17.251,1.05211,1.05221,1.23,1.35
2012.08.23 01:10:20.127,1.05216,1.05221,1.50,1.13
2012.08.23 01:10:20.428,1.05219,1.05226,1.60,1.13
2012.08.23 01:10:22.719,1.05214,1.05221,1.23,1.88
2012.08.23 01:10:22.908,1.05214,1.05221,1.23,2.10
2012.08.23 01:10:23.567,1.05212,1.05221,1.50,2.10
2012.08.23 01:10:24.919,1.05212,1.05221,1.50,1.35
2012.08.23 01:10:25.699,1.05214,1.05221,1.23,1.35
2012.08.23 01:10:26.299,1.05215,1.05221,1.23,1.13
2012.08.23 01:10:27.068,1.05214,1.05221,1.98,1.13
2012.08.23 01:10:27.577,1.05213,1.05221,1.98,1.13
2012.08.23 01:10:28.117,1.05212,1.05221,1.98,1.35
2012.08.23 01:10:28.358,1.05215,1.05221,1.60,1.13
2012.08.23 01:10:28.684,1.0522,1.05226,1.23,1.13
2012.08.23 01:10:31.747,1.05219,1.05226,1.13,1.88
2012.08.23 01:10:32.286,1.05215,1.05221,1.98,1.13
2012.08.23 01:10:32.802,1.05215,1.05221,1.23,1.13
2012.08.23 01:10:33.288,1.05216,1.05226,1.23,1.36
2012.08.23 01:10:42.546,1.05217,1.05226,1.08,1.13
2012.08.23 01:10:42.670,1.05216,1.05223,1.35,1.88
2012.08.23 01:10:42.925,1.05212,1.05221,1.23,1.35
2012.08.23 01:10:43.972,1.05212,1.05223,1.23,1.50
2012.08.23 01:10:44.036,1.05212,1.05221,1.23,1.35
2012.08.23 01:10:44.790,1.05212,1.05221,1.23,1.35
2012.08.23 01:10:49.248,1.05217,1.05226,1.60,2.85
2012.08.23 01:10:49.851,1.05219,1.05226,1.60,1.88
2012.08.23 01:10:50.757,1.05218,1.05228,2.35,1.88
2012.08.23 01:10:51.471,1.05218,1.05228,2.35,1.13
2012.08.23 01:10:52.375,1.05218,1.05228,2.35,1.88
2012.08.23 01:10:52.442,1.05218,1.05228,1.50,1.88
2012.08.23 01:10:53.233,1.05218,1.05228,1.50,2.10
2012.08.23 01:10:53.572,1.05218,1.05228,1.50,2.10
2012.08.23 01:10:53.957,1.05218,1.05228,1.50,2.10
2012.08.23 01:10:55.451,1.05219,1.05228,1.23,1.80
2012.08.23 01:10:56.932,1.05219,1.05228,1.23,1.13
2012.08.23 01:10:59.480,1.05222,1.05228,1.23,1.80
2012.08.23 01:11:00.007,1.05224,1.05228,1.45,1.80
2012.08.23 01:11:02.707,1.05225,1.05232,1.98,2.55
2012.08.23 01:11:03.133,1.05229,1.05235,1.83,1.88
2012.08.23 01:11:03.710,1.05229,1.05233,1.08,1.13
2012.08.23 01:11:03.958,1.05223,1.05232,1.50,1.73
2012.08.23 01:11:04.028,1.05225,1.05233,1.23,2.10
2012.08.23 01:11:04.529,1.05223,1.05232,1.50,1.73
2012.08.23 01:11:04.597,1.05223,1.05232,1.50,1.73
2012.08.23 01:11:05.977,1.05223,1.05236,1.23,2.48
2012.08.23 01:11:06.337,1.05224,1.05237,1.45,1.73
2012.08.23 01:11:06.850,1.05224,1.05237,1.45,1.73
2012.08.23 01:11:07.335,1.05224,1.05235,1.45,1.50
2012.08.23 01:11:07.688,1.05222,1.05234,1.50,1.73
2012.08.23 01:11:09.007,1.05223,1.05236,1.73,1.73
2012.08.23 01:11:09.258,1.05223,1.05233,1.73,1.50
2012.08.23 01:11:09.327,1.05223,1.05233,1.50,1.73
2012.08.23 01:11:11.843,1.05219,1.05231,1.08,1.73
2012.08.23 01:11:12.158,1.05215,1.05224,2.73,1.73
2012.08.23 01:11:12.397,1.05212,1.05224,1.23,1.73
2012.08.23 01:11:13.188,1.05213,1.05225,1.50,1.50
2012.08.23 01:11:16.597,1.05216,1.05228,1.50,1.73
2012.08.23 01:11:16.717,1.05216,1.05228,1.50,1.73
2012.08.23 01:11:17.098,1.05217,1.05229,1.50,1.73
2012.08.23 01:11:20.099,1.05214,1.05229,1.73,2.48
2012.08.23 01:11:20.675,1.05218,1.05232,1.35,1.73
2012.08.23 01:11:20.907,1.05218,1.05232,1.35,1.73
2012.08.23 01:11:22.567,1.05226,1.05233,1.13,1.73
2012.08.23 01:11:24.098,1.05228,1.05233,1.13,2.26
2012.08.23 01:11:25.598,1.05223,1.05233,1.13,1.28
2012.08.23 01:11:25.948,1.05227,1.05233,1.13,1.50
2012.08.23 01:11:26.607,1.05225,1.0523,1.13,1.05
2012.08.23 01:11:26.908,1.05222,1.05229,1.13,1.73
2012.08.23 01:11:27.218,1.05219,1.05224,1.13,1.50
2012.08.23 01:11:27.289,1.05215,1.05224,1.88,1.73
2012.08.23 01:11:27.398,1.05215,1.05224,2.25,1.73
2012.08.23 01:11:28.239,1.05223,1.05228,1.13,1.50
2012.08.23 01:11:28.368,1.05218,1.05224,1.13,1.50
2012.08.23 01:11:38.111,1.05212,1.05223,1.13,1.73
2012.08.23 01:11:39.662,1.05212,1.05223,1.88,1.73
2012.08.23 01:11:40.171,1.05212,1.05223,1.88,1.73
2012.08.23 01:11:41.417,1.05212,1.05221,1.13,2.48
2012.08.23 01:11:41.718,1.05209,1.05218,1.50,2.48
2012.08.23 01:11:42.118,1.05205,1.05215,1.50,1.73
2012.08.23 01:11:45.549,1.05208,1.05216,1.88,1.73
2012.08.23 01:11:45.974,1.05214,1.05218,1.13,1.73
2012.08.23 01:11:46.098,1.05212,1.05216,1.13,1.73
2012.08.23 01:11:46.825,1.05212,1.05216,1.13,1.73
2012.08.23 01:11:48.117,1.05207,1.05216,1.13,2.48
2012.08.23 01:11:48.800,1.05203,1.05216,1.45,2.48
2012.08.23 01:11:48.868,1.05203,1.05216,1.45,2.48
2012.08.23 01:11:48.928,1.05203,1.05216,1.45,1.73
2012.08.23 01:11:54.497,1.05203,1.05218,1.45,1.73
2012.08.23 01:11:54.738,1.052,1.05214,1.73,1.50
2012.08.23 01:11:54.919,1.05199,1.05212,2.10,1.73
2012.08.23 01:12:00.708,1.05199,1.0521,2.10,2.32
2012.08.23 01:12:00.768,1.05199,1.05209,1.73,1.34
2012.08.23 01:12:01.079,1.05195,1.05202,1.65,1.73
2012.08.23 01:12:01.888,1.05196,1.05201,1.58,1.73
2012.08.23 01:12:04.168,1.05198,1.05204,1.13,1.50
2012.08.23 01:12:04.297,1.05198,1.05207,1.13,1.73
2012.08.23 01:12:04.360,1.05195,1.05207,1.43,1.73
2012.08.23 01:12:04.760,1.05198,1.05209,1.13,2.48
2012.08.23 01:12:04.947,1.05198,1.0521,1.35,1.51
2012.08.23 01:12:05.260,1.05198,1.05211,2.10,2.48
2012.08.23 01:12:05.327,1.05198,1.05211,2.10,2.48
2012.08.23 01:12:05.960,1.05198,1.05211,2.10,2.48
2012.08.23 01:12:06.089,1.05198,1.05211,2.10,2.48
2012.08.23 01:12:06.219,1.05198,1.05209,2.10,1.34
2012.08.23 01:12:06.752,1.05195,1.05207,1.73,1.73
2012.08.23 01:12:07.487,1.05198,1.05207,1.43,2.48
2012.08.23 01:12:07.808,1.05195,1.05203,1.43,2.48
2012.08.23 01:12:07.949,1.05194,1.05203,1.50,2.48
2012.08.23 01:12:09.337,1.05194,1.05203,1.13,1.73
2012.08.23 01:12:09.577,1.05194,1.05208,2.10,2.48
2012.08.23 01:12:10.107,1.05192,1.05207,1.73,2.48
2012.08.23 01:12:11.743,1.05204,1.05208,1.13,1.50
2012.08.23 01:12:11.972,1.05191,1.05205,2.95,1.73
2012.08.23 01:12:12.833,1.05191,1.05203,2.95,1.50
2012.08.23 01:12:13.169,1.05191,1.05201,2.25,1.73
2012.08.23 01:12:15.068,1.05191,1.052,2.25,1.73
2012.08.23 01:12:15.427,1.05191,1.05196,1.50,1.50
2012.08.23 01:12:15.488,1.05189,1.05195,1.73,1.50
2012.08.23 01:12:18.956,1.05179,1.05194,1.83,1.50
2012.08.23 01:12:19.017,1.05179,1.05194,1.35,1.73
2012.08.23 01:12:19.888,1.05178,1.05191,1.83,1.73
2012.08.23 01:12:20.433,1.05179,1.05192,1.35,1.73
2012.08.23 01:12:20.917,1.05176,1.05192,1.83,1.73
2012.08.23 01:12:21.048,1.05176,1.05192,1.83,1.73
2012.08.23 01:12:21.497,1.05172,1.05188,1.73,3.00
2012.08.23 01:12:21.677,1.05172,1.05186,1.73,1.73
2012.08.23 01:12:23.838,1.05177,1.05185,1.13,1.50
2012.08.23 01:12:23.957,1.0517,1.05183,1.35,1.50
2012.08.23 01:12:24.198,1.05169,1.05182,1.35,1.73
2012.08.23 01:12:24.710,1.05169,1.05182,2.10,1.73
2012.08.23 01:12:25.248,1.05169,1.05182,1.35,1.73
2012.08.23 01:12:25.609,1.05171,1.05186,2.58,2.48
2012.08.23 01:12:25.918,1.0517,1.05183,1.23,1.73
2012.08.23 01:12:26.268,1.05177,1.05186,1.88,1.73
2012.08.23 01:12:27.948,1.05172,1.05184,1.73,1.50
2012.08.23 01:12:28.369,1.05169,1.05182,1.35,1.73
2012.08.23 01:12:28.994,1.05171,1.05182,1.50,1.50
2012.08.23 01:12:32.848,1.05172,1.05185,1.73,1.50
2012.08.23 01:12:33.365,1.05169,1.05183,1.35,2.48
2012.08.23 01:12:33.619,1.05172,1.05184,1.73,1.50
2012.08.23 01:12:33.868,1.05169,1.05182,1.35,1.73
2012.08.23 01:12:34.260,1.05168,1.0518,2.10,1.73
2012.08.23 01:12:34.568,1.05166,1.05173,2.63,1.50
2012.08.23 01:12:35.008,1.05168,1.05173,1.88,1.05
2012.08.23 01:12:35.069,1.05168,1.05173,1.13,1.05
2012.08.23 01:12:35.618,1.05162,1.05176,1.73,2.48
2012.08.23 01:12:36.173,1.05169,1.05183,2.10,1.73
2012.08.23 01:12:36.518,1.05167,1.05174,1.73,1.50
2012.08.23 01:12:36.578,1.05169,1.05175,1.73,1.50
2012.08.23 01:12:36.818,1.05169,1.05179,2.10,1.51
2012.08.23 01:12:37.324,1.05169,1.05179,2.10,1.51
2012.08.23 01:12:37.633,1.05169,1.05179,2.10,1.50
2012.08.23 01:12:37.888,1.05169,1.05179,2.10,1.51
2012.08.23 01:12:37.965,1.05169,1.05179,1.35,1.51
2012.08.23 01:12:38.410,1.05169,1.05179,1.35,1.50
2012.08.23 01:12:38.805,1.05164,1.05177,1.73,1.73
2012.08.23 01:12:39.169,1.05163,1.05177,2.48,2.48
2012.08.23 01:12:39.678,1.05163,1.05177,1.73,2.48
2012.08.23 01:12:40.864,1.05166,1.05177,1.73,1.50
2012.08.23 01:12:41.161,1.05168,1.05179,1.35,1.51
2012.08.23 01:12:41.678,1.05169,1.05179,1.73,2.26
2012.08.23 01:12:42.223,1.05165,1.05176,2.48,1.73
2012.08.23 01:12:42.847,1.05165,1.05176,2.48,1.73
2012.08.23 01:12:43.628,1.05165,1.05176,2.48,1.73
2012.08.23 01:12:44.147,1.05165,1.05176,2.48,1.73
2012.08.23 01:12:44.328,1.05169,1.05179,1.35,1.50
2012.08.23 01:12:45.528,1.05167,1.0518,2.48,1.50
2012.08.23 01:12:47.227,1.0517,1.0518,1.13,1.50
2012.08.23 01:12:47.843,1.0517,1.0518,1.13,1.50
2012.08.23 01:12:48.848,1.05169,1.0518,2.10,1.50
2012.08.23 01:12:49.542,1.05169,1.0518,2.10,1.50
2012.08.23 01:12:50.413,1.05169,1.05179,1.35,1.50
2012.08.23 01:12:50.947,1.05169,1.05178,1.35,1.13
2012.08.23 01:12:51.368,1.05169,1.0518,1.35,1.13
2012.08.23 01:12:52.187,1.05169,1.05181,1.35,2.48
2012.08.23 01:12:52.578,1.05169,1.05179,1.35,1.13
2012.08.23 01:12:53.768,1.0517,1.05182,1.50,2.26
2012.08.23 01:12:55.037,1.0517,1.05181,1.50,1.50
2012.08.23 01:12:57.307,1.0517,1.05181,1.50,1.51
2012.08.23 01:12:59.009,1.05169,1.05181,1.73,1.51
2012.08.23 01:13:01.539,1.0517,1.05181,1.50,1.51
2012.08.23 01:13:02.098,1.05172,1.05182,1.35,1.28
2012.08.23 01:13:02.458,1.05172,1.05183,2.63,1.43
2012.08.23 01:13:02.698,1.05181,1.05188,1.88,1.65
2012.08.23 01:13:02.758,1.05181,1.05189,1.88,1.73
2012.08.23 01:13:02.887,1.05186,1.05197,1.35,1.51
2012.08.23 01:13:03.417,1.05184,1.05197,1.35,3.23
2012.08.23 01:13:03.479,1.05186,1.05193,1.13,1.50
2012.08.23 01:13:03.669,1.05186,1.05196,1.13,2.48
2012.08.23 01:13:03.798,1.05186,1.05196,1.13,1.73
2012.08.23 01:13:04.367,1.05186,1.05198,1.88,1.73
2012.08.23 01:13:04.909,1.05186,1.05198,1.88,1.73
2012.08.23 01:13:05.441,1.05186,1.05198,1.88,1.73
2012.08.23 01:13:09.668,1.05186,1.05198,2.63,2.48
2012.08.23 01:13:09.908,1.05187,1.052,1.35,1.73
2012.08.23 01:13:11.159,1.05187,1.05199,1.35,1.50
2012.08.23 01:13:11.879,1.05187,1.05199,1.35,1.50
2012.08.23 01:13:12.299,1.05186,1.05199,1.13,2.48
2012.08.23 01:13:13.508,1.05186,1.05199,3.00,1.73
2012.08.23 01:13:13.568,1.05186,1.05199,3.70,1.50
2012.08.23 01:13:13.807,1.05186,1.05201,4.45,2.48
2012.08.23 01:13:15.248,1.05188,1.05201,1.35,2.48
2012.08.23 01:13:15.758,1.05188,1.05201,1.35,1.73
2012.08.23 01:13:16.158,1.05188,1.05201,1.35,1.73
2012.08.23 01:13:16.677,1.05188,1.05204,1.35,2.48
2012.08.23 01:13:17.037,1.05188,1.05204,1.35,3.23
2012.08.23 01:13:17.482,1.05188,1.05204,1.35,3.23
2012.08.23 01:13:18.583,1.05191,1.05204,1.50,2.48
2012.08.23 01:13:21.019,1.05192,1.05207,1.45,1.73
2012.08.23 01:13:21.388,1.05194,1.05207,3.23,1.73
2012.08.23 01:13:21.748,1.05202,1.05212,1.50,2.85
2012.08.23 01:13:21.928,1.05202,1.05212,1.73,1.88
2012.08.23 01:13:22.118,1.05198,1.05212,1.35,2.10
2012.08.23 01:13:22.800,1.05198,1.05208,1.73,1.13
2012.08.23 01:13:22.868,1.05198,1.05212,1.73,1.73
2012.08.23 01:13:24.549,1.05195,1.05209,1.35,1.73
2012.08.23 01:13:24.826,1.05194,1.05209,1.73,1.73
2012.08.23 01:13:25.380,1.05194,1.05207,1.73,1.73
2012.08.23 01:13:25.705,1.05189,1.05204,2.10,2.48
2012.08.23 01:13:25.768,1.05189,1.05203,1.35,1.73
2012.08.23 01:13:25.947,1.05191,1.05203,1.50,2.48
2012.08.23 01:13:26.011,1.05189,1.05203,1.73,2.48
2012.08.23 01:13:26.648,1.05189,1.05203,2.48,1.73
2012.08.23 01:13:27.667,1.05192,1.05204,1.50,1.73
2012.08.23 01:13:27.967,1.05192,1.05206,1.73,1.73
2012.08.23 01:13:28.297,1.05196,1.05208,2.10,1.51
2012.08.23 01:13:28.703,1.05196,1.05206,2.85,1.50
2012.08.23 01:13:28.947,1.05191,1.05203,1.50,1.73
2012.08.23 01:13:29.187,1.05191,1.05203,1.50,1.73
2012.08.23 01:13:29.487,1.05189,1.05203,2.48,1.73
2012.08.23 01:13:30.048,1.05189,1.05203,2.48,2.48
2012.08.23 01:13:32.332,1.05188,1.05203,2.58,2.48
2012.08.23 01:13:42.491,1.05189,1.05203,1.35,2.48
2012.08.23 01:13:42.998,1.05189,1.05201,1.73,1.73
2012.08.23 01:13:43.238,1.05187,1.05199,3.23,1.50
2012.08.23 01:13:43.588,1.05187,1.05198,3.00,1.73
2012.08.23 01:13:48.220,1.05189,1.05198,1.13,2.48
2012.08.23 01:13:49.569,1.05189,1.05201,1.73,2.48
2012.08.23 01:13:50.017,1.05196,1.05201,1.13,1.73
2012.08.23 01:13:50.078,1.0519,1.05201,1.35,1.73
2012.08.23 01:13:52.333,1.0519,1.05201,2.10,1.73
2012.08.23 01:13:53.277,1.0519,1.052,2.10,1.73
2012.08.23 01:13:53.877,1.05191,1.05205,3.33,1.73
2012.08.23 01:13:54.434,1.05191,1.052,1.88,1.50
2012.08.23 01:13:55.307,1.05191,1.05202,1.88,1.73
2012.08.23 01:13:55.848,1.05192,1.05206,1.73,1.73
2012.08.23 01:13:56.338,1.05191,1.05201,1.88,1.73
2012.08.23 01:13:57.718,1.05191,1.05201,1.13,1.73
2012.08.23 01:14:00.571,1.05191,1.05198,1.13,1.50
2012.08.23 01:14:03.379,1.05186,1.05197,1.13,1.73
2012.08.23 01:14:03.898,1.05186,1.05195,1.13,1.73
2012.08.23 01:14:04.248,1.05182,1.05193,1.50,1.73
2012.08.23 01:14:22.590,1.05181,1.05196,1.73,2.48
2012.08.23 01:14:23.030,1.05181,1.05196,1.73,1.73
2012.08.23 01:14:24.728,1.0518,1.05195,2.58,1.73
2012.08.23 01:14:24.980,1.05179,1.05193,2.10,2.48
2012.08.23 01:14:29.138,1.05181,1.05196,2.48,2.48
2012.08.23 01:14:29.929,1.05179,1.05193,2.10,2.26
2012.08.23 01:14:30.048,1.0518,1.05193,1.73,2.48
2012.08.23 01:14:31.791,1.05178,1.0519,1.88,1.80
2012.08.23 01:14:32.339,1.05179,1.0519,1.35,1.80
2012.08.23 01:14:37.880,1.05182,1.05195,2.48,1.58
2012.08.23 01:14:38.068,1.05182,1.0519,2.25,1.05
2012.08.23 01:14:40.548,1.05182,1.0519,1.50,1.05
2012.08.23 01:14:41.263,1.05179,1.0519,2.10,1.05
2012.08.23 01:14:49.939,1.05182,1.05195,1.73,1.06
2012.08.23 01:14:50.259,1.05187,1.05198,1.35,1.58
2012.08.23 01:14:52.148,1.05182,1.05195,2.48,1.06
2012.08.23 01:14:55.088,1.05183,1.05191,1.50,1.05
2012.08.23 01:14:55.608,1.05179,1.05191,1.73,1.05
2012.08.23 01:14:56.171,1.05178,1.05191,2.10,1.05
2012.08.23 01:14:57.730,1.05178,1.05191,1.35,1.05
2012.08.23 01:14:58.487,1.05177,1.05191,3.98,1.05
2012.08.23 01:14:59.257,1.05177,1.05185,2.63,1.80
2012.08.23 01:15:00.097,1.05177,1.05183,1.88,1.50
2012.08.23 01:15:00.218,1.05175,1.05183,2.10,1.50
2012.08.23 01:15:01.228,1.05169,1.05181,1.35,1.73
2012.08.23 01:15:01.423,1.05169,1.05181,1.35,1.73
2012.08.23 01:15:02.358,1.05169,1.05181,1.35,1.73
2012.08.23 01:15:02.418,1.05165,1.0518,2.73,1.50
2012.08.23 01:15:02.780,1.05168,1.0518,1.35,1.50
2012.08.23 01:15:02.907,1.05168,1.0518,1.35,1.50
2012.08.23 01:15:02.968,1.05168,1.0518,1.35,1.50
2012.08.23 01:15:03.397,1.05168,1.05181,1.35,1.73
2012.08.23 01:15:04.221,1.05169,1.05184,1.73,1.06
2012.08.23 01:15:04.527,1.05171,1.05185,1.73,1.81
2012.08.23 01:15:04.978,1.05171,1.05185,1.73,1.05
2012.08.23 01:15:05.098,1.05171,1.05185,2.48,1.05
2012.08.23 01:15:05.618,1.05179,1.0519,1.73,1.81
2012.08.23 01:15:05.978,1.05181,1.05192,1.73,1.58
2012.08.23 01:15:07.387,1.05179,1.05187,1.73,1.58
2012.08.23 01:15:07.988,1.0518,1.05195,1.50,2.55
2012.08.23 01:15:08.674,1.05179,1.05191,1.73,2.48
2012.08.23 01:15:08.957,1.05177,1.05191,2.85,2.48
2012.08.23 01:15:09.231,1.05178,1.05191,1.35,2.48
2012.08.23 01:15:09.527,1.05177,1.05191,2.85,2.48
2012.08.23 01:15:10.191,1.05182,1.05195,1.73,1.73
2012.08.23 01:15:10.637,1.05182,1.05196,1.73,1.73
2012.08.23 01:15:10.949,1.05178,1.05194,1.60,1.50
2012.08.23 01:15:11.280,1.05181,1.05192,1.73,1.50
2012.08.23 01:15:11.788,1.05181,1.05194,1.73,1.50
2012.08.23 01:15:12.333,1.05181,1.05198,1.73,1.51
2012.08.23 01:15:12.458,1.05181,1.05199,1.73,1.50
2012.08.23 01:15:12.598,1.05181,1.05193,1.73,1.50
2012.08.23 01:15:13.009,1.05181,1.05195,1.73,1.73
2012.08.23 01:15:15.788,1.05184,1.05193,1.73,1.50
2012.08.23 01:15:15.998,1.05183,1.05192,1.50,1.73
2012.08.23 01:15:16.748,1.05178,1.05186,1.73,1.50
2012.08.23 01:15:17.229,1.05178,1.05185,1.50,1.73
2012.08.23 01:15:17.588,1.05174,1.05182,3.00,2.48
2012.08.23 01:15:17.708,1.05171,1.05182,1.50,2.48
2012.08.23 01:15:18.848,1.05171,1.05182,1.50,2.48
2012.08.23 01:15:19.029,1.05175,1.05186,1.13,1.73
2012.08.23 01:15:19.098,1.05177,1.05189,1.35,1.51
2012.08.23 01:15:19.298,1.05177,1.05189,1.35,1.51
2012.08.23 01:15:19.909,1.05175,1.05186,1.73,2.48
2012.08.23 01:15:20.038,1.05175,1.05186,1.73,2.48
2012.08.23 01:15:21.097,1.05173,1.05182,1.73,1.50
2012.08.23 01:15:21.440,1.05172,1.05181,1.50,1.73
2012.08.23 01:15:22.073,1.05168,1.05183,1.35,1.73
2012.08.23 01:15:22.371,1.05167,1.05179,1.08,1.50
2012.08.23 01:15:22.521,1.05168,1.05182,1.35,1.73
2012.08.23 01:15:23.642,1.05168,1.05181,1.35,1.73
2012.08.23 01:15:25.543,1.05168,1.0518,1.35,1.73
2012.08.23 01:15:26.967,1.05167,1.05179,1.83,1.50
2012.08.23 01:15:29.290,1.05168,1.05179,1.35,1.50
2012.08.23 01:15:29.401,1.05167,1.05179,1.83,1.50
2012.08.23 01:15:29.657,1.05168,1.05179,1.35,1.50
2012.08.23 01:15:29.907,1.05168,1.05179,1.35,1.50
2012.08.23 01:15:30.409,1.05167,1.05179,1.08,1.50
2012.08.23 01:15:30.538,1.05163,1.05178,1.73,1.73
2012.08.23 01:15:30.789,1.05168,1.05177,1.13,1.73
2012.08.23 01:15:31.372,1.05167,1.0518,1.35,2.48
2012.08.23 01:15:32.910,1.05167,1.0518,1.35,2.48
2012.08.23 01:15:33.050,1.05167,1.0518,1.35,2.48
2012.08.23 01:15:33.550,1.05162,1.05177,2.48,1.73
2012.08.23 01:15:34.698,1.05163,1.05178,1.73,2.48
2012.08.23 01:15:35.209,1.05166,1.05178,1.13,2.48
2012.08.23 01:15:35.388,1.05166,1.0518,1.35,1.73
2012.08.23 01:15:38.113,1.05166,1.0518,1.35,2.48
2012.08.23 01:15:38.718,1.05164,1.05179,1.73,1.73
2012.08.23 01:15:39.482,1.05164,1.05177,1.73,2.48
2012.08.23 01:15:41.038,1.05164,1.05177,1.73,1.73
2012.08.23 01:15:44.158,1.05162,1.05175,2.20,1.73
2012.08.23 01:15:44.729,1.05162,1.05177,1.45,1.73
2012.08.23 01:15:45.146,1.05164,1.05179,1.08,2.48
2012.08.23 01:15:45.650,1.05165,1.05179,1.35,2.25
2012.08.23 01:15:46.670,1.05167,1.05179,1.35,2.25
2012.08.23 01:15:46.861,1.05169,1.05182,1.35,2.48
2012.08.23 01:15:46.990,1.05171,1.05182,1.23,2.26
2012.08.23 01:15:47.299,1.05171,1.05184,1.60,1.51
2012.08.23 01:15:47.369,1.05171,1.05184,1.08,1.51
2012.08.23 01:15:47.939,1.05169,1.05181,2.40,1.73
2012.08.23 01:15:48.069,1.05171,1.05181,1.50,1.73
2012.08.23 01:15:49.429,1.05169,1.05181,1.35,1.73
2012.08.23 01:15:50.743,1.05169,1.05181,1.35,1.73
2012.08.23 01:15:51.768,1.05169,1.05181,1.35,1.73
2012.08.23 01:16:00.543,1.05166,1.05181,2.58,1.73
2012.08.23 01:16:01.502,1.05169,1.05182,1.08,2.48
2012.08.23 01:16:01.689,1.05168,1.05182,1.08,3.00
2012.08.23 01:16:01.879,1.05167,1.05181,1.83,1.73
2012.08.23 01:16:03.820,1.05167,1.0518,2.58,1.50
2012.08.23 01:16:06.768,1.05169,1.05182,1.08,1.73
2012.08.23 01:16:07.068,1.05168,1.05182,1.35,2.48
2012.08.23 01:16:07.814,1.05168,1.05182,1.35,2.48
2012.08.23 01:16:09.055,1.05167,1.05182,3.33,3.98
2012.08.23 01:16:09.593,1.05167,1.05182,3.33,3.98
2012.08.23 01:16:12.138,1.05167,1.05181,3.33,1.73
2012.08.23 01:16:14.739,1.05169,1.05182,1.35,3.23
2012.08.23 01:16:16.949,1.0517,1.05182,1.13,3.23
2012.08.23 01:16:17.259,1.05176,1.05185,1.35,2.26
2012.08.23 01:16:17.629,1.05171,1.05182,2.85,1.50
2012.08.23 01:16:17.699,1.05176,1.05184,1.35,1.50
2012.08.23 01:16:17.949,1.05172,1.05182,1.73,1.50
2012.08.23 01:16:18.919,1.05172,1.05182,1.73,1.50
2012.08.23 01:16:19.061,1.05176,1.05186,1.13,1.73
2012.08.23 01:16:19.368,1.05172,1.05182,2.48,1.50
2012.08.23 01:16:19.839,1.05172,1.05182,2.48,1.50
2012.08.23 01:16:20.338,1.05172,1.05183,1.73,1.50
2012.08.23 01:16:20.978,1.05171,1.05182,1.73,1.50
2012.08.23 01:16:21.229,1.05169,1.05182,1.73,1.73
2012.08.23 01:16:21.358,1.05168,1.05182,2.85,1.73
2012.08.23 01:16:23.120,1.05169,1.05182,2.48,1.73
2012.08.23 01:16:23.189,1.05169,1.05183,1.73,2.48
2012.08.23 01:16:23.319,1.05171,1.05183,1.35,1.50
2012.08.23 01:16:26.748,1.05172,1.05184,1.35,1.50
2012.08.23 01:16:27.288,1.05177,1.05186,1.35,1.50
2012.08.23 01:16:30.081,1.05172,1.05182,2.48,1.50
2012.08.23 01:16:30.150,1.05172,1.05182,3.23,1.50
2012.08.23 01:16:30.461,1.05177,1.05187,1.35,1.50
2012.08.23 01:16:35.128,1.05178,1.05187,1.35,1.50
2012.08.23 01:16:35.360,1.05181,1.0519,1.35,2.25
2012.08.23 01:16:35.609,1.05178,1.05187,1.35,1.50
2012.08.23 01:16:36.648,1.05179,1.05187,1.35,1.50
2012.08.23 01:16:36.780,1.05179,1.0519,1.35,2.25
2012.08.23 01:16:36.910,1.05179,1.0519,1.35,2.25
2012.08.23 01:16:37.316,1.05176,1.05189,1.50,2.25
2012.08.23 01:16:37.393,1.05174,1.05184,1.73,1.50
2012.08.23 01:16:37.539,1.05172,1.05184,2.48,1.50
2012.08.23 01:16:40.638,1.05175,1.05187,1.73,1.73
2012.08.23 01:16:43.192,1.05175,1.05184,1.73,1.50
2012.08.23 01:16:43.714,1.05175,1.05184,1.73,1.50
2012.08.23 01:16:44.219,1.05172,1.05183,3.23,1.50
2012.08.23 01:16:44.733,1.05172,1.05183,2.48,1.50
2012.08.23 01:16:45.332,1.05172,1.05183,2.48,1.50
2012.08.23 01:16:46.014,1.05172,1.05183,2.48,1.50
2012.08.23 01:16:46.139,1.05172,1.05183,1.73,1.50
2012.08.23 01:16:46.329,1.05169,1.05182,2.85,1.73
2012.08.23 01:16:47.600,1.05172,1.0518,1.50,1.73
2012.08.23 01:16:48.020,1.0517,1.05178,1.73,2.25
2012.08.23 01:16:48.208,1.05169,1.05178,1.73,1.50
2012.08.23 01:16:48.478,1.05167,1.05178,2.10,1.50
2012.08.23 01:16:50.158,1.05167,1.05179,2.10,1.50
2012.08.23 01:16:51.131,1.05168,1.05179,1.73,1.50
2012.08.23 01:16:51.259,1.0517,1.05181,1.35,2.48
2012.08.23 01:16:51.602,1.0517,1.05181,2.10,2.25
2012.08.23 01:16:52.369,1.0517,1.05181,2.10,2.25
2012.08.23 01:16:53.389,1.0517,1.05181,2.85,2.25
2012.08.23 01:16:57.209,1.0517,1.05181,1.35,1.50
2012.08.23 01:16:57.339,1.05168,1.05181,1.35,1.73
2012.08.23 01:17:27.272,1.05169,1.0518,1.73,1.50
2012.08.23 01:17:27.980,1.05169,1.0518,1.73,1.50
2012.08.23 01:17:28.430,1.05167,1.0518,1.13,1.50
2012.08.23 01:17:28.739,1.05165,1.05173,1.73,1.50
2012.08.23 01:17:29.360,1.05164,1.05173,1.50,1.73
2012.08.23 01:17:32.195,1.05165,1.05174,2.25,1.73
2012.08.23 01:17:35.609,1.05166,1.05175,1.50,1.51
2012.08.23 01:17:42.280,1.05167,1.05174,1.50,1.50
2012.08.23 01:17:44.799,1.05165,1.05174,1.50,2.48
2012.08.23 01:17:45.355,1.05164,1.05173,1.50,1.73
2012.08.23 01:17:51.040,1.0516,1.05169,1.50,1.73
2012.08.23 01:17:51.321,1.05159,1.05168,1.50,1.73
2012.08.23 01:17:51.710,1.05155,1.05166,1.73,1.73
2012.08.23 01:17:52.371,1.05151,1.05166,2.10,1.73
2012.08.23 01:17:52.918,1.05151,1.05166,2.85,1.73
2012.08.23 01:17:53.199,1.05153,1.05168,1.35,1.73
2012.08.23 01:17:53.270,1.05157,1.05168,1.13,1.73
2012.08.23 01:17:53.700,1.05155,1.05168,1.35,1.50
2012.08.23 01:17:53.770,1.05151,1.05168,2.85,1.73
2012.08.23 01:17:54.242,1.05152,1.05168,1.73,1.50
2012.08.23 01:17:55.984,1.05151,1.05167,2.10,1.73
2012.08.23 01:17:57.209,1.05154,1.05167,1.73,1.73
2012.08.23 01:17:57.338,1.05158,1.0517,1.13,1.73
2012.08.23 01:17:57.399,1.05158,1.0517,1.35,1.73
2012.08.23 01:17:58.603,1.05158,1.0517,2.10,1.73
2012.08.23 01:17:58.961,1.05158,1.05172,2.10,1.73
2012.08.23 01:18:00.738,1.0516,1.05172,1.73,1.73
2012.08.23 01:18:03.858,1.05164,1.05173,1.50,1.73
2012.08.23 01:18:04.048,1.05164,1.05173,1.50,1.73
2012.08.23 01:18:04.169,1.05164,1.05175,1.73,1.51
2012.08.23 01:18:05.962,1.05161,1.05175,1.73,1.50
2012.08.23 01:18:06.150,1.05161,1.05175,1.73,1.50
2012.08.23 01:18:07.511,1.0516,1.05174,1.50,1.73
2012.08.23 01:18:07.578,1.05161,1.05174,1.50,1.73
2012.08.23 01:18:09.769,1.05161,1.05174,1.50,1.73
2012.08.23 01:18:09.838,1.0516,1.05174,1.50,1.73
2012.08.23 01:18:13.370,1.05159,1.05174,1.73,1.73
2012.08.23 01:18:18.620,1.0516,1.05174,1.50,1.73
2012.08.23 01:18:18.688,1.05159,1.05174,1.73,1.73
2012.08.23 01:18:22.432,1.05159,1.05174,1.73,1.73
2012.08.23 01:18:25.883,1.0516,1.05176,2.25,1.51
2012.08.23 01:18:26.009,1.0516,1.05175,3.00,1.73
2012.08.23 01:18:26.581,1.0516,1.05175,3.00,1.73
2012.08.23 01:18:28.822,1.0516,1.05175,2.25,1.73
2012.08.23 01:18:33.513,1.05161,1.05173,1.50,1.73
2012.08.23 01:18:34.030,1.05161,1.05173,1.50,1.73
2012.08.23 01:18:40.709,1.05165,1.05175,1.50,1.73
2012.08.23 01:18:40.781,1.05165,1.05175,1.73,1.73
2012.08.23 01:18:40.969,1.05166,1.05175,1.13,1.73
2012.08.23 01:18:41.290,1.05168,1.05176,1.35,1.50
2012.08.23 01:18:44.848,1.05168,1.05179,1.35,2.70
2012.08.23 01:18:45.461,1.05168,1.05179,1.35,1.95
2012.08.23 01:18:53.289,1.05168,1.05179,1.35,1.95
2012.08.23 01:18:58.288,1.05168,1.05179,1.35,1.95
2012.08.23 01:18:59.228,1.05167,1.05179,1.35,1.95
2012.08.23 01:19:05.998,1.05169,1.05179,1.73,1.95
2012.08.23 01:19:26.280,1.05169,1.05182,1.73,1.73
2012.08.23 01:19:27.859,1.0517,1.05181,1.50,1.73
2012.08.23 01:19:28.348,1.0517,1.05181,1.73,2.48
2012.08.23 01:19:29.121,1.0517,1.05185,2.10,2.26
2012.08.23 01:19:30.968,1.0517,1.05184,1.35,1.50
2012.08.23 01:19:31.149,1.05168,1.05184,2.85,1.73
2012.08.23 01:19:32.489,1.05173,1.05185,1.50,1.73
2012.08.23 01:19:32.619,1.05173,1.05185,1.73,1.73
2012.08.23 01:19:33.019,1.05171,1.05185,1.73,1.73
2012.08.23 01:19:34.439,1.05173,1.05186,1.73,1.73
2012.08.23 01:19:34.760,1.05177,1.05187,1.13,1.73
2012.08.23 01:19:35.534,1.05177,1.05187,2.10,1.51
2012.08.23 01:19:38.110,1.05177,1.05187,2.10,1.51
2012.08.23 01:19:38.479,1.05174,1.05187,1.98,1.51
2012.08.23 01:19:38.669,1.05174,1.05186,1.73,1.73
2012.08.23 01:19:39.450,1.05174,1.05187,1.73,1.73
2012.08.23 01:19:40.264,1.05175,1.05186,2.48,1.73
2012.08.23 01:19:40.595,1.05177,1.05187,2.10,1.51
2012.08.23 01:19:42.122,1.05177,1.05187,2.10,1.51
2012.08.23 01:19:42.625,1.05177,1.05187,2.10,1.51
2012.08.23 01:19:43.939,1.05175,1.05187,2.48,2.48
2012.08.23 01:19:45.699,1.05175,1.05187,3.23,1.73
2012.08.23 01:19:46.249,1.05178,1.05187,1.35,1.51
2012.08.23 01:19:47.700,1.05175,1.05186,1.50,1.51
2012.08.23 01:19:47.769,1.05175,1.05186,1.73,1.73
2012.08.23 01:19:49.339,1.05175,1.05186,1.73,2.48
2012.08.23 01:19:49.919,1.05175,1.05184,1.73,1.51
2012.08.23 01:19:50.050,1.05175,1.05184,1.73,2.26
2012.08.23 01:19:50.704,1.05175,1.05183,1.50,1.73
2012.08.23 01:19:51.070,1.05175,1.05183,1.50,1.50
2012.08.23 01:19:51.818,1.05175,1.05184,2.25,1.51
2012.08.23 01:19:52.029,1.05176,1.05187,1.13,1.73
2012.08.23 01:19:52.726,1.05176,1.05185,1.35,1.51
2012.08.23 01:19:55.010,1.05178,1.05188,1.35,1.51
2012.08.23 01:19:55.330,1.05187,1.05194,1.35,1.50
2012.08.23 01:19:56.291,1.05187,1.05194,1.35,1.50
2012.08.23 01:19:56.679,1.05184,1.05192,1.59,2.25
2012.08.23 01:19:56.809,1.05186,1.05194,1.73,2.25
2012.08.23 01:20:03.379,1.05182,1.05192,2.20,1.50
2012.08.23 01:20:03.542,1.05182,1.05194,2.20,1.50
2012.08.23 01:20:03.610,1.05182,1.05192,2.20,1.50
2012.08.23 01:20:04.396,1.05182,1.05192,1.45,1.50
2012.08.23 01:20:04.997,1.05183,1.05192,1.73,1.50
2012.08.23 01:20:05.585,1.05183,1.05192,1.73,1.50
2012.08.23 01:20:06.102,1.05179,1.05192,1.45,1.73
2012.08.23 01:20:06.230,1.05182,1.05192,1.23,1.73
2012.08.23 01:20:06.599,1.05186,1.05194,1.73,1.50
2012.08.23 01:20:15.110,1.05202,1.05207,1.13,1.50
2012.08.23 01:20:19.086,1.05197,1.05202,1.13,1.73
2012.08.23 01:20:26.033,1.05184,1.05189,1.60,1.50
2012.08.23 01:20:30.264,1.05188,1.05195,1.50,2.25
2012.08.23 01:20:32.089,1.05189,1.05196,2.10,2.25
2012.08.23 01:20:36.943,1.05192,1.05198,1.88,2.25
2012.08.23 01:20:40.771,1.05186,1.05195,1.88,1.50
2012.08.23 01:20:40.900,1.05186,1.05196,1.88,1.50
2012.08.23 01:20:41.091,1.05185,1.05197,1.50,1.73
2012.08.23 01:20:41.319,1.05185,1.05197,1.88,2.25
2012.08.23 01:20:45.445,1.05181,1.05195,1.73,2.25
2012.08.23 01:20:47.281,1.05181,1.05195,2.48,3.00
2012.08.23 01:20:47.881,1.05181,1.05194,1.50,2.48
2012.08.23 01:20:51.000,1.05181,1.05187,1.50,1.50
2012.08.23 01:20:51.621,1.05181,1.05187,1.50,1.50
2012.08.23 01:20:52.491,1.05179,1.05185,1.73,1.50
2012.08.23 01:20:55.439,1.05181,1.05189,1.50,2.25
2012.08.23 01:20:56.163,1.05173,1.05202,2.25,1.50
2012.08.23 01:20:56.518,1.05173,1.05202,3.00,2.25
2012.08.23 01:20:56.864,1.05191,1.05202,1.13,2.25
2012.08.23 01:20:57.579,1.05191,1.05202,1.13,2.26
2012.08.23 01:20:57.988,1.05179,1.05191,1.50,1.50
2012.08.23 01:20:59.538,1.05183,1.05191,1.13,1.50
2012.08.23 01:21:00.819,1.05183,1.05191,1.13,2.25
2012.08.23 01:21:01.359,1.05183,1.0519,1.13,1.50
2012.08.23 01:21:03.202,1.05183,1.05189,1.13,1.50
2012.08.23 01:21:03.732,1.05183,1.05188,1.13,1.51
2012.08.23 01:21:03.799,1.05178,1.05187,1.13,1.50
2012.08.23 01:21:03.903,1.05183,1.05187,1.13,1.50
2012.08.23 01:21:04.233,1.05178,1.05187,1.13,1.50
2012.08.23 01:21:04.359,1.05183,1.05187,1.13,1.50
2012.08.23 01:21:07.722,1.05184,1.05188,1.50,1.50
2012.08.23 01:21:07.993,1.05187,1.05191,1.50,1.04
2012.08.23 01:21:08.121,1.05182,1.05188,2.25,2.25
2012.08.23 01:21:09.951,1.05186,1.05191,1.13,1.06
2012.08.23 01:21:13.044,1.05172,1.05186,1.73,1.50
2012.08.23 01:21:13.602,1.05182,1.05187,1.13,1.50
2012.08.23 01:21:14.831,1.05182,1.05189,1.88,2.48
2012.08.23 01:21:16.919,1.05182,1.05188,1.88,1.73
2012.08.23 01:21:18.269,1.05182,1.05188,1.88,1.73
2012.08.23 01:21:19.870,1.05179,1.05187,1.50,1.50
2012.08.23 01:21:20.543,1.05178,1.05183,1.88,1.73
2012.08.23 01:21:21.694,1.05181,1.05189,1.50,1.73
2012.08.23 01:21:22.562,1.05181,1.05189,2.25,1.73
2012.08.23 01:21:22.630,1.05179,1.05186,2.25,1.50
2012.08.23 01:21:23.639,1.05181,1.05186,1.50,1.50
2012.08.23 01:21:24.820,1.05179,1.05186,2.25,1.50
2012.08.23 01:21:25.426,1.05181,1.05189,2.25,1.73
2012.08.23 01:21:40.020,1.05181,1.05188,1.50,1.73
2012.08.23 01:21:40.560,1.05181,1.05189,2.25,1.73
2012.08.23 01:21:44.964,1.05178,1.05183,1.50,1.50
2012.08.23 01:21:46.461,1.05179,1.05183,1.50,1.73
2012.08.23 01:21:51.302,1.05181,1.05187,1.50,1.73
2012.08.23 01:21:55.934,1.05181,1.0519,1.50,1.13
2012.08.23 01:21:57.296,1.05181,1.0519,1.50,1.13
2012.08.23 01:22:05.140,1.05181,1.05192,2.25,2.63
2012.08.23 01:22:10.126,1.05181,1.05189,2.25,1.13
2012.08.23 01:22:10.660,1.05181,1.05189,2.25,1.13
2012.08.23 01:22:14.120,1.05181,1.05189,2.25,1.13
2012.08.23 01:22:17.292,1.05182,1.05189,1.50,1.13
2012.08.23 01:22:17.419,1.0518,1.05185,1.50,1.13
2012.08.23 01:22:19.390,1.05181,1.05192,1.50,1.50
2012.08.23 01:22:21.940,1.0518,1.05185,1.50,1.13
2012.08.23 01:22:22.455,1.05179,1.05185,2.48,1.13
2012.08.23 01:22:23.014,1.05179,1.05189,1.73,1.13
2012.08.23 01:22:24.010,1.05179,1.05189,1.73,1.88
2012.08.23 01:22:24.685,1.05179,1.05189,1.73,1.88
2012.08.23 01:22:32.829,1.05179,1.05189,1.73,1.13
2012.08.23 01:22:33.038,1.05179,1.05189,2.48,1.13
2012.08.23 01:22:33.411,1.05182,1.05194,2.48,1.88
2012.08.23 01:22:34.571,1.05182,1.05189,2.48,1.13
2012.08.23 01:22:34.941,1.05182,1.05189,1.50,1.88
2012.08.23 01:22:35.501,1.05177,1.05189,2.48,2.47
2012.08.23 01:22:36.052,1.05177,1.05183,1.50,1.50
2012.08.23 01:22:36.302,1.05181,1.05189,1.50,3.60
2012.08.23 01:22:36.501,1.05177,1.05184,1.50,1.73
2012.08.23 01:22:37.096,1.05176,1.05184,2.25,1.73
2012.08.23 01:22:39.462,1.05178,1.05184,1.88,1.73
2012.08.23 01:22:40.153,1.05181,1.05188,1.50,1.73
2012.08.23 01:22:40.341,1.05178,1.05184,1.88,1.50
2012.08.23 01:22:45.532,1.05177,1.05185,1.50,1.73
2012.08.23 01:22:55.083,1.0518,1.05186,1.50,1.51
2012.08.23 01:22:55.480,1.05177,1.05186,1.50,1.51
2012.08.23 01:22:56.581,1.05176,1.05186,1.50,1.50
2012.08.23 01:22:57.186,1.05177,1.05186,1.50,1.50
2012.08.23 01:22:57.848,1.05179,1.05186,1.50,1.50
2012.08.23 01:22:59.775,1.0518,1.05186,1.50,1.50
2012.08.23 01:23:01.121,1.05181,1.05191,2.25,1.51
2012.08.23 01:23:01.582,1.05181,1.05193,3.98,1.51
2012.08.23 01:23:01.650,1.05181,1.05195,3.98,1.50
2012.08.23 01:23:02.525,1.05181,1.05195,5.10,1.50
2012.08.23 01:23:03.209,1.05181,1.05195,5.10,1.50
2012.08.23 01:23:04.122,1.05181,1.05196,5.10,1.50
2012.08.23 01:23:05.082,1.05181,1.05195,3.00,2.25
2012.08.23 01:23:05.500,1.05182,1.05195,2.10,1.50
2012.08.23 01:23:05.691,1.05182,1.05195,2.10,1.50
2012.08.23 01:23:06.121,1.05187,1.05198,2.10,2.25
2012.08.23 01:23:06.820,1.05184,1.05195,3.23,1.50
2012.08.23 01:23:06.950,1.05187,1.05195,2.85,1.50
2012.08.23 01:23:07.121,1.05187,1.05197,2.85,1.50
2012.08.23 01:23:07.783,1.05187,1.05198,2.85,1.50
2012.08.23 01:23:09.301,1.05187,1.05198,2.85,2.25
2012.08.23 01:23:10.280,1.05187,1.05198,2.85,1.50
2012.08.23 01:23:10.491,1.05187,1.05198,2.85,2.25
2012.08.23 01:23:11.206,1.05187,1.05198,2.85,2.25
2012.08.23 01:23:12.610,1.05187,1.05198,3.33,2.25
2012.08.23 01:23:29.320,1.05189,1.05198,1.45,1.13
2012.08.23 01:23:29.619,1.05189,1.05198,1.45,1.13
2012.08.23 01:23:29.941,1.05196,1.05204,1.45,1.13
2012.08.23 01:23:30.203,1.05192,1.05198,1.23,1.13
2012.08.23 01:23:30.271,1.05192,1.05203,1.23,3.60
2012.08.23 01:23:30.772,1.05193,1.05203,1.45,3.38
2012.08.23 01:23:40.295,1.05193,1.05203,1.45,2.63
2012.08.23 01:23:41.681,1.05193,1.05203,1.45,2.63
2012.08.23 01:23:45.204,1.05193,1.05203,1.45,2.63
2012.08.23 01:23:47.601,1.05193,1.05198,1.45,1.13
2012.08.23 01:23:55.300,1.05192,1.05201,1.45,1.88
2012.08.23 01:23:56.331,1.05192,1.05201,1.45,1.13
2012.08.23 01:23:56.951,1.05192,1.05203,1.45,1.50
2012.08.23 01:23:57.479,1.05195,1.05201,1.50,1.13
2012.08.23 01:23:57.611,1.05196,1.05203,1.50,1.50
2012.08.23 01:23:58.549,1.05199,1.05204,1.73,1.50
2012.08.23 01:23:58.870,1.05195,1.05203,1.73,1.50
2012.08.23 01:23:58.942,1.05194,1.05201,1.73,1.13
2012.08.23 01:24:01.403,1.05192,1.05203,1.45,2.25
2012.08.23 01:24:02.912,1.05189,1.05193,1.50,1.13
2012.08.23 01:24:03.041,1.05196,1.05203,2.58,1.50
2012.08.23 01:24:04.220,1.05199,1.05203,1.73,1.50
2012.08.23 01:24:07.254,1.05186,1.05203,2.25,1.50
2012.08.23 01:24:08.106,1.05186,1.05198,2.25,1.13
2012.08.23 01:24:08.169,1.05186,1.05202,2.25,1.13
2012.08.23 01:24:08.564,1.05193,1.05202,2.55,1.13
2012.08.23 01:24:09.674,1.05194,1.05202,2.25,1.13
2012.08.23 01:24:10.204,1.05198,1.05205,1.50,1.50
2012.08.23 01:24:14.242,1.05198,1.05203,1.98,2.25
2012.08.23 01:24:14.404,1.05201,1.05205,1.50,1.50
2012.08.23 01:24:14.732,1.05206,1.05216,1.08,2.26
2012.08.23 01:24:19.724,1.05212,1.05226,1.23,3.23
2012.08.23 01:24:19.794,1.05217,1.05229,1.23,1.73
2012.08.23 01:24:19.861,1.05218,1.05231,1.73,1.73
2012.08.23 01:24:20.640,1.05219,1.05232,1.73,4.73
2012.08.23 01:24:22.493,1.05219,1.05231,1.73,3.98
2012.08.23 01:24:23.023,1.05219,1.05231,1.73,3.98
2012.08.23 01:24:23.909,1.05218,1.05231,2.20,3.98
2012.08.23 01:24:26.722,1.05219,1.05231,1.45,3.98
2012.08.23 01:24:26.791,1.0522,1.05231,1.45,3.00
2012.08.23 01:24:27.340,1.05225,1.05233,1.08,3.00
2012.08.23 01:24:28.429,1.05222,1.05231,1.73,3.75
2012.08.23 01:24:35.860,1.05216,1.05229,1.73,1.50
2012.08.23 01:24:35.929,1.05215,1.05228,1.50,1.73
2012.08.23 01:24:36.523,1.05217,1.05228,1.45,1.50
2012.08.23 01:24:37.960,1.05218,1.05228,1.45,1.50
2012.08.23 01:24:38.335,1.05217,1.05229,1.45,1.50
2012.08.23 01:24:38.459,1.05217,1.05232,1.08,1.73
2012.08.23 01:24:38.885,1.05226,1.05237,1.08,1.51
2012.08.23 01:24:39.660,1.05218,1.05234,1.45,1.50
2012.08.23 01:24:39.789,1.05218,1.05233,1.45,1.73
2012.08.23 01:24:39.848,1.05218,1.05233,1.45,1.73
2012.08.23 01:24:39.909,1.05218,1.05233,1.45,1.73
2012.08.23 01:24:40.219,1.05222,1.05234,1.45,1.50
2012.08.23 01:24:40.625,1.05218,1.05229,2.25,1.50
2012.08.23 01:24:41.127,1.05218,1.05228,1.98,1.50
2012.08.23 01:24:41.190,1.05222,1.05228,1.23,1.50
2012.08.23 01:24:41.823,1.0522,1.0523,1.45,1.50
2012.08.23 01:24:42.189,1.05218,1.05228,1.45,1.50
2012.08.23 01:24:46.647,1.05218,1.05228,1.83,1.50
2012.08.23 01:24:46.830,1.05215,1.05228,1.23,1.73
2012.08.23 01:24:47.377,1.05214,1.05224,1.50,1.73
2012.08.23 01:24:48.082,1.05214,1.05223,1.50,1.73
2012.08.23 01:24:49.120,1.05213,1.05225,1.50,1.73
2012.08.23 01:24:49.429,1.05213,1.05228,1.73,2.48
2012.08.23 01:24:49.711,1.05213,1.05228,1.73,2.48
2012.08.23 01:24:50.182,1.05213,1.05228,1.73,2.48
2012.08.23 01:24:50.524,1.05213,1.05228,2.20,2.48
2012.08.23 01:24:50.721,1.05213,1.05225,1.45,1.50
2012.08.23 01:24:51.040,1.05213,1.05225,2.20,1.50
2012.08.23 01:24:52.711,1.05209,1.05223,1.45,1.73
2012.08.23 01:24:53.905,1.05214,1.05224,1.23,1.73
2012.08.23 01:24:54.480,1.05214,1.05224,1.45,1.50
2012.08.23 01:24:55.008,1.05214,1.05225,1.45,1.50
2012.08.23 01:24:55.421,1.05214,1.05226,1.45,1.73
2012.08.23 01:24:56.700,1.05212,1.05224,1.45,1.50
2012.08.23 01:24:57.021,1.05209,1.05222,1.45,1.73
2012.08.23 01:24:57.381,1.05209,1.05222,2.20,1.50
2012.08.23 01:24:58.035,1.05209,1.05222,2.20,1.73
2012.08.23 01:24:59.509,1.05213,1.05227,1.50,1.73
2012.08.23 01:24:59.580,1.05213,1.05227,1.73,1.73
2012.08.23 01:25:00.339,1.05214,1.05228,1.73,2.48
2012.08.23 01:25:01.004,1.05213,1.05226,2.20,1.73
2012.08.23 01:25:01.130,1.05214,1.05227,1.73,1.73
2012.08.23 01:25:01.431,1.05217,1.05227,2.20,1.50
2012.08.23 01:25:03.613,1.05218,1.05232,1.73,1.73
2012.08.23 01:25:06.428,1.05218,1.05228,1.73,1.50
2012.08.23 01:25:06.891,1.05218,1.05233,1.73,3.23
2012.08.23 01:25:07.979,1.05223,1.05232,1.88,1.50
2012.08.23 01:25:08.110,1.05225,1.05236,1.98,2.48
2012.08.23 01:25:08.240,1.05227,1.05236,2.20,1.51
2012.08.23 01:25:09.603,1.05226,1.05236,2.20,1.51
2012.08.23 01:25:09.669,1.05226,1.05236,1.98,2.26
2012.08.23 01:25:10.002,1.05226,1.05236,1.98,2.25
2012.08.23 01:25:11.859,1.05226,1.05236,2.73,2.25
2012.08.23 01:25:12.211,1.05223,1.05236,1.35,2.25
2012.08.23 01:25:12.806,1.05227,1.05236,1.45,1.50
2012.08.23 01:25:13.769,1.05227,1.05241,2.20,2.48
2012.08.23 01:25:15.022,1.05227,1.0524,2.95,1.73
2012.08.23 01:25:15.090,1.05227,1.0524,2.95,1.73
2012.08.23 01:25:17.923,1.05229,1.05242,2.20,1.50
2012.08.23 01:25:18.709,1.05229,1.05242,2.20,1.50
2012.08.23 01:25:19.444,1.05229,1.05242,2.20,1.50
2012.08.23 01:25:19.840,1.05229,1.05242,2.20,1.50
2012.08.23 01:25:20.240,1.05229,1.05242,2.20,1.50
2012.08.23 01:25:20.310,1.05229,1.05243,2.20,1.73
2012.08.23 01:25:20.759,1.05229,1.05243,2.20,1.73
2012.08.23 01:25:21.251,1.0523,1.05246,1.45,2.26
2012.08.23 01:25:21.680,1.05237,1.05247,1.98,1.73
2012.08.23 01:25:21.930,1.05233,1.05247,2.20,1.73
2012.08.23 01:25:22.122,1.05237,1.05247,1.45,1.50
2012.08.23 01:25:22.370,1.05237,1.05247,1.45,1.50
2012.08.23 01:25:22.859,1.05238,1.05247,1.73,1.50
2012.08.23 01:25:23.906,1.05237,1.05247,2.20,1.50
2012.08.23 01:25:26.359,1.05236,1.0525,1.50,1.73
2012.08.23 01:25:27.240,1.05233,1.05247,2.33,1.73
2012.08.23 01:25:27.699,1.05233,1.05246,1.58,1.73
2012.08.23 01:25:28.373,1.0523,1.05247,2.25,2.48
2012.08.23 01:25:28.889,1.0523,1.05247,1.50,2.48
2012.08.23 01:25:29.201,1.05235,1.05245,1.50,1.51
2012.08.23 01:25:29.449,1.05236,1.05248,1.45,1.51
2012.08.23 01:25:30.529,1.05236,1.05249,2.20,1.50
2012.08.23 01:25:31.873,1.05233,1.05239,1.73,1.50
2012.08.23 01:25:33.313,1.05236,1.05244,2.20,1.50
2012.08.23 01:25:33.380,1.05236,1.05247,2.20,3.00
2012.08.23 01:25:33.451,1.05236,1.05248,1.23,2.25
2012.08.23 01:25:36.310,1.05239,1.05252,1.73,1.73
2012.08.23 01:25:39.989,1.0524,1.05252,1.45,1.73
2012.08.23 01:25:40.052,1.05241,1.05253,1.45,1.50
2012.08.23 01:25:40.490,1.05238,1.05252,2.20,2.48
2012.08.23 01:25:41.790,1.05235,1.05248,1.45,1.73
2012.08.23 01:25:42.124,1.05236,1.05247,1.45,1.50
2012.08.23 01:25:42.370,1.05234,1.05246,1.45,1.73
2012.08.23 01:25:43.469,1.05234,1.05247,2.20,1.73
2012.08.23 01:25:43.900,1.05234,1.05248,2.20,2.48
2012.08.23 01:25:43.970,1.05236,1.05248,1.23,1.73
2012.08.23 01:25:44.525,1.05236,1.0525,1.45,1.50
2012.08.23 01:25:48.346,1.05238,1.05254,1.45,2.48
2012.08.23 01:25:48.870,1.05238,1.05253,1.45,3.23
2012.08.23 01:25:49.370,1.05236,1.05249,1.50,1.73
2012.08.23 01:25:49.440,1.05237,1.05252,1.23,1.73
2012.08.23 01:25:49.992,1.05233,1.05248,1.45,1.73
2012.08.23 01:25:50.710,1.05236,1.05249,1.50,1.73
2012.08.23 01:25:50.900,1.05237,1.0525,2.20,1.51
2012.08.23 01:25:51.459,1.05239,1.05252,1.45,1.73
2012.08.23 01:25:52.070,1.05239,1.05253,1.45,1.73
2012.08.23 01:25:52.620,1.05239,1.05252,1.45,1.73
2012.08.23 01:25:53.297,1.05239,1.05252,1.45,1.73
2012.08.23 01:25:56.179,1.05239,1.05253,1.45,2.48
2012.08.23 01:25:57.917,1.05238,1.05253,1.73,1.73
2012.08.23 01:25:58.910,1.05239,1.05253,1.45,1.73
2012.08.23 01:25:59.099,1.05239,1.05253,1.45,1.73
2012.08.23 01:25:59.660,1.05239,1.05253,1.45,1.73
2012.08.23 01:25:59.900,1.05245,1.0526,1.45,1.73
2012.08.23 01:26:00.030,1.05243,1.05254,1.23,1.73
2012.08.23 01:26:00.162,1.0524,1.05254,1.23,1.73
2012.08.23 01:26:00.591,1.05242,1.05256,1.45,1.73
2012.08.23 01:26:00.945,1.05243,1.05254,1.45,1.51
2012.08.23 01:26:01.382,1.05243,1.05254,1.45,1.51
2012.08.23 01:26:01.451,1.05242,1.05254,1.23,1.73
2012.08.23 01:26:01.980,1.05242,1.05253,1.23,1.73
2012.08.23 01:26:02.210,1.05242,1.05253,1.23,1.73
2012.08.23 01:26:02.816,1.05242,1.05253,1.23,1.73
2012.08.23 01:26:03.359,1.05243,1.05254,1.45,1.51
2012.08.23 01:26:03.739,1.05243,1.05254,1.23,1.51
2012.08.23 01:26:04.250,1.0524,1.05254,2.20,1.51
2012.08.23 01:26:05.320,1.0524,1.05256,1.23,3.23
2012.08.23 01:26:05.870,1.05241,1.05254,1.23,1.73
2012.08.23 01:26:06.061,1.05241,1.05252,1.23,1.73
2012.08.23 01:26:07.473,1.05241,1.05253,1.23,1.73
2012.08.23 01:26:09.075,1.05239,1.05253,1.45,1.73
2012.08.23 01:26:10.220,1.0524,1.05256,1.50,3.98
2012.08.23 01:26:13.486,1.0524,1.05256,1.50,3.98
2012.08.23 01:26:15.800,1.05241,1.05256,2.25,3.98
2012.08.23 01:26:16.623,1.05241,1.05255,2.25,1.73
2012.08.23 01:26:19.481,1.05239,1.05254,2.20,1.73
2012.08.23 01:26:19.812,1.05239,1.05254,2.20,1.73
2012.08.23 01:26:19.976,1.05239,1.05254,2.20,1.73
2012.08.23 01:26:21.289,1.0524,1.05254,1.50,1.73
2012.08.23 01:26:22.840,1.0524,1.05254,1.50,1.73
2012.08.23 01:26:23.179,1.0524,1.05254,1.50,1.73
2012.08.23 01:26:23.240,1.0524,1.05254,1.50,1.73
2012.08.23 01:26:23.760,1.0524,1.05254,1.50,1.73
2012.08.23 01:26:24.291,1.0524,1.05254,1.50,3.23
2012.08.23 01:26:24.419,1.05239,1.05254,2.48,3.23
2012.08.23 01:26:24.899,1.05238,1.05253,2.48,1.73
2012.08.23 01:26:25.320,1.05239,1.05249,1.50,1.73
2012.08.23 01:26:27.789,1.05238,1.05249,1.50,1.73
2012.08.23 01:26:29.750,1.05239,1.05249,2.25,1.73
2012.08.23 01:26:30.292,1.05239,1.05249,1.50,1.73
2012.08.23 01:26:31.069,1.05239,1.0525,1.73,1.50
2012.08.23 01:26:31.666,1.05239,1.0525,2.48,1.50
2012.08.23 01:26:32.382,1.05239,1.0525,1.73,1.50
2012.08.23 01:26:33.969,1.05239,1.0525,1.73,1.50
2012.08.23 01:26:35.869,1.05239,1.05249,1.73,1.50
2012.08.23 01:26:36.171,1.05238,1.05249,1.50,2.48
2012.08.23 01:26:36.503,1.05239,1.05249,1.50,2.48
2012.08.23 01:26:37.320,1.05239,1.05249,1.50,2.48
2012.08.23 01:26:37.471,1.05239,1.05247,1.50,1.73
2012.08.23 01:26:37.810,1.05236,1.05247,2.18,2.48
2012.08.23 01:26:37.978,1.05239,1.05247,1.50,2.48
2012.08.23 01:26:38.610,1.05238,1.05245,1.50,1.50
2012.08.23 01:26:38.842,1.05238,1.05244,1.50,1.50
2012.08.23 01:26:41.007,1.05228,1.05233,2.33,1.50
2012.08.23 01:26:41.207,1.05237,1.05244,1.50,2.48
2012.08.23 01:26:41.400,1.05237,1.05247,1.50,1.73
2012.08.23 01:26:41.812,1.05237,1.05247,1.50,2.48
2012.08.23 01:26:42.362,1.05236,1.05247,3.68,1.73
2012.08.23 01:26:42.950,1.05236,1.05247,3.68,1.73
2012.08.23 01:26:44.759,1.05236,1.05248,2.93,3.23
2012.08.23 01:26:46.681,1.05237,1.05245,1.50,1.73
2012.08.23 01:26:47.405,1.05228,1.05237,2.20,2.25
2012.08.23 01:27:01.900,1.05237,1.05243,1.50,2.25
2012.08.23 01:27:08.281,1.05237,1.05242,1.50,1.50
2012.08.23 01:27:08.726,1.05235,1.05244,1.50,1.50
2012.08.23 01:27:19.290,1.05234,1.05242,1.50,1.73
2012.08.23 01:27:19.926,1.05234,1.05242,1.50,1.50
2012.08.23 01:27:22.433,1.05237,1.05244,1.50,1.35
2012.08.23 01:27:22.561,1.05237,1.05248,1.73,2.26
2012.08.23 01:27:22.871,1.05236,1.05248,1.50,2.48
2012.08.23 01:27:23.241,1.05236,1.05248,1.73,1.51
2012.08.23 01:27:23.848,1.05236,1.05249,1.73,1.51
2012.08.23 01:27:24.392,1.05235,1.05248,1.50,1.73
2012.08.23 01:27:24.604,1.05237,1.05249,1.73,1.51
2012.08.23 01:27:26.113,1.05235,1.05248,1.73,3.01
2012.08.23 01:27:26.181,1.05234,1.05248,1.73,3.98
2012.08.23 01:27:26.311,1.05233,1.05244,1.50,2.85
2012.08.23 01:27:29.713,1.05234,1.05246,2.20,1.73
2012.08.23 01:27:30.022,1.05234,1.05248,1.73,3.01
2012.08.23 01:27:30.153,1.05234,1.05247,1.73,1.73
2012.08.23 01:27:32.572,1.05234,1.05243,1.50,2.48
2012.08.23 01:27:36.455,1.05232,1.05243,1.50,1.73
2012.08.23 01:27:48.450,1.0523,1.05243,1.50,2.48
2012.08.23 01:27:55.500,1.0523,1.05243,1.50,1.73
2012.08.23 01:27:58.742,1.05233,1.05243,1.50,1.73
2012.08.23 01:27:59.292,1.05228,1.05243,5.63,3.23
2012.08.23 01:28:00.733,1.05228,1.0524,3.23,1.13
2012.08.23 01:28:01.280,1.05228,1.05239,3.23,1.13
2012.08.23 01:28:01.620,1.05228,1.05233,2.48,1.13
2012.08.23 01:28:01.693,1.05227,1.05231,3.15,1.13
2012.08.23 01:28:01.891,1.05228,1.05241,4.13,1.35
2012.08.23 01:28:02.080,1.05233,1.05243,1.13,3.23
2012.08.23 01:28:02.341,1.05228,1.05243,4.88,3.23
2012.08.23 01:28:02.471,1.05232,1.05243,1.13,3.23
2012.08.23 01:28:02.923,1.05233,1.05243,1.50,1.73
2012.08.23 01:28:29.692,1.05232,1.05246,2.20,1.73
2012.08.23 01:28:34.822,1.05232,1.05247,3.70,2.48
2012.08.23 01:28:39.767,1.05232,1.05246,2.20,1.73
2012.08.23 01:28:44.602,1.05232,1.05246,1.45,2.48
2012.08.23 01:28:44.912,1.05229,1.05244,3.98,2.85
2012.08.23 01:28:47.785,1.05234,1.05245,1.50,2.48
2012.08.23 01:28:48.054,1.05237,1.05249,1.65,1.73
2012.08.23 01:28:48.194,1.05238,1.05251,1.73,2.48
2012.08.23 01:28:48.335,1.0524,1.05252,1.50,2.11
2012.08.23 01:28:48.672,1.0524,1.05252,1.50,1.35
2012.08.23 01:28:50.481,1.05241,1.05252,2.25,1.35
2012.08.23 01:28:51.662,1.05242,1.05252,1.50,2.85
2012.08.23 01:28:51.912,1.05238,1.05248,1.73,1.50
2012.08.23 01:28:51.985,1.05237,1.05246,2.20,1.50
2012.08.23 01:28:52.294,1.05232,1.05244,1.98,2.48
2012.08.23 01:28:52.483,1.05232,1.05244,2.20,1.50
2012.08.23 01:28:52.613,1.05232,1.05246,2.20,1.73
2012.08.23 01:28:53.452,1.05231,1.05244,2.48,1.88
2012.08.23 01:28:53.762,1.05233,1.05246,1.50,1.73
2012.08.23 01:28:53.892,1.05233,1.05246,1.73,1.73
2012.08.23 01:28:54.026,1.05233,1.05243,1.73,1.88
2012.08.23 01:28:54.333,1.05233,1.05243,1.50,2.10
2012.08.23 01:28:54.842,1.05231,1.05243,1.50,2.10
2012.08.23 01:28:55.392,1.05231,1.05241,1.50,1.73
2012.08.23 01:28:56.211,1.05231,1.05241,1.50,1.73
2012.08.23 01:28:56.962,1.05231,1.05241,1.50,1.73
2012.08.23 01:28:58.862,1.05232,1.05243,1.50,2.10
2012.08.23 01:28:59.067,1.05236,1.05247,2.48,1.51
2012.08.23 01:28:59.801,1.05236,1.05249,2.48,3.75
2012.08.23 01:29:01.203,1.05237,1.05249,1.73,2.26
2012.08.23 01:29:01.534,1.05236,1.05249,2.25,2.48
2012.08.23 01:29:01.662,1.05236,1.05249,3.70,2.25
2012.08.23 01:29:04.513,1.05236,1.05248,1.73,1.50
2012.08.23 01:29:04.644,1.05233,1.05247,1.73,1.73
2012.08.23 01:29:05.234,1.05233,1.05247,1.73,2.48
2012.08.23 01:29:05.782,1.05233,1.05247,1.73,2.48
2012.08.23 01:29:07.504,1.05237,1.05247,1.50,2.48
2012.08.23 01:29:07.632,1.05237,1.05249,1.73,1.50
2012.08.23 01:29:08.152,1.05237,1.05252,2.48,2.85
2012.08.23 01:29:10.533,1.05237,1.05252,2.48,2.85
2012.08.23 01:29:11.188,1.05237,1.05252,2.48,2.85
2012.08.23 01:29:11.844,1.05237,1.05252,2.48,2.85
2012.08.23 01:29:12.614,1.05239,1.05252,1.73,2.85
2012.08.23 01:29:19.371,1.05238,1.05251,2.48,1.73
2012.08.23 01:29:19.983,1.05238,1.05252,1.73,3.60
2012.08.23 01:29:20.232,1.05238,1.05252,1.73,3.60
2012.08.23 01:29:26.617,1.0524,1.05252,3.23,1.35
2012.08.23 01:29:26.911,1.05244,1.05252,1.50,1.35
2012.08.23 01:29:27.364,1.05245,1.05254,1.50,1.50
2012.08.23 01:29:27.556,1.05242,1.05255,1.73,1.50
2012.08.23 01:29:27.813,1.05247,1.05257,3.00,1.73
2012.08.23 01:29:28.352,1.05247,1.05257,3.23,1.50
2012.08.23 01:29:29.243,1.05244,1.05258,2.95,1.50
2012.08.23 01:29:29.563,1.05247,1.05256,2.25,1.73
2012.08.23 01:29:29.752,1.05247,1.0526,2.48,3.00
2012.08.23 01:29:30.559,1.05247,1.0526,3.98,2.25
2012.08.23 01:29:31.188,1.05247,1.05262,3.23,2.85
2012.08.23 01:29:37.711,1.05252,1.05262,1.50,2.86
2012.08.23 01:29:39.611,1.0525,1.05262,1.50,1.35
2012.08.23 01:29:39.742,1.0525,1.05262,2.25,1.35
2012.08.23 01:29:40.282,1.05252,1.05262,1.50,1.35
2012.08.23 01:29:41.062,1.05253,1.05267,1.50,2.85
2012.08.23 01:29:41.725,1.05251,1.05263,1.50,4.35
2012.08.23 01:29:42.531,1.05253,1.05262,1.50,1.35
2012.08.23 01:29:43.082,1.05252,1.05262,1.50,1.35
2012.08.23 01:29:43.583,1.05255,1.05262,1.50,1.35
2012.08.23 01:29:44.087,1.05254,1.05262,1.50,1.35
2012.08.23 01:29:47.682,1.05252,1.05262,1.50,1.35
2012.08.23 01:29:48.101,1.05252,1.05262,1.50,1.35
2012.08.23 01:29:48.654,1.05253,1.05263,3.00,2.85
2012.08.23 01:29:48.963,1.05256,1.0527,1.50,1.73
2012.08.23 01:29:49.035,1.05257,1.0527,1.50,3.23
2012.08.23 01:29:49.225,1.05261,1.05271,2.25,1.73
2012.08.23 01:29:49.555,1.05258,1.05268,1.73,1.50
2012.08.23 01:29:50.103,1.05257,1.05268,1.73,1.50
2012.08.23 01:29:51.447,1.05253,1.05258,2.25,1.50
2012.08.23 01:29:51.667,1.05252,1.05263,1.50,2.85
2012.08.23 01:29:51.858,1.05254,1.05263,1.73,1.50
2012.08.23 01:29:51.934,1.05256,1.05263,2.25,1.50
2012.08.23 01:29:52.263,1.05257,1.05266,1.73,2.25
2012.08.23 01:29:52.333,1.05257,1.05266,1.73,3.00
2012.08.23 01:29:52.524,1.05257,1.05269,1.73,1.50
2012.08.23 01:29:53.058,1.05259,1.05271,1.73,1.73
2012.08.23 01:29:55.171,1.05258,1.05271,1.73,1.73
2012.08.23 01:29:55.241,1.05262,1.05271,1.70,1.73
2012.08.23 01:29:56.486,1.05262,1.05272,1.50,1.35
2012.08.23 01:29:56.864,1.05263,1.05268,1.50,1.50
2012.08.23 01:29:57.506,1.05261,1.05268,3.00,1.50
2012.08.23 01:29:58.154,1.05261,1.0527,2.25,1.73
2012.08.23 01:29:58.282,1.05264,1.05272,1.50,1.50
2012.08.23 01:29:58.824,1.05272,1.05285,2.20,1.50
2012.08.23 01:29:58.907,1.05272,1.05285,4.45,2.25
2012.08.23 01:29:59.424,1.05272,1.05286,1.73,2.48
2012.08.23 01:29:59.496,1.05272,1.05286,2.48,1.73
2012.08.23 01:30:00.015,1.05272,1.05287,3.98,2.48
2012.08.23 01:30:00.405,1.05272,1.05285,4.73,1.50
2012.08.23 01:30:00.756,1.05279,1.05284,1.50,1.50
2012.08.23 01:30:00.824,1.05279,1.05284,1.50,1.50
2012.08.23 01:30:01.013,1.05284,1.053,2.25,1.34
2012.08.23 01:30:01.085,1.05284,1.05297,1.50,2.09
2012.08.23 01:30:01.352,1.05284,1.05297,2.25,1.50
2012.08.23 01:30:01.424,1.05284,1.05298,1.50,1.50
2012.08.23 01:30:01.756,1.05286,1.05299,1.73,2.25
2012.08.23 01:30:02.290,1.05287,1.05297,1.73,1.50
2012.08.23 01:30:02.372,1.05283,1.05297,1.73,1.73
2012.08.23 01:30:02.515,1.05283,1.05293,2.48,1.50
2012.08.23 01:30:02.853,1.05283,1.05292,3.00,1.35
2012.08.23 01:30:03.174,1.05283,1.05298,2.25,3.23
2012.08.23 01:30:03.246,1.05282,1.05296,1.50,2.25
2012.08.23 01:30:03.809,1.05282,1.05296,1.50,2.25
2012.08.23 01:30:03.948,1.05281,1.05294,3.00,2.25
2012.08.23 01:30:04.213,1.05283,1.05297,2.25,1.73
2012.08.23 01:30:04.285,1.05287,1.05297,1.50,1.73
2012.08.23 01:30:04.616,1.05291,1.05299,1.50,1.50
2012.08.23 01:30:04.967,1.05287,1.05295,1.50,1.13
2012.08.23 01:30:05.049,1.05293,1.05302,1.50,2.26
2012.08.23 01:30:05.254,1.05291,1.05302,1.50,1.51
2012.08.23 01:30:05.393,1.05293,1.05303,1.50,1.50
2012.08.23 01:30:06.005,1.0529,1.05304,1.50,2.25
2012.08.23 01:30:06.866,1.0529,1.05304,1.50,3.75
2012.08.23 01:30:07.373,1.05291,1.05303,1.50,1.50
2012.08.23 01:30:07.883,1.05291,1.05304,1.50,3.83
2012.08.23 01:30:08.922,1.05291,1.05303,3.75,1.50
2012.08.23 01:30:09.690,1.05291,1.05303,1.50,2.25
2012.08.23 01:30:09.953,1.05291,1.05303,1.50,3.00
2012.08.23 01:30:10.515,1.05291,1.05303,1.50,2.25
2012.08.23 01:30:10.583,1.05289,1.05302,3.00,1.50
2012.08.23 01:30:10.773,1.05289,1.05301,1.50,1.50
2012.08.23 01:30:11.022,1.05287,1.05301,2.25,1.50
2012.08.23 01:30:11.154,1.05287,1.05301,2.25,1.50
2012.08.23 01:30:13.575,1.05287,1.05299,2.25,2.25
2012.08.23 01:30:13.985,1.0529,1.05298,1.13,1.50
2012.08.23 01:30:14.314,1.05291,1.05303,1.50,3.00
2012.08.23 01:30:14.862,1.0529,1.05302,2.25,1.50
2012.08.23 01:30:15.111,1.05288,1.05301,2.25,1.50
2012.08.23 01:30:15.684,1.05289,1.05303,1.50,4.50
2012.08.23 01:30:15.754,1.05292,1.05303,1.50,2.25
2012.08.23 01:30:16.753,1.05293,1.05302,1.50,2.25
2012.08.23 01:30:17.295,1.05294,1.0531,1.73,1.73
2012.08.23 01:30:17.436,1.05297,1.05307,1.50,1.88
2012.08.23 01:30:17.584,1.05299,1.05315,2.48,2.48
2012.08.23 01:30:18.103,1.053,1.05311,3.23,1.91
2012.08.23 01:30:18.615,1.053,1.05311,1.73,1.73
2012.08.23 01:30:19.471,1.053,1.0531,1.73,1.73
2012.08.23 01:30:20.212,1.053,1.0531,2.48,1.73
2012.08.23 01:30:20.656,1.053,1.05313,2.48,4.73
2012.08.23 01:30:20.914,1.05294,1.05304,3.30,1.73
2012.08.23 01:30:21.164,1.05289,1.05303,1.73,3.98
2012.08.23 01:30:21.352,1.05288,1.05301,1.73,3.23
2012.08.23 01:30:22.733,1.05288,1.05298,1.73,1.50
2012.08.23 01:30:25.303,1.05288,1.053,1.73,2.48
2012.08.23 01:30:25.613,1.05287,1.05297,1.73,1.50
2012.08.23 01:30:25.984,1.05285,1.05298,1.28,2.25
2012.08.23 01:30:26.114,1.05283,1.05297,2.48,1.73
2012.08.23 01:30:26.303,1.05281,1.05294,3.23,1.50
2012.08.23 01:30:26.622,1.05281,1.0529,1.50,1.73
2012.08.23 01:30:26.934,1.05282,1.0529,2.25,1.73
2012.08.23 01:30:27.134,1.05288,1.05298,1.50,1.73
2012.08.23 01:30:27.454,1.05288,1.05293,1.50,1.50
2012.08.23 01:30:27.525,1.05282,1.05293,3.23,3.00
2012.08.23 01:30:27.653,1.05282,1.05293,3.00,3.23
2012.08.23 01:30:28.318,1.05282,1.05293,1.50,1.73
2012.08.23 01:30:28.632,1.05287,1.05298,1.50,2.48
2012.08.23 01:30:28.703,1.05282,1.05298,3.98,2.48
2012.08.23 01:30:29.223,1.05282,1.05296,3.23,1.73
2012.08.23 01:30:29.294,1.05282,1.05296,1.50,1.73
2012.08.23 01:30:29.893,1.05281,1.05294,1.50,3.98
2012.08.23 01:30:32.583,1.05282,1.05294,3.00,2.48
2012.08.23 01:30:33.525,1.05281,1.05289,3.00,1.50
2012.08.23 01:30:33.847,1.05278,1.05282,1.50,2.25
2012.08.23 01:30:34.042,1.05272,1.0528,1.50,1.50
2012.08.23 01:30:34.794,1.0527,1.0528,1.50,1.50
2012.08.23 01:30:35.653,1.05272,1.05282,2.25,1.73
2012.08.23 01:30:36.154,1.0527,1.0528,1.50,1.50
2012.08.23 01:30:36.353,1.05266,1.05274,1.80,1.50
2012.08.23 01:30:36.483,1.05269,1.05276,1.50,1.73
2012.08.23 01:30:36.685,1.05272,1.0528,1.50,1.50
2012.08.23 01:30:38.473,1.05269,1.0528,1.73,1.50
2012.08.23 01:30:40.430,1.05269,1.0528,1.73,1.50
2012.08.23 01:30:40.772,1.05268,1.0528,1.73,1.50
2012.08.23 01:30:41.812,1.05272,1.05281,1.50,2.48
2012.08.23 01:30:42.582,1.05272,1.05281,1.50,1.73
2012.08.23 01:30:42.932,1.0527,1.05281,1.50,1.73
2012.08.23 01:30:43.187,1.0527,1.05279,1.50,2.25
2012.08.23 01:30:43.395,1.05262,1.05274,2.25,1.73
2012.08.23 01:30:43.835,1.05262,1.05275,3.00,1.73
2012.08.23 01:30:44.025,1.05264,1.05276,2.48,2.48
2012.08.23 01:30:45.773,1.05264,1.05278,3.23,2.48
2012.08.23 01:30:46.936,1.05264,1.05276,2.48,2.48
2012.08.23 01:30:47.378,1.0526,1.05273,3.23,1.73
2012.08.23 01:30:47.457,1.0526,1.05273,3.23,1.73
2012.08.23 01:30:48.016,1.05259,1.05267,3.23,1.50
2012.08.23 01:30:48.086,1.05258,1.05267,1.73,1.50
2012.08.23 01:30:48.224,1.05255,1.05265,1.28,1.50
2012.08.23 01:30:48.494,1.05248,1.05257,3.00,1.13
2012.08.23 01:30:48.776,1.05242,1.05252,1.73,1.50
2012.08.23 01:30:48.844,1.05239,1.05252,3.98,1.73
2012.08.23 01:30:48.913,1.05239,1.05252,3.98,1.73
2012.08.23 01:30:48.983,1.05239,1.05251,3.23,1.73
2012.08.23 01:30:49.324,1.05236,1.05245,1.73,1.50
2012.08.23 01:30:49.666,1.05235,1.05248,1.35,3.23
2012.08.23 01:30:49.734,1.05237,1.05248,1.20,3.98
2012.08.23 01:30:50.068,1.05239,1.0525,1.73,3.00
2012.08.23 01:30:51.005,1.05239,1.0525,3.08,1.50
2012.08.23 01:30:51.195,1.05239,1.05251,2.48,1.73
2012.08.23 01:30:51.384,1.05244,1.05255,2.48,2.48
2012.08.23 01:30:51.932,1.05246,1.05257,1.50,1.73
2012.08.23 01:30:52.672,1.05246,1.0526,2.25,2.48
2012.08.23 01:30:53.564,1.05247,1.0526,1.50,1.73
2012.08.23 01:30:53.875,1.05247,1.05261,3.23,2.48
2012.08.23 01:30:54.208,1.05251,1.05263,1.50,2.48
2012.08.23 01:30:55.353,1.05252,1.05263,1.50,1.73
2012.08.23 01:30:55.831,1.05252,1.05264,1.50,3.23
2012.08.23 01:30:57.802,1.05251,1.05265,3.00,1.73
2012.08.23 01:30:57.992,1.05251,1.0526,1.50,3.07
2012.08.23 01:30:58.122,1.05251,1.05259,1.50,2.84
2012.08.23 01:30:58.444,1.05239,1.05248,3.98,1.50
2012.08.23 01:30:58.956,1.05239,1.05248,1.58,1.50
2012.08.23 01:30:59.836,1.05239,1.05252,2.48,1.73
2012.08.23 01:31:00.383,1.05239,1.05251,3.23,1.73
2012.08.23 01:31:00.937,1.0524,1.05251,1.50,1.73
2012.08.23 01:31:01.302,1.05241,1.05254,1.73,3.01
2012.08.23 01:31:01.852,1.05239,1.05252,3.23,1.73
2012.08.23 01:31:02.544,1.05239,1.05251,1.73,1.73
2012.08.23 01:31:03.106,1.05238,1.05252,1.73,1.73
2012.08.23 01:31:03.633,1.05239,1.05252,2.48,1.73
2012.08.23 01:31:03.706,1.0524,1.05252,1.50,1.73
2012.08.23 01:31:04.034,1.05242,1.05253,1.73,1.50
2012.08.23 01:31:04.658,1.05242,1.05255,1.73,3.23
2012.08.23 01:31:05.226,1.05242,1.05255,1.73,3.98
2012.08.23 01:31:05.716,1.05242,1.05256,1.73,2.48
2012.08.23 01:31:06.083,1.05242,1.05255,2.25,1.73
2012.08.23 01:31:06.212,1.05241,1.05254,2.25,1.73
2012.08.23 01:31:06.344,1.0524,1.05253,1.73,2.48
2012.08.23 01:31:06.854,1.05237,1.05249,2.93,2.25
2012.08.23 01:31:07.415,1.05239,1.0525,1.58,1.73
2012.08.23 01:31:07.923,1.0524,1.0525,1.73,1.73
2012.08.23 01:31:09.832,1.05236,1.0525,1.73,3.23
2012.08.23 01:31:10.382,1.05238,1.0525,1.43,3.98
2012.08.23 01:31:10.925,1.05238,1.0525,1.43,3.23
2012.08.23 01:31:13.103,1.05237,1.0525,2.48,3.23
2012.08.23 01:31:13.431,1.05231,1.05245,5.02,2.48
2012.08.23 01:31:14.013,1.05231,1.05245,2.40,2.48
2012.08.23 01:31:14.534,1.05231,1.05245,1.65,3.23
2012.08.23 01:31:15.089,1.05231,1.05245,1.65,3.23
2012.08.23 01:31:15.592,1.05233,1.05245,1.65,1.73
2012.08.23 01:31:16.143,1.05235,1.05248,1.50,3.23
2012.08.23 01:31:16.214,1.05236,1.05251,1.50,4.71
2012.08.23 01:31:16.522,1.05236,1.05251,3.00,4.49
2012.08.23 01:31:17.222,1.05237,1.05251,1.50,4.49
2012.08.23 01:31:19.153,1.05236,1.05251,2.25,3.75
2012.08.23 01:31:21.882,1.05236,1.05251,2.25,4.49
2012.08.23 01:31:25.704,1.0524,1.05253,2.25,1.50
2012.08.23 01:31:25.892,1.05239,1.05253,4.43,1.50
2012.08.23 01:31:26.685,1.05239,1.05248,1.50,1.50
2012.08.23 01:31:28.723,1.0524,1.05252,1.50,2.25
2012.08.23 01:31:29.164,1.05241,1.05253,2.25,1.50
2012.08.23 01:31:29.486,1.05245,1.05255,1.50,1.50
2012.08.23 01:31:29.923,1.05245,1.05258,2.25,2.48
2012.08.23 01:31:30.434,1.05245,1.05252,1.50,1.50
2012.08.23 01:31:30.756,1.0525,1.05255,1.50,2.25
2012.08.23 01:31:30.825,1.0525,1.05257,1.73,2.25
2012.08.23 01:31:31.854,1.05247,1.0526,1.73,3.98
2012.08.23 01:31:32.413,1.0525,1.0526,1.73,3.23
2012.08.23 01:31:33.435,1.05246,1.05257,1.23,1.13
2012.08.23 01:31:33.686,1.05241,1.05251,1.50,1.73
2012.08.23 01:31:34.194,1.05237,1.05249,2.88,1.50
2012.08.23 01:31:36.014,1.05239,1.05251,1.65,1.73
2012.08.23 01:31:40.103,1.0524,1.05253,3.08,1.35
2012.08.23 01:31:40.173,1.0524,1.05253,2.40,1.35
2012.08.23 01:31:40.243,1.05241,1.05253,1.43,1.35
2012.08.23 01:31:40.673,1.05242,1.05254,2.18,1.35
2012.08.23 01:31:40.804,1.05242,1.05255,2.20,2.25
2012.08.23 01:31:41.065,1.05243,1.05258,2.20,3.23
2012.08.23 01:31:41.253,1.05246,1.05258,2.25,2.48
2012.08.23 01:31:41.444,1.05247,1.0526,1.73,1.50
2012.08.23 01:31:42.060,1.05247,1.05261,1.73,3.23
2012.08.23 01:31:42.583,1.05247,1.05259,1.73,1.50
2012.08.23 01:31:43.204,1.05246,1.05259,2.20,3.00
2012.08.23 01:31:43.334,1.05242,1.05256,2.95,1.73
2012.08.23 01:31:43.883,1.05242,1.05256,2.95,1.73
2012.08.23 01:31:44.014,1.05242,1.05253,2.95,1.50
2012.08.23 01:31:44.624,1.05242,1.05255,1.73,2.25
2012.08.23 01:31:45.024,1.0524,1.05253,1.73,1.88
2012.08.23 01:31:45.213,1.0524,1.05253,1.73,1.35
2012.08.23 01:31:47.514,1.05244,1.05254,1.08,2.10
2012.08.23 01:31:47.909,1.05248,1.05257,1.73,1.50
2012.08.23 01:31:47.984,1.05248,1.05261,1.73,2.48
2012.08.23 01:31:48.373,1.05244,1.05259,3.63,1.73
2012.08.23 01:31:49.073,1.05248,1.05258,2.48,1.50
2012.08.23 01:31:49.144,1.05248,1.0526,2.48,2.25
2012.08.23 01:31:51.173,1.05248,1.05263,2.95,2.85
2012.08.23 01:31:51.953,1.05249,1.05263,1.73,2.10
2012.08.23 01:31:52.504,1.0525,1.05264,2.25,3.60
2012.08.23 01:31:52.695,1.05248,1.05254,1.65,1.13
2012.08.23 01:31:52.894,1.05244,1.05252,2.25,1.73
2012.08.23 01:31:52.964,1.05241,1.05252,1.50,1.73
2012.08.23 01:31:53.283,1.05239,1.0525,2.13,2.48
2012.08.23 01:31:57.342,1.0524,1.05253,1.65,3.60
2012.08.23 01:31:57.592,1.0524,1.05253,1.65,3.60
2012.08.23 01:31:58.215,1.0524,1.05253,1.65,3.60
2012.08.23 01:31:58.522,1.0524,1.05253,1.65,3.60
2012.08.23 01:32:00.145,1.0524,1.05253,1.65,3.60
2012.08.23 01:32:05.322,1.0524,1.05253,1.65,4.35
2012.08.23 01:32:05.880,1.0524,1.05253,1.65,2.10
2012.08.23 01:32:06.653,1.0524,1.05253,1.73,2.10
2012.08.23 01:32:09.286,1.0524,1.05253,1.73,2.10
2012.08.23 01:32:10.416,1.05241,1.05253,1.43,2.10
2012.08.23 01:32:10.722,1.05241,1.05253,1.43,2.10
2012.08.23 01:32:11.413,1.05241,1.05253,1.43,2.10
2012.08.23 01:32:13.023,1.0524,1.05253,2.40,2.10
2012.08.23 01:32:13.552,1.0524,1.05253,2.40,2.10
2012.08.23 01:32:14.262,1.05239,1.05252,5.88,1.35
2012.08.23 01:32:15.837,1.05241,1.05252,1.43,1.35
2012.08.23 01:32:16.343,1.05243,1.05253,1.43,1.35
2012.08.23 01:32:16.414,1.05243,1.05253,1.65,1.13
2012.08.23 01:32:16.488,1.05243,1.05256,1.73,2.48
2012.08.23 01:32:16.696,1.05243,1.05259,3.23,3.98
2012.08.23 01:32:17.684,1.05243,1.05259,1.73,3.98
2012.08.23 01:32:19.943,1.05244,1.05259,1.73,3.98
2012.08.23 01:32:20.253,1.05247,1.05261,2.48,1.73
2012.08.23 01:32:21.182,1.05246,1.05261,3.70,3.23
2012.08.23 01:32:21.533,1.05247,1.05261,1.73,3.23
2012.08.23 01:32:22.135,1.05248,1.05261,1.73,3.23
2012.08.23 01:32:22.458,1.05255,1.05263,2.20,1.50
2012.08.23 01:32:22.878,1.05251,1.05262,1.50,1.50
2012.08.23 01:32:23.084,1.05251,1.05263,1.50,4.35
2012.08.23 01:32:23.214,1.05253,1.05261,1.50,1.73
2012.08.23 01:32:23.407,1.05248,1.0526,1.45,1.50
2012.08.23 01:32:23.477,1.05245,1.0526,1.73,3.00
2012.08.23 01:32:23.614,1.05244,1.05255,1.73,2.48
2012.08.23 01:32:23.875,1.05242,1.05253,3.23,1.50
2012.08.23 01:32:24.145,1.0524,1.05252,1.65,1.73
2012.08.23 01:32:25.650,1.0524,1.05251,2.33,1.73
2012.08.23 01:32:25.783,1.0524,1.05251,2.10,1.73
2012.08.23 01:32:25.852,1.05236,1.0525,2.18,1.73
2012.08.23 01:32:25.926,1.05239,1.0525,2.10,1.73
2012.08.23 01:32:26.123,1.0524,1.05252,1.65,2.85
2012.08.23 01:32:28.543,1.0524,1.05252,2.33,1.35
2012.08.23 01:32:37.662,1.0524,1.05253,3.83,2.10
2012.08.23 01:32:39.864,1.05241,1.05258,5.13,3.23
2012.08.23 01:32:40.432,1.05245,1.05259,2.48,2.48
2012.08.23 01:32:40.576,1.05246,1.05261,5.20,3.23
2012.08.23 01:32:40.929,1.05247,1.05262,1.73,2.85
2012.08.23 01:32:41.483,1.05248,1.05262,2.48,2.85
2012.08.23 01:32:43.410,1.05249,1.05262,2.40,1.35
2012.08.23 01:32:47.584,1.05247,1.05261,3.90,3.23
2012.08.23 01:32:50.563,1.05247,1.0526,2.33,1.50
2012.08.23 01:32:54.095,1.05246,1.05258,1.50,1.73
2012.08.23 01:32:54.225,1.05243,1.05258,2.48,4.73
2012.08.23 01:32:54.353,1.05242,1.05256,2.20,3.23
2012.08.23 01:32:54.674,1.05241,1.05253,2.25,2.10
2012.08.23 01:32:55.234,1.05238,1.05253,3.23,2.10
2012.08.23 01:32:56.410,1.0524,1.05253,1.43,2.10
2012.08.23 01:32:58.111,1.05239,1.05253,1.65,2.10
2012.08.23 01:32:58.662,1.05239,1.05252,1.73,3.98
2012.08.23 01:32:59.273,1.05239,1.05252,1.73,3.23
2012.08.23 01:33:00.231,1.05239,1.05252,1.73,3.23
2012.08.23 01:33:04.414,1.05239,1.05253,3.23,2.85
2012.08.23 01:33:07.075,1.05239,1.05253,3.23,3.60
2012.08.23 01:33:07.536,1.0524,1.05256,3.63,2.48
2012.08.23 01:33:07.666,1.05242,1.05256,2.48,1.73
2012.08.23 01:33:08.214,1.05244,1.05258,2.48,1.73
2012.08.23 01:33:10.632,1.05245,1.05259,3.00,1.73
2012.08.23 01:33:10.824,1.05247,1.0526,1.50,2.48
2012.08.23 01:33:10.953,1.05249,1.05261,2.48,1.73
2012.08.23 01:33:11.419,1.0525,1.05262,1.50,1.73
2012.08.23 01:33:11.973,1.05249,1.05263,3.15,1.35
2012.08.23 01:33:12.464,1.05254,1.05264,1.50,1.73
2012.08.23 01:33:12.594,1.05257,1.05268,1.50,2.48
2012.08.23 01:33:12.664,1.05257,1.05268,1.50,3.23
2012.08.23 01:33:12.876,1.05254,1.05263,1.73,1.13
2012.08.23 01:33:12.943,1.05254,1.05263,1.50,1.35
2012.08.23 01:33:13.444,1.05253,1.05263,2.18,1.35
2012.08.23 01:33:14.816,1.05254,1.05268,1.73,3.23
2012.08.23 01:33:15.333,1.05256,1.05272,2.20,1.73
2012.08.23 01:33:15.404,1.05256,1.05272,2.20,1.73
2012.08.23 01:33:15.533,1.05258,1.05272,1.73,1.73
2012.08.23 01:33:17.454,1.05258,1.05272,1.73,1.73
2012.08.23 01:33:18.014,1.05258,1.05272,2.48,1.73
2012.08.23 01:33:18.728,1.05258,1.05272,2.48,1.73
2012.08.23 01:33:19.654,1.0526,1.05275,1.23,2.48
2012.08.23 01:33:20.005,1.05264,1.05277,3.98,1.73
2012.08.23 01:33:20.335,1.05269,1.0528,1.50,1.73
2012.08.23 01:33:20.533,1.05269,1.05281,2.48,1.73
2012.08.23 01:33:21.043,1.05267,1.05281,1.50,2.10
2012.08.23 01:33:21.656,1.05266,1.05279,3.00,1.73
2012.08.23 01:33:21.973,1.05269,1.05283,3.23,2.11
2012.08.23 01:33:22.474,1.05267,1.05282,4.73,2.48
2012.08.23 01:33:22.994,1.05269,1.05282,1.73,1.35
2012.08.23 01:33:29.203,1.05272,1.05282,1.50,1.35
2012.08.23 01:33:29.751,1.05271,1.05283,1.50,2.10
2012.08.23 01:33:33.454,1.05269,1.05283,3.98,2.10
2012.08.23 01:33:36.492,1.0527,1.05283,1.65,2.10
2012.08.23 01:33:43.473,1.05271,1.05283,1.43,1.35
2012.08.23 01:33:43.903,1.05272,1.05284,1.50,1.35
2012.08.23 01:33:44.034,1.05272,1.05288,3.63,1.73
2012.08.23 01:33:44.223,1.05277,1.05288,1.50,1.73
2012.08.23 01:33:44.533,1.05274,1.05288,4.73,2.48
2012.08.23 01:33:45.184,1.05275,1.05288,2.25,1.73
2012.08.23 01:33:45.323,1.05277,1.0529,1.73,4.51
2012.08.23 01:33:45.654,1.05283,1.05293,1.50,2.48
2012.08.23 01:33:45.784,1.05283,1.05293,1.50,1.73
2012.08.23 01:33:46.573,1.0528,1.05292,1.50,2.48
2012.08.23 01:33:47.086,1.05281,1.05293,1.50,2.48
2012.08.23 01:33:47.630,1.0528,1.05291,1.50,3.23
2012.08.23 01:33:48.223,1.0528,1.05291,1.50,2.48
2012.08.23 01:33:48.814,1.0528,1.05292,1.50,1.73
2012.08.23 01:33:49.634,1.05279,1.05293,1.73,3.23
2012.08.23 01:33:50.184,1.0528,1.05293,2.18,1.73
2012.08.23 01:33:51.215,1.0528,1.05293,1.50,1.73
2012.08.23 01:33:51.703,1.0528,1.05295,1.23,3.61
2012.08.23 01:33:52.253,1.05283,1.05298,2.25,3.98
2012.08.23 01:33:52.323,1.05283,1.05298,2.25,3.98
2012.08.23 01:33:53.122,1.05283,1.05296,1.23,1.50
2012.08.23 01:33:53.985,1.05283,1.05296,1.23,1.50
2012.08.23 01:33:54.114,1.05285,1.05299,2.25,3.75
2012.08.23 01:33:54.786,1.05285,1.05299,2.25,3.00
2012.08.23 01:33:56.092,1.05283,1.05297,1.98,1.50
2012.08.23 01:33:56.754,1.05283,1.05293,1.98,1.50
2012.08.23 01:33:57.075,1.0528,1.05291,1.98,1.50
2012.08.23 01:33:57.392,1.0528,1.05289,1.73,1.50
2012.08.23 01:33:57.703,1.05281,1.05293,1.43,1.50
2012.08.23 01:33:57.773,1.05281,1.05293,1.43,1.73
2012.08.23 01:33:58.824,1.05279,1.05294,4.45,4.13
2012.08.23 01:33:58.895,1.05279,1.05294,3.70,4.35
2012.08.23 01:34:01.023,1.0528,1.05294,1.73,4.35
2012.08.23 01:34:01.543,1.05281,1.05294,2.25,2.10
2012.08.23 01:34:02.686,1.05283,1.05297,1.45,2.48
2012.08.23 01:34:02.770,1.0528,1.05293,2.95,1.73
2012.08.23 01:34:03.506,1.0528,1.05288,1.73,1.88
2012.08.23 01:34:03.773,1.05275,1.05286,1.73,1.73
2012.08.23 01:34:03.844,1.05275,1.05289,1.73,2.48
2012.08.23 01:34:04.473,1.05275,1.0529,3.23,1.73
2012.08.23 01:34:04.794,1.05278,1.05292,1.98,1.50
2012.08.23 01:34:04.863,1.05278,1.05292,1.98,1.50
2012.08.23 01:34:05.394,1.05281,1.05294,2.25,3.75
2012.08.23 01:34:05.462,1.05281,1.05294,2.25,3.75
2012.08.23 01:34:05.656,1.05281,1.05293,2.25,1.50
2012.08.23 01:34:06.185,1.05281,1.05293,2.25,1.50
2012.08.23 01:34:06.496,1.05281,1.05293,1.50,1.51
2012.08.23 01:34:06.824,1.05277,1.05291,2.25,2.25
2012.08.23 01:34:07.194,1.05277,1.05289,2.25,2.25
2012.08.23 01:34:07.979,1.05277,1.0529,2.25,1.50
2012.08.23 01:34:08.054,1.05277,1.0529,2.25,1.50
2012.08.23 01:34:08.562,1.05278,1.05291,1.50,1.50
2012.08.23 01:34:09.096,1.05277,1.05291,2.25,1.50
2012.08.23 01:34:09.356,1.05277,1.05289,2.55,1.50
2012.08.23 01:34:09.544,1.05276,1.05289,3.78,2.25
2012.08.23 01:34:09.915,1.05273,1.05287,1.45,2.48
2012.08.23 01:34:09.985,1.05272,1.05285,3.23,1.50
2012.08.23 01:34:10.334,1.0527,1.05284,1.65,2.10
2012.08.23 01:34:11.905,1.05273,1.05284,1.43,1.35
2012.08.23 01:34:12.164,1.05272,1.05289,3.63,3.98
2012.08.23 01:34:12.497,1.05276,1.0529,2.25,1.73
2012.08.23 01:34:13.017,1.05276,1.05289,2.25,1.73
2012.08.23 01:34:13.096,1.05276,1.05289,2.25,1.73
2012.08.23 01:34:13.903,1.05276,1.05289,2.25,1.73
2012.08.23 01:34:14.677,1.05276,1.05289,2.25,1.73
2012.08.23 01:34:15.206,1.05276,1.05287,2.25,1.35
2012.08.23 01:34:15.714,1.05274,1.05288,1.73,2.48
2012.08.23 01:34:16.035,1.05275,1.05289,2.48,1.73
2012.08.23 01:34:17.102,1.05275,1.05289,2.48,1.73
2012.08.23 01:34:20.674,1.05275,1.05289,2.48,1.73
2012.08.23 01:34:21.673,1.05274,1.05283,1.73,1.50
2012.08.23 01:34:22.263,1.05274,1.05283,1.73,1.50
2012.08.23 01:34:23.624,1.05274,1.05288,1.73,2.48
2012.08.23 01:34:25.175,1.05273,1.05284,2.48,1.13
2012.08.23 01:34:25.305,1.05273,1.05284,2.25,1.35
2012.08.23 01:34:25.574,1.05272,1.05287,1.73,3.23
2012.08.23 01:34:26.014,1.05275,1.05289,1.23,3.23
2012.08.23 01:34:26.144,1.05277,1.05291,2.48,2.48
2012.08.23 01:34:27.892,1.05278,1.05291,1.73,1.73
2012.08.23 01:34:28.924,1.05279,1.05293,1.73,4.73
2012.08.23 01:34:29.294,1.05275,1.05289,3.23,1.73
2012.08.23 01:34:30.174,1.05277,1.0529,2.48,1.50
2012.08.23 01:34:30.303,1.05277,1.05292,3.00,3.23
2012.08.23 01:34:30.733,1.05275,1.05288,1.50,2.25
2012.08.23 01:34:31.666,1.05275,1.05288,1.73,2.33
2012.08.23 01:34:31.732,1.05275,1.05288,1.73,2.33
2012.08.23 01:34:32.282,1.05275,1.05288,1.73,2.33
2012.08.23 01:34:32.412,1.05275,1.05288,1.73,2.33
2012.08.23 01:34:32.722,1.05275,1.05288,1.73,2.48
2012.08.23 01:34:37.853,1.05277,1.0529,2.25,2.48
2012.08.23 01:34:38.105,1.05279,1.05294,2.20,2.10
2012.08.23 01:34:39.694,1.05286,1.05294,1.50,2.11
2012.08.23 01:34:39.825,1.05286,1.05297,2.48,1.50
2012.08.23 01:34:39.897,1.05286,1.053,2.48,2.48
2012.08.23 01:34:40.454,1.05288,1.053,1.73,1.73
2012.08.23 01:34:40.586,1.05287,1.05299,1.45,2.25
2012.08.23 01:34:41.086,1.05287,1.05297,1.28,1.50
2012.08.23 01:34:41.163,1.05286,1.05294,1.05,1.50
2012.08.23 01:34:41.247,1.0528,1.05294,3.63,2.25
2012.08.23 01:34:41.383,1.0528,1.05292,1.73,1.73
2012.08.23 01:34:42.343,1.05279,1.05294,1.45,3.98
2012.08.23 01:34:43.075,1.05279,1.05292,1.45,1.50
2012.08.23 01:34:43.144,1.05279,1.05292,1.45,2.25
2012.08.23 01:34:43.658,1.05279,1.05291,1.45,1.50
2012.08.23 01:34:45.193,1.05279,1.05291,1.45,1.50
2012.08.23 01:34:45.564,1.05279,1.05293,1.45,3.98
2012.08.23 01:34:46.134,1.05279,1.05293,1.45,3.98
2012.08.23 01:34:46.783,1.05279,1.05293,2.20,3.98
2012.08.23 01:34:47.334,1.05279,1.05292,1.45,1.50
2012.08.23 01:34:47.464,1.05279,1.05292,1.45,1.50
2012.08.23 01:34:47.653,1.05279,1.05291,1.45,2.25
2012.08.23 01:34:48.327,1.05279,1.05291,1.45,3.00
2012.08.23 01:34:50.602,1.05279,1.0529,1.45,1.50
2012.08.23 01:34:51.324,1.05279,1.0529,1.45,1.50
2012.08.23 01:34:51.832,1.05279,1.05291,1.45,2.25
2012.08.23 01:34:52.365,1.05279,1.05291,1.45,2.25
2012.08.23 01:34:58.581,1.05279,1.05291,2.20,1.73
2012.08.23 01:35:02.013,1.05279,1.05291,1.45,1.73
2012.08.23 01:35:02.323,1.05279,1.05293,2.20,3.23
2012.08.23 01:35:02.894,1.05279,1.05293,2.20,3.23
2012.08.23 01:35:03.442,1.05279,1.05293,2.20,3.23
2012.08.23 01:35:09.664,1.05279,1.0529,1.45,1.73
2012.08.23 01:35:09.733,1.05279,1.05288,1.45,1.50
2012.08.23 01:35:10.285,1.05276,1.05287,1.75,1.50
2012.08.23 01:35:10.417,1.05273,1.05286,1.45,2.10
2012.08.23 01:35:10.554,1.05272,1.05285,2.25,2.85
2012.08.23 01:35:11.065,1.05269,1.05283,2.48,1.73
2012.08.23 01:35:11.604,1.05269,1.05283,2.48,1.73
2012.08.23 01:35:12.512,1.05271,1.05285,1.50,1.73
2012.08.23 01:35:12.644,1.05272,1.05286,2.48,1.73
2012.08.23 01:35:13.213,1.05274,1.05287,1.73,2.48
2012.08.23 01:35:14.173,1.05276,1.05289,1.50,2.48
2012.08.23 01:35:15.202,1.05276,1.05289,2.25,2.48
2012.08.23 01:35:18.792,1.05275,1.05288,1.50,1.73
2012.08.23 01:35:19.328,1.05276,1.05288,1.50,1.73
2012.08.23 01:35:20.743,1.05275,1.05286,1.50,1.73
2012.08.23 01:35:22.202,1.05275,1.05286,1.50,1.73
2012.08.23 01:35:23.523,1.05275,1.05289,1.50,3.98
2012.08.23 01:35:25.224,1.05275,1.05289,1.50,3.23
2012.08.23 01:35:26.403,1.05274,1.05288,2.48,1.73
2012.08.23 01:35:26.597,1.05272,1.05288,1.45,3.98
2012.08.23 01:35:26.904,1.0527,1.05283,1.73,1.73
2012.08.23 01:35:27.414,1.0527,1.05283,3.23,2.48
2012.08.23 01:35:30.422,1.05272,1.05285,1.50,2.10
2012.08.23 01:35:30.555,1.05273,1.05287,1.73,2.48
2012.08.23 01:35:31.083,1.05274,1.05288,3.23,1.73
2012.08.23 01:35:31.632,1.05273,1.05288,1.73,3.23
2012.08.23 01:35:33.604,1.05272,1.05288,1.45,3.23
2012.08.23 01:35:33.975,1.0527,1.05284,1.50,3.98
2012.08.23 01:35:35.896,1.0527,1.05284,1.50,1.73
2012.08.23 01:35:36.023,1.05269,1.05284,3.98,1.73
2012.08.23 01:35:36.620,1.05268,1.05283,2.48,3.23
2012.08.23 01:35:43.123,1.05269,1.05283,1.73,3.23
2012.08.23 01:35:43.622,1.05267,1.05281,1.05,2.48
2012.08.23 01:35:43.697,1.05269,1.05282,1.73,3.23
2012.08.23 01:35:45.735,1.05268,1.05279,1.73,1.50
2012.08.23 01:35:46.653,1.05267,1.05279,1.73,2.25
2012.08.23 01:35:46.967,1.05262,1.0527,3.98,1.50
2012.08.23 01:35:47.274,1.05262,1.05268,2.25,1.50
2012.08.23 01:35:47.404,1.05261,1.05272,1.45,1.50
2012.08.23 01:35:47.474,1.0526,1.05268,1.88,1.50
2012.08.23 01:35:47.663,1.05262,1.05273,1.50,1.73
2012.08.23 01:35:47.806,1.05262,1.05273,1.73,3.00
2012.08.23 01:35:48.114,1.0526,1.05273,1.73,3.23
2012.08.23 01:35:49.284,1.0526,1.05273,1.73,3.23
2012.08.23 01:35:49.473,1.0526,1.05273,2.48,3.23
2012.08.23 01:35:50.099,1.0526,1.05273,1.73,3.23
2012.08.23 01:35:52.571,1.05259,1.05273,2.48,3.23
2012.08.23 01:35:55.362,1.05259,1.05273,1.73,2.48
2012.08.23 01:35:56.963,1.05261,1.05273,1.50,2.48
2012.08.23 01:35:57.613,1.05263,1.05274,1.50,2.85
2012.08.23 01:35:59.633,1.05262,1.05277,4.23,2.48
2012.08.23 01:35:59.705,1.05264,1.05278,2.25,2.48
2012.08.23 01:35:59.773,1.05264,1.05278,2.25,2.25
2012.08.23 01:36:00.084,1.05264,1.05278,3.00,1.50
2012.08.23 01:36:00.656,1.05264,1.05277,1.50,1.50
2012.08.23 01:36:01.364,1.05264,1.05277,1.50,1.65
2012.08.23 01:36:01.994,1.05262,1.05274,1.50,1.88
2012.08.23 01:36:04.583,1.05262,1.05274,2.25,1.50
2012.08.23 01:36:05.813,1.05261,1.05274,1.50,2.25
2012.08.23 01:36:06.073,1.05262,1.05278,1.73,5.48
2012.08.23 01:36:06.393,1.05267,1.05279,1.43,1.73
2012.08.23 01:36:06.645,1.05269,1.05281,2.40,1.73
2012.08.23 01:36:06.953,1.05271,1.05283,1.50,1.73
2012.08.23 01:36:07.294,1.05272,1.05286,1.73,1.73
2012.08.23 01:36:09.544,1.05271,1.05284,1.73,1.88
2012.08.23 01:36:09.743,1.0527,1.05283,2.25,1.73
2012.08.23 01:36:10.245,1.05268,1.05283,1.73,1.73
2012.08.23 01:36:13.996,1.05269,1.05281,1.65,1.73
2012.08.23 01:36:14.542,1.05269,1.0528,1.65,1.50
2012.08.23 01:36:15.095,1.0527,1.05282,2.18,1.73
2012.08.23 01:36:15.404,1.0527,1.05283,3.75,1.73
2012.08.23 01:36:16.028,1.05272,1.05284,1.35,1.35
2012.08.23 01:36:16.639,1.05272,1.05284,1.43,2.10
2012.08.23 01:36:17.318,1.05272,1.05284,1.35,1.35
2012.08.23 01:36:18.682,1.05271,1.05284,1.43,2.10
2012.08.23 01:36:25.242,1.05271,1.05284,1.43,2.85
2012.08.23 01:36:25.793,1.05271,1.05283,1.43,1.73
2012.08.23 01:36:28.098,1.05271,1.05283,2.10,1.73
2012.08.23 01:36:28.465,1.05273,1.05284,1.50,1.35
2012.08.23 01:36:28.714,1.05272,1.05285,2.18,2.10
2012.08.23 01:36:28.915,1.05276,1.05286,1.50,1.73
2012.08.23 01:36:29.488,1.05273,1.05286,2.48,1.73
2012.08.23 01:36:32.733,1.05272,1.05285,1.73,1.35
2012.08.23 01:36:33.106,1.05271,1.05283,1.43,1.73
2012.08.23 01:36:33.662,1.05271,1.05283,1.43,1.73
2012.08.23 01:36:38.493,1.05271,1.05283,2.10,1.73
2012.08.23 01:36:38.802,1.05273,1.05283,1.35,1.73
2012.08.23 01:36:40.603,1.05272,1.05284,2.10,2.85
2012.08.23 01:36:45.084,1.05272,1.05284,1.43,3.60
2012.08.23 01:36:45.622,1.05272,1.05284,1.43,4.35
2012.08.23 01:36:50.583,1.05272,1.05284,1.43,3.98
2012.08.23 01:36:54.381,1.05272,1.05285,1.43,2.10
2012.08.23 01:36:54.647,1.05277,1.05287,1.50,1.73
2012.08.23 01:36:54.850,1.05278,1.05291,2.48,2.48
2012.08.23 01:36:56.904,1.05277,1.0529,1.73,1.73
2012.08.23 01:36:59.744,1.05276,1.05289,1.45,2.25
2012.08.23 01:37:01.993,1.05277,1.05291,1.45,1.73
2012.08.23 01:37:02.780,1.05277,1.05291,2.20,1.73
2012.08.23 01:37:12.902,1.05279,1.05291,3.70,2.48
2012.08.23 01:37:20.495,1.05283,1.05292,1.50,2.48
2012.08.23 01:37:22.451,1.05278,1.05292,5.17,2.48
2012.08.23 01:37:35.486,1.05279,1.0529,3.67,2.48
2012.08.23 01:37:35.561,1.05274,1.05286,2.48,1.73
2012.08.23 01:37:35.637,1.05275,1.05284,1.50,1.50
2012.08.23 01:37:35.824,1.05276,1.05286,1.19,1.73
2012.08.23 01:37:35.895,1.05276,1.05287,1.42,1.50
2012.08.23 01:37:36.083,1.05274,1.05287,1.73,1.73
2012.08.23 01:37:38.855,1.05272,1.05286,2.09,2.48
2012.08.23 01:37:39.822,1.05272,1.05285,2.17,1.50
2012.08.23 01:37:41.781,1.05272,1.05282,2.17,1.51
2012.08.23 01:37:42.126,1.0527,1.05276,1.50,1.50
2012.08.23 01:37:42.265,1.05269,1.05277,1.50,1.50
2012.08.23 01:37:42.334,1.05269,1.05279,2.25,3.01
2012.08.23 01:37:42.706,1.05266,1.05278,2.25,1.73
2012.08.23 01:37:43.223,1.05262,1.05275,2.17,1.73
2012.08.23 01:37:44.178,1.05262,1.05275,1.42,3.23
2012.08.23 01:37:44.305,1.05258,1.05272,4.42,1.73
2012.08.23 01:37:44.865,1.05258,1.05271,1.42,1.73
2012.08.23 01:37:46.329,1.05258,1.05271,1.42,3.98
2012.08.23 01:37:48.244,1.05258,1.05271,1.42,3.23
2012.08.23 01:37:48.554,1.0526,1.05273,2.17,1.50
2012.08.23 01:37:48.985,1.05262,1.05275,1.73,3.00
2012.08.23 01:37:49.543,1.05262,1.05276,3.23,1.73
2012.08.23 01:37:53.914,1.05263,1.05276,1.73,1.73
2012.08.23 01:37:54.540,1.05263,1.05276,1.73,1.73
2012.08.23 01:37:54.673,1.05262,1.05274,3.98,1.13
2012.08.23 01:37:54.984,1.0526,1.05273,1.73,1.73
2012.08.23 01:37:55.653,1.0526,1.05273,2.48,1.73
2012.08.23 01:37:57.244,1.05261,1.05273,1.50,1.73
2012.08.23 01:37:57.775,1.05263,1.05273,1.50,1.73
2012.08.23 01:37:59.323,1.05258,1.05273,3.23,3.23
2012.08.23 01:37:59.876,1.05257,1.05272,3.44,2.25
2012.08.23 01:38:00.422,1.05257,1.05272,4.94,2.25
2012.08.23 01:38:00.493,1.05257,1.05272,3.44,2.25
2012.08.23 01:38:01.102,1.05259,1.05272,1.58,1.73
2012.08.23 01:38:01.932,1.05259,1.05272,1.73,1.73
2012.08.23 01:38:02.364,1.05259,1.05273,2.85,1.73
2012.08.23 01:38:02.683,1.05261,1.05277,2.85,2.48
2012.08.23 01:38:03.202,1.05262,1.05277,2.69,3.98
2012.08.23 01:38:08.053,1.05261,1.05275,2.17,3.00
2012.08.23 01:38:08.544,1.05261,1.05267,1.94,1.50
2012.08.23 01:38:08.865,1.05247,1.05252,1.50,1.50
2012.08.23 01:38:08.935,1.05245,1.05252,1.50,1.50
2012.08.23 01:38:09.006,1.05242,1.05252,2.63,1.73
2012.08.23 01:38:09.074,1.05242,1.05252,2.63,2.48
2012.08.23 01:38:09.393,1.05239,1.05252,3.98,2.48
2012.08.23 01:38:10.405,1.05241,1.05252,2.25,2.48
2012.08.23 01:38:10.533,1.0524,1.05252,3.00,1.73
2012.08.23 01:38:11.457,1.0524,1.05252,2.25,2.48
2012.08.23 01:38:11.786,1.05238,1.05251,1.73,1.73
2012.08.23 01:38:12.105,1.05236,1.0525,1.50,1.73
2012.08.23 01:38:12.583,1.05237,1.05251,2.92,2.48
2012.08.23 01:38:13.138,1.05239,1.05251,1.73,1.73
2012.08.23 01:38:14.333,1.05238,1.05251,1.73,3.23
2012.08.23 01:38:14.714,1.05239,1.0525,1.50,1.73
2012.08.23 01:38:15.024,1.05239,1.05251,1.50,2.48
2012.08.23 01:38:15.157,1.05238,1.05251,1.73,2.48
2012.08.23 01:38:15.295,1.05237,1.05251,3.23,2.48
2012.08.23 01:38:15.797,1.05237,1.05249,1.50,1.73
2012.08.23 01:38:16.524,1.05237,1.05251,2.25,3.23
2012.08.23 01:38:16.594,1.05237,1.05251,1.73,3.98
2012.08.23 01:38:16.724,1.05238,1.05251,1.73,3.23
2012.08.23 01:38:16.974,1.05236,1.0525,3.00,2.48
2012.08.23 01:38:20.354,1.05236,1.0525,1.50,3.98
2012.08.23 01:38:20.913,1.05236,1.0525,1.50,2.48
2012.08.23 01:38:24.012,1.05235,1.0525,3.23,1.73
2012.08.23 01:38:24.563,1.05237,1.0525,1.50,1.73
2012.08.23 01:38:24.763,1.05236,1.0525,1.50,1.73
2012.08.23 01:38:25.406,1.05237,1.05251,3.75,1.73
2012.08.23 01:38:25.610,1.05239,1.05252,2.48,1.73
2012.08.23 01:38:27.109,1.05239,1.05251,1.73,1.73
2012.08.23 01:38:27.506,1.05237,1.0525,1.50,2.48
2012.08.23 01:38:28.055,1.05236,1.05249,1.50,2.48
2012.08.23 01:38:29.254,1.05235,1.05249,1.50,2.48
2012.08.23 01:38:29.484,1.05235,1.05249,1.50,2.48
2012.08.23 01:38:30.873,1.05234,1.05249,3.98,2.48
2012.08.23 01:38:31.003,1.05234,1.05244,3.98,1.13
2012.08.23 01:38:31.313,1.05234,1.05244,2.25,1.35
2012.08.23 01:38:32.134,1.05234,1.05247,2.48,1.73
2012.08.23 01:38:35.304,1.05236,1.0525,1.50,2.48
2012.08.23 01:38:35.373,1.05237,1.05251,2.25,3.23
2012.08.23 01:38:35.731,1.05238,1.05251,3.23,2.48
2012.08.23 01:38:38.454,1.05243,1.05253,1.50,4.36
2012.08.23 01:38:39.103,1.05241,1.05252,1.50,1.73
2012.08.23 01:38:39.175,1.05241,1.05246,1.50,1.50
2012.08.23 01:38:39.364,1.05236,1.05244,1.50,1.50
2012.08.23 01:38:39.875,1.05234,1.05244,2.48,1.50
2012.08.23 01:38:40.194,1.05234,1.05244,2.48,1.50
2012.08.23 01:38:40.987,1.05233,1.05243,1.73,1.88
2012.08.23 01:38:41.198,1.05233,1.05243,1.50,2.10
2012.08.23 01:38:41.635,1.0523,1.05239,1.50,1.50
2012.08.23 01:38:41.704,1.05233,1.05243,2.25,1.35
2012.08.23 01:38:43.015,1.05231,1.05246,4.94,1.73
2012.08.23 01:38:43.084,1.05231,1.05246,5.17,1.73
2012.08.23 01:38:44.114,1.05238,1.05249,1.50,1.73
2012.08.23 01:38:47.904,1.05234,1.05248,3.23,1.73
2012.08.23 01:38:48.343,1.05237,1.05248,1.50,1.73
2012.08.23 01:38:48.663,1.05243,1.05252,1.50,2.10
2012.08.23 01:38:48.914,1.05241,1.05252,1.50,2.10
2012.08.23 01:38:49.457,1.05241,1.05252,1.50,1.35
2012.08.23 01:38:49.965,1.05242,1.05252,2.25,1.35
2012.08.23 01:38:50.213,1.05242,1.05253,2.25,2.10
2012.08.23 01:38:50.594,1.05242,1.05258,4.73,2.48
2012.08.23 01:38:50.669,1.05242,1.05258,3.67,2.48
2012.08.23 01:38:50.994,1.05243,1.05258,3.00,3.98
2012.08.23 01:38:51.064,1.05245,1.05258,2.25,1.73
2012.08.23 01:38:51.136,1.05247,1.05258,2.25,1.73
2012.08.23 01:38:51.444,1.05243,1.05253,3.00,1.35
2012.08.23 01:38:51.816,1.05246,1.05256,2.25,1.73
2012.08.23 01:38:51.945,1.05246,1.05256,2.25,2.48
2012.08.23 01:38:52.253,1.05243,1.05253,3.00,1.35
2012.08.23 01:38:53.774,1.05244,1.05258,3.23,1.73
2012.08.23 01:38:53.845,1.05246,1.05259,2.25,1.73
2012.08.23 01:38:54.165,1.05243,1.05253,1.50,1.35
2012.08.23 01:38:54.904,1.05242,1.05253,2.25,1.35
2012.08.23 01:38:55.324,1.05242,1.05256,2.69,1.35
2012.08.23 01:38:55.454,1.05243,1.05258,1.73,1.36
2012.08.23 01:38:55.526,1.05243,1.05259,1.73,3.98
2012.08.23 01:38:56.814,1.05247,1.05258,1.50,1.73
2012.08.23 01:38:57.382,1.05245,1.05258,2.48,1.73
2012.08.23 01:38:57.884,1.05246,1.05259,2.25,2.48
2012.08.23 01:38:58.435,1.05246,1.05256,2.25,1.73
2012.08.23 01:38:58.565,1.05243,1.05254,3.98,1.88
2012.08.23 01:38:58.636,1.05243,1.05254,2.25,2.10
2012.08.23 01:38:58.705,1.05243,1.05254,2.25,2.10
2012.08.23 01:38:58.776,1.05243,1.05254,2.25,2.10
2012.08.23 01:38:58.844,1.05243,1.05254,2.25,2.10
2012.08.23 01:38:59.774,1.05243,1.05254,2.25,2.10
2012.08.23 01:39:00.823,1.05243,1.05254,1.50,2.10
2012.08.23 01:39:01.376,1.05239,1.05252,1.73,3.23
2012.08.23 01:39:06.342,1.0524,1.05251,2.48,1.73
2012.08.23 01:39:06.714,1.05239,1.05249,1.50,2.63
2012.08.23 01:39:07.057,1.05234,1.05245,2.78,1.73
2012.08.23 01:39:07.184,1.05234,1.05249,3.00,4.73
2012.08.23 01:39:08.343,1.05235,1.05249,2.25,3.23
2012.08.23 01:39:09.392,1.05235,1.05249,3.00,3.23
2012.08.23 01:39:11.086,1.05235,1.05247,3.00,1.05
2012.08.23 01:39:11.394,1.05232,1.05243,2.25,2.10
2012.08.23 01:39:11.936,1.05234,1.05243,1.50,2.10
2012.08.23 01:39:12.277,1.05236,1.05248,2.25,1.13
2012.08.23 01:39:12.404,1.05236,1.05249,2.25,1.81
2012.08.23 01:39:12.477,1.05236,1.05242,1.50,1.88
2012.08.23 01:39:12.665,1.05234,1.05242,1.50,1.35
2012.08.23 01:39:12.867,1.05234,1.05249,3.23,3.23
2012.08.23 01:39:12.995,1.05236,1.0525,2.25,1.73
2012.08.23 01:39:13.525,1.05236,1.0525,2.25,1.73
2012.08.23 01:39:22.083,1.05236,1.05249,2.25,1.73
2012.08.23 01:39:22.214,1.05236,1.05249,2.25,1.73
2012.08.23 01:39:25.393,1.05236,1.0525,2.25,1.73
2012.08.23 01:39:27.744,1.05236,1.05252,3.23,1.73
2012.08.23 01:39:28.923,1.05239,1.05249,2.48,1.50
2012.08.23 01:39:29.173,1.05237,1.05249,2.25,2.48
2012.08.23 01:39:30.513,1.05235,1.05249,3.00,2.48
2012.08.23 01:39:31.024,1.05235,1.05249,3.00,3.23
2012.08.23 01:39:31.533,1.05235,1.05248,3.00,1.73
2012.08.23 01:39:38.013,1.05235,1.05248,1.50,1.73
2012.08.23 01:39:38.204,1.05234,1.05245,3.23,1.13
2012.08.23 01:39:38.526,1.05232,1.05246,2.92,2.48
2012.08.23 01:39:39.263,1.05235,1.05248,1.73,2.48
2012.08.23 01:39:40.424,1.05235,1.05248,2.48,1.73
2012.08.23 01:39:40.735,1.05238,1.05248,1.73,1.50
2012.08.23 01:39:40.863,1.05236,1.05248,3.00,1.73
2012.08.23 01:39:55.211,1.05235,1.05249,2.48,2.48
2012.08.23 01:40:01.308,1.05236,1.05249,1.50,2.48
2012.08.23 01:40:07.825,1.05238,1.05249,2.25,3.23
2012.08.23 01:40:08.204,1.05239,1.05253,3.23,2.10
2012.08.23 01:40:08.278,1.05241,1.05253,1.50,2.10
2012.08.23 01:40:08.661,1.05239,1.05253,1.73,3.60
2012.08.23 01:40:10.125,1.05239,1.05252,1.73,1.73
2012.08.23 01:40:10.435,1.05256,1.05267,2.69,1.50
2012.08.23 01:40:10.506,1.05257,1.05268,1.73,1.50
2012.08.23 01:40:10.706,1.05255,1.05265,1.42,1.50
2012.08.23 01:40:10.845,1.05254,1.05263,1.50,2.10
2012.08.23 01:40:11.055,1.05248,1.05262,1.73,2.48
2012.08.23 01:40:11.185,1.05248,1.05258,1.73,1.50
2012.08.23 01:40:11.385,1.05245,1.05258,1.73,2.48
2012.08.23 01:40:18.724,1.05243,1.05257,1.42,3.23
2012.08.23 01:40:19.244,1.05242,1.05254,2.48,1.88
2012.08.23 01:40:19.494,1.0524,1.05253,1.42,1.35
2012.08.23 01:40:22.154,1.05241,1.05254,2.69,2.11
2012.08.23 01:40:24.581,1.05241,1.05254,2.25,2.11
2012.08.23 01:40:27.272,1.05239,1.05252,3.67,1.35
2012.08.23 01:40:28.414,1.05239,1.05251,2.92,1.73
2012.08.23 01:40:29.734,1.05239,1.05249,2.17,3.75
2012.08.23 01:40:30.046,1.05233,1.05238,3.00,1.50
2012.08.23 01:40:30.175,1.05233,1.05238,1.50,1.50
2012.08.23 01:40:30.374,1.0523,1.05238,1.73,1.50
2012.08.23 01:40:31.326,1.0523,1.05243,1.73,2.86
2012.08.23 01:40:34.946,1.05227,1.0524,1.50,2.85
2012.08.23 01:40:35.017,1.05226,1.05233,2.69,1.13
2012.08.23 01:40:35.085,1.05226,1.05233,1.50,2.85
2012.08.23 01:40:35.156,1.05223,1.05228,1.50,1.50
2012.08.23 01:40:35.228,1.05218,1.05228,2.17,3.00
2012.08.23 01:40:35.614,1.05216,1.05228,1.94,1.73
2012.08.23 01:40:35.702,1.05211,1.05223,2.25,2.85
2012.08.23 01:40:35.775,1.05211,1.05222,1.50,1.73
2012.08.23 01:40:37.305,1.05211,1.05223,3.00,1.35
2012.08.23 01:40:37.435,1.05214,1.05224,1.50,2.11
2012.08.23 01:40:37.686,1.05216,1.05226,1.50,1.73
2012.08.23 01:40:37.944,1.05213,1.05223,1.50,1.35
2012.08.23 01:40:38.015,1.05211,1.05223,2.25,1.35
2012.08.23 01:40:38.326,1.05213,1.05223,1.50,1.35
2012.08.23 01:40:39.715,1.05212,1.05223,2.25,1.35
2012.08.23 01:40:40.097,1.05217,1.05229,1.50,2.48
2012.08.23 01:40:44.225,1.05214,1.05228,1.73,1.73
2012.08.23 01:40:44.415,1.05214,1.05224,1.73,1.50
2012.08.23 01:40:44.605,1.05212,1.05223,1.50,3.23
2012.08.23 01:40:44.745,1.05208,1.05223,3.23,3.23
2012.08.23 01:40:45.423,1.05212,1.05222,1.50,1.73
2012.08.23 01:40:45.985,1.05212,1.05224,1.50,3.23
2012.08.23 01:40:46.670,1.0521,1.05222,1.50,2.10
2012.08.23 01:40:46.995,1.05206,1.05218,3.75,1.73
2012.08.23 01:40:47.134,1.05211,1.0522,1.50,1.73
2012.08.23 01:40:47.206,1.05209,1.05222,1.50,3.23
2012.08.23 01:40:47.275,1.05213,1.05222,1.50,1.51
2012.08.23 01:40:47.345,1.0521,1.05223,2.25,3.23
2012.08.23 01:40:47.475,1.05208,1.05221,4.73,1.73
2012.08.23 01:40:47.603,1.05208,1.05219,1.50,1.73
2012.08.23 01:40:47.924,1.05211,1.05223,1.50,1.73
2012.08.23 01:40:48.173,1.05209,1.05223,3.23,1.73
2012.08.23 01:40:48.495,1.05206,1.05221,1.50,1.73
2012.08.23 01:40:48.623,1.05207,1.05222,2.48,3.98
2012.08.23 01:40:48.697,1.05207,1.05222,1.73,5.48
2012.08.23 01:40:49.014,1.05205,1.0522,3.00,1.73
2012.08.23 01:40:51.213,1.05207,1.05218,1.50,1.73
2012.08.23 01:40:51.714,1.05208,1.05221,1.50,1.73
2012.08.23 01:40:51.785,1.05208,1.05222,1.73,3.01
2012.08.23 01:40:52.305,1.05211,1.05224,1.50,3.23
2012.08.23 01:40:52.953,1.05211,1.05224,2.25,3.23
2012.08.23 01:40:55.374,1.05211,1.05224,2.25,2.48
2012.08.23 01:40:58.204,1.05211,1.05224,3.00,1.73
2012.08.23 01:40:58.274,1.05212,1.05226,1.50,2.48
2012.08.23 01:40:58.406,1.05213,1.05228,3.23,3.98
2012.08.23 01:40:58.836,1.05216,1.05228,2.25,1.73
2012.08.23 01:40:59.395,1.05216,1.05228,1.50,1.73
2012.08.23 01:40:59.816,1.05216,1.05233,2.48,3.75
2012.08.23 01:41:00.025,1.0522,1.05235,2.25,3.23
2012.08.23 01:41:00.155,1.0522,1.05232,2.48,2.25
2012.08.23 01:41:00.284,1.0522,1.05233,1.73,1.50
2012.08.23 01:41:00.354,1.0522,1.05233,1.50,1.73
2012.08.23 01:41:00.426,1.0522,1.05233,1.50,2.48
2012.08.23 01:41:00.975,1.05219,1.05233,1.73,1.73
2012.08.23 01:41:01.303,1.05218,1.05231,2.48,2.25
2012.08.23 01:41:01.494,1.05217,1.05231,1.73,3.75
2012.08.23 01:41:03.953,1.0522,1.05233,1.50,3.61
2012.08.23 01:41:04.265,1.05228,1.05235,1.50,1.51
2012.08.23 01:41:04.695,1.05229,1.05239,1.50,1.73
2012.08.23 01:41:04.892,1.05229,1.05242,3.23,1.50
2012.08.23 01:41:05.083,1.0523,1.05243,1.73,2.10
2012.08.23 01:41:06.090,1.05229,1.05243,3.23,2.10
2012.08.23 01:41:06.225,1.05228,1.05243,1.73,4.35
2012.08.23 01:41:07.486,1.05229,1.05243,3.23,2.10
2012.08.23 01:41:11.014,1.05229,1.05244,5.48,4.35
2012.08.23 01:41:11.515,1.05229,1.05244,2.48,3.60
2012.08.23 01:41:11.703,1.05229,1.05242,1.73,2.48
2012.08.23 01:41:12.974,1.05228,1.05241,1.73,1.73
2012.08.23 01:41:16.522,1.05231,1.05244,1.50,3.60
2012.08.23 01:41:17.354,1.0523,1.05244,1.73,2.85
2012.08.23 01:41:17.569,1.05236,1.05246,1.50,1.73
2012.08.23 01:41:17.766,1.05237,1.05248,1.50,1.73
2012.08.23 01:41:17.956,1.05237,1.05252,3.44,2.11
2012.08.23 01:41:18.289,1.05241,1.05254,1.73,3.00
2012.08.23 01:41:19.774,1.05239,1.05254,1.73,3.00
2012.08.23 01:41:20.335,1.05237,1.05254,4.42,3.75
2012.08.23 01:41:23.234,1.0524,1.05252,2.48,1.50
2012.08.23 01:41:28.433,1.0524,1.05251,2.48,1.50
2012.08.23 01:41:30.424,1.0524,1.05252,2.48,1.50
2012.08.23 01:41:42.552,1.0524,1.05252,2.48,1.50
2012.08.23 01:41:49.923,1.05242,1.05255,1.73,3.23
2012.08.23 01:41:50.053,1.05243,1.05255,2.78,1.73
2012.08.23 01:41:50.186,1.05243,1.05255,1.73,1.50
2012.08.23 01:41:50.326,1.05242,1.05255,2.48,1.73
2012.08.23 01:42:10.364,1.05242,1.05256,2.48,3.98
2012.08.23 01:42:22.596,1.05241,1.05255,1.73,1.73
2012.08.23 01:42:26.166,1.0524,1.05251,1.50,2.48
2012.08.23 01:42:26.724,1.0524,1.05252,1.50,1.35
2012.08.23 01:42:27.355,1.0524,1.05252,1.50,1.35
2012.08.23 01:42:29.644,1.0524,1.05252,1.50,1.35
2012.08.23 01:42:33.003,1.0524,1.05251,1.50,2.48
2012.08.23 01:42:35.894,1.0524,1.05252,1.50,1.35
2012.08.23 01:42:35.964,1.0524,1.05252,1.50,1.35
2012.08.23 01:42:36.094,1.0524,1.05253,1.73,2.25
2012.08.23 01:42:42.363,1.05242,1.05256,3.98,1.73
2012.08.23 01:42:48.504,1.05242,1.05255,1.73,2.25
2012.08.23 01:42:57.096,1.05247,1.05256,1.50,1.73
2012.08.23 01:42:59.033,1.05244,1.05257,1.73,1.73
2012.08.23 01:43:02.554,1.05244,1.05257,1.73,1.73
2012.08.23 01:43:03.064,1.05242,1.05256,2.48,1.73
2012.08.23 01:43:08.236,1.05242,1.05256,2.48,2.32
2012.08.23 01:43:08.425,1.05241,1.05252,1.50,1.35
2012.08.23 01:43:08.983,1.05241,1.05252,2.25,1.35
2012.08.23 01:43:13.506,1.05238,1.05251,2.48,1.73
2012.08.23 01:43:19.074,1.0524,1.05252,2.48,1.35
2012.08.23 01:43:19.386,1.05242,1.05252,1.50,1.35
2012.08.23 01:43:19.514,1.05242,1.05252,1.50,1.35
2012.08.23 01:43:19.905,1.05239,1.05252,1.73,2.85
2012.08.23 01:43:28.215,1.0524,1.05252,2.48,1.73
2012.08.23 01:43:29.515,1.05239,1.05251,2.48,2.48
2012.08.23 01:43:37.704,1.05237,1.05246,1.73,1.13
2012.08.23 01:43:37.897,1.05236,1.05246,1.73,1.88
2012.08.23 01:43:37.965,1.05234,1.05246,1.73,2.10
2012.08.23 01:43:38.034,1.05234,1.05246,1.73,2.10
2012.08.23 01:43:38.165,1.05232,1.05248,4.73,1.73
2012.08.23 01:43:38.235,1.05234,1.05248,2.48,1.73
2012.08.23 01:43:47.113,1.05233,1.05248,2.48,3.23
2012.08.23 01:43:50.283,1.05233,1.05248,2.48,3.23
2012.08.23 01:43:55.392,1.05235,1.05248,2.48,1.73
2012.08.23 01:43:55.939,1.05234,1.05248,2.48,1.73
2012.08.23 01:44:04.936,1.05232,1.05243,1.73,1.50
2012.08.23 01:44:05.359,1.05232,1.05242,1.73,2.25
2012.08.23 01:44:05.438,1.0523,1.05242,1.73,2.48
2012.08.23 01:44:06.006,1.05229,1.0524,1.73,1.73
2012.08.23 01:44:06.579,1.05229,1.05239,1.73,2.25
2012.08.23 01:44:11.466,1.0523,1.05243,1.73,1.73
2012.08.23 01:44:11.533,1.05229,1.05244,3.98,3.98
2012.08.23 01:44:11.667,1.05231,1.05245,3.98,1.73
2012.08.23 01:44:16.806,1.05231,1.05243,1.50,1.73
2012.08.23 01:44:17.114,1.05231,1.05242,1.50,2.48
2012.08.23 01:44:17.663,1.0523,1.05243,2.48,1.73
2012.08.23 01:44:18.603,1.0523,1.05243,2.48,1.73
2012.08.23 01:44:20.863,1.05228,1.05242,1.73,3.23
2012.08.23 01:44:24.874,1.05226,1.05238,4.35,3.00
2012.08.23 01:44:25.005,1.05225,1.05237,2.18,1.50
2012.08.23 01:44:25.075,1.05225,1.05237,1.43,1.73
2012.08.23 01:44:25.148,1.05222,1.05235,1.73,2.48
2012.08.23 01:44:25.466,1.05224,1.05236,3.00,1.73
2012.08.23 01:44:25.595,1.05227,1.05239,2.48,2.25
2012.08.23 01:44:25.784,1.05231,1.05241,2.25,1.73
2012.08.23 01:44:25.855,1.05232,1.05242,1.73,1.50
2012.08.23 01:44:26.044,1.0523,1.05242,1.73,2.48
2012.08.23 01:44:26.776,1.05228,1.05238,1.73,2.25
2012.08.23 01:44:26.847,1.05228,1.05238,1.50,1.73
2012.08.23 01:44:27.035,1.05228,1.05238,1.50,1.73
2012.08.23 01:44:27.477,1.05225,1.05238,3.23,1.73
2012.08.23 01:44:39.407,1.05225,1.05238,3.23,2.48
2012.08.23 01:44:39.535,1.05225,1.05238,3.23,2.48
2012.08.23 01:44:39.786,1.05225,1.05238,3.23,2.48
2012.08.23 01:44:40.293,1.05222,1.05236,3.98,1.73
2012.08.23 01:44:50.523,1.05225,1.05238,2.48,2.48
2012.08.23 01:44:52.143,1.05223,1.05238,4.73,3.98
2012.08.23 01:44:52.576,1.05229,1.05242,1.50,2.48
2012.08.23 01:44:52.645,1.05229,1.05242,1.73,1.73
2012.08.23 01:44:52.716,1.05229,1.05242,3.23,1.73
2012.08.23 01:44:53.026,1.05232,1.05244,1.73,2.25
2012.08.23 01:44:55.284,1.05233,1.05248,1.73,2.48
2012.08.23 01:44:57.215,1.05235,1.05248,3.00,1.73
2012.08.23 01:44:57.773,1.05235,1.05249,3.75,1.57
2012.08.23 01:45:02.513,1.05235,1.05249,3.75,1.57
2012.08.23 01:45:06.332,1.05235,1.05249,3.75,1.57
2012.08.23 01:45:10.415,1.05237,1.05248,3.00,1.73
2012.08.23 01:45:10.785,1.05239,1.05252,2.25,3.23
2012.08.23 01:45:11.344,1.05239,1.05254,3.98,5.32
2012.08.23 01:45:13.685,1.05242,1.05254,1.50,3.07
2012.08.23 01:45:13.756,1.05242,1.05254,3.75,2.48
2012.08.23 01:45:13.887,1.05244,1.05254,2.48,2.25
2012.08.23 01:45:13.954,1.05244,1.05254,2.48,2.25
2012.08.23 01:45:15.864,1.05244,1.05256,1.73,1.73
2012.08.23 01:45:15.936,1.05246,1.05256,1.50,2.48
2012.08.23 01:45:16.568,1.05249,1.0526,1.73,1.73
2012.08.23 01:45:17.135,1.0525,1.05259,1.73,1.51
2012.08.23 01:45:21.865,1.05249,1.0526,1.73,3.98
2012.08.23 01:45:25.866,1.0525,1.05258,1.73,1.50
2012.08.23 01:45:25.935,1.0525,1.05258,1.73,1.50
2012.08.23 01:45:26.186,1.05252,1.0526,2.48,1.50
2012.08.23 01:45:26.387,1.05253,1.05258,1.50,1.50
2012.08.23 01:45:26.455,1.05253,1.0526,2.48,1.50
2012.08.23 01:45:26.586,1.05253,1.05267,2.48,1.73
2012.08.23 01:45:26.657,1.05254,1.05265,1.73,1.50
2012.08.23 01:45:26.725,1.05254,1.05267,1.73,3.98
2012.08.23 01:45:26.795,1.05254,1.05267,1.73,2.48
2012.08.23 01:45:27.353,1.05255,1.0527,1.73,3.23
2012.08.23 01:45:27.615,1.05255,1.0527,1.73,3.23
2012.08.23 01:45:27.934,1.05257,1.0527,2.25,1.73
2012.08.23 01:45:32.200,1.05257,1.05269,2.25,1.73
2012.08.23 01:45:32.939,1.05253,1.05265,2.48,1.13
2012.08.23 01:45:33.276,1.05252,1.05267,1.50,3.98
2012.08.23 01:45:33.344,1.05254,1.05267,1.73,3.23
2012.08.23 01:45:33.775,1.05256,1.05269,2.25,1.73
2012.08.23 01:45:37.554,1.05255,1.05269,2.48,3.23
2012.08.23 01:45:40.772,1.05255,1.05269,3.98,1.73
2012.08.23 01:45:54.154,1.05257,1.05269,1.50,1.73
2012.08.23 01:45:54.406,1.05261,1.05274,2.25,1.51
2012.08.23 01:45:54.680,1.05262,1.05274,3.00,2.63
2012.08.23 01:45:54.819,1.05263,1.05276,1.73,1.50
2012.08.23 01:45:54.899,1.05265,1.05276,1.42,1.50
2012.08.23 01:45:55.317,1.05269,1.0528,2.92,1.50
2012.08.23 01:45:55.506,1.05269,1.05282,2.48,2.48
2012.08.23 01:45:57.484,1.05267,1.05279,1.73,1.50
2012.08.23 01:45:58.584,1.05266,1.05279,1.42,1.50
2012.08.23 01:45:59.108,1.05266,1.05279,1.42,1.50
2012.08.23 01:45:59.914,1.05267,1.0528,3.22,1.50
2012.08.23 01:46:00.104,1.05269,1.05283,1.73,2.48
2012.08.23 01:46:00.176,1.05271,1.05283,1.73,3.00
2012.08.23 01:46:00.365,1.05271,1.05282,1.50,1.73
2012.08.23 01:46:00.495,1.05268,1.05283,4.42,3.00
2012.08.23 01:46:01.055,1.05272,1.05285,1.73,2.48
2012.08.23 01:46:02.684,1.05272,1.05284,1.73,2.25
2012.08.23 01:46:03.129,1.05269,1.05282,2.48,1.73
2012.08.23 01:46:03.683,1.05266,1.05279,1.42,1.50
2012.08.23 01:46:07.172,1.05267,1.0528,1.42,1.50
2012.08.23 01:46:10.504,1.05271,1.05281,1.50,1.73
2012.08.23 01:46:12.505,1.05267,1.0528,2.48,1.50
2012.08.23 01:46:16.704,1.05267,1.0528,1.73,3.75
2012.08.23 01:46:16.905,1.05263,1.05277,1.73,1.73
2012.08.23 01:46:16.975,1.05263,1.05277,2.85,2.48
2012.08.23 01:46:17.305,1.05263,1.05278,3.83,2.25
2012.08.23 01:46:17.495,1.05262,1.05277,3.23,3.98
2012.08.23 01:46:19.174,1.05261,1.05276,3.67,2.48
2012.08.23 01:46:19.424,1.0526,1.05274,2.25,2.48
2012.08.23 01:46:20.156,1.05261,1.05274,1.50,1.73
2012.08.23 01:46:20.229,1.05262,1.05276,1.50,2.10
2012.08.23 01:46:20.295,1.05262,1.05276,1.73,1.73
2012.08.23 01:46:20.956,1.05265,1.05279,3.23,1.73
2012.08.23 01:46:21.026,1.05267,1.0528,1.73,1.50
2012.08.23 01:46:21.154,1.05267,1.05282,2.48,5.48
2012.08.23 01:46:21.705,1.05267,1.05282,2.48,3.23
2012.08.23 01:46:22.254,1.05267,1.05281,1.73,1.50
2012.08.23 01:46:22.804,1.05267,1.05282,3.23,2.25
2012.08.23 01:46:23.186,1.05267,1.05281,2.48,1.50
2012.08.23 01:46:27.884,1.05267,1.05282,2.48,2.25
2012.08.23 01:46:29.003,1.05266,1.05281,4.73,1.50
2012.08.23 01:46:31.575,1.05266,1.0528,4.65,1.50
2012.08.23 01:46:32.094,1.05267,1.0528,1.73,2.25
2012.08.23 01:46:32.344,1.05267,1.0528,1.73,1.50
2012.08.23 01:46:32.898,1.05267,1.0528,2.48,1.50
2012.08.23 01:46:33.435,1.05267,1.05281,2.48,2.25
2012.08.23 01:46:34.936,1.05267,1.0528,2.48,1.50
2012.08.23 01:46:35.065,1.05266,1.05279,2.25,1.73
2012.08.23 01:46:35.374,1.05266,1.0528,2.92,2.26
2012.08.23 01:46:37.733,1.05267,1.05281,3.23,1.50
2012.08.23 01:46:39.663,1.05269,1.05282,1.88,1.50
2012.08.23 01:46:40.168,1.0527,1.05283,1.65,2.48
2012.08.23 01:46:40.713,1.05269,1.05283,2.63,3.23
2012.08.23 01:46:41.263,1.0527,1.05283,2.40,2.48
2012.08.23 01:46:42.899,1.0527,1.05283,3.15,2.48
2012.08.23 01:46:43.036,1.05271,1.05283,2.25,2.48
2012.08.23 01:46:43.236,1.05271,1.05283,1.50,1.73
2012.08.23 01:46:44.114,1.05271,1.05283,1.50,2.48
2012.08.23 01:46:44.184,1.05269,1.05283,1.88,2.48
2012.08.23 01:46:44.313,1.05269,1.05283,1.88,1.73
2012.08.23 01:46:44.385,1.05269,1.05283,1.65,1.73
2012.08.23 01:46:44.576,1.05271,1.05284,1.50,3.98
2012.08.23 01:46:45.126,1.0527,1.05283,1.50,1.73
2012.08.23 01:46:45.194,1.05272,1.05283,1.50,1.73
2012.08.23 01:46:47.815,1.05272,1.05284,2.25,2.48
2012.08.23 01:46:48.256,1.05275,1.05285,2.25,2.10
2012.08.23 01:46:48.328,1.05278,1.05288,1.50,2.48
2012.08.23 01:46:48.395,1.05278,1.05288,2.25,2.48
2012.08.23 01:46:48.710,1.05278,1.05288,2.48,1.50
2012.08.23 01:46:48.965,1.05278,1.05288,1.50,1.73
2012.08.23 01:46:49.155,1.05275,1.05288,3.00,1.73
2012.08.23 01:46:51.784,1.05275,1.05288,2.25,3.23
2012.08.23 01:46:52.184,1.05272,1.05286,1.73,1.50
2012.08.23 01:46:53.476,1.05276,1.05289,1.50,3.98
2012.08.23 01:46:53.666,1.05276,1.05288,2.48,1.50
2012.08.23 01:46:54.059,1.05273,1.05287,1.73,3.00
2012.08.23 01:46:54.138,1.05272,1.05286,3.23,1.50
2012.08.23 01:46:54.447,1.05272,1.05283,3.23,1.50
2012.08.23 01:46:54.634,1.05272,1.05283,1.50,3.23
2012.08.23 01:46:54.824,1.0527,1.05283,1.50,3.23
2012.08.23 01:47:01.033,1.05269,1.05283,3.23,2.48
2012.08.23 01:47:01.343,1.05269,1.05283,3.98,1.73
2012.08.23 01:47:04.833,1.0527,1.05284,1.50,3.23
2012.08.23 01:47:05.376,1.0527,1.05283,1.50,1.73
2012.08.23 01:47:09.324,1.0527,1.05283,1.50,1.73
2012.08.23 01:47:09.455,1.05269,1.05282,3.23,1.50
2012.08.23 01:47:09.705,1.05268,1.05282,2.48,1.50
2012.08.23 01:47:11.991,1.05268,1.05283,1.73,2.48
2012.08.23 01:47:12.325,1.05271,1.05283,2.25,1.73
2012.08.23 01:47:12.637,1.05272,1.05284,1.50,1.73
2012.08.23 01:47:12.957,1.05275,1.05286,2.25,1.50
2012.08.23 01:47:14.196,1.05274,1.05286,1.73,1.50
2012.08.23 01:47:16.694,1.05275,1.05286,1.50,1.50
2012.08.23 01:47:20.656,1.05271,1.05286,5.17,1.51
2012.08.23 01:47:21.213,1.05271,1.05286,3.23,1.50
2012.08.23 01:47:22.436,1.05271,1.05284,3.23,1.50
2012.08.23 01:47:22.625,1.05271,1.05283,3.00,1.73
2012.08.23 01:47:23.124,1.0527,1.05282,1.50,1.50
2012.08.23 01:47:23.438,1.05265,1.05275,2.25,1.35
2012.08.23 01:47:23.625,1.05267,1.05277,1.50,1.51
2012.08.23 01:47:24.041,1.05264,1.05277,2.48,1.51
2012.08.23 01:47:24.117,1.05267,1.05277,1.50,1.51
2012.08.23 01:47:24.784,1.05267,1.05277,1.50,1.51
2012.08.23 01:47:25.285,1.05265,1.05277,3.00,1.51
2012.08.23 01:47:25.840,1.05265,1.05277,1.50,1.51
2012.08.23 01:47:28.654,1.05265,1.05278,1.50,3.23
2012.08.23 01:47:29.307,1.05265,1.05278,2.25,2.48
2012.08.23 01:47:29.824,1.05262,1.05277,1.73,2.26
2012.08.23 01:47:35.494,1.05262,1.05278,3.98,3.23
2012.08.23 01:47:35.995,1.05264,1.05278,3.23,2.48
2012.08.23 01:47:36.514,1.05263,1.05278,2.48,4.73
2012.08.23 01:47:40.282,1.05263,1.05278,3.23,3.98
2012.08.23 01:47:40.604,1.05266,1.05279,2.25,1.73
2012.08.23 01:47:40.736,1.05264,1.05279,1.73,3.23
2012.08.23 01:47:41.294,1.05263,1.05278,1.73,1.73
2012.08.23 01:47:46.415,1.05265,1.05279,1.50,3.23
2012.08.23 01:47:46.606,1.05268,1.05283,1.73,5.48
2012.08.23 01:47:51.203,1.05269,1.05282,1.73,2.25
2012.08.23 01:47:52.562,1.0527,1.05282,1.50,1.50
2012.08.23 01:47:55.353,1.05269,1.05283,3.23,3.23
2012.08.23 01:47:56.773,1.0527,1.05283,1.50,3.23
2012.08.23 01:48:02.803,1.0527,1.05283,1.50,2.48
2012.08.23 01:48:10.254,1.0527,1.05283,1.50,2.48
2012.08.23 01:48:10.505,1.05273,1.05284,3.00,2.48
2012.08.23 01:48:10.816,1.05273,1.05285,2.25,1.13
2012.08.23 01:48:10.956,1.05274,1.05287,1.73,1.28
2012.08.23 01:48:11.416,1.05272,1.05287,3.98,1.28
2012.08.23 01:48:11.675,1.05272,1.05284,1.50,1.73
2012.08.23 01:48:11.806,1.05272,1.05286,1.73,2.55
2012.08.23 01:48:14.386,1.05274,1.05287,1.73,1.28
2012.08.23 01:48:15.665,1.05274,1.05287,1.73,1.28
2012.08.23 01:48:17.793,1.05274,1.05287,1.73,1.28
2012.08.23 01:48:20.026,1.05274,1.05287,2.48,1.28
2012.08.23 01:48:20.535,1.05275,1.05287,2.48,1.28
2012.08.23 01:48:21.144,1.05275,1.05287,2.48,1.28
2012.08.23 01:48:22.075,1.05272,1.05287,5.17,1.28
2012.08.23 01:48:25.183,1.05272,1.05287,5.17,1.28
2012.08.23 01:48:27.005,1.05273,1.05287,1.73,1.28
2012.08.23 01:48:28.005,1.05274,1.05287,1.73,2.78
2012.08.23 01:48:28.516,1.05272,1.05285,2.17,1.65
2012.08.23 01:48:31.514,1.05272,1.05285,2.17,1.65
2012.08.23 01:48:33.024,1.05272,1.05284,2.17,1.50
2012.08.23 01:48:33.454,1.05269,1.05283,2.48,3.23
2012.08.23 01:48:33.967,1.05272,1.05283,1.50,2.48
2012.08.23 01:48:34.107,1.05275,1.05286,1.73,3.00
2012.08.23 01:48:34.636,1.05274,1.05287,1.73,1.28
2012.08.23 01:48:35.375,1.05274,1.05287,2.48,2.78
2012.08.23 01:48:35.844,1.05275,1.05287,1.73,2.78
2012.08.23 01:48:36.036,1.05277,1.05288,1.50,1.73
2012.08.23 01:48:36.534,1.05274,1.05285,1.73,1.50
2012.08.23 01:48:36.814,1.05274,1.05287,1.73,2.48
2012.08.23 01:48:40.625,1.05274,1.05285,1.73,1.50
2012.08.23 01:48:41.249,1.05274,1.05285,1.73,1.50
2012.08.23 01:48:42.465,1.05274,1.05287,1.73,2.48
2012.08.23 01:48:44.514,1.05272,1.05285,1.73,1.50
2012.08.23 01:48:45.065,1.05272,1.05286,1.73,1.50
2012.08.23 01:48:45.374,1.05274,1.05288,1.73,2.48
2012.08.23 01:48:45.607,1.05274,1.05288,1.73,2.48
2012.08.23 01:48:46.034,1.05275,1.05288,1.73,2.48
2012.08.23 01:48:47.456,1.05279,1.05291,1.50,2.48
2012.08.23 01:48:47.778,1.05281,1.05291,1.50,2.25
2012.08.23 01:48:47.846,1.05281,1.05291,1.50,1.50
2012.08.23 01:48:48.346,1.05282,1.05293,1.73,1.50
2012.08.23 01:48:48.535,1.05282,1.05295,1.73,2.25
2012.08.23 01:48:49.466,1.0528,1.05295,1.42,3.38
2012.08.23 01:48:49.534,1.0528,1.05295,1.42,3.60
2012.08.23 01:48:49.674,1.05279,1.05295,2.48,3.60
2012.08.23 01:48:49.866,1.05279,1.0529,1.73,1.50
2012.08.23 01:48:50.055,1.05279,1.05292,1.73,1.73
2012.08.23 01:48:51.383,1.0528,1.05292,1.73,1.73
2012.08.23 01:48:51.693,1.05282,1.05292,1.73,1.50
2012.08.23 01:48:51.825,1.05282,1.05297,1.73,2.48
2012.08.23 01:48:56.115,1.05286,1.05295,1.50,2.25
2012.08.23 01:48:56.187,1.05287,1.05301,1.50,3.98
2012.08.23 01:48:56.258,1.05288,1.05301,1.73,3.01
2012.08.23 01:48:56.445,1.0529,1.05302,1.73,2.48
2012.08.23 01:48:56.516,1.05289,1.05302,2.48,1.73
2012.08.23 01:48:56.955,1.05289,1.05304,3.98,5.86
2012.08.23 01:48:57.144,1.05289,1.05304,3.98,6.61
2012.08.23 01:48:57.875,1.05289,1.05304,3.23,5.11
2012.08.23 01:48:58.006,1.05287,1.05302,3.23,2.48
2012.08.23 01:48:58.074,1.05287,1.05301,3.23,1.50
2012.08.23 01:48:58.455,1.05289,1.05304,2.25,5.11
2012.08.23 01:48:58.525,1.0529,1.05304,1.73,4.35
2012.08.23 01:48:59.075,1.05292,1.05302,1.73,1.50
2012.08.23 01:48:59.346,1.05294,1.05305,1.73,3.00
2012.08.23 01:48:59.536,1.05294,1.05305,1.73,1.50
2012.08.23 01:48:59.868,1.05299,1.05313,4.34,2.25
2012.08.23 01:48:59.938,1.05302,1.05313,1.50,1.73
2012.08.23 01:49:00.007,1.05302,1.05313,1.50,1.73
2012.08.23 01:49:00.136,1.05302,1.0531,1.50,1.50
2012.08.23 01:49:00.267,1.05303,1.05314,1.50,2.10
2012.08.23 01:49:00.706,1.05305,1.05314,1.50,2.10
2012.08.23 01:49:02.544,1.05305,1.05316,1.50,2.48
2012.08.23 01:49:02.676,1.05305,1.05316,1.50,1.50
2012.08.23 01:49:02.747,1.05306,1.0532,1.50,1.51
2012.08.23 01:49:02.877,1.05317,1.05325,1.50,1.50
2012.08.23 01:49:03.015,1.05321,1.05333,1.50,2.26
2012.08.23 01:49:03.087,1.05322,1.05331,1.50,1.51
2012.08.23 01:49:03.417,1.05328,1.05344,1.94,1.73
2012.08.23 01:49:03.676,1.0533,1.05343,1.94,2.48
2012.08.23 01:49:03.748,1.0533,1.05343,1.94,1.73
2012.08.23 01:49:03.885,1.0533,1.05334,1.50,1.50
2012.08.23 01:49:03.957,1.05331,1.05336,1.19,1.50
2012.08.23 01:49:04.026,1.0533,1.05343,2.69,1.73
2012.08.23 01:49:04.228,1.05334,1.05342,1.50,1.50
2012.08.23 01:49:04.296,1.05335,1.0535,1.94,2.48
2012.08.23 01:49:04.429,1.05335,1.05347,2.17,1.73
2012.08.23 01:49:04.569,1.05333,1.05346,1.73,1.50
2012.08.23 01:49:04.876,1.05335,1.05348,3.00,1.65
2012.08.23 01:49:05.248,1.05335,1.0535,2.25,2.41
2012.08.23 01:49:05.326,1.05335,1.0535,3.00,2.41
2012.08.23 01:49:05.752,1.05346,1.0536,2.63,4.32
2012.08.23 01:49:05.832,1.05352,1.05357,1.50,2.40
2012.08.23 01:49:05.909,1.05353,1.05358,1.50,1.32
2012.08.23 01:49:05.988,1.05354,1.05364,1.50,1.73
2012.08.23 01:49:06.251,1.05354,1.05367,1.35,1.73
2012.08.23 01:49:06.334,1.05354,1.05367,2.85,1.73
2012.08.23 01:49:06.477,1.05354,1.05367,1.73,2.48
2012.08.23 01:49:06.692,1.05353,1.05364,3.38,1.65
2012.08.23 01:49:06.768,1.05353,1.05364,3.38,1.65
2012.08.23 01:49:07.106,1.05357,1.05367,1.19,1.51
2012.08.23 01:49:07.178,1.05357,1.05375,1.19,1.66
2012.08.23 01:49:07.251,1.05356,1.0537,2.93,1.65
2012.08.23 01:49:07.539,1.05355,1.05368,1.94,2.48
2012.08.23 01:49:07.760,1.05354,1.05362,1.42,1.50
2012.08.23 01:49:07.838,1.05351,1.05362,1.73,1.50
2012.08.23 01:49:07.907,1.05351,1.05362,1.50,1.50
2012.08.23 01:49:08.355,1.0535,1.05365,2.48,2.25
2012.08.23 01:49:08.429,1.05351,1.05365,1.50,2.48
2012.08.23 01:49:08.495,1.05351,1.05365,1.50,1.73
2012.08.23 01:49:08.569,1.05351,1.05366,3.23,1.50
2012.08.23 01:49:08.918,1.05353,1.05362,1.73,1.50
2012.08.23 01:49:09.046,1.05353,1.05368,1.73,3.23
2012.08.23 01:49:09.463,1.05359,1.05368,1.50,1.73
2012.08.23 01:49:09.612,1.05361,1.05371,1.50,1.50
2012.08.23 01:49:10.056,1.05361,1.05374,2.25,1.73
2012.08.23 01:49:10.743,1.05361,1.05372,3.00,1.73
2012.08.23 01:49:11.140,1.05361,1.05374,1.50,4.73
2012.08.23 01:49:11.219,1.05366,1.05374,1.50,3.75
2012.08.23 01:49:11.477,1.05366,1.05377,1.42,1.50
2012.08.23 01:49:11.666,1.05366,1.05376,1.42,1.50
2012.08.23 01:49:11.877,1.05361,1.05376,1.50,2.48
2012.08.23 01:49:12.017,1.05361,1.05373,1.50,2.48
2012.08.23 01:49:12.156,1.05364,1.05373,1.19,2.48
2012.08.23 01:49:12.440,1.05367,1.05382,1.50,3.23
2012.08.23 01:49:12.518,1.05369,1.05383,1.94,2.25
2012.08.23 01:49:12.777,1.05369,1.05382,1.94,2.48
2012.08.23 01:49:12.847,1.05369,1.0538,1.50,2.48
2012.08.23 01:49:13.096,1.05365,1.05378,2.42,3.01
2012.08.23 01:49:13.305,1.05363,1.05372,1.19,1.50
2012.08.23 01:49:13.671,1.05364,1.05372,1.50,2.25
2012.08.23 01:49:14.269,1.05363,1.05373,1.19,1.50
2012.08.23 01:49:14.518,1.05363,1.05377,1.19,2.25
2012.08.23 01:49:14.777,1.05366,1.05377,1.94,1.50
2012.08.23 01:49:14.908,1.05367,1.05383,1.19,2.25
2012.08.23 01:49:14.979,1.05368,1.05381,1.19,1.50
2012.08.23 01:49:15.538,1.05367,1.05381,1.50,2.25
2012.08.23 01:49:16.095,1.05366,1.05381,1.94,2.25
2012.08.23 01:49:16.606,1.05364,1.05378,1.94,3.00
2012.08.23 01:49:16.949,1.0536,1.05373,1.49,3.00
2012.08.23 01:49:17.016,1.0536,1.05373,1.49,3.00
2012.08.23 01:49:17.087,1.05359,1.0537,1.19,1.50
2012.08.23 01:49:17.532,1.05356,1.0537,1.19,2.25
2012.08.23 01:49:17.612,1.05357,1.05369,1.94,1.50
2012.08.23 01:49:17.827,1.05354,1.05367,1.19,1.50
2012.08.23 01:49:17.972,1.05354,1.05363,1.19,1.50
2012.08.23 01:49:18.048,1.0535,1.05363,3.07,1.50
2012.08.23 01:49:18.188,1.05355,1.05363,1.50,2.25
2012.08.23 01:49:18.318,1.05355,1.05368,1.94,2.26
2012.08.23 01:49:18.506,1.05354,1.05368,1.34,3.00
2012.08.23 01:49:18.695,1.05352,1.05368,1.94,3.00
2012.08.23 01:49:18.948,1.05352,1.05366,1.19,2.25
2012.08.23 01:49:19.395,1.05352,1.05366,2.69,2.25
2012.08.23 01:49:19.465,1.05356,1.05366,1.19,2.25
2012.08.23 01:49:19.668,1.05356,1.05371,3.44,2.26
2012.08.23 01:49:19.738,1.05356,1.05371,4.19,2.25
2012.08.23 01:49:19.947,1.0536,1.05376,2.69,2.26
2012.08.23 01:49:20.021,1.05361,1.05376,1.19,2.26
2012.08.23 01:49:20.456,1.05363,1.05376,1.50,2.25
2012.08.23 01:49:20.775,1.05361,1.05372,1.49,1.50
2012.08.23 01:49:21.308,1.05361,1.05372,1.94,1.50
2012.08.23 01:49:22.047,1.05361,1.05372,2.24,1.50
2012.08.23 01:49:22.728,1.05364,1.05375,1.19,1.50
2012.08.23 01:49:23.275,1.05364,1.05376,1.19,2.25
2012.08.23 01:49:23.467,1.05365,1.05376,1.19,2.25
2012.08.23 01:49:23.808,1.05373,1.0538,1.50,2.25
2012.08.23 01:49:23.936,1.05373,1.05381,2.25,2.25
2012.08.23 01:49:24.009,1.05373,1.05381,2.25,1.50
2012.08.23 01:49:24.157,1.05373,1.0539,2.25,2.25
2012.08.23 01:49:24.228,1.05372,1.05386,1.94,1.13
2012.08.23 01:49:24.579,1.05375,1.05385,2.17,1.50
2012.08.23 01:49:24.917,1.05377,1.05389,1.05,3.00
2012.08.23 01:49:24.994,1.05375,1.05387,1.42,1.50
2012.08.23 01:49:26.436,1.05375,1.05387,2.48,1.50
2012.08.23 01:49:26.567,1.05377,1.05389,1.50,1.50
2012.08.23 01:49:26.767,1.0538,1.05385,1.50,1.13
2012.08.23 01:49:26.898,1.05372,1.05385,1.50,3.38
2012.08.23 01:49:27.098,1.0537,1.05383,2.69,1.50
2012.08.23 01:49:27.458,1.05378,1.05388,1.94,1.73
2012.08.23 01:49:27.538,1.05381,1.0539,1.50,1.50
2012.08.23 01:49:28.079,1.05381,1.05393,1.94,2.25
2012.08.23 01:49:28.825,1.05381,1.05392,1.50,1.50
2012.08.23 01:49:28.902,1.05385,1.05392,2.45,1.50
2012.08.23 01:49:29.106,1.05386,1.05398,3.82,1.50
2012.08.23 01:49:29.177,1.05388,1.054,1.50,2.25
2012.08.23 01:49:29.448,1.05397,1.05405,1.50,1.51
2012.08.23 01:49:29.946,1.05394,1.05406,2.25,1.50
2012.08.23 01:49:30.686,1.05394,1.05408,2.25,1.50
2012.08.23 01:49:31.025,1.05398,1.0541,1.19,1.50
2012.08.23 01:49:31.096,1.05403,1.05413,1.50,2.41
2012.08.23 01:49:31.607,1.05398,1.05414,1.73,2.18
2012.08.23 01:49:31.797,1.05398,1.05414,1.50,2.93
2012.08.23 01:49:32.007,1.05406,1.0541,1.19,1.43
2012.08.23 01:49:32.314,1.05418,1.0543,1.35,1.34
2012.08.23 01:49:32.392,1.05421,1.05426,1.19,1.43
2012.08.23 01:49:32.468,1.05421,1.05426,1.19,1.43
2012.08.23 01:49:32.599,1.05416,1.0543,2.25,2.25
2012.08.23 01:49:32.736,1.05415,1.05427,1.19,1.50
2012.08.23 01:49:32.880,1.05411,1.05428,1.73,1.43
2012.08.23 01:49:32.957,1.05411,1.05428,1.73,1.43
2012.08.23 01:49:33.095,1.05411,1.05427,1.50,1.50
2012.08.23 01:49:33.447,1.05411,1.05423,1.50,2.93
2012.08.23 01:49:33.578,1.05405,1.05421,2.09,1.50
2012.08.23 01:49:33.845,1.05404,1.05421,2.25,1.50
2012.08.23 01:49:33.977,1.05404,1.0542,1.50,1.50
2012.08.23 01:49:34.177,1.05403,1.0542,2.25,2.25
2012.08.23 01:49:34.246,1.05403,1.0542,2.25,1.50
2012.08.23 01:49:34.566,1.0541,1.05424,1.50,4.65
2012.08.23 01:49:34.705,1.05408,1.05423,1.50,1.50
2012.08.23 01:49:34.907,1.05406,1.0542,1.50,1.50
2012.08.23 01:49:35.445,1.05404,1.05414,2.67,1.50
2012.08.23 01:49:35.776,1.05407,1.0542,1.50,1.50
2012.08.23 01:49:35.979,1.05414,1.05425,1.73,2.25
2012.08.23 01:49:36.057,1.05417,1.05428,1.50,2.25
2012.08.23 01:49:36.186,1.05414,1.05429,4.79,2.25
2012.08.23 01:49:36.377,1.05418,1.05429,1.50,2.25
2012.08.23 01:49:36.518,1.05418,1.05431,1.50,1.50
2012.08.23 01:49:36.587,1.05422,1.05434,1.50,1.50
2012.08.23 01:49:36.906,1.05426,1.05434,1.50,1.50
2012.08.23 01:49:37.111,1.05429,1.05445,1.50,2.26
2012.08.23 01:49:37.258,1.05431,1.05443,1.50,1.50
2012.08.23 01:49:37.398,1.05432,1.05443,1.50,1.50
2012.08.23 01:49:37.906,1.05431,1.05446,1.19,1.88
2012.08.23 01:49:38.158,1.05434,1.05446,1.50,1.50
2012.08.23 01:49:38.915,1.05434,1.05449,2.25,2.25
2012.08.23 01:49:38.994,1.05436,1.0545,1.19,1.50
2012.08.23 01:49:39.438,1.05441,1.05453,1.50,3.00
2012.08.23 01:49:39.728,1.05442,1.05455,1.50,1.50
2012.08.23 01:49:39.797,1.05442,1.05455,1.50,1.50
2012.08.23 01:49:40.317,1.05441,1.05456,3.75,2.63
2012.08.23 01:49:40.865,1.05445,1.05456,1.50,3.38
2012.08.23 01:49:41.246,1.05442,1.05456,3.75,1.13
2012.08.23 01:49:41.569,1.05444,1.0545,1.35,1.50
2012.08.23 01:49:41.650,1.05447,1.05457,1.50,2.25
2012.08.23 01:49:42.166,1.05447,1.05456,1.50,1.88
2012.08.23 01:49:42.238,1.05444,1.05455,1.73,1.34
2012.08.23 01:49:42.735,1.05442,1.0545,1.50,1.50
2012.08.23 01:49:42.808,1.0544,1.05447,1.50,1.50
2012.08.23 01:49:42.946,1.0544,1.05452,1.50,1.50
2012.08.23 01:49:43.020,1.0544,1.05452,1.50,1.50
2012.08.23 01:49:43.232,1.05441,1.05452,1.19,1.50
2012.08.23 01:49:43.307,1.05441,1.0545,1.50,1.50
2012.08.23 01:49:43.497,1.05441,1.05456,1.50,1.13
2012.08.23 01:49:43.566,1.0544,1.05456,3.00,2.63
2012.08.23 01:49:43.896,1.05445,1.05454,1.58,1.50
2012.08.23 01:49:43.969,1.05445,1.0545,1.73,1.50
2012.08.23 01:49:44.049,1.05441,1.0545,1.73,1.50
2012.08.23 01:49:44.129,1.0544,1.05453,3.23,1.50
2012.08.23 01:49:44.207,1.0544,1.05453,3.23,1.50
2012.08.23 01:49:44.528,1.05445,1.05458,1.50,1.50
2012.08.23 01:49:44.684,1.05443,1.05457,3.00,1.50
2012.08.23 01:49:44.875,1.05443,1.05454,1.50,2.25
2012.08.23 01:49:44.947,1.05441,1.05454,1.50,3.00
2012.08.23 01:49:45.079,1.05437,1.05451,1.50,3.00
2012.08.23 01:49:45.145,1.05436,1.05451,1.50,2.25
2012.08.23 01:49:45.394,1.05436,1.05451,2.25,2.25
2012.08.23 01:49:45.825,1.05437,1.05451,2.25,1.51
2012.08.23 01:49:46.168,1.05437,1.05447,3.00,3.00
2012.08.23 01:49:46.238,1.05437,1.05447,2.25,1.50
2012.08.23 01:49:46.307,1.05434,1.05438,2.25,1.50
2012.08.23 01:49:46.505,1.0543,1.05438,1.50,1.50
2012.08.23 01:49:47.016,1.05431,1.05438,1.50,1.50
2012.08.23 01:49:47.287,1.05434,1.05443,3.23,1.50
2012.08.23 01:49:47.357,1.05436,1.05449,2.10,1.73
2012.08.23 01:49:47.487,1.05433,1.05449,3.60,2.25
2012.08.23 01:49:47.554,1.05434,1.0545,1.50,2.25
2012.08.23 01:49:47.886,1.0543,1.05438,4.35,1.50
2012.08.23 01:49:48.025,1.05422,1.05436,1.50,1.50
2012.08.23 01:49:48.095,1.05424,1.05436,2.48,1.50
2012.08.23 01:49:48.228,1.05424,1.05435,1.50,2.25
2012.08.23 01:49:48.746,1.05423,1.05434,1.58,1.50
2012.08.23 01:49:49.283,1.05417,1.05431,1.88,1.50
2012.08.23 01:49:49.363,1.05416,1.05432,2.25,2.25
2012.08.23 01:49:49.437,1.05416,1.05432,2.25,2.25
2012.08.23 01:49:49.626,1.05415,1.0543,2.48,2.25
2012.08.23 01:49:49.765,1.05415,1.0543,1.73,1.50
2012.08.23 01:49:49.838,1.05415,1.05427,1.50,1.50
2012.08.23 01:49:49.906,1.05414,1.05429,3.38,1.50
2012.08.23 01:49:50.116,1.05415,1.05429,1.58,2.25
2012.08.23 01:49:50.395,1.05415,1.0543,3.23,1.51
2012.08.23 01:49:50.473,1.05418,1.05432,1.50,2.25
2012.08.23 01:49:50.977,1.05416,1.05432,2.70,2.25
2012.08.23 01:49:51.234,1.05416,1.05432,1.95,2.25
2012.08.23 01:49:51.735,1.05416,1.05432,1.95,1.50
2012.08.23 01:49:51.806,1.05415,1.05428,2.48,1.50
2012.08.23 01:49:52.251,1.05415,1.05426,2.48,1.13
2012.08.23 01:49:52.326,1.05414,1.05426,1.50,1.13
2012.08.23 01:49:52.527,1.05411,1.05424,2.10,2.25
2012.08.23 01:49:52.918,1.05411,1.05421,1.50,1.50
2012.08.23 01:49:53.468,1.05411,1.05421,2.25,1.50
2012.08.23 01:49:53.597,1.05411,1.05421,2.25,1.50
2012.08.23 01:49:54.134,1.05411,1.05423,1.50,2.25
2012.08.23 01:49:54.387,1.05411,1.05423,2.25,1.50
2012.08.23 01:49:54.705,1.05409,1.05417,1.50,1.50
2012.08.23 01:49:54.907,1.05399,1.05412,4.73,1.50
2012.08.23 01:49:55.227,1.05396,1.05411,3.00,1.50
2012.08.23 01:49:55.295,1.05396,1.05409,1.50,1.50
2012.08.23 01:49:55.620,1.05394,1.05409,3.98,1.50
2012.08.23 01:49:55.950,1.05393,1.05406,1.13,2.25
2012.08.23 01:49:56.028,1.05396,1.05412,2.25,3.23
2012.08.23 01:49:56.097,1.05396,1.05412,3.75,3.00
2012.08.23 01:49:56.227,1.05403,1.05413,2.25,2.25
2012.08.23 01:49:56.566,1.05407,1.05421,1.50,1.51
2012.08.23 01:49:56.698,1.05405,1.05413,1.50,1.50
2012.08.23 01:49:57.247,1.05402,1.05417,2.25,1.51
2012.08.23 01:49:57.577,1.05402,1.05417,2.25,2.25
2012.08.23 01:49:57.646,1.05399,1.05412,1.73,1.50
2012.08.23 01:49:58.198,1.05401,1.05415,1.88,2.25
2012.08.23 01:49:58.269,1.05405,1.05415,1.50,1.50
2012.08.23 01:49:58.338,1.05405,1.05417,1.50,1.51
2012.08.23 01:49:59.256,1.05407,1.05417,1.65,1.50
2012.08.23 01:49:59.444,1.05407,1.05417,1.50,1.50
2012.08.23 01:49:59.635,1.05406,1.0542,1.65,3.00
2012.08.23 01:49:59.765,1.05405,1.0542,3.83,3.00
2012.08.23 01:50:00.144,1.05404,1.05418,2.55,1.50
2012.08.23 01:50:01.247,1.05405,1.05419,1.05,1.50
2012.08.23 01:50:01.315,1.05408,1.0542,1.50,1.50
2012.08.23 01:50:01.565,1.05407,1.05423,1.50,3.00
2012.08.23 01:50:01.635,1.05406,1.05422,3.75,1.50
2012.08.23 01:50:02.065,1.05406,1.0542,1.50,1.50
2012.08.23 01:50:02.395,1.05409,1.05421,1.50,1.50
2012.08.23 01:50:02.943,1.0541,1.05423,1.50,1.50
2012.08.23 01:50:03.448,1.05409,1.05424,3.75,3.38
2012.08.23 01:50:03.755,1.05409,1.05422,3.00,1.50
2012.08.23 01:50:04.278,1.05409,1.05423,1.50,2.25
2012.08.23 01:50:04.823,1.05411,1.05424,1.50,2.63
2012.08.23 01:50:05.604,1.05411,1.05424,1.50,2.63
2012.08.23 01:50:06.167,1.05411,1.05424,1.50,3.38
2012.08.23 01:50:06.485,1.05408,1.05418,3.75,1.50
2012.08.23 01:50:07.100,1.05408,1.05418,1.50,1.50
2012.08.23 01:50:07.440,1.05408,1.05418,2.25,1.50
2012.08.23 01:50:07.644,1.05409,1.05418,1.50,1.50
2012.08.23 01:50:08.496,1.05408,1.05424,1.50,4.13
2012.08.23 01:50:09.053,1.0541,1.05424,1.50,3.38
2012.08.23 01:50:09.605,1.05411,1.05424,1.50,1.13
2012.08.23 01:50:10.173,1.05416,1.05424,1.50,1.13
2012.08.23 01:50:10.263,1.05414,1.05425,1.50,1.13
2012.08.23 01:50:10.336,1.05412,1.05425,1.50,1.88
2012.08.23 01:50:10.404,1.05414,1.05425,1.50,1.88
2012.08.23 01:50:10.656,1.05423,1.05438,2.25,1.51
2012.08.23 01:50:10.727,1.05423,1.05439,2.25,3.00
2012.08.23 01:50:11.286,1.05423,1.0544,4.35,2.26
2012.08.23 01:50:11.427,1.05424,1.0544,2.48,1.50
2012.08.23 01:50:11.934,1.05425,1.05439,2.25,2.25
2012.08.23 01:50:12.065,1.05425,1.05439,2.25,1.50
2012.08.23 01:50:12.685,1.05422,1.05439,2.25,2.25
2012.08.23 01:50:13.056,1.05422,1.05436,1.50,2.25
2012.08.23 01:50:13.187,1.05422,1.05436,1.50,4.50
2012.08.23 01:50:13.385,1.05422,1.05436,1.50,3.38
2012.08.23 01:50:14.094,1.05422,1.05436,1.50,1.88
2012.08.23 01:50:14.537,1.05419,1.05432,1.50,1.13
2012.08.23 01:50:14.678,1.05419,1.05432,1.50,1.13
2012.08.23 01:50:14.867,1.0542,1.05433,1.50,1.88
2012.08.23 01:50:15.064,1.0542,1.05434,2.25,1.13
2012.08.23 01:50:15.137,1.0542,1.05435,2.25,1.50
2012.08.23 01:50:15.268,1.05423,1.05436,2.25,2.26
2012.08.23 01:50:15.336,1.05423,1.05436,2.25,2.63
2012.08.23 01:50:15.467,1.0542,1.05432,3.98,1.13
2012.08.23 01:50:15.787,1.05418,1.05433,3.75,1.13
2012.08.23 01:50:16.114,1.05418,1.0543,1.50,1.51
2012.08.23 01:50:16.185,1.05418,1.05431,1.50,2.26
2012.08.23 01:50:17.788,1.05415,1.0543,1.50,1.50
2012.08.23 01:50:18.344,1.05418,1.05432,1.50,1.50
2012.08.23 01:50:19.136,1.05417,1.05432,1.50,1.50
2012.08.23 01:50:19.447,1.05418,1.05427,1.50,1.50
2012.08.23 01:50:19.575,1.05416,1.05425,2.25,1.13
2012.08.23 01:50:19.648,1.05414,1.05423,1.35,1.13
2012.08.23 01:50:19.715,1.05412,1.05423,2.48,1.13
2012.08.23 01:50:19.787,1.05411,1.05423,1.50,1.13
2012.08.23 01:50:19.856,1.05408,1.05423,3.00,1.88
2012.08.23 01:50:19.985,1.05408,1.05423,3.75,1.88
2012.08.23 01:50:20.295,1.05409,1.05423,1.50,1.88
2012.08.23 01:50:20.798,1.05414,1.05429,2.25,1.73
2012.08.23 01:50:20.865,1.05414,1.05431,2.25,2.26
2012.08.23 01:50:21.115,1.05414,1.05429,2.25,1.50
2012.08.23 01:50:21.427,1.05411,1.05425,1.50,1.13
2012.08.23 01:50:21.496,1.05411,1.05425,1.50,1.13
2012.08.23 01:50:22.174,1.05412,1.05426,1.50,1.88
2012.08.23 01:50:22.305,1.05412,1.05426,1.50,1.88
2012.08.23 01:50:22.555,1.05412,1.05425,1.50,1.13
2012.08.23 01:50:22.750,1.0541,1.05426,2.25,3.76
2012.08.23 01:50:22.827,1.05412,1.05427,3.00,4.73
2012.08.23 01:50:23.026,1.05415,1.05429,1.50,3.00
2012.08.23 01:50:23.605,1.05415,1.0543,1.50,2.25
2012.08.23 01:50:23.683,1.05412,1.05426,1.50,1.88
2012.08.23 01:50:23.827,1.05408,1.05423,1.50,2.48
2012.08.23 01:50:23.895,1.05409,1.05421,1.50,2.25
2012.08.23 01:50:24.176,1.05411,1.05424,1.50,2.25
2012.08.23 01:50:24.784,1.0541,1.05424,1.50,2.26
2012.08.23 01:50:24.984,1.05409,1.05424,3.00,3.01
2012.08.23 01:50:25.535,1.05409,1.05424,3.75,3.01
2012.08.23 01:50:25.985,1.05409,1.05423,3.00,1.51
2012.08.23 01:50:29.655,1.05407,1.05422,3.00,2.25
2012.08.23 01:50:30.168,1.05407,1.0542,3.00,1.50
2012.08.23 01:50:31.235,1.05407,1.0542,3.00,1.50
2012.08.23 01:50:31.794,1.05404,1.05418,4.95,1.50
2012.08.23 01:50:32.136,1.05402,1.05412,1.73,1.50
2012.08.23 01:50:32.208,1.05402,1.05412,1.50,1.50
2012.08.23 01:50:33.794,1.05398,1.05412,1.73,2.25
2012.08.23 01:50:33.865,1.05398,1.05411,1.73,1.50
2012.08.23 01:50:33.937,1.05398,1.05411,1.73,1.50
2012.08.23 01:50:34.187,1.05399,1.05411,1.50,2.25
2012.08.23 01:50:34.257,1.05403,1.05409,1.13,1.50
2012.08.23 01:50:34.753,1.05402,1.05409,2.48,1.50
2012.08.23 01:50:34.829,1.054,1.05409,1.50,1.50
2012.08.23 01:50:35.197,1.054,1.05413,1.50,1.50
2012.08.23 01:50:35.385,1.05398,1.05413,2.48,2.25
2012.08.23 01:50:36.445,1.05398,1.05413,1.73,2.25
2012.08.23 01:50:36.836,1.05397,1.0541,2.25,2.25
2012.08.23 01:50:37.084,1.05399,1.05409,1.50,2.25
2012.08.23 01:50:37.156,1.05397,1.05409,2.25,2.25
2012.08.23 01:50:37.364,1.05397,1.05409,2.25,2.25
2012.08.23 01:50:37.905,1.05397,1.05409,2.25,2.25
2012.08.23 01:50:38.614,1.05397,1.05409,2.25,2.25
2012.08.23 01:50:38.684,1.05397,1.05409,2.25,2.25
2012.08.23 01:50:39.375,1.05397,1.0541,2.25,2.25
2012.08.23 01:50:39.446,1.05397,1.05408,1.50,1.50
2012.08.23 01:50:40.021,1.05388,1.05406,3.23,3.00
2012.08.23 01:50:40.216,1.05387,1.05401,2.48,1.50
2012.08.23 01:50:40.357,1.05387,1.05401,2.48,1.50
2012.08.23 01:50:40.427,1.05387,1.054,1.73,1.50
2012.08.23 01:50:40.757,1.05387,1.05403,2.25,1.73
2012.08.23 01:50:40.948,1.05387,1.05405,2.48,1.50
2012.08.23 01:50:41.215,1.05388,1.05405,1.50,1.50
2012.08.23 01:50:41.669,1.05389,1.05404,3.23,1.50
2012.08.23 01:50:42.007,1.05392,1.05404,1.73,1.50
2012.08.23 01:50:42.134,1.05391,1.05404,1.50,1.50
2012.08.23 01:50:42.205,1.05389,1.05404,1.73,1.50
2012.08.23 01:50:42.714,1.05389,1.05404,1.73,1.50
2012.08.23 01:50:43.222,1.0539,1.05406,1.73,1.50
2012.08.23 01:50:44.312,1.05389,1.05404,2.25,1.50
2012.08.23 01:50:44.815,1.05387,1.05401,1.50,1.50
2012.08.23 01:50:45.006,1.05386,1.054,1.50,2.25
2012.08.23 01:50:45.195,1.05385,1.05398,2.48,1.50
2012.08.23 01:50:45.706,1.05382,1.05397,1.50,2.25
2012.08.23 01:50:45.988,1.05381,1.05397,2.25,1.50
2012.08.23 01:50:46.465,1.05381,1.05395,1.50,1.13
2012.08.23 01:50:47.356,1.0538,1.05395,1.50,2.63
2012.08.23 01:50:47.426,1.0538,1.05395,1.50,2.63
2012.08.23 01:50:47.977,1.05379,1.05394,2.25,1.50
2012.08.23 01:50:48.306,1.05379,1.05394,2.25,2.25
2012.08.23 01:50:48.825,1.05379,1.05394,1.50,1.50
2012.08.23 01:50:49.621,1.0538,1.05394,1.50,1.50
2012.08.23 01:50:50.444,1.05381,1.05394,1.50,1.50
2012.08.23 01:50:50.963,1.0538,1.05395,1.50,2.63
2012.08.23 01:50:51.504,1.05379,1.05393,1.50,1.50
2012.08.23 01:50:52.064,1.05379,1.05392,1.50,1.50
2012.08.23 01:50:52.477,1.05377,1.05393,3.00,1.50
2012.08.23 01:50:52.677,1.05379,1.05394,1.50,3.00
2012.08.23 01:50:53.166,1.05382,1.05395,1.50,2.63
2012.08.23 01:50:53.415,1.05382,1.05394,1.50,1.50
2012.08.23 01:50:53.607,1.05382,1.05399,1.50,2.11
2012.08.23 01:50:53.864,1.05382,1.05399,1.50,2.10
2012.08.23 01:50:54.251,1.05385,1.05402,1.50,2.48
2012.08.23 01:50:54.981,1.05387,1.05402,1.50,2.48
2012.08.23 01:50:55.495,1.05387,1.05402,1.50,2.26
2012.08.23 01:50:55.796,1.05388,1.05402,1.50,1.51
2012.08.23 01:50:55.925,1.05388,1.05403,1.50,1.50
2012.08.23 01:50:56.435,1.05388,1.05403,1.50,1.51
2012.08.23 01:50:56.708,1.05392,1.05405,1.50,1.50
2012.08.23 01:50:57.456,1.05392,1.05403,1.50,1.13
2012.08.23 01:50:57.774,1.05388,1.05399,1.50,2.26
2012.08.23 01:50:58.614,1.05386,1.054,1.50,2.25
2012.08.23 01:50:59.173,1.05386,1.054,1.50,2.25
2012.08.23 01:51:01.456,1.05385,1.054,2.25,2.25
2012.08.23 01:51:01.777,1.05389,1.05398,1.50,1.50
2012.08.23 01:51:01.904,1.05389,1.05401,1.50,3.00
2012.08.23 01:51:02.224,1.05389,1.05399,1.50,1.50
2012.08.23 01:51:02.739,1.05388,1.05399,1.50,1.50
2012.08.23 01:51:03.333,1.05389,1.05399,1.50,1.50
2012.08.23 01:51:03.635,1.05389,1.05402,1.50,4.50
2012.08.23 01:51:05.062,1.05389,1.05402,1.50,2.25
2012.08.23 01:51:06.234,1.05389,1.05402,1.50,3.00
2012.08.23 01:51:06.847,1.05389,1.05402,1.50,3.75
2012.08.23 01:51:06.917,1.05389,1.05399,1.50,2.25
2012.08.23 01:51:06.987,1.05389,1.05399,1.50,3.00
2012.08.23 01:51:07.364,1.05388,1.05399,1.50,3.75
2012.08.23 01:51:07.436,1.05388,1.05397,1.50,1.50
2012.08.23 01:51:07.565,1.05384,1.05398,3.75,1.50
2012.08.23 01:51:07.826,1.05384,1.05397,2.25,1.50
2012.08.23 01:51:07.956,1.05389,1.05399,1.50,1.50
2012.08.23 01:51:08.025,1.05389,1.05399,1.50,2.25
2012.08.23 01:51:08.526,1.05389,1.05399,1.50,3.75
2012.08.23 01:51:08.776,1.05389,1.054,1.50,2.25
2012.08.23 01:51:09.085,1.0539,1.054,1.50,1.50
2012.08.23 01:51:09.214,1.0539,1.05401,1.50,1.50
2012.08.23 01:51:09.696,1.05389,1.054,1.50,1.88
2012.08.23 01:51:09.837,1.05388,1.05395,1.50,1.73
2012.08.23 01:51:10.037,1.05389,1.05397,1.50,1.50
2012.08.23 01:51:10.106,1.0539,1.05397,1.50,1.50
2012.08.23 01:51:10.267,1.0539,1.054,1.50,3.00
2012.08.23 01:51:10.788,1.05386,1.054,1.50,2.25
2012.08.23 01:51:11.458,1.05386,1.05398,2.25,1.88
2012.08.23 01:51:11.657,1.05384,1.05394,1.50,1.50
2012.08.23 01:51:11.795,1.05385,1.05397,1.50,1.50
2012.08.23 01:51:11.865,1.05385,1.054,3.00,2.48
2012.08.23 01:51:11.939,1.05387,1.05402,1.50,3.23
2012.08.23 01:51:12.245,1.05385,1.054,3.00,2.48
2012.08.23 01:51:12.618,1.05387,1.05402,2.25,3.23
2012.08.23 01:51:12.806,1.05389,1.05404,2.25,1.51
2012.08.23 01:51:12.876,1.05389,1.05405,2.25,3.23
2012.08.23 01:51:13.417,1.05389,1.05403,3.75,1.50
2012.08.23 01:51:14.003,1.05389,1.05396,2.25,1.50
2012.08.23 01:51:14.081,1.05388,1.05394,1.50,1.50
2012.08.23 01:51:14.603,1.05379,1.05394,8.25,2.25
2012.08.23 01:51:14.957,1.05385,1.05394,1.50,1.50
2012.08.23 01:51:15.156,1.05385,1.05396,3.00,1.50
2012.08.23 01:51:15.226,1.05385,1.05401,3.00,2.48
2012.08.23 01:51:16.937,1.05384,1.05397,1.50,1.50
2012.08.23 01:51:17.068,1.05382,1.05393,1.50,1.50
2012.08.23 01:51:17.556,1.05379,1.05393,2.25,2.25
2012.08.23 01:51:17.627,1.05379,1.05393,1.50,2.25
2012.08.23 01:51:17.756,1.05379,1.05393,2.25,1.50
2012.08.23 01:51:18.318,1.05377,1.05385,2.25,1.50
2012.08.23 01:51:18.387,1.05377,1.05385,3.00,2.25
2012.08.23 01:51:18.455,1.05377,1.05385,3.00,2.25
2012.08.23 01:51:18.778,1.05377,1.05381,1.50,1.50
2012.08.23 01:51:18.849,1.05375,1.05381,1.67,1.50
2012.08.23 01:51:19.408,1.05372,1.05383,2.04,1.50
2012.08.23 01:51:19.478,1.05372,1.05383,1.50,2.25
2012.08.23 01:51:19.546,1.05368,1.05381,2.25,1.50
2012.08.23 01:51:20.096,1.05369,1.05383,3.00,2.25
2012.08.23 01:51:20.668,1.05369,1.05383,3.00,1.50
2012.08.23 01:51:21.174,1.05369,1.05385,3.75,1.50
2012.08.23 01:51:21.305,1.05371,1.05384,1.50,1.50
2012.08.23 01:51:21.610,1.05376,1.05386,1.50,1.51
2012.08.23 01:51:21.691,1.05377,1.05392,1.50,1.73
2012.08.23 01:51:23.406,1.05374,1.05389,2.25,1.50
2012.08.23 01:51:24.445,1.05377,1.05389,1.50,1.50
2012.08.23 01:51:24.716,1.05377,1.05392,3.75,4.50
2012.08.23 01:51:25.225,1.05377,1.0539,3.75,1.50
2012.08.23 01:51:25.296,1.05377,1.0539,3.00,2.25
2012.08.23 01:51:26.900,1.05376,1.0539,3.75,2.25
2012.08.23 01:51:27.873,1.05376,1.0539,3.75,1.50
2012.08.23 01:51:28.064,1.05376,1.05389,2.25,1.50
2012.08.23 01:51:28.385,1.05377,1.0539,1.50,2.25
2012.08.23 01:51:28.943,1.05377,1.0539,3.75,2.25
2012.08.23 01:51:29.194,1.05377,1.05391,3.00,1.50
2012.08.23 01:51:29.515,1.05377,1.05389,2.25,2.25
2012.08.23 01:51:30.256,1.05376,1.05389,1.50,1.50
2012.08.23 01:51:30.801,1.05377,1.05388,1.50,2.25
2012.08.23 01:51:30.879,1.05377,1.05388,1.50,1.50
2012.08.23 01:51:31.065,1.05375,1.0539,2.25,3.75
2012.08.23 01:51:31.265,1.05376,1.0539,1.50,3.00
2012.08.23 01:51:32.174,1.05376,1.0539,3.00,1.50
2012.08.23 01:51:32.546,1.05374,1.05389,1.73,3.75
2012.08.23 01:51:32.673,1.05372,1.05388,2.63,1.50
2012.08.23 01:51:32.884,1.05374,1.05388,3.75,1.50
2012.08.23 01:51:34.215,1.05375,1.05388,3.75,1.50
2012.08.23 01:51:34.765,1.05376,1.05388,1.50,1.50
2012.08.23 01:51:35.466,1.05376,1.05387,1.50,1.88
2012.08.23 01:51:35.896,1.05376,1.05383,1.50,1.50
2012.08.23 01:51:35.970,1.05368,1.05383,7.50,1.50
2012.08.23 01:51:36.484,1.05369,1.05382,2.25,1.50
2012.08.23 01:51:36.994,1.05371,1.05383,1.50,2.25
2012.08.23 01:51:37.704,1.05369,1.05383,3.00,2.25
2012.08.23 01:51:38.245,1.0537,1.05384,3.00,1.50
2012.08.23 01:51:38.316,1.0537,1.05384,3.00,1.50
2012.08.23 01:51:38.746,1.05376,1.05385,1.50,1.50
2012.08.23 01:51:38.816,1.05375,1.05386,1.50,1.50
2012.08.23 01:51:38.947,1.05375,1.05387,2.25,1.50
2012.08.23 01:51:39.194,1.05373,1.05388,2.25,3.00
2012.08.23 01:51:40.945,1.05371,1.05384,3.75,1.88
2012.08.23 01:51:41.146,1.0537,1.05384,1.50,3.38
2012.08.23 01:51:41.655,1.0537,1.05383,1.50,1.50
2012.08.23 01:51:42.026,1.05374,1.05386,1.50,2.26
2012.08.23 01:51:42.214,1.05374,1.05388,1.50,3.75
2012.08.23 01:51:42.584,1.05374,1.05386,1.50,1.50
2012.08.23 01:51:43.416,1.05374,1.05386,1.50,3.00
2012.08.23 01:51:43.724,1.05369,1.05382,1.50,2.25
2012.08.23 01:51:44.715,1.05369,1.05382,1.50,2.25
2012.08.23 01:51:45.474,1.05369,1.05383,2.25,1.50
2012.08.23 01:51:46.050,1.05369,1.05383,1.50,2.25
2012.08.23 01:51:46.756,1.05369,1.05383,1.50,1.50
2012.08.23 01:51:47.304,1.0537,1.05384,1.50,1.50
2012.08.23 01:51:47.376,1.0537,1.05384,1.50,1.50
2012.08.23 01:51:47.747,1.05373,1.05385,1.50,1.88
2012.08.23 01:51:48.428,1.05373,1.05386,1.50,2.25
2012.08.23 01:51:49.223,1.05373,1.05386,1.50,2.25
2012.08.23 01:51:49.534,1.05371,1.05384,2.25,2.63
2012.08.23 01:51:50.264,1.05368,1.05381,2.25,3.00
2012.08.23 01:51:50.826,1.05368,1.05381,1.50,3.00
2012.08.23 01:51:52.014,1.0537,1.05382,1.50,1.50
2012.08.23 01:51:55.274,1.05373,1.05383,1.50,1.50
2012.08.23 01:51:55.524,1.05373,1.05387,1.50,1.50
2012.08.23 01:51:56.285,1.05374,1.05389,1.50,3.00
2012.08.23 01:51:56.784,1.05373,1.05389,1.50,3.75
2012.08.23 01:51:57.308,1.05373,1.05386,1.50,1.50
2012.08.23 01:51:57.625,1.05373,1.05386,1.50,1.50
2012.08.23 01:51:58.613,1.05372,1.05385,1.50,1.50
2012.08.23 01:51:59.142,1.0537,1.05382,2.25,1.50
2012.08.23 01:51:59.217,1.0537,1.05382,2.25,1.50
2012.08.23 01:51:59.735,1.0537,1.05382,1.50,1.50
2012.08.23 01:52:00.737,1.05368,1.05382,2.25,2.25
2012.08.23 01:52:01.078,1.05365,1.05374,1.73,2.25
2012.08.23 01:52:01.207,1.05364,1.05377,1.73,4.50
2012.08.23 01:52:01.335,1.05363,1.05374,1.73,1.50
2012.08.23 01:52:01.405,1.05362,1.05374,1.50,1.50
2012.08.23 01:52:01.474,1.0536,1.05373,2.25,1.50
2012.08.23 01:52:01.606,1.0536,1.05375,2.25,2.63
2012.08.23 01:52:02.046,1.05361,1.05377,1.50,3.00
2012.08.23 01:52:02.417,1.05364,1.05378,1.50,1.50
2012.08.23 01:52:04.309,1.05364,1.05378,1.50,3.00
2012.08.23 01:52:04.585,1.05364,1.05379,3.00,2.25
2012.08.23 01:52:04.656,1.05366,1.05379,1.50,2.25
2012.08.23 01:52:05.096,1.05364,1.05378,1.50,1.50
2012.08.23 01:52:05.166,1.05362,1.05377,3.75,2.25
2012.08.23 01:52:05.535,1.05361,1.05376,3.00,1.50
2012.08.23 01:52:06.084,1.05361,1.05376,3.00,1.50
2012.08.23 01:52:06.394,1.05359,1.05372,1.50,1.50
2012.08.23 01:52:06.645,1.05358,1.05372,1.50,1.50
2012.08.23 01:52:06.715,1.05357,1.05372,3.00,1.50
2012.08.23 01:52:07.204,1.05357,1.05372,4.50,1.50
2012.08.23 01:52:07.695,1.05359,1.05374,1.50,1.88
2012.08.23 01:52:07.826,1.0536,1.05374,3.00,1.50
2012.08.23 01:52:08.380,1.05361,1.05378,2.25,2.25
2012.08.23 01:52:08.725,1.05361,1.05378,2.25,3.01
2012.08.23 01:52:09.435,1.05362,1.05377,1.50,1.50
2012.08.23 01:52:12.594,1.05362,1.05375,1.05,1.50
2012.08.23 01:52:12.964,1.0536,1.05375,2.48,1.50
2012.08.23 01:52:13.515,1.05363,1.05376,1.50,2.25
2012.08.23 01:52:14.025,1.0536,1.05374,2.48,1.88
2012.08.23 01:52:14.334,1.0536,1.0537,1.50,1.50
2012.08.23 01:52:14.465,1.0536,1.05373,1.50,1.50
2012.08.23 01:52:15.455,1.0536,1.0537,2.25,1.50
2012.08.23 01:52:15.526,1.05359,1.0537,1.50,2.25
2012.08.23 01:52:15.596,1.05357,1.05368,1.50,1.50
2012.08.23 01:52:15.666,1.05356,1.05368,1.50,1.50
2012.08.23 01:52:15.879,1.05357,1.05367,1.50,1.50
2012.08.23 01:52:16.257,1.05358,1.05372,1.50,3.00
2012.08.23 01:52:16.796,1.0536,1.05373,1.50,5.26
2012.08.23 01:52:17.215,1.0536,1.05371,1.50,1.50
2012.08.23 01:52:17.527,1.0536,1.05369,1.50,1.50
2012.08.23 01:52:18.083,1.05357,1.05369,1.50,2.25
2012.08.23 01:52:18.336,1.05352,1.05363,2.98,1.50
2012.08.23 01:52:18.657,1.05351,1.05362,1.50,1.50
2012.08.23 01:52:19.156,1.05348,1.05361,1.50,1.50
2012.08.23 01:52:20.405,1.0535,1.05363,1.50,3.76
2012.08.23 01:52:20.784,1.05352,1.05367,1.50,2.25
2012.08.23 01:52:21.185,1.05352,1.05367,1.50,2.25
2012.08.23 01:52:21.699,1.05351,1.05367,1.50,3.00
2012.08.23 01:52:23.405,1.05352,1.05367,1.50,3.00
2012.08.23 01:52:23.928,1.0536,1.05369,1.50,1.50
2012.08.23 01:52:24.011,1.05356,1.05369,1.50,3.00
2012.08.23 01:52:24.206,1.05356,1.05368,1.50,1.50
2012.08.23 01:52:25.776,1.05351,1.05366,3.00,2.25
2012.08.23 01:52:26.285,1.05355,1.05366,1.73,1.50
2012.08.23 01:52:26.359,1.05355,1.05369,3.23,3.00
2012.08.23 01:52:26.544,1.05355,1.05367,1.73,1.50
2012.08.23 01:52:27.104,1.05352,1.05365,1.50,2.25
2012.08.23 01:52:28.815,1.05352,1.05368,1.50,3.01
2012.08.23 01:52:29.369,1.05355,1.0537,3.00,3.75
2012.08.23 01:52:29.438,1.05357,1.0537,1.50,1.50
2012.08.23 01:52:29.984,1.05357,1.05371,1.50,3.00
2012.08.23 01:52:30.175,1.05355,1.05367,3.00,1.50
2012.08.23 01:52:30.486,1.05351,1.05361,2.98,1.50
2012.08.23 01:52:30.985,1.0535,1.05363,2.25,1.50
2012.08.23 01:52:31.495,1.0535,1.05365,3.00,2.63
2012.08.23 01:52:32.016,1.05352,1.05365,1.50,1.51
2012.08.23 01:52:32.145,1.05353,1.05367,3.00,1.50
2012.08.23 01:52:32.655,1.05355,1.05369,2.25,1.51
2012.08.23 01:52:33.215,1.05356,1.0537,3.00,1.50
2012.08.23 01:52:33.465,1.05357,1.05365,2.25,1.13
2012.08.23 01:52:33.538,1.05353,1.05364,4.50,1.50
2012.08.23 01:52:33.993,1.05353,1.05364,2.25,1.50
2012.08.23 01:52:34.499,1.05353,1.05365,3.00,1.88
2012.08.23 01:52:35.169,1.05354,1.05365,1.50,1.88
2012.08.23 01:52:37.354,1.05353,1.05365,1.50,1.88
2012.08.23 01:52:37.546,1.05352,1.05365,1.50,1.88
2012.08.23 01:52:39.614,1.05352,1.05364,2.25,1.50
2012.08.23 01:52:40.129,1.05354,1.05364,1.50,1.50
2012.08.23 01:52:40.377,1.05354,1.05364,1.50,1.50
2012.08.23 01:52:40.577,1.05353,1.05367,1.50,2.48
2012.08.23 01:52:40.776,1.05358,1.05373,1.50,2.50
2012.08.23 01:52:40.908,1.05359,1.05373,1.50,3.00
2012.08.23 01:52:41.155,1.0536,1.05374,3.00,2.25
2012.08.23 01:52:41.295,1.05362,1.05375,1.50,1.50
2012.08.23 01:52:41.486,1.05362,1.05377,1.50,2.25
2012.08.23 01:52:41.676,1.05362,1.05378,2.25,3.00
2012.08.23 01:52:44.416,1.05365,1.05378,1.50,2.26
2012.08.23 01:52:44.935,1.05363,1.05377,1.50,1.50
2012.08.23 01:52:45.614,1.05363,1.05377,1.50,2.25
2012.08.23 01:52:45.685,1.05363,1.05376,1.50,1.50
2012.08.23 01:52:46.065,1.0536,1.05374,2.25,1.50
2012.08.23 01:52:46.136,1.05361,1.05375,1.50,3.60
2012.08.23 01:52:46.406,1.05366,1.05376,1.50,1.50
2012.08.23 01:52:46.715,1.05366,1.0538,1.50,1.50
2012.08.23 01:52:47.206,1.05366,1.05378,1.50,1.50
2012.08.23 01:52:49.116,1.05366,1.0538,2.25,1.50
2012.08.23 01:52:49.955,1.05366,1.0538,2.25,1.50
2012.08.23 01:52:50.504,1.05366,1.0538,2.25,1.50
2012.08.23 01:52:50.823,1.05366,1.0538,1.50,1.50
2012.08.23 01:52:50.956,1.05366,1.05381,1.50,3.00
2012.08.23 01:52:51.718,1.05366,1.05381,3.00,1.50
2012.08.23 01:52:52.433,1.05366,1.05381,3.00,1.50
2012.08.23 01:52:52.623,1.05366,1.0538,1.50,2.25
2012.08.23 01:52:53.153,1.05366,1.0538,1.50,2.25
2012.08.23 01:52:53.728,1.05366,1.0538,1.50,2.25
2012.08.23 01:52:55.535,1.05369,1.05383,1.73,3.23
2012.08.23 01:52:57.453,1.05369,1.05382,1.73,1.73
2012.08.23 01:52:58.005,1.05364,1.05379,4.73,1.73
2012.08.23 01:52:58.384,1.05364,1.05379,4.73,1.73
2012.08.23 01:52:58.933,1.05365,1.05379,2.25,1.73
2012.08.23 01:52:59.665,1.05367,1.05379,2.25,1.73
2012.08.23 01:53:00.627,1.05369,1.05381,1.73,1.73
2012.08.23 01:53:00.827,1.05369,1.05384,1.73,2.86
2012.08.23 01:53:01.485,1.05369,1.05384,1.73,2.86
2012.08.23 01:53:01.996,1.0537,1.05384,1.73,2.86
2012.08.23 01:53:03.523,1.0537,1.05382,1.73,1.73
2012.08.23 01:53:04.265,1.05368,1.05382,3.23,3.23
2012.08.23 01:53:06.588,1.05369,1.05382,1.73,1.73
2012.08.23 01:53:06.655,1.05369,1.05383,1.73,1.73
2012.08.23 01:53:06.846,1.05371,1.05384,3.23,2.25
2012.08.23 01:53:06.974,1.05373,1.05388,3.23,2.50
2012.08.23 01:53:08.075,1.05372,1.05387,2.48,3.23
2012.08.23 01:53:08.706,1.05372,1.05386,2.48,2.25
2012.08.23 01:53:08.834,1.05372,1.05384,2.48,1.50
2012.08.23 01:53:09.155,1.05372,1.05381,1.50,1.50
2012.08.23 01:53:09.710,1.05372,1.05378,1.50,1.50
2012.08.23 01:53:09.789,1.05367,1.05378,1.13,1.50
2012.08.23 01:53:14.594,1.05368,1.0538,1.73,1.50
2012.08.23 01:53:15.835,1.05372,1.05383,1.88,2.48
2012.08.23 01:53:15.905,1.05372,1.05385,1.50,2.10
2012.08.23 01:53:16.036,1.05376,1.05387,1.50,4.00
2012.08.23 01:53:16.109,1.05376,1.05386,1.50,1.50
2012.08.23 01:53:16.177,1.05378,1.05389,2.25,1.73
2012.08.23 01:53:16.305,1.05377,1.05392,2.48,4.00
2012.08.23 01:53:16.721,1.05376,1.05388,1.73,1.50
2012.08.23 01:53:16.975,1.05375,1.05389,2.03,3.75
2012.08.23 01:53:17.177,1.05372,1.05387,3.98,1.50
2012.08.23 01:53:17.246,1.05372,1.05387,3.23,2.25
2012.08.23 01:53:17.958,1.05372,1.05387,3.23,2.25
2012.08.23 01:53:18.205,1.0537,1.05383,5.23,1.73
2012.08.23 01:53:18.595,1.0537,1.05383,5.23,1.73
2012.08.23 01:53:18.727,1.05371,1.05383,1.50,2.48
2012.08.23 01:53:19.165,1.0537,1.05382,2.25,1.50
2012.08.23 01:53:19.356,1.05368,1.05379,1.73,1.50
2012.08.23 01:53:19.485,1.05368,1.05381,1.73,1.50
2012.08.23 01:53:19.556,1.05369,1.05383,1.73,2.48
2012.08.23 01:53:19.628,1.0537,1.05383,1.73,1.50
2012.08.23 01:53:19.815,1.0537,1.0538,2.25,1.50
2012.08.23 01:53:21.816,1.0537,1.05383,1.50,2.48
2012.08.23 01:53:21.945,1.0537,1.05383,1.50,1.73
2012.08.23 01:53:22.403,1.05371,1.05384,3.00,1.73
2012.08.23 01:53:22.775,1.05377,1.05389,1.50,1.75
2012.08.23 01:53:22.905,1.05377,1.05391,3.98,2.25
2012.08.23 01:53:23.464,1.05377,1.05392,4.73,2.25
2012.08.23 01:53:24.524,1.05377,1.0539,3.23,1.50
2012.08.23 01:53:24.716,1.05377,1.05388,3.23,1.50
2012.08.23 01:53:25.746,1.05377,1.0539,1.73,1.50
2012.08.23 01:53:26.029,1.05377,1.05389,1.88,1.50
2012.08.23 01:53:27.235,1.05377,1.0539,1.73,3.00
2012.08.23 01:53:27.766,1.05377,1.05391,4.88,1.50
2012.08.23 01:53:28.439,1.05379,1.05393,1.73,3.23
2012.08.23 01:53:28.995,1.05379,1.05393,3.23,1.73
2012.08.23 01:53:29.066,1.05379,1.05394,3.23,2.48
2012.08.23 01:53:29.136,1.05381,1.05395,2.48,1.50
2012.08.23 01:53:29.684,1.05383,1.05398,2.48,3.23
2012.08.23 01:53:32.445,1.05381,1.05394,3.23,1.13
2012.08.23 01:53:32.756,1.05379,1.05395,2.48,3.23
2012.08.23 01:53:32.826,1.0538,1.05395,1.73,3.00
2012.08.23 01:53:32.897,1.05383,1.05396,1.73,1.73
2012.08.23 01:53:34.315,1.05382,1.05398,3.98,2.48
2012.08.23 01:53:35.316,1.05382,1.05397,3.23,1.73
2012.08.23 01:53:35.686,1.05381,1.05395,1.50,3.60
2012.08.23 01:53:35.935,1.05382,1.05397,1.73,3.23
2012.08.23 01:53:37.435,1.05382,1.05396,1.73,1.73
2012.08.23 01:53:37.565,1.05382,1.05394,1.50,2.10
2012.08.23 01:53:38.112,1.05378,1.05394,3.23,2.85
2012.08.23 01:53:38.188,1.05377,1.05392,5.48,1.73
2012.08.23 01:53:39.168,1.0538,1.05394,1.73,4.35
2012.08.23 01:53:40.375,1.05381,1.05394,1.50,1.35
2012.08.23 01:53:41.467,1.05379,1.05393,3.23,1.73
2012.08.23 01:53:42.406,1.05379,1.05393,1.73,1.73
2012.08.23 01:53:44.213,1.0538,1.05393,1.73,1.73
2012.08.23 01:53:45.273,1.0538,1.05393,1.73,1.73
2012.08.23 01:53:49.475,1.0538,1.05392,1.73,1.73
2012.08.23 01:53:51.627,1.0538,1.05393,2.48,1.73
2012.08.23 01:53:51.906,1.05377,1.05384,1.50,1.35
2012.08.23 01:53:51.979,1.05377,1.05386,2.25,1.35
2012.08.23 01:53:52.119,1.05378,1.0539,1.73,2.48
2012.08.23 01:53:54.915,1.05378,1.0539,1.73,1.73
2012.08.23 01:53:55.361,1.05377,1.0539,2.48,1.50
2012.08.23 01:53:55.914,1.05378,1.05393,1.73,3.23
2012.08.23 01:53:57.067,1.05379,1.05393,3.98,1.73
2012.08.23 01:53:57.256,1.05379,1.05393,2.48,2.48
2012.08.23 01:54:04.043,1.05378,1.05393,1.73,3.23
2012.08.23 01:54:05.307,1.05381,1.05393,1.50,3.23
2012.08.23 01:54:05.593,1.05379,1.05391,2.48,1.73
2012.08.23 01:54:07.656,1.05381,1.05393,1.50,1.73
2012.08.23 01:54:08.175,1.05381,1.05394,1.50,1.73
2012.08.23 01:54:11.014,1.0538,1.05393,3.75,1.73
2012.08.23 01:54:13.676,1.05381,1.05394,1.50,1.73
2012.08.23 01:54:14.206,1.05381,1.05395,2.25,2.48
2012.08.23 01:54:14.337,1.05382,1.05398,1.73,3.25
2012.08.23 01:54:15.244,1.05385,1.05398,1.73,2.48
2012.08.23 01:54:15.435,1.05385,1.05398,2.48,1.50
2012.08.23 01:54:15.506,1.05386,1.05401,1.73,4.00
2012.08.23 01:54:15.754,1.05387,1.05401,1.73,3.23
2012.08.23 01:54:16.266,1.05385,1.05398,2.48,3.00
2012.08.23 01:54:16.785,1.05386,1.05398,2.48,1.50
2012.08.23 01:54:17.335,1.05388,1.05399,1.73,2.25
2012.08.23 01:54:20.755,1.05386,1.05399,1.73,3.00
2012.08.23 01:54:23.553,1.05386,1.05399,2.48,3.00
2012.08.23 01:54:25.093,1.05386,1.05399,2.48,3.75
2012.08.23 01:54:25.406,1.05386,1.05398,2.48,1.50
2012.08.23 01:54:25.477,1.05386,1.05398,2.48,1.50
2012.08.23 01:54:25.667,1.05386,1.05398,2.48,1.50
2012.08.23 01:54:26.216,1.05384,1.05397,1.50,1.73
2012.08.23 01:54:26.740,1.05386,1.05398,1.73,1.50
2012.08.23 01:54:27.876,1.05386,1.05398,2.03,2.25
2012.08.23 01:54:28.064,1.05383,1.05398,2.48,3.23
2012.08.23 01:54:29.655,1.0538,1.05393,1.73,1.50
2012.08.23 01:54:29.977,1.05379,1.05392,2.48,3.00
2012.08.23 01:54:30.107,1.05378,1.05391,3.21,1.73
2012.08.23 01:54:30.664,1.05378,1.05389,2.48,1.50
2012.08.23 01:54:30.738,1.05378,1.05389,1.73,1.50
2012.08.23 01:54:30.948,1.0538,1.05395,2.48,1.50
2012.08.23 01:54:31.495,1.05382,1.05396,2.48,1.73
2012.08.23 01:54:34.196,1.05381,1.05395,1.80,3.38
2012.08.23 01:54:34.328,1.05379,1.0539,2.33,1.73
2012.08.23 01:54:34.395,1.05378,1.0539,2.48,1.73
2012.08.23 01:54:34.706,1.05381,1.05393,1.50,2.48
2012.08.23 01:54:35.847,1.05384,1.05394,1.50,1.73
2012.08.23 01:54:35.976,1.05387,1.05395,1.50,1.50
2012.08.23 01:54:36.298,1.05385,1.05395,1.50,1.50
2012.08.23 01:54:36.664,1.05382,1.05395,1.73,1.50
2012.08.23 01:54:37.376,1.05379,1.05395,3.23,2.25
2012.08.23 01:54:37.566,1.05378,1.05392,2.55,1.73
2012.08.23 01:54:37.638,1.05379,1.05391,1.05,2.48
2012.08.23 01:54:37.707,1.05376,1.05391,2.78,2.48
2012.08.23 01:54:38.219,1.05376,1.05386,1.73,1.50
2012.08.23 01:54:38.749,1.05374,1.05385,1.05,1.50
2012.08.23 01:54:39.296,1.05371,1.05383,3.53,1.50
2012.08.23 01:54:39.437,1.0537,1.05383,2.25,3.98
2012.08.23 01:54:39.635,1.05368,1.05381,1.73,3.23
2012.08.23 01:54:40.138,1.05368,1.05381,1.73,3.23
2012.08.23 01:54:40.738,1.05368,1.05381,1.13,1.73
2012.08.23 01:54:40.866,1.05367,1.05381,3.23,2.48
2012.08.23 01:54:41.384,1.05367,1.05381,3.23,2.48
2012.08.23 01:54:41.555,1.05367,1.05381,3.23,2.48
2012.08.23 01:54:41.984,1.05372,1.05383,1.50,2.48
2012.08.23 01:54:42.175,1.05368,1.05382,1.73,2.48
2012.08.23 01:54:42.666,1.05369,1.05381,1.50,3.23
2012.08.23 01:54:42.737,1.05367,1.05381,2.48,1.73
2012.08.23 01:54:42.807,1.05367,1.05379,1.50,1.73
2012.08.23 01:54:43.067,1.05373,1.05385,1.50,2.28
2012.08.23 01:54:43.387,1.0537,1.05383,3.00,1.73
2012.08.23 01:54:44.485,1.05369,1.05382,1.50,1.73
2012.08.23 01:54:45.436,1.05368,1.05381,3.23,1.73
2012.08.23 01:54:45.505,1.05372,1.05383,1.50,1.73
2012.08.23 01:54:46.145,1.05372,1.05381,1.50,1.65
2012.08.23 01:54:47.108,1.05372,1.05383,1.50,1.73
2012.08.23 01:54:47.644,1.05371,1.05383,1.50,2.48
2012.08.23 01:54:48.232,1.05372,1.05383,1.50,2.48
2012.08.23 01:54:48.597,1.05372,1.0538,1.50,1.73
2012.08.23 01:54:48.727,1.05368,1.05379,2.48,1.50
2012.08.23 01:54:48.856,1.05367,1.05379,2.25,1.73
2012.08.23 01:54:49.106,1.05367,1.05382,4.73,1.73
2012.08.23 01:54:49.680,1.05369,1.05383,2.25,2.48
2012.08.23 01:54:49.993,1.05369,1.05383,2.25,2.48
2012.08.23 01:54:50.556,1.0537,1.05383,1.50,2.48
2012.08.23 01:54:51.217,1.05369,1.05382,3.75,1.73
2012.08.23 01:54:51.405,1.05369,1.05382,2.25,1.73
2012.08.23 01:54:54.625,1.05369,1.05382,3.75,1.73
2012.08.23 01:54:54.753,1.05369,1.05382,4.50,1.73
2012.08.23 01:54:55.345,1.05369,1.0538,2.25,1.50
2012.08.23 01:54:55.677,1.05367,1.05375,2.25,1.50
2012.08.23 01:54:55.805,1.05369,1.05379,1.50,1.50
2012.08.23 01:54:55.936,1.05369,1.05379,1.50,2.25
2012.08.23 01:54:56.477,1.05368,1.05382,2.25,2.48
2012.08.23 01:54:56.549,1.05367,1.05381,2.48,1.73
2012.08.23 01:54:57.096,1.05369,1.05381,1.50,1.73
2012.08.23 01:54:57.606,1.05367,1.05382,3.23,1.73
2012.08.23 01:54:58.149,1.05367,1.05381,2.48,1.73
2012.08.23 01:54:58.527,1.05366,1.0538,1.73,2.48
2012.08.23 01:54:58.654,1.05365,1.05379,2.25,1.73
2012.08.23 01:54:59.285,1.05366,1.05381,1.50,3.23
2012.08.23 01:55:02.705,1.05366,1.05384,3.00,4.00
2012.08.23 01:55:02.956,1.05371,1.05384,1.50,1.75
2012.08.23 01:55:05.046,1.05365,1.0538,4.50,1.73
2012.08.23 01:55:05.117,1.05365,1.05379,2.25,2.48
2012.08.23 01:55:05.674,1.05367,1.0538,1.50,1.73
2012.08.23 01:55:06.967,1.05372,1.05381,1.50,1.50
2012.08.23 01:55:07.096,1.05372,1.0538,1.50,1.50
2012.08.23 01:55:07.345,1.0537,1.05383,1.50,2.48
2012.08.23 01:55:07.946,1.05369,1.05382,2.25,1.73
2012.08.23 01:55:13.404,1.05369,1.05381,3.00,1.73
2012.08.23 01:55:13.964,1.05371,1.05384,1.50,3.23
2012.08.23 01:55:14.668,1.0537,1.05384,1.50,3.23
2012.08.23 01:55:15.276,1.05372,1.05384,1.50,3.23
2012.08.23 01:55:17.085,1.05372,1.05385,3.00,2.48
2012.08.23 01:55:17.654,1.05373,1.05386,1.50,2.85
2012.08.23 01:55:17.967,1.05377,1.05386,1.50,1.13
2012.08.23 01:55:18.094,1.05377,1.05391,1.50,2.50
2012.08.23 01:55:18.604,1.05377,1.05393,2.25,1.75
2012.08.23 01:55:19.812,1.0538,1.05393,1.73,1.75
2012.08.23 01:55:19.894,1.05383,1.05398,1.73,3.25
2012.08.23 01:55:20.224,1.05385,1.054,1.73,2.48
2012.08.23 01:55:20.486,1.05386,1.05402,1.50,4.75
2012.08.23 01:55:21.876,1.05387,1.054,1.50,2.48
2012.08.23 01:55:22.323,1.05384,1.05395,1.50,1.35
2012.08.23 01:55:22.626,1.0538,1.05395,2.25,2.85
2012.08.23 01:55:25.796,1.05381,1.05395,1.50,2.10
2012.08.23 01:55:26.047,1.05384,1.05399,1.73,4.00
2012.08.23 01:55:26.566,1.05384,1.05401,2.48,3.23
2012.08.23 01:55:30.228,1.05382,1.05396,2.25,1.35
2012.08.23 01:55:30.356,1.05382,1.05396,2.25,1.35
2012.08.23 01:55:32.096,1.05383,1.05396,2.18,1.35
2012.08.23 01:55:32.405,1.05383,1.05398,2.40,3.23
2012.08.23 01:55:33.144,1.05384,1.05397,1.73,1.73
2012.08.23 01:55:33.457,1.0538,1.05395,2.18,3.23
2012.08.23 01:55:33.645,1.05384,1.05395,1.73,1.73
2012.08.23 01:55:34.405,1.0538,1.05395,2.93,3.60
2012.08.23 01:55:34.654,1.0538,1.05395,2.18,4.35
2012.08.23 01:55:35.415,1.0538,1.05395,3.68,3.60
2012.08.23 01:55:42.583,1.0538,1.05394,2.25,2.48
2012.08.23 01:55:42.715,1.05379,1.05391,1.73,1.73
2012.08.23 01:55:42.788,1.05376,1.05389,5.48,1.50
2012.08.23 01:55:42.988,1.05376,1.05389,2.25,1.73
2012.08.23 01:55:43.307,1.05374,1.05384,1.50,2.25
2012.08.23 01:55:43.445,1.05372,1.0538,3.00,1.50
2012.08.23 01:55:43.697,1.05372,1.05383,3.23,1.50
2012.08.23 01:55:45.106,1.05375,1.05386,3.00,1.73
2012.08.23 01:55:45.177,1.05375,1.0539,3.00,1.75
2012.08.23 01:55:45.487,1.05379,1.05392,2.25,2.50
2012.08.23 01:55:45.616,1.0538,1.05392,1.50,1.73
2012.08.23 01:55:46.507,1.0538,1.05394,2.25,1.73
2012.08.23 01:55:46.816,1.0538,1.05388,1.50,1.50
2012.08.23 01:55:47.521,1.05379,1.05388,1.73,1.50
2012.08.23 01:55:47.956,1.05374,1.05388,3.23,3.23
2012.08.23 01:55:49.905,1.05379,1.05393,1.73,2.48
2012.08.23 01:55:52.437,1.05379,1.05394,3.23,3.98
2012.08.23 01:55:52.568,1.05378,1.05391,2.25,2.48
2012.08.23 01:55:53.132,1.05374,1.05388,2.48,1.73
2012.08.23 01:55:55.085,1.05378,1.0539,1.50,1.73
2012.08.23 01:55:57.095,1.05375,1.05389,3.75,1.73
2012.08.23 01:55:57.845,1.05377,1.05389,1.50,1.73
2012.08.23 01:55:58.162,1.05377,1.0539,1.73,3.00
2012.08.23 01:55:58.706,1.05377,1.0539,3.23,3.00
2012.08.23 01:55:58.897,1.05377,1.0539,3.23,1.50
2012.08.23 01:55:58.967,1.05377,1.05389,2.48,1.50
2012.08.23 01:55:59.216,1.05375,1.05389,2.25,1.73
2012.08.23 01:56:09.125,1.05375,1.05389,2.25,1.73
2012.08.23 01:56:10.336,1.05376,1.05391,2.25,4.75
2012.08.23 01:56:10.763,1.05377,1.05393,3.00,2.50
2012.08.23 01:56:11.266,1.05378,1.05391,1.50,1.73
2012.08.23 01:56:11.337,1.05377,1.05391,1.73,2.48
2012.08.23 01:56:15.274,1.05379,1.05394,1.73,4.73
2012.08.23 01:56:15.827,1.0538,1.05394,3.00,3.23
2012.08.23 01:56:20.765,1.05378,1.05394,1.73,6.98
2012.08.23 01:56:21.317,1.05376,1.05391,4.28,3.23
2012.08.23 01:56:21.853,1.05377,1.05391,1.73,2.48
2012.08.23 01:56:23.135,1.05377,1.05391,3.23,1.73
2012.08.23 01:56:25.355,1.05378,1.05393,1.73,2.48
2012.08.23 01:56:25.864,1.05377,1.05393,3.23,1.73
2012.08.23 01:56:26.505,1.05377,1.05391,1.73,1.73
2012.08.23 01:56:27.047,1.05377,1.05391,1.73,2.48
2012.08.23 01:56:27.596,1.05376,1.05389,1.73,1.50
2012.08.23 01:56:28.146,1.05377,1.0539,2.48,1.50
2012.08.23 01:56:29.964,1.05377,1.05391,3.23,1.73
2012.08.23 01:56:30.942,1.05377,1.05391,3.23,2.48
2012.08.23 01:56:31.488,1.0538,1.05391,1.50,1.73
2012.08.23 01:56:32.044,1.0538,1.05393,1.50,2.48
2012.08.23 01:56:33.414,1.05377,1.05392,3.23,2.48
2012.08.23 01:56:33.874,1.05377,1.05391,2.48,1.73
2012.08.23 01:56:34.185,1.05374,1.05389,3.23,1.73
2012.08.23 01:56:36.417,1.05377,1.05389,1.50,1.73
2012.08.23 01:56:37.307,1.05375,1.05387,2.48,1.73
2012.08.23 01:56:40.295,1.05373,1.05388,3.23,3.23
2012.08.23 01:56:40.856,1.05377,1.05388,1.50,1.73
2012.08.23 01:56:42.525,1.05373,1.05388,3.23,3.23
2012.08.23 01:56:46.274,1.05378,1.05389,1.50,2.48
2012.08.23 01:56:46.345,1.05373,1.05386,1.73,1.73
2012.08.23 01:56:47.152,1.05373,1.05384,1.73,1.50
2012.08.23 01:56:48.365,1.05373,1.05389,1.73,3.98
2012.08.23 01:56:51.241,1.05373,1.05384,1.73,1.13
2012.08.23 01:56:51.380,1.05371,1.05384,2.25,1.35
2012.08.23 01:56:51.924,1.0537,1.05384,3.75,2.10
2012.08.23 01:56:52.236,1.05374,1.05385,1.50,1.35
2012.08.23 01:56:52.366,1.05377,1.0539,1.50,2.13
2012.08.23 01:56:52.497,1.05378,1.0539,1.73,1.38
2012.08.23 01:56:52.866,1.0538,1.0539,2.48,1.35
2012.08.23 01:56:53.175,1.05374,1.05389,5.48,2.48
2012.08.23 01:56:55.317,1.05374,1.05388,2.48,1.73
2012.08.23 01:56:55.518,1.05374,1.05386,1.73,1.73
2012.08.23 01:56:55.824,1.0537,1.05383,3.23,1.50
2012.08.23 01:56:55.895,1.0537,1.05383,2.25,1.73
2012.08.23 01:56:55.964,1.0537,1.05383,2.25,1.73
2012.08.23 01:56:56.216,1.05368,1.05381,3.23,2.48
2012.08.23 01:56:57.505,1.05365,1.05378,4.05,1.73
2012.08.23 01:56:57.646,1.05366,1.05378,1.05,1.73
2012.08.23 01:56:57.967,1.05365,1.05376,2.25,1.73
2012.08.23 01:56:58.216,1.05369,1.05381,1.73,2.50
2012.08.23 01:56:58.926,1.05368,1.05381,2.48,2.48
2012.08.23 01:56:59.174,1.05368,1.0538,1.73,1.50
2012.08.23 01:57:02.395,1.05368,1.05378,1.73,1.50
2012.08.23 01:57:02.648,1.05363,1.05375,3.73,2.10
2012.08.23 01:57:02.906,1.05364,1.05378,3.23,2.48
2012.08.23 01:57:03.048,1.05365,1.05374,3.00,1.50
2012.08.23 01:57:03.597,1.05365,1.05378,1.50,1.73
2012.08.23 01:57:04.216,1.05366,1.05378,1.50,1.73
2012.08.23 01:57:04.946,1.05366,1.05377,1.50,1.73
2012.08.23 01:57:05.146,1.0536,1.05375,2.25,3.60
2012.08.23 01:57:05.655,1.05362,1.05375,1.50,2.85
2012.08.23 01:57:06.205,1.05363,1.05375,1.50,2.85
2012.08.23 01:57:06.566,1.05364,1.05377,1.73,1.73
2012.08.23 01:57:06.635,1.05367,1.05378,1.50,1.73
2012.08.23 01:57:07.986,1.05365,1.05379,1.50,2.48
2012.08.23 01:57:08.506,1.05365,1.05376,1.50,1.73
2012.08.23 01:57:08.814,1.0536,1.05374,1.50,2.48
2012.08.23 01:57:11.932,1.05359,1.05374,3.23,1.73
2012.08.23 01:57:13.004,1.05361,1.05375,1.50,2.86
2012.08.23 01:57:13.261,1.05364,1.05375,1.50,1.73
2012.08.23 01:57:13.465,1.05364,1.05376,1.73,1.75
2012.08.23 01:57:20.675,1.05364,1.05379,1.73,1.73
2012.08.23 01:57:20.985,1.05365,1.05379,1.13,1.50
2012.08.23 01:57:21.567,1.05367,1.05379,1.73,1.50
2012.08.23 01:57:21.916,1.05367,1.05381,2.48,1.73
2012.08.23 01:57:22.426,1.05369,1.05384,1.73,2.88
2012.08.23 01:57:23.216,1.05367,1.05381,1.73,1.73
2012.08.23 01:57:23.778,1.05366,1.05378,2.48,1.50
2012.08.23 01:57:24.084,1.05362,1.05376,2.48,1.73
2012.08.23 01:57:24.906,1.05362,1.05378,3.23,1.73
2012.08.23 01:57:25.156,1.0536,1.05374,3.23,2.48
2012.08.23 01:57:26.865,1.0536,1.05374,1.73,1.73
2012.08.23 01:57:27.198,1.05362,1.05368,1.50,1.35
2012.08.23 01:57:27.508,1.05367,1.05377,1.50,1.75
2012.08.23 01:57:27.575,1.05367,1.05377,1.50,1.75
2012.08.23 01:57:29.096,1.05365,1.05378,2.25,1.73
2012.08.23 01:57:29.905,1.05362,1.05378,3.23,1.73
2012.08.23 01:57:30.215,1.0536,1.05374,2.85,3.60
2012.08.23 01:57:31.756,1.0536,1.05374,1.73,3.60
2012.08.23 01:57:32.376,1.0536,1.05374,3.23,2.10
2012.08.23 01:57:33.268,1.05362,1.05375,1.50,2.48
2012.08.23 01:57:33.459,1.05364,1.05378,1.73,1.73
2012.08.23 01:57:35.168,1.05361,1.05375,1.73,2.48
2012.08.23 01:57:35.476,1.05358,1.05368,1.50,1.73
2012.08.23 01:57:35.827,1.05355,1.05364,1.05,2.10
2012.08.23 01:57:36.016,1.05351,1.05364,1.50,4.35
2012.08.23 01:57:36.538,1.05353,1.05364,1.88,1.35
2012.08.23 01:57:38.017,1.05353,1.05364,1.88,2.10
2012.08.23 01:57:38.565,1.05353,1.05364,1.13,2.10
2012.08.23 01:57:39.085,1.05353,1.05364,1.88,2.10
2012.08.23 01:57:41.254,1.05353,1.05364,2.63,2.85
2012.08.23 01:57:41.505,1.05353,1.05364,1.88,2.10
2012.08.23 01:57:44.125,1.05355,1.05364,1.13,2.10
2012.08.23 01:57:44.195,1.05355,1.05364,1.88,2.10
2012.08.23 01:57:45.417,1.05353,1.05364,1.88,2.85
2012.08.23 01:57:45.965,1.05353,1.05361,1.13,1.73
2012.08.23 01:57:47.095,1.05353,1.05362,1.13,1.73
2012.08.23 01:57:50.825,1.05353,1.05361,1.13,1.73
2012.08.23 01:57:52.848,1.05353,1.05359,1.13,1.50
2012.08.23 01:57:52.917,1.05349,1.05358,1.35,2.25
2012.08.23 01:57:53.227,1.05347,1.05354,1.13,3.23
2012.08.23 01:57:53.417,1.05347,1.05353,1.13,1.73
2012.08.23 01:57:53.618,1.05342,1.05353,1.13,2.48
2012.08.23 01:57:55.175,1.05341,1.05352,1.50,1.50
2012.08.23 01:57:55.829,1.05339,1.0535,1.73,1.50
2012.08.23 01:57:56.116,1.05339,1.0535,1.73,2.25
2012.08.23 01:57:56.189,1.05337,1.0535,3.38,1.50
2012.08.23 01:57:56.260,1.05336,1.05348,2.61,1.50
2012.08.23 01:57:56.457,1.05333,1.05346,1.73,2.25
2012.08.23 01:57:56.656,1.05332,1.05342,2.98,1.50
2012.08.23 01:57:57.164,1.05331,1.05344,1.50,3.23
2012.08.23 01:57:58.846,1.05332,1.05344,1.50,1.73
2012.08.23 01:57:59.337,1.05332,1.05342,1.50,1.50
2012.08.23 01:57:59.407,1.0533,1.05342,2.25,2.25
2012.08.23 01:57:59.926,1.0533,1.05342,1.50,1.50
2012.08.23 01:58:00.435,1.05331,1.05343,1.50,1.73
2012.08.23 01:58:00.954,1.05331,1.05344,2.25,1.73
2012.08.23 01:58:01.485,1.05331,1.05344,3.00,1.73
2012.08.23 01:58:01.750,1.05334,1.05345,1.73,1.50
2012.08.23 01:58:01.817,1.05334,1.05347,1.73,1.13
2012.08.23 01:58:02.121,1.05334,1.05347,2.48,1.13
2012.08.23 01:58:02.456,1.05338,1.05347,3.23,1.13
2012.08.23 01:58:03.076,1.05336,1.05349,1.50,2.48
2012.08.23 01:58:03.287,1.05335,1.05347,2.25,1.73
2012.08.23 01:58:03.425,1.05332,1.05344,2.25,2.48
2012.08.23 01:58:04.265,1.05332,1.05345,2.25,3.23
2012.08.23 01:58:04.396,1.05334,1.05345,1.50,2.48
2012.08.23 01:58:04.866,1.05332,1.05345,1.50,2.48
2012.08.23 01:58:04.936,1.05336,1.05345,1.50,2.48
2012.08.23 01:58:05.255,1.05334,1.05345,1.50,2.48
2012.08.23 01:58:05.325,1.05338,1.05345,1.50,2.48
2012.08.23 01:58:05.875,1.05339,1.05345,1.50,2.48
2012.08.23 01:58:06.125,1.05335,1.05345,1.50,2.48
2012.08.23 01:58:06.255,1.05333,1.05345,1.50,2.48
2012.08.23 01:58:07.045,1.05332,1.05342,1.50,1.50
2012.08.23 01:58:07.174,1.05332,1.05339,1.50,1.50
2012.08.23 01:58:08.895,1.05332,1.05343,1.50,1.73
2012.08.23 01:58:09.446,1.0533,1.05344,1.50,1.73
2012.08.23 01:58:09.995,1.05332,1.05343,2.25,1.73
2012.08.23 01:58:10.067,1.05332,1.05338,1.50,1.50
2012.08.23 01:58:10.197,1.0533,1.05341,2.25,1.50
2012.08.23 01:58:10.389,1.0533,1.05339,2.25,1.50
2012.08.23 01:58:10.895,1.05331,1.0534,2.25,1.50
2012.08.23 01:58:11.087,1.05331,1.05343,2.25,1.73
2012.08.23 01:58:11.218,1.05331,1.05343,3.00,1.73
2012.08.23 01:58:11.765,1.05331,1.05344,3.00,1.73
2012.08.23 01:58:13.224,1.05331,1.05344,3.00,2.48
2012.08.23 01:58:13.684,1.05331,1.05343,3.00,1.73
2012.08.23 01:58:14.144,1.05332,1.05343,2.63,1.73
2012.08.23 01:58:14.491,1.05336,1.05347,2.48,2.26
2012.08.23 01:58:14.697,1.05335,1.05349,1.73,1.73
2012.08.23 01:58:14.950,1.05337,1.0535,2.25,2.48
2012.08.23 01:58:15.147,1.05338,1.05351,1.73,2.25
2012.08.23 01:58:15.655,1.05338,1.05352,3.23,1.51
2012.08.23 01:58:17.564,1.0534,1.05354,1.50,3.98
2012.08.23 01:58:18.114,1.05339,1.05354,3.23,3.98
2012.08.23 01:58:18.673,1.05339,1.05354,3.23,3.23
2012.08.23 01:58:18.866,1.05338,1.05352,1.73,2.25
2012.08.23 01:58:19.806,1.05337,1.0535,1.50,2.48
2012.08.23 01:58:20.354,1.05333,1.05348,2.48,2.48
2012.08.23 01:58:20.975,1.05333,1.05349,1.73,2.48
2012.08.23 01:58:22.405,1.05335,1.0535,2.48,1.73
2012.08.23 01:58:22.676,1.05335,1.0535,3.98,1.73
2012.08.23 01:58:22.866,1.05339,1.05352,1.73,1.51
2012.08.23 01:58:23.376,1.05339,1.05353,1.73,2.48
2012.08.23 01:58:24.007,1.0534,1.05354,1.50,2.48
2012.08.23 01:58:24.696,1.0534,1.05354,2.25,1.73
2012.08.23 01:58:26.295,1.05342,1.05356,1.50,2.11
2012.08.23 01:58:26.627,1.05348,1.05356,1.50,1.73
2012.08.23 01:58:26.697,1.05348,1.05356,1.50,1.50
2012.08.23 01:58:27.417,1.05348,1.0536,1.50,1.73
2012.08.23 01:58:27.976,1.05346,1.0536,1.13,1.73
2012.08.23 01:58:28.525,1.05346,1.05358,1.50,1.73
2012.08.23 01:58:29.079,1.05346,1.05361,1.13,2.48
2012.08.23 01:58:30.687,1.05347,1.05362,2.25,2.50
2012.08.23 01:58:31.067,1.05349,1.05362,3.00,1.73
2012.08.23 01:58:31.138,1.0535,1.05364,2.48,1.73
2012.08.23 01:58:31.327,1.05347,1.05363,3.00,1.73
2012.08.23 01:58:35.005,1.05345,1.05358,3.98,1.73
2012.08.23 01:58:37.618,1.05349,1.05364,2.25,4.75
2012.08.23 01:58:37.748,1.0535,1.05364,3.23,1.75
2012.08.23 01:58:37.816,1.0535,1.05364,3.23,1.75
2012.08.23 01:58:38.374,1.05352,1.05365,2.25,1.73
2012.08.23 01:58:39.256,1.05352,1.05366,3.00,1.73
2012.08.23 01:58:39.326,1.05354,1.05369,1.73,6.23
2012.08.23 01:58:39.537,1.05354,1.05369,3.23,3.98
2012.08.23 01:58:39.609,1.05355,1.05369,1.50,3.23
2012.08.23 01:58:39.927,1.05362,1.05373,1.50,2.50
2012.08.23 01:58:40.477,1.05362,1.05374,2.25,1.73
2012.08.23 01:58:40.795,1.05363,1.05377,1.73,2.48
2012.08.23 01:58:41.047,1.05363,1.05377,1.73,2.48
2012.08.23 01:58:41.598,1.05363,1.05377,1.73,3.23
2012.08.23 01:58:42.096,1.05362,1.05374,2.25,1.73
2012.08.23 01:58:42.646,1.05361,1.05375,1.50,1.73
2012.08.23 01:58:46.386,1.05362,1.05375,2.25,2.48
2012.08.23 01:58:47.944,1.0536,1.05375,1.50,2.48
2012.08.23 01:58:48.556,1.05359,1.05373,2.48,1.73
2012.08.23 01:58:49.487,1.05361,1.05374,1.50,1.73
2012.08.23 01:58:50.035,1.05361,1.05374,1.50,1.73
2012.08.23 01:58:53.054,1.05362,1.05375,1.50,1.73
2012.08.23 01:58:53.184,1.05362,1.05376,1.50,3.23
2012.08.23 01:58:53.676,1.05362,1.05378,2.48,3.23
2012.08.23 01:58:53.745,1.05362,1.05378,2.48,3.23
2012.08.23 01:59:00.798,1.05365,1.0538,1.73,2.48
2012.08.23 01:59:03.466,1.05362,1.05377,3.98,1.73
2012.08.23 01:59:04.014,1.05363,1.05379,2.48,2.48
2012.08.23 01:59:04.524,1.05363,1.05379,2.48,3.23
2012.08.23 01:59:08.965,1.05364,1.05378,1.73,3.23
2012.08.23 01:59:10.326,1.05364,1.05377,1.73,2.48
2012.08.23 01:59:11.064,1.05363,1.05375,1.50,3.23
2012.08.23 01:59:11.140,1.05364,1.05378,1.50,3.25
2012.08.23 01:59:11.206,1.05364,1.05378,1.73,3.23
2012.08.23 01:59:12.364,1.05364,1.05378,1.73,3.23
2012.08.23 01:59:25.112,1.05362,1.05376,2.48,2.63
2012.08.23 01:59:25.377,1.05362,1.05373,2.25,1.73
2012.08.23 01:59:25.515,1.05359,1.05372,1.65,1.73
2012.08.23 01:59:26.036,1.05361,1.05373,3.00,1.73
2012.08.23 01:59:26.407,1.05361,1.05375,3.00,1.73
2012.08.23 01:59:26.547,1.05363,1.05376,1.73,2.25
2012.08.23 01:59:26.815,1.05363,1.05378,3.23,3.98
2012.08.23 01:59:27.156,1.05363,1.05378,2.48,5.48
2012.08.23 01:59:27.465,1.0536,1.05374,2.48,2.48
2012.08.23 01:59:28.096,1.0536,1.05374,2.48,2.48
2012.08.23 01:59:30.286,1.05361,1.05374,1.50,2.48
2012.08.23 01:59:31.435,1.05362,1.05376,1.50,2.48
2012.08.23 01:59:31.949,1.05362,1.05376,1.50,1.73
2012.08.23 01:59:32.034,1.05365,1.05379,1.73,3.23
2012.08.23 01:59:32.950,1.05366,1.05381,3.75,3.23
2012.08.23 01:59:33.146,1.05367,1.05383,3.23,2.50
2012.08.23 01:59:33.696,1.05367,1.05383,3.98,2.48
2012.08.23 01:59:38.276,1.05369,1.05384,1.73,2.48
2012.08.23 01:59:38.465,1.05371,1.05384,1.50,2.48
2012.08.23 01:59:38.595,1.05371,1.05384,1.50,2.48
2012.08.23 01:59:39.279,1.05371,1.05386,1.50,2.48
2012.08.23 01:59:39.956,1.05368,1.05383,2.33,3.23
2012.08.23 01:59:40.146,1.05367,1.05381,1.28,2.25
2012.08.23 01:59:40.649,1.05365,1.05379,1.13,2.48
2012.08.23 01:59:41.146,1.05367,1.05382,3.23,3.98
2012.08.23 01:59:41.997,1.05367,1.0538,1.73,1.50
2012.08.23 01:59:43.894,1.0537,1.05383,1.73,3.98
2012.08.23 01:59:44.266,1.05368,1.05381,2.48,2.25
2012.08.23 01:59:44.575,1.05365,1.05381,3.23,3.23
2012.08.23 01:59:45.506,1.05368,1.05383,2.25,3.23
2012.08.23 01:59:46.015,1.05366,1.05379,1.50,2.48
2012.08.23 01:59:47.494,1.05364,1.05377,3.23,1.73
2012.08.23 01:59:48.055,1.05367,1.05379,1.50,1.73
2012.08.23 01:59:48.185,1.05364,1.05379,3.23,1.73
2012.08.23 01:59:51.026,1.05368,1.05379,1.50,1.73
2012.08.23 01:59:52.775,1.05368,1.05379,1.50,1.73
2012.08.23 01:59:53.027,1.05362,1.05376,1.73,1.50
2012.08.23 01:59:53.156,1.05361,1.05376,1.50,1.73
2012.08.23 01:59:53.406,1.05363,1.05378,2.48,3.98
2012.08.23 01:59:54.225,1.05364,1.05378,2.48,1.73
2012.08.23 01:59:54.741,1.05364,1.05378,2.48,1.73
2012.08.23 01:59:55.825,1.05364,1.05378,2.48,1.73
2012.08.23 01:59:56.448,1.05362,1.05375,2.48,1.50
2012.08.23 01:59:58.414,1.05363,1.05378,2.48,3.23
