2013.03.13 11:00:00.202,1.03037,1.0305,3.75,1.73
2013.03.13 11:00:02.433,1.03037,1.03048,1.50,4.73
2013.03.13 11:00:02.673,1.03035,1.03047,1.50,1.73
2013.03.13 11:00:02.856,1.03033,1.03045,1.73,1.73
2013.03.13 11:00:03.353,1.03032,1.03041,1.50,1.50
2013.03.13 11:00:03.713,1.03026,1.03041,4.13,2.48
2013.03.13 11:00:03.954,1.03027,1.03039,1.50,1.73
2013.03.13 11:00:04.315,1.03026,1.03036,1.88,1.73
2013.03.13 11:00:04.612,1.03022,1.03036,2.48,1.73
2013.03.13 11:00:04.674,1.03022,1.03034,1.73,1.73
2013.03.13 11:00:05.033,1.03022,1.03032,1.50,1.73
2013.03.13 11:00:05.394,1.03023,1.03036,1.50,1.73
2013.03.13 11:00:05.512,1.03023,1.03036,2.25,1.73
2013.03.13 11:00:05.833,1.03024,1.03038,1.50,3.98
2013.03.13 11:00:06.073,1.03025,1.03038,1.50,1.73
2013.03.13 11:00:06.846,1.03026,1.0304,1.50,2.48
2013.03.13 11:00:07.452,1.03027,1.0304,1.50,1.73
2013.03.13 11:00:07.815,1.03028,1.03041,1.50,2.48
2013.03.13 11:00:08.292,1.0303,1.03043,1.50,3.23
2013.03.13 11:00:08.832,1.03031,1.03043,1.50,3.23
2013.03.13 11:00:09.132,1.0303,1.03042,3.75,1.73
2013.03.13 11:00:14.833,1.03033,1.03046,4.65,1.73
2013.03.13 11:00:15.132,1.03039,1.03052,1.50,4.35
2013.03.13 11:00:15.433,1.03039,1.03052,1.50,3.23
2013.03.13 11:00:15.672,1.03038,1.03053,4.50,3.00
2013.03.13 11:00:16.456,1.0304,1.03053,1.50,1.50
2013.03.13 11:00:16.943,1.03039,1.0305,1.50,1.73
2013.03.13 11:00:17.003,1.03039,1.0305,1.50,1.73
2013.03.13 11:00:17.677,1.03039,1.03049,1.50,1.73
2013.03.13 11:00:18.103,1.03034,1.03044,1.50,1.50
2013.03.13 11:00:18.402,1.03032,1.03043,1.13,1.73
2013.03.13 11:00:18.582,1.0303,1.03043,2.25,1.73
2013.03.13 11:00:18.702,1.0303,1.03043,2.25,1.73
2013.03.13 11:00:23.043,1.0303,1.03043,3.00,2.48
2013.03.13 11:00:23.603,1.0303,1.03043,2.25,2.48
2013.03.13 11:00:25.015,1.0303,1.03043,2.25,2.48
2013.03.13 11:00:27.392,1.0303,1.03043,2.25,2.48
2013.03.13 11:00:31.782,1.0303,1.03042,2.25,1.73
2013.03.13 11:00:31.842,1.0303,1.03042,3.75,1.73
2013.03.13 11:00:35.743,1.03031,1.03042,1.50,1.73
2013.03.13 11:00:37.473,1.03033,1.03045,1.50,1.73
2013.03.13 11:00:37.654,1.03034,1.03047,3.75,1.73
2013.03.13 11:00:37.773,1.03035,1.03047,1.50,1.73
2013.03.13 11:00:38.672,1.03037,1.03047,1.50,2.48
2013.03.13 11:00:40.243,1.03035,1.03044,2.25,2.48
2013.03.13 11:00:40.749,1.03035,1.03044,1.73,2.25
2013.03.13 11:00:41.393,1.03033,1.03043,1.50,2.25
2013.03.13 11:00:41.932,1.03033,1.03043,1.50,2.48
2013.03.13 11:00:42.885,1.03033,1.03043,2.25,1.73
2013.03.13 11:00:44.522,1.03033,1.03043,1.50,2.48
2013.03.13 11:00:44.944,1.03032,1.03042,1.50,2.48
2013.03.13 11:00:45.542,1.03032,1.03042,1.50,2.48
2013.03.13 11:00:59.692,1.03032,1.03043,2.25,1.73
2013.03.13 11:01:05.132,1.03032,1.03042,1.50,1.73
2013.03.13 11:01:05.907,1.03032,1.03042,2.25,1.73
2013.03.13 11:01:08.463,1.03032,1.03042,1.50,1.73
2013.03.13 11:01:08.822,1.03032,1.03042,1.50,1.73
2013.03.13 11:01:09.442,1.03032,1.03042,1.50,1.73
2013.03.13 11:01:13.862,1.03029,1.03041,1.50,1.73
2013.03.13 11:01:15.033,1.03029,1.03039,1.50,1.73
2013.03.13 11:01:15.595,1.03028,1.03038,2.25,1.73
2013.03.13 11:01:18.732,1.0303,1.03041,1.50,1.73
2013.03.13 11:01:19.782,1.0303,1.03041,1.50,1.73
2013.03.13 11:01:28.173,1.03029,1.0304,3.00,1.73
2013.03.13 11:01:31.602,1.03029,1.0304,1.50,2.48
2013.03.13 11:01:32.993,1.03029,1.0304,1.50,1.73
2013.03.13 11:01:33.544,1.03029,1.0304,1.50,1.73
2013.03.13 11:01:35.862,1.03029,1.0304,2.25,1.73
2013.03.13 11:01:36.652,1.03029,1.03042,2.25,1.73
2013.03.13 11:01:40.532,1.03029,1.0304,2.25,1.73
2013.03.13 11:01:41.627,1.03026,1.03037,4.65,1.73
2013.03.13 11:01:41.699,1.03022,1.03033,1.35,2.48
2013.03.13 11:01:41.942,1.03022,1.03032,1.13,1.73
2013.03.13 11:01:42.662,1.03024,1.03036,1.13,6.30
2013.03.13 11:01:42.902,1.03023,1.03033,1.13,1.73
2013.03.13 11:01:43.022,1.03022,1.03033,1.88,1.73
2013.03.13 11:01:43.536,1.03022,1.03033,1.13,1.50
2013.03.13 11:01:45.911,1.03022,1.03033,2.63,1.50
2013.03.13 11:01:46.052,1.03022,1.03033,1.88,1.50
2013.03.13 11:01:46.232,1.03022,1.03033,1.88,1.50
2013.03.13 11:01:46.772,1.03022,1.03033,1.13,2.48
2013.03.13 11:01:52.622,1.0302,1.03032,1.13,1.73
2013.03.13 11:01:52.744,1.03019,1.03032,2.25,3.23
2013.03.13 11:01:52.862,1.03018,1.03029,2.25,1.73
2013.03.13 11:01:53.222,1.03019,1.03029,1.13,1.73
2013.03.13 11:02:04.062,1.0302,1.03032,1.13,3.23
2013.03.13 11:02:07.032,1.03019,1.0303,1.88,1.73
2013.03.13 11:02:08.732,1.03019,1.0303,1.88,1.73
2013.03.13 11:02:10.462,1.03021,1.03033,1.13,3.23
2013.03.13 11:02:10.883,1.03023,1.03033,1.88,1.50
2013.03.13 11:02:11.003,1.03023,1.03036,2.10,2.55
2013.03.13 11:02:11.182,1.03027,1.03039,2.63,1.35
2013.03.13 11:02:11.542,1.03028,1.0304,2.25,1.73
2013.03.13 11:02:12.173,1.03029,1.03043,3.00,3.98
2013.03.13 11:02:12.685,1.0303,1.03043,1.50,3.98
2013.03.13 11:02:13.232,1.03029,1.03043,6.00,3.23
2013.03.13 11:02:15.003,1.03032,1.03043,1.50,2.25
2013.03.13 11:02:15.302,1.03034,1.03046,1.50,2.10
2013.03.13 11:02:15.423,1.03035,1.03047,2.25,1.73
2013.03.13 11:02:15.543,1.03035,1.03047,2.25,1.73
2013.03.13 11:02:15.903,1.03035,1.03047,2.40,1.73
2013.03.13 11:02:16.442,1.03038,1.03049,1.50,1.73
2013.03.13 11:02:26.403,1.03035,1.03048,1.50,2.48
2013.03.13 11:02:37.273,1.03035,1.03047,2.25,2.48
2013.03.13 11:02:44.163,1.03035,1.03047,1.50,2.63
2013.03.13 11:02:44.406,1.03032,1.03046,3.98,1.13
2013.03.13 11:02:44.533,1.03032,1.03047,2.25,3.83
2013.03.13 11:02:44.594,1.03031,1.03046,3.75,1.73
2013.03.13 11:02:44.774,1.03031,1.03044,3.00,1.73
2013.03.13 11:02:45.312,1.03029,1.03044,3.00,1.73
2013.03.13 11:02:46.303,1.03029,1.03043,1.50,1.73
2013.03.13 11:02:46.483,1.03029,1.03039,2.25,1.73
2013.03.13 11:02:46.602,1.03027,1.03039,1.13,2.48
2013.03.13 11:02:48.592,1.03027,1.03039,1.13,2.48
2013.03.13 11:02:50.732,1.03027,1.03039,1.13,1.73
2013.03.13 11:02:51.802,1.03027,1.03039,1.13,1.73
2013.03.13 11:02:53.142,1.03027,1.03038,1.13,1.73
2013.03.13 11:02:55.473,1.03027,1.03039,1.13,1.73
2013.03.13 11:02:55.802,1.03027,1.03038,1.13,1.73
2013.03.13 11:03:05.604,1.03027,1.03039,1.13,1.73
2013.03.13 11:03:05.923,1.03027,1.03038,1.13,1.73
2013.03.13 11:03:14.222,1.03026,1.0304,1.88,2.48
2013.03.13 11:03:15.672,1.03032,1.03041,3.75,1.50
2013.03.13 11:03:15.854,1.03034,1.03042,1.50,1.50
2013.03.13 11:03:15.914,1.03034,1.03043,1.50,1.50
2013.03.13 11:03:16.154,1.03037,1.0305,4.50,2.48
2013.03.13 11:03:18.105,1.03039,1.03051,3.00,2.48
2013.03.13 11:03:19.234,1.03039,1.03051,1.50,1.73
2013.03.13 11:03:21.783,1.03039,1.03051,1.50,1.73
2013.03.13 11:03:26.392,1.03039,1.0305,1.50,2.48
2013.03.13 11:03:26.932,1.03037,1.0305,3.94,1.73
2013.03.13 11:03:26.993,1.03037,1.0305,1.69,2.48
2013.03.13 11:03:27.112,1.03037,1.0305,2.44,1.73
2013.03.13 11:03:27.652,1.03039,1.0305,1.50,1.73
2013.03.13 11:03:30.365,1.03039,1.03051,2.25,1.73
2013.03.13 11:03:31.452,1.03038,1.03051,3.00,1.73
2013.03.13 11:03:32.282,1.03041,1.03053,1.50,3.23
2013.03.13 11:03:38.312,1.0304,1.03053,2.25,3.23
2013.03.13 11:03:41.302,1.0304,1.03053,1.50,3.98
2013.03.13 11:03:43.472,1.0304,1.03053,1.50,3.98
2013.03.13 11:03:45.102,1.03039,1.03053,2.25,3.23
2013.03.13 11:03:45.282,1.03039,1.03053,2.25,3.23
2013.03.13 11:03:45.463,1.0304,1.03053,2.25,2.48
2013.03.13 11:03:45.522,1.0304,1.03053,2.25,1.73
2013.03.13 11:03:45.822,1.03044,1.03054,1.73,2.25
2013.03.13 11:03:45.882,1.03045,1.03058,3.75,4.92
2013.03.13 11:03:45.943,1.03046,1.03058,2.25,4.73
2013.03.13 11:03:46.738,1.03048,1.03062,2.25,1.73
2013.03.13 11:03:47.303,1.03048,1.03062,2.25,1.73
2013.03.13 11:03:48.051,1.03048,1.0306,1.50,1.73
2013.03.13 11:03:49.212,1.03045,1.03059,4.50,3.23
2013.03.13 11:03:50.925,1.03044,1.03059,1.50,2.48
2013.03.13 11:03:51.282,1.03044,1.03059,2.25,2.48
2013.03.13 11:03:52.142,1.03044,1.03059,1.50,3.23
2013.03.13 11:03:52.461,1.03044,1.03059,1.50,3.23
2013.03.13 11:04:03.972,1.03044,1.03058,2.25,1.73
2013.03.13 11:04:09.774,1.03049,1.03062,1.50,2.48
2013.03.13 11:04:11.103,1.03049,1.03062,5.25,1.73
2013.03.13 11:04:11.344,1.03053,1.03067,2.25,2.48
2013.03.13 11:04:11.402,1.03053,1.03067,2.25,1.73
2013.03.13 11:04:11.703,1.03055,1.03069,1.50,1.73
2013.03.13 11:04:11.822,1.03054,1.03069,1.73,1.73
2013.03.13 11:04:11.883,1.03056,1.03069,1.50,1.73
2013.03.13 11:04:12.122,1.03055,1.03068,2.44,1.73
2013.03.13 11:04:12.662,1.03054,1.03068,1.73,2.48
2013.03.13 11:04:12.963,1.03054,1.03069,1.73,3.23
2013.03.13 11:04:13.142,1.03054,1.03068,2.48,1.73
2013.03.13 11:04:14.112,1.03054,1.03067,1.73,1.50
2013.03.13 11:04:14.623,1.03056,1.03069,1.73,2.48
2013.03.13 11:04:14.682,1.03058,1.03069,1.50,2.48
2013.03.13 11:04:14.742,1.03058,1.03071,1.50,2.48
2013.03.13 11:04:20.903,1.0306,1.03072,1.50,2.48
2013.03.13 11:04:21.203,1.03066,1.03078,1.73,2.67
2013.03.13 11:04:21.264,1.03066,1.03079,1.73,3.79
2013.03.13 11:04:21.324,1.03066,1.03078,2.48,1.17
2013.03.13 11:04:21.502,1.03066,1.03073,1.50,1.50
2013.03.13 11:04:21.562,1.03061,1.03073,2.48,1.50
2013.03.13 11:04:21.742,1.03065,1.03073,1.50,1.50
2013.03.13 11:04:21.922,1.03061,1.03073,1.50,2.48
2013.03.13 11:04:22.343,1.03063,1.03074,1.50,1.73
2013.03.13 11:04:22.644,1.03062,1.03076,1.50,1.50
2013.03.13 11:04:23.234,1.03062,1.03076,1.50,1.73
2013.03.13 11:04:24.673,1.03061,1.03073,1.65,1.73
2013.03.13 11:04:24.732,1.03059,1.03073,3.57,1.73
2013.03.13 11:04:25.332,1.03058,1.03072,1.50,1.73
2013.03.13 11:04:25.513,1.03057,1.03069,1.73,1.73
2013.03.13 11:04:25.692,1.03055,1.03069,2.85,1.73
2013.03.13 11:04:26.052,1.03055,1.03069,1.73,1.73
2013.03.13 11:04:26.592,1.03055,1.03069,1.73,1.73
2013.03.13 11:04:29.242,1.03056,1.03069,1.73,1.73
2013.03.13 11:04:29.762,1.03056,1.03069,1.73,1.73
2013.03.13 11:04:32.862,1.03056,1.03067,1.73,1.73
2013.03.13 11:04:34.142,1.03056,1.03068,1.73,4.73
2013.03.13 11:04:35.801,1.03057,1.03071,4.17,2.48
2013.03.13 11:04:36.313,1.03057,1.03071,4.92,1.73
2013.03.13 11:04:37.333,1.03058,1.03072,1.50,2.48
2013.03.13 11:04:41.482,1.03058,1.03072,1.50,2.48
2013.03.13 11:04:42.262,1.03058,1.03072,2.63,1.73
2013.03.13 11:04:46.422,1.03058,1.03073,2.10,4.73
2013.03.13 11:04:48.243,1.03058,1.03073,2.10,4.73
2013.03.13 11:04:51.632,1.03058,1.03073,2.10,5.48
2013.03.13 11:04:56.403,1.03058,1.03072,1.73,2.48
2013.03.13 11:04:57.112,1.03058,1.03072,1.73,2.48
2013.03.13 11:04:57.272,1.03058,1.03072,1.73,2.48
2013.03.13 11:04:57.903,1.03057,1.03071,3.23,1.73
2013.03.13 11:04:58.083,1.03057,1.03069,1.73,1.73
2013.03.13 11:04:58.323,1.03057,1.03068,1.50,2.48
2013.03.13 11:04:58.443,1.03052,1.03064,2.48,1.73
2013.03.13 11:04:58.562,1.03051,1.03063,1.73,1.73
2013.03.13 11:04:58.982,1.03052,1.03062,1.50,1.73
2013.03.13 11:04:59.462,1.03046,1.03058,1.50,2.48
2013.03.13 11:04:59.951,1.03046,1.03058,1.50,2.48
2013.03.13 11:05:01.482,1.03047,1.03059,1.69,1.73
2013.03.13 11:05:02.273,1.03046,1.03057,2.48,1.73
2013.03.13 11:05:02.783,1.03046,1.03059,1.73,3.23
2013.03.13 11:05:04.693,1.03046,1.03057,1.73,1.73
2013.03.13 11:05:05.062,1.03046,1.03058,1.73,1.73
2013.03.13 11:05:06.225,1.03048,1.03059,1.50,1.73
2013.03.13 11:05:06.522,1.03048,1.03059,2.25,1.73
2013.03.13 11:05:07.042,1.03047,1.03059,1.50,1.73
2013.03.13 11:05:13.813,1.03046,1.03058,1.73,1.73
2013.03.13 11:05:18.403,1.03045,1.03058,3.23,1.73
2013.03.13 11:05:20.063,1.03047,1.03059,1.50,1.73
2013.03.13 11:05:25.212,1.03047,1.03059,1.50,1.73
2013.03.13 11:05:30.212,1.03046,1.03057,2.48,1.50
2013.03.13 11:05:30.443,1.03047,1.03058,1.50,1.73
2013.03.13 11:05:44.282,1.03046,1.03059,2.48,1.73
2013.03.13 11:05:45.576,1.03046,1.03058,2.48,1.73
2013.03.13 11:05:52.253,1.03046,1.03059,2.48,1.73
2013.03.13 11:05:52.613,1.03049,1.03061,2.25,1.35
2013.03.13 11:05:52.732,1.03049,1.03062,2.25,2.48
2013.03.13 11:06:20.042,1.0305,1.03063,1.50,3.23
2013.03.13 11:06:21.212,1.0305,1.03063,2.25,3.98
2013.03.13 11:06:23.457,1.03048,1.03063,2.48,1.73
2013.03.13 11:06:24.144,1.03051,1.03061,1.50,1.73
2013.03.13 11:06:27.142,1.0305,1.03063,1.73,5.48
2013.03.13 11:06:33.532,1.0305,1.03063,1.73,2.48
2013.03.13 11:06:36.473,1.03049,1.03063,2.48,1.73
2013.03.13 11:06:45.282,1.03051,1.03063,1.73,3.23
2013.03.13 11:06:52.813,1.0305,1.03063,1.73,1.73
2013.03.13 11:06:54.644,1.03048,1.03063,3.98,1.73
2013.03.13 11:06:55.343,1.03052,1.03063,1.50,1.73
2013.03.13 11:06:55.463,1.03052,1.03063,1.50,1.73
2013.03.13 11:06:56.002,1.03051,1.03063,2.48,1.50
2013.03.13 11:07:00.323,1.03053,1.03063,1.73,3.00
2013.03.13 11:07:01.102,1.03051,1.03063,1.73,3.00
2013.03.13 11:07:01.255,1.03051,1.03063,2.48,3.00
2013.03.13 11:07:01.804,1.03051,1.03063,2.48,1.50
2013.03.13 11:07:05.795,1.03051,1.03062,2.48,1.50
2013.03.13 11:07:06.353,1.03053,1.03062,1.73,1.50
2013.03.13 11:07:06.972,1.03051,1.03062,1.73,1.50
2013.03.13 11:07:08.314,1.03051,1.03062,2.48,1.50
2013.03.13 11:07:10.413,1.03051,1.03062,1.73,1.50
2013.03.13 11:07:13.183,1.03051,1.03062,1.73,1.50
2013.03.13 11:07:20.953,1.03051,1.03062,1.73,1.50
2013.03.13 11:07:21.073,1.03051,1.03062,1.73,1.50
2013.03.13 11:07:21.252,1.03051,1.03062,1.73,1.50
2013.03.13 11:07:26.914,1.03051,1.03062,1.73,1.50
2013.03.13 11:07:40.193,1.03051,1.03062,2.48,1.50
2013.03.13 11:07:42.680,1.03051,1.03062,2.48,1.50
2013.03.13 11:07:43.312,1.03051,1.03062,2.25,1.73
2013.03.13 11:07:44.483,1.03051,1.03062,1.50,1.73
2013.03.13 11:07:51.693,1.0305,1.03061,3.23,1.50
2013.03.13 11:07:52.513,1.03051,1.03061,1.58,1.50
2013.03.13 11:07:56.034,1.03051,1.03061,1.80,1.50
2013.03.13 11:07:56.603,1.03051,1.03061,1.80,1.50
2013.03.13 11:08:01.274,1.03051,1.03059,1.80,1.13
2013.03.13 11:08:18.173,1.03053,1.03062,1.58,1.35
2013.03.13 11:08:18.234,1.03053,1.03064,1.50,2.10
2013.03.13 11:08:18.474,1.03053,1.03064,1.50,1.13
2013.03.13 11:08:18.854,1.03054,1.03067,1.73,2.10
2013.03.13 11:08:24.443,1.03055,1.03066,1.73,1.13
2013.03.13 11:08:26.279,1.03054,1.03064,1.50,1.35
2013.03.13 11:08:27.844,1.03054,1.03064,1.50,1.35
2013.03.13 11:08:32.643,1.03054,1.03067,1.50,1.35
2013.03.13 11:08:32.703,1.03054,1.03067,1.50,1.35
2013.03.13 11:08:32.884,1.03054,1.03067,3.98,1.13
2013.03.13 11:08:36.223,1.03056,1.03066,1.73,1.13
2013.03.13 11:08:43.705,1.03056,1.03066,1.73,1.13
2013.03.13 11:08:43.943,1.03056,1.03066,2.48,1.13
2013.03.13 11:08:51.184,1.03056,1.03066,1.73,1.13
2013.03.13 11:08:56.465,1.03059,1.03067,1.50,1.13
2013.03.13 11:08:56.524,1.0306,1.03069,1.50,1.13
2013.03.13 11:08:56.587,1.0306,1.03069,1.50,1.13
2013.03.13 11:08:56.653,1.03059,1.03068,1.50,1.13
2013.03.13 11:08:57.373,1.0306,1.03069,1.50,1.13
2013.03.13 11:08:57.673,1.03059,1.03069,1.73,1.13
2013.03.13 11:09:04.143,1.03061,1.03069,1.88,1.13
2013.03.13 11:09:04.653,1.03061,1.03069,1.13,1.13
2013.03.13 11:09:05.434,1.03061,1.03069,1.13,1.13
2013.03.13 11:09:06.228,1.03059,1.03068,1.88,1.13
2013.03.13 11:09:06.774,1.03059,1.0307,3.38,1.35
2013.03.13 11:09:08.433,1.03059,1.03069,1.88,1.35
2013.03.13 11:09:09.424,1.03058,1.03068,1.65,1.35
2013.03.13 11:09:09.998,1.03055,1.03066,1.73,1.88
2013.03.13 11:09:11.174,1.03053,1.03064,3.23,4.13
2013.03.13 11:09:11.533,1.03051,1.03063,1.73,1.73
2013.03.13 11:09:11.653,1.03051,1.03062,3.23,1.88
2013.03.13 11:09:12.192,1.03051,1.03062,2.48,2.10
2013.03.13 11:09:20.943,1.03048,1.03062,3.98,2.10
2013.03.13 11:09:21.483,1.03048,1.03062,3.98,2.10
2013.03.13 11:09:22.413,1.03048,1.03062,4.73,2.10
2013.03.13 11:09:23.323,1.03048,1.0306,3.23,1.35
2013.03.13 11:09:24.483,1.03048,1.0306,2.25,2.10
2013.03.13 11:09:24.723,1.03047,1.03058,1.50,1.13
2013.03.13 11:09:25.320,1.03044,1.03058,1.73,3.38
2013.03.13 11:09:25.453,1.03042,1.03056,1.73,1.73
2013.03.13 11:09:25.873,1.03042,1.03056,1.73,2.48
2013.03.13 11:09:27.113,1.03044,1.03057,1.50,2.48
2013.03.13 11:09:27.653,1.03044,1.03056,3.23,1.50
2013.03.13 11:09:27.893,1.03045,1.03058,1.73,2.63
2013.03.13 11:09:32.803,1.03044,1.03057,3.98,1.50
2013.03.13 11:09:33.343,1.03043,1.03058,3.23,4.13
2013.03.13 11:09:38.413,1.03043,1.03058,1.50,3.38
2013.03.13 11:09:42.942,1.03044,1.03057,1.50,1.73
2013.03.13 11:09:43.545,1.03044,1.03057,3.00,1.73
2013.03.13 11:09:44.485,1.03042,1.03056,3.23,1.73
2013.03.13 11:09:45.083,1.03043,1.03057,3.00,2.48
2013.03.13 11:09:45.781,1.03044,1.03057,1.50,2.48
2013.03.13 11:09:46.624,1.03043,1.03057,3.00,2.48
2013.03.13 11:09:46.743,1.03043,1.03057,1.50,3.23
2013.03.13 11:09:46.923,1.03043,1.03057,1.50,2.48
2013.03.13 11:09:47.593,1.03041,1.03057,3.98,3.23
2013.03.13 11:09:47.713,1.03041,1.03057,3.98,3.68
2013.03.13 11:09:48.242,1.03041,1.03057,3.75,3.23
2013.03.13 11:09:48.544,1.03043,1.03057,1.50,1.73
2013.03.13 11:09:48.604,1.03043,1.03057,2.25,1.73
2013.03.13 11:09:49.144,1.03043,1.03057,1.50,1.73
2013.03.13 11:09:50.123,1.03043,1.03054,1.50,4.73
2013.03.13 11:09:50.183,1.03042,1.03054,2.25,4.73
2013.03.13 11:09:50.363,1.03042,1.03054,1.50,1.13
2013.03.13 11:09:50.904,1.03043,1.03055,2.25,1.73
2013.03.13 11:09:51.506,1.03043,1.03055,2.25,1.73
2013.03.13 11:09:53.523,1.03043,1.03055,1.50,1.73
2013.03.13 11:09:54.283,1.03044,1.03057,1.50,1.73
2013.03.13 11:09:54.662,1.03041,1.03057,5.48,4.73
2013.03.13 11:09:56.116,1.03041,1.03057,3.75,2.48
2013.03.13 11:09:56.673,1.03042,1.03056,2.25,1.73
2013.03.13 11:09:56.862,1.03044,1.03056,1.50,1.73
2013.03.13 11:09:59.342,1.03042,1.03056,2.25,1.73
2013.03.13 11:10:00.593,1.03043,1.03057,1.50,1.73
2013.03.13 11:10:13.843,1.03043,1.03057,1.50,3.23
2013.03.13 11:10:14.084,1.03043,1.03057,3.00,3.23
2013.03.13 11:10:14.625,1.03043,1.03057,1.73,3.98
2013.03.13 11:10:16.713,1.03043,1.03056,1.73,1.73
2013.03.13 11:10:22.272,1.03044,1.03057,1.50,3.23
2013.03.13 11:10:35.844,1.03044,1.03056,1.50,1.73
2013.03.13 11:10:39.923,1.03043,1.03056,2.48,1.73
2013.03.13 11:10:40.224,1.03041,1.03053,2.48,3.98
2013.03.13 11:10:40.343,1.0304,1.03053,2.48,5.48
2013.03.13 11:10:40.917,1.0304,1.03052,1.73,1.73
2013.03.13 11:10:40.989,1.0304,1.03052,2.48,2.48
2013.03.13 11:10:41.604,1.03042,1.03053,1.73,5.48
2013.03.13 11:10:42.144,1.03041,1.03052,1.73,1.73
2013.03.13 11:10:46.033,1.03039,1.03052,2.48,3.98
2013.03.13 11:10:55.404,1.03039,1.03052,1.73,2.48
2013.03.13 11:10:58.113,1.03039,1.03051,2.48,1.73
2013.03.13 11:10:58.734,1.03038,1.03052,3.98,3.98
2013.03.13 11:10:59.275,1.0304,1.03052,1.73,2.48
2013.03.13 11:11:03.783,1.03039,1.03052,1.73,3.98
2013.03.13 11:11:04.324,1.03039,1.03052,2.25,3.98
2013.03.13 11:11:04.883,1.03038,1.03052,2.48,3.98
2013.03.13 11:11:13.724,1.03038,1.0305,2.48,1.73
2013.03.13 11:11:15.453,1.03038,1.0305,1.73,1.73
2013.03.13 11:11:17.225,1.03038,1.0305,2.48,1.73
2013.03.13 11:11:19.217,1.03038,1.0305,2.48,1.73
2013.03.13 11:11:22.678,1.03038,1.03052,3.23,5.48
2013.03.13 11:11:27.174,1.03036,1.03046,1.35,1.50
2013.03.13 11:11:27.414,1.03032,1.03043,5.25,3.75
2013.03.13 11:11:27.473,1.03032,1.03043,1.50,4.13
2013.03.13 11:11:27.713,1.03031,1.03043,1.50,5.63
2013.03.13 11:11:28.023,1.03031,1.03041,1.50,1.50
2013.03.13 11:11:28.384,1.0303,1.03041,1.50,2.48
2013.03.13 11:11:29.121,1.03029,1.03041,2.25,2.48
2013.03.13 11:11:29.187,1.03029,1.03041,1.50,2.48
2013.03.13 11:11:29.253,1.03029,1.03041,2.25,1.73
2013.03.13 11:11:30.776,1.03029,1.03041,3.00,1.73
2013.03.13 11:11:31.073,1.03032,1.03041,1.50,1.73
2013.03.13 11:11:31.259,1.03032,1.03042,2.25,2.48
2013.03.13 11:11:31.384,1.03033,1.03043,1.50,1.88
2013.03.13 11:11:31.623,1.03034,1.03048,1.50,1.13
2013.03.13 11:11:31.983,1.03034,1.03047,3.23,2.48
2013.03.13 11:11:32.043,1.03034,1.03047,3.23,2.48
2013.03.13 11:11:32.463,1.03038,1.03047,2.25,1.73
2013.03.13 11:11:33.004,1.03036,1.03048,1.50,5.48
2013.03.13 11:11:33.599,1.03036,1.03047,1.50,1.73
2013.03.13 11:11:34.558,1.03034,1.03047,1.73,2.48
2013.03.13 11:11:37.276,1.03035,1.03047,2.25,2.48
2013.03.13 11:11:44.916,1.03035,1.03047,1.50,2.48
2013.03.13 11:11:45.844,1.03034,1.03047,1.73,3.23
2013.03.13 11:11:47.605,1.03036,1.03047,1.50,1.73
2013.03.13 11:11:48.745,1.03033,1.03047,3.98,1.73
2013.03.13 11:11:49.654,1.03033,1.03047,3.23,1.73
2013.03.13 11:11:49.835,1.03033,1.03047,2.48,1.73
2013.03.13 11:11:50.353,1.03033,1.03047,2.48,1.73
2013.03.13 11:11:52.313,1.03033,1.03047,2.48,2.48
2013.03.13 11:11:52.845,1.03035,1.03046,1.50,1.73
2013.03.13 11:11:53.426,1.03033,1.03046,3.23,1.73
2013.03.13 11:11:56.213,1.03033,1.03044,2.48,4.50
2013.03.13 11:11:56.514,1.03031,1.03042,1.50,3.23
2013.03.13 11:11:56.875,1.03026,1.03034,1.50,3.98
2013.03.13 11:11:57.114,1.03022,1.03034,1.73,5.63
2013.03.13 11:11:57.236,1.03023,1.03034,1.73,1.73
2013.03.13 11:11:57.353,1.03023,1.03034,1.50,1.73
2013.03.13 11:11:57.414,1.03021,1.03033,3.00,1.73
2013.03.13 11:11:57.953,1.0302,1.03032,1.50,3.23
2013.03.13 11:11:58.553,1.03019,1.03031,1.50,1.73
2013.03.13 11:11:58.793,1.03018,1.03031,2.48,1.73
2013.03.13 11:11:59.424,1.03018,1.03031,3.98,1.73
2013.03.13 11:11:59.963,1.03018,1.03031,4.73,1.73
2013.03.13 11:12:00.527,1.03019,1.03031,1.50,1.73
2013.03.13 11:12:00.715,1.0302,1.03031,1.50,2.48
2013.03.13 11:12:02.114,1.03019,1.03031,2.25,2.48
2013.03.13 11:12:02.196,1.03019,1.03031,2.25,2.48
2013.03.13 11:12:02.265,1.03019,1.03031,2.25,2.48
2013.03.13 11:12:03.875,1.03018,1.03031,2.25,3.23
2013.03.13 11:12:04.195,1.03016,1.03028,3.00,1.73
2013.03.13 11:12:04.256,1.03014,1.03027,1.69,1.73
2013.03.13 11:12:04.314,1.03014,1.03027,1.92,1.73
2013.03.13 11:12:04.673,1.03013,1.03023,2.48,1.50
2013.03.13 11:12:05.035,1.03013,1.03025,1.50,2.48
2013.03.13 11:12:06.130,1.03011,1.03023,1.73,2.25
2013.03.13 11:12:06.243,1.03009,1.03022,3.23,1.50
2013.03.13 11:12:06.423,1.03008,1.03022,1.73,3.23
2013.03.13 11:12:06.664,1.03009,1.03022,1.50,3.23
2013.03.13 11:12:07.623,1.0301,1.03022,1.73,1.73
2013.03.13 11:12:08.164,1.03012,1.03024,2.25,3.38
2013.03.13 11:12:08.286,1.03013,1.03025,2.48,2.10
2013.03.13 11:12:08.535,1.03014,1.03027,2.25,3.23
2013.03.13 11:12:08.655,1.03014,1.03027,2.25,3.23
2013.03.13 11:12:09.205,1.03014,1.03028,2.48,3.98
2013.03.13 11:12:10.974,1.03019,1.0303,1.50,2.48
2013.03.13 11:12:11.875,1.03019,1.03028,1.50,2.10
2013.03.13 11:12:11.994,1.03016,1.03024,1.50,1.73
2013.03.13 11:12:12.053,1.03014,1.03023,1.50,2.48
2013.03.13 11:12:12.234,1.0301,1.03024,1.50,1.73
2013.03.13 11:12:12.353,1.0301,1.03024,1.50,1.73
2013.03.13 11:12:12.678,1.03011,1.03022,1.50,1.73
2013.03.13 11:12:13.193,1.03013,1.03022,1.50,2.48
2013.03.13 11:12:13.313,1.03014,1.03025,1.50,2.48
2013.03.13 11:12:13.854,1.03013,1.03026,2.25,1.73
2013.03.13 11:12:14.154,1.03014,1.03027,1.50,1.73
2013.03.13 11:12:14.273,1.03015,1.03027,1.50,2.48
2013.03.13 11:12:15.506,1.03016,1.03027,1.50,1.73
2013.03.13 11:12:18.673,1.03014,1.03027,2.25,2.48
2013.03.13 11:12:18.814,1.03014,1.03027,2.25,2.48
2013.03.13 11:12:19.494,1.03014,1.03027,1.73,2.48
2013.03.13 11:12:21.363,1.03015,1.03028,1.50,2.48
2013.03.13 11:12:25.553,1.03015,1.03027,1.50,2.48
2013.03.13 11:12:26.104,1.03014,1.03028,1.73,2.48
2013.03.13 11:12:27.343,1.03014,1.03028,2.48,2.48
2013.03.13 11:12:28.893,1.03014,1.03028,2.48,2.48
2013.03.13 11:12:29.413,1.03014,1.03027,2.48,1.73
2013.03.13 11:12:34.957,1.03014,1.03027,1.73,2.48
2013.03.13 11:12:35.545,1.03014,1.03027,1.50,1.73
2013.03.13 11:12:36.461,1.03014,1.03028,2.25,3.98
2013.03.13 11:12:37.115,1.03015,1.03027,1.50,2.48
2013.03.13 11:12:37.715,1.03015,1.03027,1.50,2.48
2013.03.13 11:12:38.364,1.03015,1.03027,1.50,2.48
2013.03.13 11:12:39.674,1.03015,1.03027,1.50,2.48
2013.03.13 11:12:40.444,1.03017,1.03027,3.00,2.48
2013.03.13 11:12:40.803,1.03018,1.03029,1.50,2.63
2013.03.13 11:12:40.865,1.03017,1.03028,1.50,1.73
2013.03.13 11:12:40.983,1.03017,1.03028,1.50,1.73
2013.03.13 11:12:41.528,1.03015,1.03027,2.25,1.73
2013.03.13 11:12:42.053,1.03015,1.03027,2.25,2.48
2013.03.13 11:12:44.087,1.03015,1.03027,1.50,3.23
2013.03.13 11:12:44.146,1.03015,1.03026,1.50,2.48
2013.03.13 11:12:44.264,1.03012,1.03025,3.98,1.73
2013.03.13 11:12:44.804,1.03012,1.03024,1.50,1.73
2013.03.13 11:12:45.344,1.03012,1.03022,1.50,1.73
2013.03.13 11:12:45.466,1.03012,1.03022,1.50,1.73
2013.03.13 11:12:45.525,1.03011,1.03022,1.50,1.73
2013.03.13 11:12:46.917,1.03011,1.0302,1.50,1.73
2013.03.13 11:12:47.234,1.0301,1.03019,1.50,1.73
2013.03.13 11:12:47.814,1.03007,1.03019,2.25,2.48
2013.03.13 11:12:47.934,1.03007,1.03019,2.25,1.73
2013.03.13 11:12:50.114,1.03009,1.03022,1.50,3.98
2013.03.13 11:12:58.189,1.03008,1.03021,3.00,1.73
2013.03.13 11:13:06.203,1.03008,1.03019,3.00,1.73
2013.03.13 11:13:06.803,1.03008,1.03021,1.50,3.23
2013.03.13 11:13:07.506,1.03008,1.03019,3.00,1.73
2013.03.13 11:13:08.105,1.03008,1.03019,1.50,1.73
2013.03.13 11:13:12.024,1.03008,1.0302,1.50,1.73
2013.03.13 11:13:12.144,1.03008,1.0302,3.00,2.48
2013.03.13 11:13:14.506,1.03005,1.03019,3.23,2.63
2013.03.13 11:13:14.864,1.03005,1.03017,1.50,1.73
2013.03.13 11:13:15.608,1.03005,1.03017,1.50,1.73
2013.03.13 11:13:18.125,1.03005,1.03018,1.50,2.48
2013.03.13 11:13:18.664,1.03008,1.03018,1.50,1.73
2013.03.13 11:13:19.084,1.03008,1.03018,1.50,1.73
2013.03.13 11:13:19.732,1.03008,1.0302,1.50,3.23
2013.03.13 11:13:22.069,1.03008,1.0302,1.50,3.23
2013.03.13 11:13:22.374,1.03011,1.0302,1.50,2.48
2013.03.13 11:13:22.937,1.03011,1.0302,1.50,2.48
2013.03.13 11:13:23.874,1.03009,1.0302,1.50,1.73
2013.03.13 11:13:26.796,1.03011,1.03021,1.50,1.73
2013.03.13 11:13:29.074,1.03009,1.03022,3.00,3.23
2013.03.13 11:13:31.734,1.03009,1.0302,1.50,1.73
2013.03.13 11:13:33.613,1.03009,1.0302,1.50,1.73
2013.03.13 11:13:34.753,1.03009,1.0302,1.50,1.73
2013.03.13 11:13:40.893,1.03009,1.0302,3.00,1.73
2013.03.13 11:13:41.143,1.03009,1.0302,1.50,1.73
2013.03.13 11:13:45.494,1.03008,1.0302,1.50,1.73
2013.03.13 11:13:45.615,1.03008,1.0302,3.00,1.73
2013.03.13 11:13:46.394,1.03008,1.03021,1.50,3.98
2013.03.13 11:13:49.695,1.03007,1.0302,2.25,2.48
2013.03.13 11:13:50.234,1.03006,1.03019,3.75,1.73
2013.03.13 11:13:54.064,1.03007,1.03019,2.25,1.73
2013.03.13 11:13:54.587,1.03007,1.0302,2.25,3.98
2013.03.13 11:13:55.095,1.03007,1.0302,3.75,2.48
2013.03.13 11:14:00.874,1.03007,1.0302,2.25,2.48
2013.03.13 11:14:01.472,1.03008,1.0302,1.50,2.48
2013.03.13 11:14:02.763,1.03007,1.03019,2.25,1.73
2013.03.13 11:14:04.144,1.03007,1.03019,3.75,1.73
2013.03.13 11:14:16.317,1.03007,1.03019,1.50,2.48
2013.03.13 11:14:16.855,1.03007,1.03019,3.00,1.73
2013.03.13 11:14:18.854,1.03007,1.03019,3.00,1.73
2013.03.13 11:14:20.856,1.03007,1.03019,3.00,1.73
2013.03.13 11:14:21.784,1.03008,1.03019,1.50,1.73
2013.03.13 11:14:22.435,1.03007,1.03019,2.25,1.73
2013.03.13 11:14:23.130,1.03007,1.0302,3.00,3.30
2013.03.13 11:14:41.656,1.03007,1.03018,1.50,1.73
2013.03.13 11:14:47.313,1.03009,1.0302,1.50,2.48
2013.03.13 11:14:48.283,1.03008,1.03018,1.50,1.73
2013.03.13 11:14:50.295,1.03008,1.03018,2.25,1.73
2013.03.13 11:14:59.923,1.03011,1.03021,1.50,2.48
2013.03.13 11:15:00.904,1.03011,1.03021,1.50,2.48
2013.03.13 11:15:03.725,1.03008,1.03021,1.50,2.48
2013.03.13 11:15:04.734,1.03005,1.03018,3.00,1.73
2013.03.13 11:15:05.304,1.03005,1.03018,2.48,1.73
2013.03.13 11:15:05.364,1.03005,1.03019,2.48,2.48
2013.03.13 11:15:05.915,1.03005,1.03019,2.48,3.23
2013.03.13 11:15:07.275,1.03008,1.03022,3.00,1.73
2013.03.13 11:15:07.695,1.03013,1.03025,1.50,1.35
2013.03.13 11:15:07.814,1.03013,1.03027,1.50,3.42
2013.03.13 11:15:07.994,1.03013,1.03023,1.50,1.50
2013.03.13 11:15:08.473,1.03012,1.03024,2.25,1.73
2013.03.13 11:15:09.014,1.03012,1.03026,3.00,1.73
2013.03.13 11:15:09.493,1.03012,1.03027,3.23,1.73
2013.03.13 11:15:10.138,1.03013,1.03027,1.50,1.73
2013.03.13 11:15:10.624,1.03013,1.03026,1.50,1.73
2013.03.13 11:15:10.984,1.0301,1.03022,2.25,1.73
2013.03.13 11:15:11.523,1.0301,1.03022,1.50,2.48
2013.03.13 11:15:12.066,1.03009,1.03022,1.50,3.23
2013.03.13 11:15:12.513,1.0301,1.03022,1.50,3.23
2013.03.13 11:15:13.053,1.03009,1.03022,2.25,1.73
2013.03.13 11:15:13.565,1.0301,1.03023,1.50,3.23
2013.03.13 11:15:14.634,1.03008,1.03023,3.75,3.98
2013.03.13 11:15:14.705,1.03008,1.03022,3.75,1.73
2013.03.13 11:15:15.033,1.03008,1.03023,3.75,5.48
2013.03.13 11:15:15.234,1.03008,1.03022,3.00,2.48
2013.03.13 11:15:16.157,1.03009,1.03022,1.50,2.48
2013.03.13 11:15:17.664,1.03009,1.03023,1.50,2.48
2013.03.13 11:15:18.485,1.03009,1.0302,1.50,1.73
2013.03.13 11:15:19.263,1.03009,1.03023,2.25,2.48
2013.03.13 11:15:20.603,1.03009,1.03023,1.50,3.23
2013.03.13 11:15:20.843,1.03009,1.03023,1.50,3.23
2013.03.13 11:15:21.693,1.03009,1.03023,1.50,3.23
2013.03.13 11:15:24.105,1.03009,1.03022,1.50,1.50
2013.03.13 11:15:24.765,1.03008,1.03023,3.75,3.23
2013.03.13 11:15:25.123,1.03008,1.03022,3.75,2.48
2013.03.13 11:15:26.314,1.03009,1.03022,1.50,2.48
2013.03.13 11:15:28.564,1.03008,1.03022,2.25,2.48
2013.03.13 11:15:29.642,1.03009,1.03022,1.50,1.73
2013.03.13 11:15:30.193,1.03008,1.03022,2.25,2.48
2013.03.13 11:15:38.095,1.03009,1.03022,1.50,3.23
2013.03.13 11:15:38.214,1.03011,1.03025,1.50,1.73
2013.03.13 11:15:38.393,1.03011,1.03025,2.25,1.73
2013.03.13 11:15:39.071,1.03012,1.03025,1.50,1.73
2013.03.13 11:15:40.653,1.03011,1.03022,1.50,1.73
2013.03.13 11:15:41.205,1.03009,1.03022,1.50,2.48
2013.03.13 11:15:41.335,1.03009,1.03022,1.50,3.23
2013.03.13 11:15:41.394,1.03009,1.03022,1.50,3.23
2013.03.13 11:15:41.513,1.03009,1.03022,1.50,3.98
2013.03.13 11:15:41.874,1.03009,1.03022,1.50,2.48
2013.03.13 11:15:42.234,1.03009,1.03022,1.50,2.48
2013.03.13 11:15:43.853,1.03008,1.03022,3.08,2.48
2013.03.13 11:15:44.884,1.03008,1.03022,3.08,1.73
2013.03.13 11:15:45.244,1.03008,1.03022,3.08,1.73
2013.03.13 11:15:45.651,1.03008,1.03022,3.08,2.48
2013.03.13 11:15:45.975,1.03008,1.0302,1.58,1.73
2013.03.13 11:15:46.784,1.03008,1.03022,2.33,2.48
2013.03.13 11:15:49.536,1.03008,1.03021,1.58,1.73
2013.03.13 11:15:56.896,1.03008,1.0302,1.58,2.48
2013.03.13 11:15:57.351,1.03008,1.0302,2.33,1.73
2013.03.13 11:16:01.864,1.03008,1.0302,1.58,1.73
2013.03.13 11:16:03.383,1.03008,1.03021,2.33,3.23
2013.03.13 11:16:05.003,1.03008,1.0302,2.33,1.73
2013.03.13 11:16:05.542,1.03008,1.03021,3.08,3.23
2013.03.13 11:16:06.063,1.03009,1.03021,2.25,3.23
2013.03.13 11:16:07.604,1.03009,1.0302,2.25,2.48
2013.03.13 11:16:13.813,1.03008,1.03019,2.33,1.73
2013.03.13 11:16:19.447,1.03005,1.03016,1.50,1.73
2013.03.13 11:16:19.517,1.03005,1.03019,1.50,2.48
2013.03.13 11:16:21.179,1.03005,1.03018,1.50,1.73
2013.03.13 11:16:22.974,1.03007,1.0302,2.25,1.73
2013.03.13 11:16:33.565,1.03008,1.03021,3.75,1.73
2013.03.13 11:16:41.604,1.03008,1.03021,3.75,2.48
2013.03.13 11:16:44.744,1.03008,1.03021,3.00,3.60
2013.03.13 11:16:45.244,1.03006,1.03019,1.50,1.73
2013.03.13 11:16:45.954,1.03006,1.03021,1.50,5.25
2013.03.13 11:16:46.692,1.03005,1.03018,2.48,1.73
2013.03.13 11:16:46.995,1.03003,1.03017,3.23,2.48
2013.03.13 11:16:47.116,1.03003,1.03017,3.00,1.73
2013.03.13 11:16:47.353,1.03003,1.03017,3.23,1.73
2013.03.13 11:16:47.895,1.03003,1.03017,3.98,2.48
2013.03.13 11:16:48.313,1.03003,1.03017,2.48,1.73
2013.03.13 11:16:49.944,1.03003,1.03018,2.48,2.48
2013.03.13 11:16:50.483,1.03004,1.0302,1.73,3.23
2013.03.13 11:16:55.033,1.03004,1.03017,1.73,1.73
2013.03.13 11:16:57.516,1.03004,1.0302,2.48,6.23
2013.03.13 11:16:57.590,1.03004,1.03017,1.73,1.73
2013.03.13 11:17:00.976,1.03004,1.03017,2.48,1.73
2013.03.13 11:17:02.173,1.03004,1.03017,1.73,1.73
2013.03.13 11:17:19.195,1.03004,1.03019,3.23,4.73
2013.03.13 11:17:19.495,1.03006,1.03019,2.63,3.98
2013.03.13 11:17:19.555,1.03006,1.03018,1.88,1.73
2013.03.13 11:17:19.616,1.0301,1.03019,1.65,3.98
2013.03.13 11:17:19.862,1.03009,1.03021,2.25,1.73
2013.03.13 11:17:20.403,1.0301,1.03023,1.50,1.73
2013.03.13 11:17:21.158,1.03011,1.03022,1.50,1.73
2013.03.13 11:17:21.584,1.03011,1.03022,1.50,1.73
2013.03.13 11:17:22.384,1.0301,1.03022,1.50,1.73
2013.03.13 11:17:22.933,1.03009,1.03022,1.50,1.73
2013.03.13 11:17:23.470,1.03009,1.03022,1.50,2.48
2013.03.13 11:17:24.023,1.03009,1.03022,1.50,1.73
2013.03.13 11:17:26.245,1.03013,1.03025,2.48,1.73
2013.03.13 11:17:26.684,1.03015,1.03029,1.50,2.48
2013.03.13 11:17:26.804,1.03015,1.03029,1.50,2.48
2013.03.13 11:17:26.864,1.03015,1.03029,1.50,2.48
2013.03.13 11:17:26.924,1.03015,1.03029,2.25,1.73
2013.03.13 11:17:27.343,1.03015,1.03028,1.50,1.73
2013.03.13 11:17:30.883,1.03014,1.03027,1.73,1.73
2013.03.13 11:17:39.639,1.03015,1.03028,1.50,1.73
2013.03.13 11:17:45.345,1.03015,1.03029,1.50,2.48
2013.03.13 11:17:45.618,1.03016,1.03029,1.50,1.73
2013.03.13 11:17:46.403,1.03018,1.0303,1.50,1.73
2013.03.13 11:17:46.464,1.03018,1.03031,1.50,1.80
2013.03.13 11:17:47.884,1.03017,1.0303,3.75,1.73
2013.03.13 11:17:49.183,1.03018,1.03031,1.50,1.88
2013.03.13 11:17:49.363,1.03019,1.03032,1.50,3.38
2013.03.13 11:17:49.725,1.03025,1.03034,3.75,1.50
2013.03.13 11:17:49.785,1.03025,1.03036,4.50,1.50
2013.03.13 11:17:49.844,1.03025,1.0304,4.50,1.50
2013.03.13 11:17:49.905,1.03024,1.03032,7.13,1.50
2013.03.13 11:17:50.144,1.03022,1.03035,3.23,2.48
2013.03.13 11:17:50.323,1.03022,1.03035,3.23,1.73
2013.03.13 11:17:50.833,1.03023,1.03037,1.73,1.73
2013.03.13 11:17:52.042,1.03023,1.03037,1.73,1.73
2013.03.13 11:17:53.513,1.03023,1.03037,1.50,3.23
2013.03.13 11:17:55.244,1.03023,1.03036,1.50,1.73
2013.03.13 11:18:03.039,1.03022,1.03035,1.50,1.73
2013.03.13 11:18:04.464,1.03022,1.03036,3.75,2.48
2013.03.13 11:18:04.965,1.03022,1.03036,3.23,2.48
2013.03.13 11:18:06.512,1.03022,1.03036,3.23,2.48
2013.03.13 11:18:08.203,1.03022,1.03036,2.48,2.48
2013.03.13 11:18:10.363,1.03022,1.03036,3.98,2.48
2013.03.13 11:18:14.144,1.03023,1.03037,1.50,1.73
2013.03.13 11:18:14.203,1.03024,1.03037,1.50,1.73
2013.03.13 11:18:14.707,1.03025,1.03037,2.25,1.73
2013.03.13 11:18:15.193,1.03025,1.03039,3.00,2.48
2013.03.13 11:18:15.434,1.03026,1.03039,2.25,1.73
2013.03.13 11:18:16.164,1.03028,1.03038,1.50,1.73
2013.03.13 11:18:18.438,1.03026,1.03041,3.00,4.73
2013.03.13 11:18:20.243,1.03026,1.03038,3.00,1.73
2013.03.13 11:18:20.833,1.03026,1.0304,3.00,3.98
2013.03.13 11:18:29.674,1.03029,1.03038,1.50,2.48
2013.03.13 11:18:30.445,1.03029,1.03038,1.50,1.73
2013.03.13 11:18:32.159,1.03029,1.03038,1.50,1.73
2013.03.13 11:18:32.465,1.03032,1.03042,1.50,1.73
2013.03.13 11:18:32.584,1.03032,1.03044,1.50,1.17
2013.03.13 11:18:32.705,1.03032,1.03047,3.75,2.67
2013.03.13 11:18:32.778,1.03034,1.03047,1.50,1.92
2013.03.13 11:18:33.024,1.03035,1.03047,2.48,1.73
2013.03.13 11:18:33.385,1.03039,1.03051,1.50,1.13
2013.03.13 11:18:33.744,1.03039,1.03052,3.00,1.73
2013.03.13 11:18:34.294,1.03042,1.03053,1.50,1.73
2013.03.13 11:18:34.354,1.03042,1.03053,1.50,1.73
2013.03.13 11:18:36.545,1.0304,1.03053,1.50,1.73
2013.03.13 11:18:36.605,1.0304,1.03053,1.50,1.73
2013.03.13 11:18:36.727,1.03042,1.03056,2.48,5.85
2013.03.13 11:18:36.910,1.03044,1.03057,1.73,1.73
2013.03.13 11:18:37.215,1.03044,1.0306,3.23,2.48
2013.03.13 11:18:37.516,1.03046,1.03059,1.50,1.73
2013.03.13 11:18:38.563,1.03046,1.03058,1.50,1.73
2013.03.13 11:18:39.184,1.03046,1.03059,1.50,1.73
2013.03.13 11:18:39.706,1.03045,1.03057,1.50,1.73
2013.03.13 11:18:39.765,1.03045,1.03055,1.50,1.73
2013.03.13 11:18:39.886,1.03041,1.03056,2.48,1.88
2013.03.13 11:18:39.945,1.03042,1.03057,1.73,2.67
2013.03.13 11:18:40.004,1.03042,1.03057,2.25,3.42
2013.03.13 11:18:40.364,1.03042,1.03057,2.48,2.63
2013.03.13 11:18:40.603,1.03042,1.03057,2.48,2.63
2013.03.13 11:18:41.364,1.03042,1.03058,2.48,4.13
2013.03.13 11:18:41.664,1.03044,1.03059,2.25,1.73
2013.03.13 11:18:41.724,1.03044,1.03059,2.25,2.48
2013.03.13 11:18:49.073,1.03045,1.03058,1.50,2.48
2013.03.13 11:18:49.434,1.03046,1.03057,1.50,1.73
2013.03.13 11:18:52.103,1.03046,1.03058,1.50,2.48
2013.03.13 11:18:53.243,1.03046,1.03057,1.50,1.73
2013.03.13 11:18:53.964,1.03046,1.03058,1.50,1.73
2013.03.13 11:18:55.414,1.03046,1.03058,2.25,1.73
2013.03.13 11:18:57.316,1.03046,1.03057,2.25,1.73
2013.03.13 11:18:59.404,1.03046,1.03057,1.50,1.73
2013.03.13 11:18:59.584,1.03043,1.03057,1.73,4.13
2013.03.13 11:18:59.644,1.03043,1.03057,1.50,4.13
2013.03.13 11:19:00.003,1.03044,1.03057,1.50,2.63
2013.03.13 11:19:00.193,1.03044,1.03057,1.50,2.63
2013.03.13 11:19:00.374,1.03044,1.03057,1.50,1.88
2013.03.13 11:19:01.265,1.03044,1.03057,1.50,1.73
2013.03.13 11:19:01.803,1.03044,1.03057,1.50,2.48
2013.03.13 11:19:01.924,1.03044,1.03057,1.50,3.23
2013.03.13 11:19:02.884,1.03043,1.03056,1.50,1.73
2013.03.13 11:19:03.063,1.03042,1.03056,2.25,1.73
2013.03.13 11:19:05.308,1.03042,1.03056,1.50,3.23
2013.03.13 11:19:05.843,1.0304,1.03053,1.50,2.48
2013.03.13 11:19:06.385,1.0304,1.03049,1.50,1.73
2013.03.13 11:19:06.924,1.03041,1.03052,1.50,1.73
2013.03.13 11:19:07.045,1.03041,1.03053,1.50,1.73
2013.03.13 11:19:07.225,1.03041,1.03053,1.50,1.73
2013.03.13 11:19:07.644,1.03042,1.03056,2.25,1.73
2013.03.13 11:19:08.184,1.03042,1.03057,3.00,1.73
2013.03.13 11:19:08.738,1.03043,1.03057,1.50,1.73
2013.03.13 11:19:09.624,1.03043,1.03056,1.50,1.73
2013.03.13 11:19:09.746,1.03043,1.03055,1.73,1.73
2013.03.13 11:19:10.254,1.03043,1.03055,2.25,1.73
2013.03.13 11:19:10.784,1.03043,1.03057,1.50,2.18
2013.03.13 11:19:12.364,1.03043,1.03057,2.25,1.73
2013.03.13 11:19:15.893,1.03043,1.03057,2.25,1.73
2013.03.13 11:19:19.195,1.03043,1.03057,2.25,2.93
2013.03.13 11:19:19.254,1.03043,1.03057,2.25,2.18
2013.03.13 11:19:19.783,1.03043,1.03058,3.00,3.23
2013.03.13 11:19:20.274,1.03043,1.03058,3.00,5.10
2013.03.13 11:19:20.813,1.03043,1.03058,3.00,5.10
2013.03.13 11:19:22.095,1.03043,1.03058,3.75,4.88
2013.03.13 11:19:22.443,1.03043,1.03058,3.75,3.23
2013.03.13 11:19:22.664,1.03043,1.03058,3.75,3.23
2013.03.13 11:19:23.128,1.03044,1.03057,1.50,2.63
2013.03.13 11:19:23.553,1.03044,1.03057,1.50,1.73
2013.03.13 11:19:24.893,1.03043,1.03057,3.00,2.48
2013.03.13 11:19:31.675,1.03043,1.03056,3.75,1.73
2013.03.13 11:19:32.365,1.03042,1.03056,3.75,1.73
2013.03.13 11:19:32.873,1.03043,1.03056,5.25,1.73
2013.03.13 11:19:33.634,1.03044,1.03057,1.50,1.73
2013.03.13 11:19:33.694,1.03044,1.03057,1.50,1.73
2013.03.13 11:19:35.224,1.03043,1.03058,3.98,3.60
2013.03.13 11:19:35.900,1.03044,1.03057,1.50,1.73
2013.03.13 11:19:36.144,1.03048,1.03057,5.25,1.73
2013.03.13 11:19:36.684,1.03048,1.03062,6.75,2.48
2013.03.13 11:19:37.215,1.03048,1.03062,9.98,1.73
2013.03.13 11:19:37.823,1.03049,1.03062,1.50,1.73
2013.03.13 11:19:37.944,1.0305,1.03062,1.50,1.73
2013.03.13 11:19:38.713,1.03052,1.03062,1.50,1.73
2013.03.13 11:19:40.224,1.03054,1.03067,1.50,4.17
2013.03.13 11:19:41.324,1.03053,1.03066,2.25,1.73
2013.03.13 11:19:41.843,1.03053,1.03066,3.00,1.73
2013.03.13 11:19:43.734,1.03053,1.03067,2.25,3.23
2013.03.13 11:19:44.366,1.03053,1.03066,2.25,1.73
2013.03.13 11:19:44.914,1.03052,1.03066,1.50,2.67
2013.03.13 11:19:45.453,1.03054,1.03066,2.25,2.48
2013.03.13 11:19:47.985,1.03053,1.03066,1.50,2.48
2013.03.13 11:19:49.204,1.03052,1.03066,1.50,2.48
2013.03.13 11:19:50.344,1.03053,1.03066,1.50,1.73
2013.03.13 11:19:51.034,1.03054,1.03066,1.50,1.73
2013.03.13 11:19:51.573,1.03052,1.03064,1.50,1.73
2013.03.13 11:19:52.074,1.03053,1.03066,1.50,2.48
2013.03.13 11:19:56.184,1.03053,1.03067,3.00,2.10
2013.03.13 11:19:57.044,1.03054,1.03067,2.25,1.35
2013.03.13 11:19:57.583,1.03053,1.03067,1.50,1.35
2013.03.13 11:19:58.763,1.03053,1.03066,6.75,1.35
2013.03.13 11:19:59.324,1.03053,1.03066,3.75,1.35
2013.03.13 11:20:00.204,1.03054,1.03067,1.50,1.35
2013.03.13 11:20:00.734,1.03053,1.03066,3.75,1.35
2013.03.13 11:20:01.974,1.03054,1.03067,1.50,1.35
2013.03.13 11:20:02.525,1.03053,1.03066,6.00,1.35
2013.03.13 11:20:03.034,1.03053,1.03067,3.00,1.35
2013.03.13 11:20:03.595,1.03053,1.03066,2.25,1.35
2013.03.13 11:20:04.115,1.03053,1.03066,2.25,1.35
2013.03.13 11:20:04.624,1.03053,1.03066,2.25,1.35
2013.03.13 11:20:08.604,1.03053,1.03067,3.00,1.35
2013.03.13 11:20:13.304,1.03053,1.03066,3.00,1.35
2013.03.13 11:20:13.865,1.03054,1.03067,1.50,2.10
2013.03.13 11:20:14.064,1.03055,1.03068,1.50,2.63
2013.03.13 11:20:14.425,1.03058,1.03069,2.25,1.73
2013.03.13 11:20:14.603,1.0306,1.03073,1.50,1.73
2013.03.13 11:20:15.143,1.03059,1.03072,4.73,1.73
2013.03.13 11:20:16.456,1.03059,1.03072,4.73,1.73
2013.03.13 11:20:18.054,1.03061,1.03073,2.48,1.73
2013.03.13 11:20:21.035,1.03061,1.03073,2.48,1.73
2013.03.13 11:20:23.307,1.03061,1.03072,2.48,1.73
2013.03.13 11:20:24.503,1.03061,1.03073,2.48,1.73
2013.03.13 11:20:26.234,1.03061,1.03072,2.48,1.73
2013.03.13 11:20:26.614,1.03061,1.03072,1.73,1.73
2013.03.13 11:20:26.946,1.03061,1.03073,2.48,1.73
2013.03.13 11:20:30.694,1.0306,1.03073,1.73,2.48
2013.03.13 11:20:30.754,1.0306,1.03073,1.73,2.48
2013.03.13 11:20:31.295,1.0306,1.03073,1.73,2.48
2013.03.13 11:20:31.876,1.0306,1.03073,2.48,1.73
2013.03.13 11:20:32.924,1.0306,1.03073,2.48,1.73
2013.03.13 11:20:33.165,1.0306,1.03073,2.48,1.73
2013.03.13 11:20:34.334,1.03062,1.03073,1.50,1.73
2013.03.13 11:20:35.667,1.0306,1.03073,1.73,1.73
2013.03.13 11:20:36.181,1.03061,1.03073,1.73,1.73
2013.03.13 11:20:36.855,1.03059,1.03072,3.23,1.73
2013.03.13 11:20:41.184,1.03059,1.03069,2.48,1.73
2013.03.13 11:20:42.025,1.03059,1.03069,3.23,1.73
2013.03.13 11:20:42.574,1.03059,1.03069,3.23,1.73
2013.03.13 11:20:43.104,1.03059,1.0307,3.23,1.73
2013.03.13 11:20:46.334,1.0306,1.03069,1.50,4.88
2013.03.13 11:20:46.394,1.03056,1.03068,2.63,1.65
2013.03.13 11:20:46.455,1.03056,1.03066,1.73,1.50
2013.03.13 11:20:46.575,1.03052,1.03066,1.50,1.73
2013.03.13 11:20:46.875,1.03049,1.03062,1.50,1.73
2013.03.13 11:20:47.265,1.03049,1.03061,1.50,2.48
2013.03.13 11:20:48.209,1.03049,1.0306,1.50,2.48
2013.03.13 11:20:50.348,1.03048,1.03059,2.25,2.48
2013.03.13 11:20:52.563,1.03048,1.03059,2.25,2.48
2013.03.13 11:20:53.354,1.03048,1.03059,2.25,2.48
2013.03.13 11:20:53.894,1.03046,1.03058,1.50,2.48
2013.03.13 11:20:54.434,1.03046,1.03058,1.50,2.48
2013.03.13 11:20:56.424,1.03046,1.03058,1.50,2.48
2013.03.13 11:20:57.181,1.03046,1.0306,1.50,2.48
2013.03.13 11:20:57.715,1.03046,1.03059,1.50,1.73
2013.03.13 11:20:57.775,1.03046,1.03058,1.50,1.73
2013.03.13 11:20:58.996,1.03046,1.03058,1.50,2.48
2013.03.13 11:20:59.425,1.03046,1.03058,1.50,2.48
2013.03.13 11:21:03.437,1.03046,1.03058,1.50,2.48
2013.03.13 11:21:04.525,1.03047,1.0306,2.25,2.48
2013.03.13 11:21:05.064,1.03048,1.03059,1.50,1.73
2013.03.13 11:21:05.185,1.03048,1.03061,1.50,4.73
2013.03.13 11:21:05.745,1.03048,1.03061,1.50,3.98
2013.03.13 11:21:06.844,1.03047,1.03059,1.50,1.73
2013.03.13 11:21:07.365,1.03047,1.03058,1.50,1.73
2013.03.13 11:21:07.976,1.03045,1.03059,1.50,2.48
2013.03.13 11:21:10.136,1.03045,1.03059,1.50,2.48
2013.03.13 11:21:10.756,1.03045,1.03059,1.50,3.23
2013.03.13 11:21:11.855,1.03042,1.03058,3.23,1.73
2013.03.13 11:21:11.975,1.03042,1.03057,1.73,3.38
2013.03.13 11:21:12.276,1.03041,1.03054,1.50,1.73
2013.03.13 11:21:12.815,1.03041,1.03054,1.50,3.23
2013.03.13 11:21:13.896,1.03039,1.03053,3.00,1.73
2013.03.13 11:21:14.595,1.03042,1.03054,1.50,3.23
2013.03.13 11:21:24.098,1.0304,1.03053,1.50,1.73
2013.03.13 11:21:28.664,1.0304,1.03053,1.50,1.73
2013.03.13 11:21:30.954,1.0304,1.03054,2.25,2.48
2013.03.13 11:21:31.435,1.03041,1.03055,4.50,1.73
2013.03.13 11:21:31.495,1.03042,1.03055,1.50,1.73
2013.03.13 11:21:31.675,1.03044,1.03058,1.50,2.48
2013.03.13 11:21:32.095,1.03046,1.03059,1.50,2.48
2013.03.13 11:21:35.295,1.03046,1.03059,1.50,2.48
2013.03.13 11:21:44.484,1.03044,1.03057,2.25,1.73
2013.03.13 11:21:44.786,1.03044,1.03056,1.50,1.73
2013.03.13 11:21:45.305,1.03043,1.03058,3.00,2.48
2013.03.13 11:21:45.764,1.03043,1.03058,3.23,2.48
2013.03.13 11:21:46.125,1.03046,1.03059,3.00,1.73
2013.03.13 11:21:46.494,1.03049,1.03062,1.50,3.23
2013.03.13 11:21:47.033,1.03049,1.03062,1.50,2.48
2013.03.13 11:21:47.895,1.03048,1.03061,2.25,1.73
2013.03.13 11:21:48.980,1.03045,1.03061,3.94,6.23
2013.03.13 11:21:49.047,1.03045,1.03058,3.19,1.73
2013.03.13 11:21:53.105,1.03047,1.03058,1.50,4.73
2013.03.13 11:21:53.352,1.03044,1.03057,2.85,6.42
2013.03.13 11:21:53.417,1.03044,1.03057,2.10,2.67
2013.03.13 11:21:53.724,1.03044,1.03057,1.88,3.23
2013.03.13 11:21:54.875,1.03046,1.03057,1.13,1.73
2013.03.13 11:21:55.704,1.03043,1.03056,2.48,1.73
2013.03.13 11:21:55.944,1.03043,1.03056,1.35,1.92
2013.03.13 11:21:56.304,1.03043,1.03055,1.13,1.73
2013.03.13 11:21:57.904,1.03041,1.03053,1.88,1.73
2013.03.13 11:21:58.443,1.03041,1.03052,1.88,1.73
2013.03.13 11:21:59.021,1.03041,1.03052,1.88,1.73
2013.03.13 11:21:59.535,1.03041,1.03052,2.63,1.73
2013.03.13 11:21:59.654,1.03041,1.03052,2.63,1.73
2013.03.13 11:22:00.074,1.03041,1.03052,2.63,1.73
2013.03.13 11:22:00.314,1.03041,1.03052,1.88,1.73
2013.03.13 11:22:00.494,1.03041,1.03052,1.88,1.73
2013.03.13 11:22:00.855,1.03041,1.03052,1.88,1.73
2013.03.13 11:22:06.114,1.03041,1.03053,1.88,1.73
2013.03.13 11:22:08.154,1.03041,1.03054,1.88,1.73
2013.03.13 11:22:08.698,1.03041,1.03054,1.88,2.48
2013.03.13 11:22:10.874,1.03041,1.03053,1.88,1.73
2013.03.13 11:22:10.934,1.03041,1.03053,1.88,1.73
2013.03.13 11:22:18.105,1.03041,1.03056,3.38,3.23
2013.03.13 11:22:18.165,1.03042,1.03055,1.13,1.73
2013.03.13 11:22:18.713,1.03042,1.03055,1.88,1.73
2013.03.13 11:22:19.194,1.03044,1.03055,1.88,1.73
2013.03.13 11:22:19.734,1.03044,1.03055,1.88,2.48
2013.03.13 11:22:21.624,1.03043,1.03054,1.13,1.73
2013.03.13 11:22:27.674,1.03042,1.03052,1.13,1.73
2013.03.13 11:22:27.795,1.03041,1.03052,1.13,3.23
2013.03.13 11:22:28.154,1.03039,1.03049,1.13,1.73
2013.03.13 11:22:29.545,1.03037,1.03049,1.50,1.73
2013.03.13 11:22:44.996,1.03037,1.03049,1.88,1.73
2013.03.13 11:23:06.824,1.03041,1.03051,1.13,1.73
2013.03.13 11:23:07.185,1.03042,1.03053,1.50,1.73
2013.03.13 11:23:07.800,1.03042,1.03053,1.50,1.73
2013.03.13 11:23:08.627,1.03042,1.03054,1.50,1.73
2013.03.13 11:23:09.953,1.03042,1.03053,1.50,1.73
2013.03.13 11:23:10.314,1.03042,1.03053,1.50,1.73
2013.03.13 11:23:11.566,1.03041,1.03052,1.13,1.73
2013.03.13 11:23:12.124,1.03042,1.03052,1.50,1.73
2013.03.13 11:23:20.052,1.03042,1.03053,1.88,1.73
2013.03.13 11:23:23.414,1.03041,1.03052,1.13,1.73
2013.03.13 11:23:23.655,1.03042,1.03052,1.13,2.48
2013.03.13 11:23:24.194,1.0304,1.03051,1.13,2.48
2013.03.13 11:23:25.554,1.03039,1.03051,1.13,3.23
2013.03.13 11:23:26.094,1.03039,1.03051,1.13,2.48
2013.03.13 11:23:34.106,1.03039,1.03051,1.88,1.73
2013.03.13 11:23:46.075,1.03039,1.03051,1.13,2.48
2013.03.13 11:23:46.634,1.03039,1.03051,1.13,3.23
2013.03.13 11:23:49.474,1.03038,1.03049,1.88,1.73
2013.03.13 11:24:05.835,1.03037,1.0305,2.63,1.73
2013.03.13 11:24:05.893,1.03037,1.0305,2.25,1.73
2013.03.13 11:24:06.194,1.03037,1.0305,3.00,1.73
2013.03.13 11:24:06.734,1.03034,1.03048,1.73,2.48
2013.03.13 11:24:06.794,1.03035,1.03047,1.50,1.73
2013.03.13 11:24:07.334,1.03035,1.03047,1.50,1.73
2013.03.13 11:24:10.084,1.03033,1.03045,2.48,1.73
2013.03.13 11:24:10.145,1.03032,1.03045,2.48,2.48
2013.03.13 11:24:10.205,1.03031,1.03042,2.25,2.48
2013.03.13 11:24:10.265,1.03028,1.03042,2.25,2.48
2013.03.13 11:24:10.444,1.03027,1.0304,2.25,5.48
2013.03.13 11:24:10.627,1.03024,1.03038,2.25,1.73
2013.03.13 11:24:21.271,1.03024,1.03038,2.25,1.73
2013.03.13 11:24:23.694,1.03024,1.03038,2.25,1.73
2013.03.13 11:24:29.976,1.03024,1.03038,2.25,1.73
2013.03.13 11:24:56.896,1.03024,1.03037,4.50,1.73
2013.03.13 11:24:59.448,1.03024,1.03038,4.50,1.73
2013.03.13 11:25:01.877,1.03024,1.03038,4.50,1.73
2013.03.13 11:25:02.325,1.03024,1.03037,2.25,1.73
2013.03.13 11:25:02.670,1.03024,1.03037,3.75,1.73
2013.03.13 11:25:03.705,1.03024,1.03037,2.25,1.73
2013.03.13 11:25:08.476,1.03024,1.03037,2.48,1.73
2013.03.13 11:25:09.765,1.03024,1.03037,2.48,1.73
2013.03.13 11:25:10.084,1.03027,1.03039,1.50,1.73
2013.03.13 11:25:10.204,1.03026,1.03039,1.50,1.73
2013.03.13 11:25:10.385,1.03027,1.03039,1.50,1.73
2013.03.13 11:25:15.194,1.03027,1.0304,1.50,2.48
2013.03.13 11:25:15.554,1.03025,1.03038,4.50,3.23
2013.03.13 11:25:15.734,1.03023,1.03036,1.50,1.73
2013.03.13 11:25:15.854,1.03022,1.03037,2.25,2.48
2013.03.13 11:25:15.914,1.03022,1.03037,3.00,2.48
2013.03.13 11:25:16.035,1.03023,1.03038,1.50,6.23
2013.03.13 11:25:17.825,1.03024,1.03038,1.50,2.48
2013.03.13 11:25:22.104,1.03023,1.03037,3.00,1.73
2013.03.13 11:25:23.185,1.03024,1.03037,1.50,1.73
2013.03.13 11:25:29.148,1.03025,1.03037,1.50,1.73
2013.03.13 11:25:29.757,1.03025,1.03037,1.73,1.73
2013.03.13 11:25:35.456,1.03026,1.03039,1.50,1.73
2013.03.13 11:25:40.784,1.03029,1.0304,1.50,1.88
2013.03.13 11:25:41.274,1.03029,1.03041,1.50,2.48
2013.03.13 11:25:41.894,1.03029,1.03041,1.50,2.48
2013.03.13 11:25:45.964,1.03028,1.03041,2.25,2.48
2013.03.13 11:25:47.214,1.03027,1.03039,2.25,1.73
2013.03.13 11:25:47.930,1.03027,1.03039,2.25,1.73
2013.03.13 11:25:48.054,1.03027,1.0304,2.25,2.48
2013.03.13 11:25:51.035,1.03028,1.0304,1.50,1.73
2013.03.13 11:25:55.590,1.03028,1.03039,1.50,1.73
2013.03.13 11:25:57.354,1.03028,1.03039,1.50,1.73
2013.03.13 11:25:59.015,1.03027,1.0304,2.25,1.73
2013.03.13 11:25:59.141,1.03028,1.03041,1.50,3.98
2013.03.13 11:26:05.364,1.03032,1.03041,1.50,1.73
2013.03.13 11:26:05.425,1.03031,1.03041,1.65,1.73
2013.03.13 11:26:05.664,1.03031,1.03044,2.40,3.98
2013.03.13 11:26:05.975,1.03033,1.03047,3.00,1.73
2013.03.13 11:26:06.034,1.03034,1.03047,1.50,1.73
2013.03.13 11:26:06.215,1.03035,1.0305,1.50,2.48
2013.03.13 11:26:06.395,1.03036,1.03049,1.50,1.50
2013.03.13 11:26:07.625,1.03034,1.03048,3.00,1.50
2013.03.13 11:26:10.345,1.03035,1.03047,1.73,1.73
2013.03.13 11:26:10.885,1.03034,1.03047,3.23,1.73
2013.03.13 11:26:17.305,1.03034,1.03048,3.23,1.73
2013.03.13 11:26:24.285,1.03036,1.03048,1.50,1.73
2013.03.13 11:26:26.535,1.03036,1.03049,1.50,3.98
2013.03.13 11:26:26.970,1.03036,1.03049,1.50,4.73
2013.03.13 11:26:29.295,1.03036,1.03048,1.50,2.48
2013.03.13 11:26:29.775,1.03036,1.03048,1.50,1.73
2013.03.13 11:26:32.674,1.03036,1.03048,1.50,1.73
2013.03.13 11:26:34.057,1.03036,1.03048,1.50,1.73
2013.03.13 11:26:35.646,1.03037,1.03051,2.25,1.73
2013.03.13 11:26:36.065,1.03039,1.03052,1.50,1.73
2013.03.13 11:26:36.495,1.03038,1.03053,1.50,3.23
2013.03.13 11:26:37.034,1.03042,1.03053,1.50,1.73
2013.03.13 11:26:37.955,1.03043,1.03054,1.50,1.73
2013.03.13 11:26:38.374,1.03043,1.03056,1.50,2.25
2013.03.13 11:26:38.495,1.03043,1.03056,1.50,2.48
2013.03.13 11:26:38.766,1.03043,1.03056,1.50,1.73
2013.03.13 11:26:40.234,1.03043,1.03056,1.50,1.73
2013.03.13 11:26:40.715,1.03043,1.03056,1.50,1.73
2013.03.13 11:26:42.148,1.03043,1.03056,1.50,1.73
2013.03.13 11:26:44.955,1.03043,1.03056,1.50,2.48
2013.03.13 11:26:45.505,1.03043,1.03056,1.50,1.73
2013.03.13 11:26:47.296,1.03042,1.03056,3.00,1.73
2013.03.13 11:26:48.455,1.03042,1.03056,3.00,1.73
2013.03.13 11:26:50.624,1.03042,1.03056,2.48,2.48
2013.03.13 11:26:50.999,1.03042,1.03056,2.25,2.48
2013.03.13 11:26:58.755,1.03042,1.03056,3.00,1.73
2013.03.13 11:26:59.294,1.03042,1.03056,3.00,1.73
2013.03.13 11:27:00.325,1.0304,1.03053,1.73,1.73
2013.03.13 11:27:01.454,1.03038,1.03052,3.23,1.73
2013.03.13 11:27:01.518,1.03038,1.03053,3.23,1.73
2013.03.13 11:27:03.535,1.03041,1.03053,1.50,1.73
2013.03.13 11:27:08.976,1.03039,1.03053,1.73,1.73
2013.03.13 11:27:16.936,1.03042,1.03054,1.50,1.73
2013.03.13 11:27:20.600,1.03043,1.03056,1.50,3.23
2013.03.13 11:27:21.125,1.03043,1.03056,1.50,3.23
2013.03.13 11:27:23.386,1.03042,1.03056,1.50,3.23
2013.03.13 11:27:26.425,1.03041,1.03052,4.50,1.73
2013.03.13 11:27:26.544,1.03038,1.03051,5.48,1.73
2013.03.13 11:27:26.965,1.03038,1.03053,5.85,1.73
2013.03.13 11:27:27.506,1.03041,1.03053,1.50,1.73
2013.03.13 11:27:29.195,1.03041,1.03054,2.40,1.73
2013.03.13 11:27:29.689,1.03039,1.03051,1.13,1.73
2013.03.13 11:27:29.815,1.03038,1.03051,2.48,1.73
2013.03.13 11:27:30.494,1.03039,1.03052,1.73,2.48
2013.03.13 11:27:30.794,1.03039,1.03052,1.73,2.48
2013.03.13 11:27:32.355,1.03041,1.03054,1.50,3.23
2013.03.13 11:27:34.365,1.03043,1.03057,1.50,1.73
2013.03.13 11:27:34.905,1.03043,1.03055,1.50,1.73
2013.03.13 11:27:35.264,1.0304,1.03055,4.88,2.48
2013.03.13 11:27:36.457,1.03042,1.03055,1.50,2.48
2013.03.13 11:27:43.474,1.03042,1.03056,2.25,1.73
2013.03.13 11:27:43.805,1.03042,1.03056,1.50,1.73
2013.03.13 11:27:53.095,1.03042,1.03056,1.50,1.73
2013.03.13 11:27:55.565,1.03043,1.03057,3.75,1.73
2013.03.13 11:27:55.865,1.03044,1.03058,3.23,1.73
2013.03.13 11:27:56.945,1.03045,1.03057,1.50,1.73
2013.03.13 11:27:57.476,1.03045,1.03059,1.50,2.48
2013.03.13 11:27:58.004,1.03044,1.03057,2.48,1.73
2013.03.13 11:27:59.619,1.03044,1.03057,1.73,1.73
2013.03.13 11:28:02.265,1.03042,1.03057,4.73,2.48
2013.03.13 11:28:03.329,1.03042,1.03057,3.23,1.73
2013.03.13 11:28:05.697,1.03043,1.03058,2.25,3.23
2013.03.13 11:28:05.875,1.03042,1.03057,3.98,2.48
2013.03.13 11:28:07.585,1.03043,1.03056,1.50,3.23
2013.03.13 11:28:08.132,1.03043,1.03056,1.50,2.48
2013.03.13 11:28:13.976,1.03042,1.03055,1.50,1.73
2013.03.13 11:28:14.275,1.03042,1.03055,1.50,1.73
2013.03.13 11:28:16.555,1.03042,1.03056,3.00,1.73
2013.03.13 11:28:17.095,1.03042,1.03056,3.00,1.73
2013.03.13 11:28:18.715,1.03042,1.03057,3.00,2.48
2013.03.13 11:28:20.835,1.03042,1.03057,3.00,2.48
2013.03.13 11:28:22.545,1.03042,1.03057,3.00,2.48
2013.03.13 11:28:23.185,1.03043,1.03056,1.50,1.73
2013.03.13 11:28:24.265,1.03043,1.03056,3.00,1.73
2013.03.13 11:28:26.248,1.03043,1.03056,2.25,1.73
2013.03.13 11:28:27.548,1.03043,1.03057,3.00,1.73
2013.03.13 11:28:27.608,1.03043,1.03057,3.00,1.73
2013.03.13 11:28:28.145,1.03045,1.03057,1.50,1.73
2013.03.13 11:28:30.905,1.03044,1.03057,3.00,1.73
2013.03.13 11:28:31.855,1.03045,1.03058,1.50,1.73
2013.03.13 11:28:38.975,1.03045,1.03057,1.50,1.73
2013.03.13 11:28:43.775,1.03042,1.03057,3.98,1.73
2013.03.13 11:28:44.075,1.03043,1.03056,1.50,1.73
2013.03.13 11:28:44.617,1.03043,1.03056,1.50,1.73
2013.03.13 11:28:48.535,1.03043,1.03056,1.50,2.48
2013.03.13 11:28:48.895,1.03039,1.03052,1.88,1.73
2013.03.13 11:28:49.195,1.03038,1.03049,1.50,1.73
2013.03.13 11:28:49.315,1.03034,1.03048,1.17,1.73
2013.03.13 11:28:50.414,1.03035,1.03047,1.73,1.73
2013.03.13 11:28:50.876,1.03035,1.03049,2.48,4.73
2013.03.13 11:28:52.086,1.03035,1.03048,2.48,1.73
2013.03.13 11:28:54.619,1.03035,1.03051,6.98,3.23
2013.03.13 11:28:55.586,1.03038,1.03052,3.00,2.48
2013.03.13 11:28:57.894,1.03038,1.03049,1.50,1.73
2013.03.13 11:28:59.555,1.03035,1.03049,2.25,1.73
2013.03.13 11:29:00.194,1.03035,1.03049,2.25,1.73
2013.03.13 11:29:05.715,1.03035,1.0305,1.50,5.48
2013.03.13 11:29:06.557,1.03035,1.0305,1.50,2.48
2013.03.13 11:29:07.591,1.03035,1.03048,1.50,1.73
2013.03.13 11:29:20.754,1.03035,1.03047,1.50,1.73
2013.03.13 11:29:33.465,1.03036,1.03048,1.50,1.73
2013.03.13 11:29:50.415,1.03037,1.03049,2.25,1.73
2013.03.13 11:29:50.656,1.03042,1.03052,1.50,1.73
2013.03.13 11:29:50.838,1.03042,1.03054,3.75,1.35
2013.03.13 11:29:51.255,1.03044,1.03058,1.50,1.73
2013.03.13 11:29:51.375,1.03044,1.03058,1.50,1.73
2013.03.13 11:29:55.176,1.03044,1.03057,2.25,1.73
2013.03.13 11:29:58.173,1.03044,1.03058,3.75,1.73
2013.03.13 11:29:58.313,1.03044,1.03058,3.75,1.73
2013.03.13 11:29:58.675,1.03048,1.03058,1.50,1.73
2013.03.13 11:29:59.516,1.03044,1.03058,3.00,1.73
2013.03.13 11:30:02.846,1.03044,1.03058,3.00,1.73
2013.03.13 11:30:04.384,1.03044,1.03058,3.00,1.73
2013.03.13 11:30:05.802,1.03044,1.03058,3.75,1.73
2013.03.13 11:30:06.046,1.03044,1.03058,2.25,2.18
2013.03.13 11:30:06.225,1.03044,1.03058,1.50,2.48
2013.03.13 11:30:06.345,1.03044,1.03055,1.50,1.73
2013.03.13 11:30:07.596,1.03044,1.03058,1.50,1.73
2013.03.13 11:30:09.496,1.03044,1.03058,1.73,1.73
2013.03.13 11:30:10.574,1.03044,1.03058,1.73,1.73
2013.03.13 11:30:11.165,1.03044,1.03058,3.23,1.73
2013.03.13 11:30:11.714,1.03044,1.03058,1.73,1.73
2013.03.13 11:30:14.465,1.03045,1.03058,1.50,1.73
2013.03.13 11:30:15.085,1.03045,1.03058,1.50,1.73
2013.03.13 11:30:20.458,1.03044,1.03057,2.48,1.73
2013.03.13 11:30:22.146,1.03044,1.03058,1.73,3.23
2013.03.13 11:30:22.567,1.0304,1.03054,2.25,1.73
2013.03.13 11:30:22.805,1.03041,1.03052,1.50,1.73
2013.03.13 11:30:26.115,1.03041,1.03053,1.50,1.73
2013.03.13 11:30:26.745,1.03041,1.03052,1.50,1.73
2013.03.13 11:30:31.876,1.03041,1.03053,1.50,3.23
2013.03.13 11:30:35.605,1.03039,1.0305,1.73,1.73
2013.03.13 11:30:36.166,1.03039,1.0305,1.50,1.73
2013.03.13 11:30:36.887,1.03036,1.03049,3.00,1.73
2013.03.13 11:30:37.008,1.03036,1.03048,1.50,1.73
2013.03.13 11:30:37.305,1.03035,1.0305,2.48,1.73
2013.03.13 11:30:41.827,1.03039,1.03051,1.50,1.73
2013.03.13 11:30:42.436,1.03037,1.03048,2.25,1.50
2013.03.13 11:30:42.975,1.03037,1.03048,1.50,1.73
2013.03.13 11:30:43.405,1.03035,1.03049,1.50,1.73
2013.03.13 11:30:45.545,1.03035,1.03049,1.50,2.48
2013.03.13 11:30:49.037,1.03034,1.03051,3.23,1.73
2013.03.13 11:30:49.824,1.03037,1.03052,4.50,1.73
2013.03.13 11:30:50.125,1.03044,1.03058,1.50,1.73
2013.03.13 11:30:50.365,1.03044,1.03058,2.48,1.50
2013.03.13 11:30:51.915,1.03044,1.03058,1.73,1.50
2013.03.13 11:30:51.975,1.03042,1.03058,3.98,3.00
2013.03.13 11:30:52.095,1.03042,1.03058,3.23,3.00
2013.03.13 11:30:52.336,1.03042,1.03057,2.48,1.73
2013.03.13 11:30:55.257,1.03042,1.03054,1.73,1.50
2013.03.13 11:30:55.385,1.03042,1.03054,1.73,1.50
2013.03.13 11:30:55.745,1.03039,1.03053,2.85,1.50
2013.03.13 11:30:56.045,1.03039,1.03052,1.73,1.50
2013.03.13 11:30:58.016,1.03038,1.03053,3.23,3.00
2013.03.13 11:30:58.647,1.03043,1.03058,2.48,3.23
2013.03.13 11:30:58.825,1.03043,1.03058,2.48,3.00
2013.03.13 11:30:59.335,1.03043,1.03058,2.48,2.25
2013.03.13 11:31:01.555,1.03043,1.03058,2.48,3.75
2013.03.13 11:31:06.405,1.03043,1.03058,3.98,2.25
2013.03.13 11:31:12.925,1.03045,1.03058,2.48,3.75
2013.03.13 11:31:15.895,1.03045,1.03058,1.73,1.50
2013.03.13 11:31:17.196,1.03046,1.03058,1.73,1.50
2013.03.13 11:31:18.260,1.03046,1.03058,1.73,1.50
2013.03.13 11:31:19.044,1.03046,1.03058,1.73,1.50
2013.03.13 11:31:19.585,1.03044,1.03058,2.48,1.50
2013.03.13 11:31:20.446,1.03043,1.03059,3.23,6.75
2013.03.13 11:31:20.968,1.03045,1.03059,1.73,6.23
2013.03.13 11:31:21.486,1.03043,1.03059,3.98,6.98
2013.03.13 11:31:27.096,1.03046,1.03059,1.73,2.48
2013.03.13 11:31:27.646,1.03046,1.03059,1.73,1.50
2013.03.13 11:31:29.815,1.03047,1.0306,2.48,1.73
2013.03.13 11:31:30.316,1.03047,1.03062,2.48,3.23
2013.03.13 11:31:31.035,1.03049,1.03062,1.73,3.98
2013.03.13 11:31:32.345,1.03046,1.03059,1.73,1.50
2013.03.13 11:31:34.125,1.03048,1.03062,2.48,2.85
2013.03.13 11:31:34.365,1.03048,1.03062,2.48,2.63
2013.03.13 11:31:35.136,1.03048,1.0306,1.73,1.50
2013.03.13 11:31:36.027,1.03047,1.0306,1.73,1.50
2013.03.13 11:31:39.895,1.03047,1.03058,1.73,1.50
2013.03.13 11:31:40.436,1.03045,1.03058,2.48,1.50
2013.03.13 11:31:42.305,1.03045,1.03059,2.48,2.25
2013.03.13 11:31:45.989,1.03046,1.03059,2.48,2.25
2013.03.13 11:31:46.296,1.03044,1.03055,1.73,1.50
2013.03.13 11:31:46.416,1.03043,1.03055,1.73,1.50
2013.03.13 11:31:46.925,1.03043,1.03055,1.73,1.50
2013.03.13 11:31:51.355,1.03044,1.03058,1.73,3.23
2013.03.13 11:31:52.646,1.03045,1.03058,1.73,2.48
2013.03.13 11:31:53.177,1.03045,1.03058,1.73,1.73
2013.03.13 11:31:57.082,1.03044,1.03058,2.48,1.73
2013.03.13 11:32:01.325,1.03044,1.03059,3.23,2.48
2013.03.13 11:32:02.765,1.03044,1.03059,3.98,2.48
2013.03.13 11:32:07.518,1.03044,1.03056,1.73,1.50
2013.03.13 11:32:08.035,1.03045,1.03058,1.73,3.00
2013.03.13 11:32:11.496,1.03045,1.03058,1.73,3.00
2013.03.13 11:32:13.285,1.03045,1.03058,1.73,1.50
2013.03.13 11:32:13.406,1.03048,1.03058,1.13,1.50
2013.03.13 11:32:13.526,1.03049,1.03059,2.55,1.73
2013.03.13 11:32:13.707,1.03052,1.03063,1.50,3.00
2013.03.13 11:32:13.828,1.03051,1.03065,3.60,1.50
2013.03.13 11:32:14.006,1.03051,1.03063,2.85,1.50
2013.03.13 11:32:14.546,1.03052,1.03065,1.50,2.25
2013.03.13 11:32:14.667,1.03052,1.03065,1.50,1.50
2013.03.13 11:32:14.786,1.03052,1.03067,2.48,3.30
2013.03.13 11:32:15.089,1.03055,1.03067,1.73,1.50
2013.03.13 11:32:15.790,1.03055,1.03068,1.73,2.25
2013.03.13 11:32:18.456,1.03055,1.03068,1.73,1.50
2013.03.13 11:32:21.036,1.03053,1.03069,3.23,6.60
2013.03.13 11:32:21.218,1.03053,1.03067,1.73,2.48
2013.03.13 11:32:21.467,1.03052,1.03065,1.73,2.48
2013.03.13 11:32:22.006,1.03051,1.03065,2.63,2.48
2013.03.13 11:32:22.556,1.03051,1.03065,3.38,2.48
2013.03.13 11:32:22.676,1.03053,1.03065,1.73,1.73
2013.03.13 11:32:23.037,1.03052,1.03068,2.48,3.98
2013.03.13 11:32:25.116,1.03053,1.03065,1.73,1.50
2013.03.13 11:32:25.236,1.03052,1.03065,2.48,2.48
2013.03.13 11:32:25.896,1.03051,1.03064,2.48,1.73
2013.03.13 11:32:26.876,1.0305,1.03063,1.73,1.50
2013.03.13 11:32:27.386,1.0305,1.03063,1.73,1.73
2013.03.13 11:32:30.297,1.0305,1.03062,1.73,1.50
2013.03.13 11:32:33.166,1.0305,1.03062,1.50,1.73
2013.03.13 11:32:33.526,1.0305,1.03061,1.50,2.48
2013.03.13 11:32:35.036,1.03047,1.03061,2.25,1.73
2013.03.13 11:32:37.376,1.03047,1.03061,1.50,1.50
2013.03.13 11:32:37.866,1.03047,1.03062,2.25,2.85
2013.03.13 11:32:40.257,1.03049,1.03062,1.50,2.48
2013.03.13 11:32:41.096,1.03049,1.03062,1.50,3.23
2013.03.13 11:32:41.156,1.03049,1.03061,1.50,1.73
2013.03.13 11:32:43.186,1.03049,1.03061,1.50,1.73
2013.03.13 11:32:43.865,1.03049,1.03061,1.50,1.73
2013.03.13 11:32:44.576,1.03049,1.03061,1.50,1.73
2013.03.13 11:32:44.697,1.03047,1.0306,2.25,1.73
2013.03.13 11:32:45.548,1.03045,1.03055,1.50,1.73
2013.03.13 11:32:45.606,1.03041,1.03055,1.50,2.67
2013.03.13 11:32:46.146,1.03041,1.03056,7.65,1.73
2013.03.13 11:32:46.206,1.03042,1.03057,3.00,5.55
2013.03.13 11:32:46.745,1.03045,1.03059,1.50,2.48
2013.03.13 11:32:46.865,1.03045,1.03059,1.50,2.48
2013.03.13 11:32:47.687,1.03045,1.03059,1.50,2.40
2013.03.13 11:32:48.319,1.03045,1.03059,1.50,1.73
2013.03.13 11:32:53.386,1.03044,1.03059,3.00,1.73
2013.03.13 11:32:56.667,1.03044,1.03058,2.25,1.73
2013.03.13 11:33:00.046,1.03045,1.03059,1.50,1.73
2013.03.13 11:33:01.210,1.03045,1.03059,2.25,1.73
2013.03.13 11:33:03.505,1.03044,1.03059,4.50,1.73
2013.03.13 11:33:03.955,1.03045,1.03059,1.50,1.73
2013.03.13 11:33:07.006,1.03045,1.0306,2.25,3.23
2013.03.13 11:33:07.546,1.03045,1.0306,2.25,3.23
2013.03.13 11:33:07.986,1.03044,1.03055,1.50,1.73
2013.03.13 11:33:08.227,1.03043,1.03055,2.48,1.73
2013.03.13 11:33:08.287,1.03043,1.03055,2.25,1.73
2013.03.13 11:33:08.585,1.03043,1.03056,2.25,1.92
2013.03.13 11:33:08.765,1.03043,1.03056,2.25,2.67
2013.03.13 11:33:09.826,1.03045,1.03058,1.50,1.73
2013.03.13 11:33:10.066,1.03045,1.03059,1.50,1.73
2013.03.13 11:33:10.725,1.03045,1.03059,1.50,3.23
2013.03.13 11:33:11.917,1.03045,1.03059,1.50,3.23
2013.03.13 11:33:12.596,1.03044,1.03059,1.73,3.23
2013.03.13 11:33:14.035,1.03045,1.03059,1.50,3.23
2013.03.13 11:33:14.578,1.03044,1.03057,3.23,1.73
2013.03.13 11:33:15.445,1.03044,1.03055,3.60,1.73
2013.03.13 11:33:15.626,1.03043,1.03056,2.10,1.92
2013.03.13 11:33:15.866,1.03043,1.03056,3.98,1.73
2013.03.13 11:33:16.428,1.03044,1.03055,1.73,1.73
2013.03.13 11:33:17.378,1.03044,1.03055,1.73,1.73
2013.03.13 11:33:17.496,1.03041,1.03055,3.00,1.73
2013.03.13 11:33:17.800,1.03041,1.03052,1.13,1.73
2013.03.13 11:33:18.105,1.03042,1.03054,1.88,1.73
2013.03.13 11:33:18.166,1.03042,1.03055,1.50,2.48
2013.03.13 11:33:21.760,1.0304,1.03051,1.13,1.73
2013.03.13 11:33:26.356,1.03042,1.03053,1.13,2.48
2013.03.13 11:33:30.135,1.03041,1.03052,1.13,1.73
2013.03.13 11:33:33.897,1.03041,1.03052,1.13,1.73
2013.03.13 11:33:34.576,1.03041,1.03052,1.13,1.73
2013.03.13 11:33:40.175,1.03041,1.03052,1.13,1.73
2013.03.13 11:33:40.836,1.03042,1.03053,1.13,1.73
2013.03.13 11:33:45.426,1.0304,1.03051,1.13,1.73
2013.03.13 11:33:45.886,1.03038,1.0305,1.58,1.73
2013.03.13 11:33:46.066,1.03035,1.03048,1.88,2.48
2013.03.13 11:33:46.608,1.03034,1.03048,1.35,2.48
2013.03.13 11:33:46.967,1.03032,1.03044,1.35,1.73
2013.03.13 11:33:47.087,1.03032,1.03043,1.13,1.73
2013.03.13 11:33:47.749,1.03032,1.03043,1.88,1.73
2013.03.13 11:33:48.295,1.03032,1.03043,1.88,1.73
2013.03.13 11:33:49.146,1.03032,1.03043,1.13,2.48
2013.03.13 11:33:50.766,1.0303,1.03042,1.88,1.73
2013.03.13 11:33:51.588,1.03032,1.03042,1.13,1.73
2013.03.13 11:33:52.099,1.03032,1.03042,1.13,1.73
2013.03.13 11:33:53.567,1.03032,1.03042,1.88,1.73
2013.03.13 11:33:54.076,1.03032,1.03042,1.13,2.48
2013.03.13 11:34:01.238,1.03028,1.03039,1.50,1.73
2013.03.13 11:34:01.786,1.03026,1.0304,2.25,2.48
2013.03.13 11:34:07.478,1.03029,1.03042,1.50,3.23
2013.03.13 11:34:09.356,1.03028,1.03039,1.50,1.73
2013.03.13 11:34:13.306,1.03029,1.0304,1.50,1.73
2013.03.13 11:34:13.987,1.03028,1.03039,1.50,1.73
2013.03.13 11:34:18.538,1.03029,1.0304,1.50,1.73
2013.03.13 11:34:19.076,1.03032,1.03042,1.50,2.48
2013.03.13 11:34:19.317,1.03032,1.03043,1.50,1.73
2013.03.13 11:34:19.437,1.03032,1.03043,1.73,1.50
2013.03.13 11:34:19.678,1.03034,1.03046,1.50,1.92
2013.03.13 11:34:19.798,1.03034,1.03046,1.50,1.17
2013.03.13 11:34:20.039,1.03034,1.03047,2.25,2.48
2013.03.13 11:34:20.802,1.03034,1.03047,2.48,1.73
2013.03.13 11:34:21.531,1.03035,1.03047,1.95,1.73
2013.03.13 11:34:21.597,1.03034,1.03047,3.23,1.73
2013.03.13 11:34:29.129,1.03032,1.03048,2.48,1.73
2013.03.13 11:34:29.189,1.03032,1.03048,2.48,1.73
2013.03.13 11:34:29.718,1.03032,1.03048,3.23,1.73
2013.03.13 11:34:31.979,1.03032,1.03047,2.48,2.48
2013.03.13 11:34:33.386,1.03033,1.03048,1.73,3.23
2013.03.13 11:34:34.987,1.03033,1.03048,1.73,1.73
2013.03.13 11:34:37.457,1.03034,1.03049,1.50,3.98
2013.03.13 11:34:38.675,1.03033,1.03047,1.73,1.73
2013.03.13 11:34:39.135,1.03033,1.03047,1.73,1.73
2013.03.13 11:34:45.326,1.03033,1.03047,1.73,1.73
2013.03.13 11:34:49.482,1.03033,1.03048,1.73,3.23
2013.03.13 11:35:01.566,1.03035,1.03048,1.50,1.73
2013.03.13 11:35:02.385,1.03035,1.03047,2.25,1.73
2013.03.13 11:35:02.936,1.03035,1.03049,3.00,2.48
2013.03.13 11:35:04.166,1.03035,1.03048,2.25,1.73
2013.03.13 11:35:07.216,1.03035,1.03047,1.50,1.73
2013.03.13 11:35:08.206,1.03035,1.03046,1.50,1.73
2013.03.13 11:35:11.386,1.03035,1.03048,1.50,3.23
2013.03.13 11:35:15.777,1.03034,1.03047,2.48,1.73
2013.03.13 11:35:17.366,1.03034,1.03047,2.48,1.73
2013.03.13 11:35:17.886,1.03035,1.03047,1.50,1.73
2013.03.13 11:35:18.670,1.03034,1.03046,1.73,1.73
2013.03.13 11:35:18.746,1.03031,1.03044,1.73,2.48
2013.03.13 11:35:19.550,1.03031,1.03042,1.50,1.73
2013.03.13 11:35:20.196,1.03029,1.03042,3.23,1.73
2013.03.13 11:35:21.846,1.0303,1.03042,1.73,1.73
2013.03.13 11:35:21.967,1.03031,1.03046,3.98,3.83
2013.03.13 11:35:22.326,1.03034,1.03048,1.50,2.48
2013.03.13 11:35:23.297,1.03034,1.03047,2.25,1.73
2013.03.13 11:35:23.917,1.03032,1.03047,3.23,1.73
2013.03.13 11:35:26.816,1.03032,1.03046,1.50,1.73
2013.03.13 11:35:27.317,1.03033,1.03046,1.50,1.73
2013.03.13 11:35:27.822,1.03034,1.03047,1.50,1.73
2013.03.13 11:35:32.415,1.03033,1.03047,2.48,1.73
2013.03.13 11:35:35.034,1.03033,1.03047,2.48,3.23
2013.03.13 11:35:35.572,1.03033,1.03047,2.48,3.23
2013.03.13 11:35:36.256,1.03034,1.03047,1.50,1.73
2013.03.13 11:35:46.699,1.03033,1.03047,3.23,1.73
2013.03.13 11:35:47.659,1.03033,1.03046,3.23,1.73
2013.03.13 11:35:47.986,1.03034,1.03047,1.50,1.73
2013.03.13 11:35:49.237,1.03033,1.03046,3.23,1.73
2013.03.13 11:35:52.767,1.03034,1.03047,3.00,1.73
2013.03.13 11:35:57.718,1.03034,1.03047,2.25,1.73
2013.03.13 11:36:00.096,1.03034,1.03047,1.50,1.73
2013.03.13 11:36:10.926,1.03034,1.03044,1.50,3.98
2013.03.13 11:36:11.106,1.0303,1.03044,1.73,3.98
2013.03.13 11:36:11.346,1.03031,1.03041,1.50,1.73
2013.03.13 11:36:11.868,1.03031,1.03041,1.50,1.73
2013.03.13 11:36:12.426,1.0303,1.03041,1.50,1.73
2013.03.13 11:36:12.966,1.03031,1.03042,1.50,1.73
2013.03.13 11:36:17.169,1.03031,1.03042,1.50,1.73
2013.03.13 11:36:17.747,1.03032,1.03042,2.25,1.73
2013.03.13 11:36:17.927,1.03032,1.03042,1.50,1.50
2013.03.13 11:36:18.286,1.03033,1.03047,2.25,4.32
2013.03.13 11:36:18.346,1.03033,1.03046,2.25,1.73
2013.03.13 11:36:18.776,1.03034,1.03047,1.50,2.48
2013.03.13 11:36:19.017,1.03034,1.03047,1.50,3.23
2013.03.13 11:36:20.897,1.03033,1.03046,2.25,1.73
2013.03.13 11:36:22.008,1.03034,1.03046,1.50,1.73
2013.03.13 11:36:26.310,1.03034,1.03046,1.50,2.48
2013.03.13 11:36:26.637,1.03036,1.03046,1.50,1.73
2013.03.13 11:36:27.430,1.03036,1.03049,1.50,2.48
2013.03.13 11:36:28.637,1.03036,1.03049,1.50,2.48
2013.03.13 11:36:30.977,1.03038,1.03049,1.50,1.73
2013.03.13 11:36:31.517,1.03038,1.0305,1.50,1.73
2013.03.13 11:36:35.348,1.03037,1.03051,1.50,1.73
2013.03.13 11:36:43.429,1.03035,1.03048,1.50,1.73
2013.03.13 11:36:47.626,1.03035,1.03048,1.50,2.48
2013.03.13 11:36:58.828,1.03035,1.03047,1.50,1.73
2013.03.13 11:36:59.007,1.03031,1.03043,1.73,3.00
2013.03.13 11:36:59.366,1.03031,1.03041,1.50,1.73
2013.03.13 11:36:59.906,1.03028,1.03041,1.73,1.73
2013.03.13 11:37:00.556,1.03028,1.03041,1.73,1.73
2013.03.13 11:37:07.376,1.03028,1.03041,1.73,2.48
2013.03.13 11:37:12.257,1.03029,1.03042,3.15,3.98
2013.03.13 11:37:12.376,1.03031,1.03044,1.50,3.23
2013.03.13 11:37:12.676,1.03032,1.03049,3.23,3.98
2013.03.13 11:37:12.736,1.03032,1.03049,3.23,3.98
2013.03.13 11:37:13.036,1.03034,1.03048,1.50,1.73
2013.03.13 11:37:18.155,1.03035,1.03048,1.50,2.48
2013.03.13 11:37:20.476,1.03034,1.03047,2.25,1.73
2013.03.13 11:37:22.047,1.03034,1.03047,1.50,1.73
2013.03.13 11:37:22.579,1.03034,1.03047,1.50,1.73
2013.03.13 11:37:34.497,1.03033,1.03048,1.50,3.23
2013.03.13 11:37:38.096,1.03033,1.03047,1.50,1.73
2013.03.13 11:37:42.027,1.03034,1.03047,2.25,1.73
2013.03.13 11:37:42.386,1.03037,1.0305,1.50,1.73
2013.03.13 11:37:42.806,1.03041,1.03051,1.50,5.48
2013.03.13 11:37:43.227,1.03041,1.03054,2.70,1.73
2013.03.13 11:37:43.347,1.03044,1.03054,1.50,1.73
2013.03.13 11:37:43.526,1.03044,1.03054,1.50,1.73
2013.03.13 11:37:44.699,1.03042,1.03055,3.75,2.48
2013.03.13 11:37:46.026,1.03043,1.03054,2.25,1.73
2013.03.13 11:37:46.326,1.03042,1.03055,3.00,5.48
2013.03.13 11:37:46.386,1.03042,1.03055,3.00,3.98
2013.03.13 11:37:46.938,1.03042,1.03057,2.25,1.73
2013.03.13 11:37:47.826,1.03043,1.03057,1.50,1.73
2013.03.13 11:37:49.228,1.03046,1.03058,1.50,3.23
2013.03.13 11:37:49.436,1.03046,1.03058,1.50,2.48
2013.03.13 11:37:49.616,1.03046,1.03058,2.25,2.48
2013.03.13 11:37:50.169,1.03049,1.03061,1.50,1.73
2013.03.13 11:37:50.526,1.0305,1.03062,1.50,2.48
2013.03.13 11:37:51.097,1.03049,1.03062,1.50,2.48
2013.03.13 11:37:51.638,1.03048,1.03062,1.50,3.98
2013.03.13 11:37:51.820,1.03047,1.03061,1.50,1.73
2013.03.13 11:37:52.013,1.03047,1.03061,1.50,1.73
2013.03.13 11:37:52.316,1.03052,1.03062,1.50,1.50
2013.03.13 11:37:52.376,1.03051,1.03062,1.50,1.73
2013.03.13 11:37:52.436,1.03051,1.03062,1.50,3.42
2013.03.13 11:37:56.807,1.0305,1.03062,1.50,1.73
2013.03.13 11:37:57.136,1.03051,1.03066,2.25,1.05
2013.03.13 11:37:57.317,1.03052,1.03067,2.25,1.88
2013.03.13 11:37:57.496,1.03054,1.03068,1.50,6.00
2013.03.13 11:37:57.557,1.03054,1.03068,2.25,5.48
2013.03.13 11:37:57.676,1.03054,1.03068,2.25,6.23
2013.03.13 11:37:58.157,1.03053,1.03068,2.48,1.73
2013.03.13 11:37:58.397,1.03053,1.03068,2.48,1.73
2013.03.13 11:37:58.576,1.03053,1.03068,2.48,1.73
2013.03.13 11:37:58.817,1.03052,1.03065,2.48,3.23
2013.03.13 11:37:59.116,1.0305,1.03064,1.50,7.65
2013.03.13 11:37:59.177,1.03049,1.03063,2.25,1.73
2013.03.13 11:37:59.356,1.0305,1.03062,1.50,1.73
2013.03.13 11:38:00.896,1.0305,1.03063,1.50,1.73
2013.03.13 11:38:01.255,1.03048,1.03062,2.25,3.23
2013.03.13 11:38:01.796,1.03045,1.03058,3.00,1.73
2013.03.13 11:38:02.156,1.03045,1.03056,2.25,1.50
2013.03.13 11:38:02.696,1.03042,1.03053,1.73,1.50
2013.03.13 11:38:02.817,1.03042,1.03056,1.73,1.73
2013.03.13 11:38:03.057,1.03046,1.03058,1.50,3.23
2013.03.13 11:38:05.286,1.03046,1.03058,1.50,1.73
2013.03.13 11:38:05.547,1.03046,1.03057,1.50,1.73
2013.03.13 11:38:08.999,1.03046,1.03058,1.50,2.48
2013.03.13 11:38:10.257,1.03047,1.03061,1.50,1.50
2013.03.13 11:38:10.377,1.0305,1.03061,1.50,1.73
2013.03.13 11:38:11.219,1.0305,1.03061,1.50,2.48
2013.03.13 11:38:11.292,1.03048,1.03063,2.48,4.73
2013.03.13 11:38:11.839,1.03049,1.03063,1.50,3.23
2013.03.13 11:38:12.486,1.03048,1.03062,1.73,2.48
2013.03.13 11:38:16.606,1.03048,1.03062,1.73,2.48
2013.03.13 11:38:17.087,1.03048,1.03061,1.73,2.48
2013.03.13 11:38:19.176,1.03048,1.03062,1.73,2.48
2013.03.13 11:38:21.978,1.03048,1.03063,1.73,2.48
2013.03.13 11:38:23.406,1.03048,1.03062,1.73,2.48
2013.03.13 11:38:34.018,1.03048,1.03062,1.73,2.48
2013.03.13 11:38:35.747,1.03049,1.03062,1.73,3.23
2013.03.13 11:38:40.969,1.03049,1.03062,1.73,1.73
2013.03.13 11:38:41.550,1.03047,1.03062,4.73,1.73
2013.03.13 11:38:49.616,1.03047,1.03063,4.73,3.23
2013.03.13 11:38:50.136,1.0305,1.03063,2.25,1.73
2013.03.13 11:38:50.927,1.03051,1.03063,1.50,1.73
2013.03.13 11:38:51.466,1.03051,1.03065,2.25,2.48
2013.03.13 11:38:53.696,1.03051,1.03063,1.50,3.23
2013.03.13 11:38:54.246,1.03051,1.03063,1.50,3.23
2013.03.13 11:38:55.274,1.03051,1.03063,1.50,3.23
2013.03.13 11:38:57.626,1.0305,1.03062,1.73,1.73
2013.03.13 11:39:00.933,1.03052,1.03063,1.50,2.48
2013.03.13 11:39:01.547,1.03051,1.03066,1.50,3.98
2013.03.13 11:39:12.626,1.03049,1.03063,1.88,2.48
2013.03.13 11:39:12.687,1.03049,1.03063,1.88,2.48
2013.03.13 11:39:13.067,1.03048,1.03063,1.88,2.48
2013.03.13 11:39:15.817,1.03048,1.03063,1.73,3.98
2013.03.13 11:39:18.688,1.03048,1.03063,1.73,1.73
2013.03.13 11:39:22.280,1.0305,1.03062,1.50,2.48
2013.03.13 11:39:23.052,1.0305,1.03063,1.50,3.23
2013.03.13 11:39:24.927,1.0305,1.03061,1.50,1.73
2013.03.13 11:39:25.997,1.0305,1.03062,1.50,1.73
2013.03.13 11:39:29.914,1.0305,1.03062,1.50,2.48
2013.03.13 11:39:36.866,1.03049,1.03062,2.25,2.48
2013.03.13 11:39:37.636,1.0305,1.03063,1.50,3.23
2013.03.13 11:39:38.707,1.0305,1.03063,1.50,3.23
2013.03.13 11:39:39.358,1.03049,1.03062,1.50,1.73
2013.03.13 11:39:41.508,1.0305,1.03063,1.50,3.23
2013.03.13 11:39:44.729,1.0305,1.03063,2.25,3.23
2013.03.13 11:39:46.937,1.0305,1.03063,2.25,3.98
2013.03.13 11:39:51.630,1.03048,1.03061,1.50,1.73
2013.03.13 11:39:53.152,1.03048,1.0306,2.25,1.73
2013.03.13 11:39:53.946,1.03047,1.0306,3.23,1.73
2013.03.13 11:39:55.306,1.03048,1.0306,1.50,1.73
2013.03.13 11:39:56.668,1.03047,1.0306,2.25,1.73
2013.03.13 11:40:01.356,1.03047,1.0306,1.50,1.73
2013.03.13 11:40:01.857,1.03048,1.03061,1.50,1.73
2013.03.13 11:40:04.657,1.03047,1.0306,1.50,1.73
2013.03.13 11:40:05.077,1.03045,1.0306,1.50,2.63
2013.03.13 11:40:05.898,1.03045,1.03059,2.25,1.73
2013.03.13 11:40:06.539,1.03043,1.03057,3.00,1.73
2013.03.13 11:40:06.608,1.03043,1.03057,3.00,1.73
2013.03.13 11:40:07.146,1.03045,1.03058,1.50,3.23
2013.03.13 11:40:08.177,1.03045,1.03058,2.25,1.73
2013.03.13 11:40:10.631,1.03046,1.03058,1.50,2.48
2013.03.13 11:40:11.058,1.03045,1.03058,1.50,2.48
2013.03.13 11:40:15.187,1.03043,1.03058,3.23,3.23
2013.03.13 11:40:15.307,1.03043,1.03058,1.73,3.98
2013.03.13 11:40:15.846,1.03042,1.03053,3.23,1.50
2013.03.13 11:40:17.416,1.03046,1.03057,1.50,6.42
2013.03.13 11:40:17.600,1.03046,1.03057,1.73,1.73
2013.03.13 11:40:18.139,1.03046,1.03059,1.50,3.23
2013.03.13 11:40:20.236,1.03047,1.03059,1.50,1.73
2013.03.13 11:40:22.089,1.03042,1.03053,1.73,1.50
2013.03.13 11:40:22.337,1.03041,1.03054,1.73,1.73
2013.03.13 11:40:22.877,1.03042,1.03058,2.48,4.73
2013.03.13 11:40:23.478,1.03043,1.03058,3.23,1.73
2013.03.13 11:40:28.156,1.03043,1.03058,1.73,1.73
2013.03.13 11:40:32.386,1.03045,1.03059,3.75,5.48
2013.03.13 11:40:32.906,1.03044,1.03058,1.50,2.48
2013.03.13 11:40:35.529,1.03044,1.03058,1.50,1.73
2013.03.13 11:40:37.957,1.03043,1.03057,5.48,1.73
2013.03.13 11:40:38.877,1.03043,1.03055,1.73,1.73
2013.03.13 11:40:39.414,1.03042,1.03055,2.48,1.73
2013.03.13 11:40:40.080,1.03043,1.03058,3.00,2.48
2013.03.13 11:40:40.379,1.03045,1.03058,2.25,1.73
2013.03.13 11:40:43.698,1.03045,1.03057,2.25,1.73
2013.03.13 11:40:44.058,1.03045,1.03057,2.25,1.73
2013.03.13 11:40:44.307,1.03045,1.03056,2.25,1.73
2013.03.13 11:40:45.116,1.03045,1.03057,2.25,1.73
2013.03.13 11:40:46.298,1.03045,1.03056,1.50,2.48
2013.03.13 11:40:55.149,1.03043,1.03057,1.73,1.73
2013.03.13 11:40:58.301,1.0304,1.03052,1.73,1.73
2013.03.13 11:40:58.501,1.03039,1.03051,2.48,1.50
2013.03.13 11:40:59.047,1.0304,1.03051,1.73,1.50
2013.03.13 11:40:59.767,1.03039,1.03051,2.48,1.50
2013.03.13 11:41:00.567,1.03039,1.03051,2.48,1.73
2013.03.13 11:41:00.747,1.03041,1.03052,1.50,1.73
2013.03.13 11:41:01.266,1.03041,1.03052,2.25,1.73
2013.03.13 11:41:01.747,1.03041,1.03052,2.25,1.73
2013.03.13 11:41:02.308,1.03041,1.03052,1.50,1.73
2013.03.13 11:41:02.837,1.03041,1.03052,1.50,1.73
2013.03.13 11:41:03.377,1.03041,1.03052,2.25,2.48
2013.03.13 11:41:04.409,1.03042,1.03052,1.50,2.48
2013.03.13 11:41:05.077,1.03042,1.03052,1.50,2.48
2013.03.13 11:41:05.749,1.03042,1.03052,1.50,2.48
2013.03.13 11:41:06.257,1.03042,1.03052,1.50,3.23
2013.03.13 11:41:06.617,1.03042,1.03051,1.50,2.48
2013.03.13 11:41:08.199,1.03042,1.03052,1.50,1.73
2013.03.13 11:41:08.738,1.03042,1.03056,2.48,1.73
2013.03.13 11:41:15.028,1.03044,1.03055,2.25,1.73
2013.03.13 11:41:17.828,1.03044,1.03057,1.50,2.48
2013.03.13 11:41:18.367,1.03044,1.03057,2.25,2.48
2013.03.13 11:41:20.556,1.03044,1.03056,2.25,1.73
2013.03.13 11:41:26.990,1.03042,1.03054,1.50,1.73
2013.03.13 11:41:28.417,1.03043,1.03057,1.50,3.98
2013.03.13 11:41:29.867,1.03043,1.03057,1.50,2.48
2013.03.13 11:41:30.388,1.03043,1.03057,1.50,2.48
2013.03.13 11:41:31.488,1.03043,1.03057,1.50,2.48
2013.03.13 11:41:32.616,1.03043,1.03057,1.50,2.48
2013.03.13 11:41:37.158,1.03041,1.03052,2.48,1.50
2013.03.13 11:41:37.279,1.03041,1.03051,2.48,1.50
2013.03.13 11:41:37.818,1.0304,1.03051,2.25,1.73
2013.03.13 11:41:40.587,1.03041,1.03053,2.25,3.23
2013.03.13 11:41:42.958,1.03041,1.03052,1.50,1.73
2013.03.13 11:41:44.986,1.03041,1.03051,2.25,1.73
2013.03.13 11:41:53.407,1.03042,1.03054,2.25,1.73
2013.03.13 11:41:54.507,1.03044,1.03056,1.50,1.73
2013.03.13 11:41:54.807,1.03046,1.03057,1.50,2.48
2013.03.13 11:41:55.300,1.03044,1.03056,3.00,1.73
2013.03.13 11:41:55.899,1.03044,1.03056,2.25,1.73
2013.03.13 11:41:55.957,1.03042,1.03056,1.50,1.73
2013.03.13 11:41:56.197,1.03041,1.03053,3.23,1.73
2013.03.13 11:41:56.378,1.03041,1.03052,2.25,1.73
2013.03.13 11:41:57.537,1.03041,1.03051,3.00,1.73
2013.03.13 11:41:57.898,1.03046,1.03055,3.75,3.23
2013.03.13 11:41:57.957,1.03045,1.03052,1.50,1.50
2013.03.13 11:41:58.138,1.03042,1.03053,1.50,1.73
2013.03.13 11:41:58.677,1.03043,1.03056,2.25,2.48
2013.03.13 11:41:59.786,1.03043,1.03056,2.25,3.23
2013.03.13 11:42:00.637,1.03043,1.03056,2.25,2.48
2013.03.13 11:42:01.287,1.03043,1.03057,2.25,2.48
2013.03.13 11:42:03.257,1.03043,1.03056,2.25,1.73
2013.03.13 11:42:04.099,1.03043,1.03056,2.25,1.73
2013.03.13 11:42:04.217,1.03043,1.03056,1.50,1.73
2013.03.13 11:42:04.768,1.03043,1.03057,2.25,3.23
2013.03.13 11:42:04.887,1.03043,1.03057,2.25,3.23
2013.03.13 11:42:05.438,1.03045,1.03057,1.50,3.23
2013.03.13 11:42:06.997,1.03045,1.03057,1.73,3.00
2013.03.13 11:42:12.357,1.03045,1.03057,2.48,1.50
2013.03.13 11:42:17.377,1.03046,1.03057,1.73,1.50
2013.03.13 11:42:17.857,1.03049,1.03059,1.73,1.73
2013.03.13 11:42:19.348,1.03049,1.03059,1.73,1.73
2013.03.13 11:42:20.137,1.03049,1.03059,1.73,1.50
2013.03.13 11:42:22.057,1.03049,1.0306,2.48,1.50
2013.03.13 11:42:22.921,1.03049,1.03062,1.73,5.48
2013.03.13 11:42:25.448,1.03049,1.03062,2.48,5.48
2013.03.13 11:42:25.817,1.03049,1.03062,2.48,5.48
2013.03.13 11:42:26.367,1.0305,1.03062,1.73,3.75
2013.03.13 11:42:26.796,1.03051,1.03062,1.73,3.00
2013.03.13 11:42:27.337,1.03051,1.03062,1.73,1.50
2013.03.13 11:42:29.859,1.03049,1.03062,4.73,2.25
2013.03.13 11:42:36.283,1.03049,1.03062,3.23,2.25
2013.03.13 11:42:37.947,1.03051,1.03062,1.73,2.25
2013.03.13 11:42:41.178,1.03051,1.03062,1.73,2.25
2013.03.13 11:42:41.417,1.03051,1.03062,1.50,1.50
2013.03.13 11:42:42.958,1.03051,1.03062,1.73,2.25
2013.03.13 11:42:43.498,1.03054,1.03064,1.73,4.50
2013.03.13 11:42:43.797,1.03054,1.03068,1.73,1.50
2013.03.13 11:42:44.107,1.03057,1.03069,1.73,3.00
2013.03.13 11:42:44.467,1.03059,1.03071,2.48,3.23
2013.03.13 11:42:45.007,1.03059,1.03071,2.48,1.50
2013.03.13 11:42:50.800,1.0306,1.03073,1.73,3.75
2013.03.13 11:42:58.707,1.0306,1.03072,1.50,2.25
2013.03.13 11:42:59.467,1.0306,1.03072,1.73,2.25
2013.03.13 11:42:59.778,1.03058,1.03072,2.48,3.00
2013.03.13 11:43:02.838,1.0306,1.03072,1.73,1.50
2013.03.13 11:43:03.437,1.0306,1.03072,1.73,2.25
2013.03.13 11:43:05.087,1.0306,1.03072,1.73,2.25
2013.03.13 11:43:07.957,1.0306,1.03072,1.73,1.50
2013.03.13 11:43:08.479,1.03061,1.03072,1.73,2.25
2013.03.13 11:43:10.569,1.0306,1.03073,1.73,2.25
2013.03.13 11:43:15.079,1.03061,1.03072,1.73,2.25
2013.03.13 11:43:16.097,1.0306,1.03073,1.73,3.00
2013.03.13 11:43:20.067,1.03061,1.03072,1.73,1.50
2013.03.13 11:43:20.617,1.03061,1.03072,1.73,2.25
2013.03.13 11:43:21.157,1.03063,1.03074,1.73,1.50
2013.03.13 11:43:21.721,1.03062,1.03072,2.48,1.50
2013.03.13 11:43:28.168,1.03064,1.03076,1.73,1.50
2013.03.13 11:43:28.287,1.03066,1.03077,1.73,1.50
2013.03.13 11:43:28.650,1.03068,1.03083,1.50,3.23
2013.03.13 11:43:28.826,1.03068,1.0308,3.23,2.48
2013.03.13 11:43:29.443,1.03068,1.03081,2.48,1.50
2013.03.13 11:43:31.247,1.03068,1.03081,1.73,1.50
2013.03.13 11:43:36.110,1.03068,1.03082,1.73,3.23
2013.03.13 11:43:36.648,1.03069,1.03081,2.48,1.50
2013.03.13 11:43:37.238,1.03068,1.03081,2.48,1.50
2013.03.13 11:43:39.508,1.03068,1.03081,1.73,1.73
2013.03.13 11:43:39.568,1.03068,1.03081,1.73,2.48
2013.03.13 11:43:40.323,1.03069,1.0308,1.73,1.50
2013.03.13 11:43:40.896,1.03068,1.0308,1.73,1.50
2013.03.13 11:43:42.578,1.03067,1.0308,2.48,2.25
2013.03.13 11:43:43.017,1.03067,1.0308,2.48,2.25
2013.03.13 11:43:43.616,1.03067,1.0308,2.48,2.25
2013.03.13 11:43:47.506,1.03067,1.0308,3.23,1.50
2013.03.13 11:43:48.796,1.03069,1.03081,1.73,3.23
2013.03.13 11:43:50.527,1.03069,1.03081,1.73,3.23
2013.03.13 11:43:56.247,1.03069,1.03081,1.73,1.73
2013.03.13 11:43:59.106,1.03069,1.03081,2.48,2.48
2013.03.13 11:43:59.406,1.03069,1.03081,1.73,3.98
2013.03.13 11:43:59.467,1.03066,1.03079,1.73,1.50
2013.03.13 11:44:08.065,1.03064,1.03076,3.23,1.50
2013.03.13 11:44:22.140,1.03068,1.0308,2.48,1.50
2013.03.13 11:44:22.677,1.03068,1.0308,2.48,1.50
2013.03.13 11:44:23.231,1.03068,1.0308,6.23,1.50
2013.03.13 11:44:23.978,1.03068,1.0308,6.23,1.50
2013.03.13 11:44:24.526,1.03068,1.0308,2.48,2.48
2013.03.13 11:44:31.149,1.03068,1.03079,1.73,1.50
2013.03.13 11:44:31.861,1.03065,1.03078,2.48,1.50
2013.03.13 11:44:40.407,1.03064,1.03077,2.82,3.00
2013.03.13 11:44:40.707,1.03062,1.03076,1.73,2.48
2013.03.13 11:44:40.768,1.03062,1.03073,1.73,2.25
2013.03.13 11:44:41.127,1.0306,1.03071,1.73,1.50
2013.03.13 11:44:41.428,1.03054,1.03069,3.98,1.50
2013.03.13 11:44:41.967,1.03056,1.03066,1.73,1.50
2013.03.13 11:44:42.529,1.03054,1.03066,1.73,1.50
2013.03.13 11:44:47.457,1.03055,1.03068,1.73,2.25
2013.03.13 11:44:57.487,1.03055,1.03068,1.73,1.50
2013.03.13 11:44:58.144,1.03055,1.03068,1.73,1.50
2013.03.13 11:45:02.868,1.03055,1.03068,1.73,1.50
2013.03.13 11:45:03.058,1.03054,1.03068,1.73,1.50
2013.03.13 11:45:07.548,1.03055,1.03068,1.73,1.50
2013.03.13 11:45:15.757,1.03055,1.03067,2.48,1.50
2013.03.13 11:45:18.387,1.03055,1.03067,1.73,1.13
2013.03.13 11:45:18.898,1.03055,1.03067,1.73,1.88
2013.03.13 11:45:27.347,1.03055,1.03068,1.73,2.25
2013.03.13 11:45:27.832,1.03054,1.03068,1.73,3.38
2013.03.13 11:45:30.097,1.03054,1.03068,1.73,3.38
2013.03.13 11:45:32.737,1.03054,1.03068,2.10,3.75
2013.03.13 11:45:33.352,1.03054,1.03068,3.60,3.00
2013.03.13 11:45:33.965,1.03054,1.03068,3.23,2.63
2013.03.13 11:45:37.660,1.03054,1.03067,1.73,1.50
2013.03.13 11:45:38.533,1.03055,1.03067,1.73,1.50
2013.03.13 11:45:47.777,1.03055,1.03068,1.73,2.63
2013.03.13 11:45:48.317,1.03054,1.03067,2.48,1.50
2013.03.13 11:45:49.617,1.03054,1.03066,2.48,1.50
2013.03.13 11:45:50.779,1.0305,1.03062,2.48,2.25
2013.03.13 11:45:50.909,1.03049,1.0306,1.73,1.50
2013.03.13 11:45:51.230,1.03048,1.03061,2.25,1.88
2013.03.13 11:45:52.038,1.03049,1.03062,3.15,3.38
2013.03.13 11:45:52.489,1.03049,1.03061,3.90,1.13
2013.03.13 11:45:53.328,1.0305,1.03061,1.73,1.13
2013.03.13 11:45:53.868,1.03052,1.03061,1.73,1.13
2013.03.13 11:45:54.000,1.03051,1.03065,6.23,1.88
2013.03.13 11:45:54.068,1.03054,1.03065,1.73,1.13
2013.03.13 11:45:54.247,1.03054,1.03066,1.73,1.88
2013.03.13 11:45:54.787,1.03054,1.03066,1.73,2.63
2013.03.13 11:45:55.290,1.03054,1.03066,1.73,1.88
2013.03.13 11:46:01.498,1.03053,1.03066,1.73,1.88
2013.03.13 11:46:02.547,1.03052,1.03066,2.48,1.88
2013.03.13 11:46:02.907,1.03053,1.03065,1.35,1.50
2013.03.13 11:46:02.968,1.03053,1.03066,2.10,3.00
2013.03.13 11:46:03.824,1.03054,1.03066,1.73,2.25
2013.03.13 11:46:04.404,1.03054,1.03066,1.73,2.25
2013.03.13 11:46:07.048,1.03054,1.03066,1.73,2.25
2013.03.13 11:46:10.618,1.03054,1.03067,2.48,3.00
2013.03.13 11:46:11.397,1.03054,1.03067,2.48,4.50
2013.03.13 11:46:11.908,1.03056,1.03067,1.73,2.25
2013.03.13 11:46:12.209,1.03058,1.0307,2.48,2.25
2013.03.13 11:46:12.268,1.03058,1.03067,1.73,1.50
2013.03.13 11:46:12.508,1.03058,1.0307,3.98,1.13
2013.03.13 11:46:12.568,1.03058,1.03072,4.73,4.13
2013.03.13 11:46:12.747,1.03058,1.03072,4.73,4.13
2013.03.13 11:46:13.107,1.03059,1.03071,1.73,1.88
2013.03.13 11:46:14.347,1.03059,1.03071,2.48,2.25
2013.03.13 11:46:20.567,1.03058,1.0307,2.48,1.50
2013.03.13 11:46:20.929,1.03057,1.03067,1.35,3.75
2013.03.13 11:46:21.229,1.03054,1.03066,2.48,2.25
2013.03.13 11:46:21.529,1.03059,1.03069,2.48,1.50
2013.03.13 11:46:21.651,1.03059,1.03071,3.23,3.00
2013.03.13 11:46:21.718,1.03059,1.03071,3.23,3.00
2013.03.13 11:46:22.258,1.03059,1.03071,1.73,3.75
2013.03.13 11:46:22.318,1.03059,1.03071,1.73,3.00
2013.03.13 11:46:22.857,1.03062,1.03074,1.73,3.00
2013.03.13 11:46:23.618,1.0306,1.03071,1.88,1.50
2013.03.13 11:46:23.857,1.03062,1.03073,2.48,2.63
2013.03.13 11:46:24.399,1.03063,1.03075,1.73,2.25
2013.03.13 11:46:26.299,1.03062,1.03075,2.48,3.00
2013.03.13 11:46:27.587,1.03062,1.03074,1.73,1.50
2013.03.13 11:46:34.858,1.03062,1.03075,2.48,3.75
2013.03.13 11:46:41.058,1.03062,1.03074,1.73,1.50
2013.03.13 11:46:44.248,1.03062,1.03073,1.73,6.00
2013.03.13 11:46:44.797,1.0306,1.03072,1.73,2.63
2013.03.13 11:46:47.489,1.0306,1.03072,1.73,2.63
2013.03.13 11:46:49.487,1.0306,1.03071,1.73,1.50
2013.03.13 11:46:50.658,1.0306,1.03072,2.10,3.38
2013.03.13 11:46:50.988,1.0306,1.03071,2.10,2.25
2013.03.13 11:46:53.660,1.0306,1.03071,2.10,1.50
2013.03.13 11:46:54.208,1.03061,1.03071,1.35,1.50
2013.03.13 11:46:56.850,1.03061,1.03071,2.10,2.25
2013.03.13 11:46:59.312,1.03063,1.03071,1.35,1.50
2013.03.13 11:46:59.500,1.03063,1.03074,2.48,3.00
2013.03.13 11:46:59.620,1.03063,1.03075,2.48,1.50
2013.03.13 11:47:00.157,1.03063,1.03077,2.48,3.00
2013.03.13 11:47:00.337,1.03066,1.03078,1.73,3.38
2013.03.13 11:47:00.711,1.03065,1.03077,1.73,1.50
2013.03.13 11:47:07.457,1.03064,1.03076,2.48,1.50
2013.03.13 11:47:09.207,1.03065,1.03076,1.73,1.50
2013.03.13 11:47:12.128,1.03065,1.03076,1.73,1.50
2013.03.13 11:47:12.598,1.03063,1.03074,1.73,1.50
2013.03.13 11:47:12.897,1.03061,1.03074,1.50,1.88
2013.03.13 11:47:30.651,1.03061,1.03074,5.48,1.50
2013.03.13 11:47:31.779,1.03061,1.03074,5.10,1.50
2013.03.13 11:47:32.798,1.03062,1.03074,1.73,1.50
2013.03.13 11:47:36.668,1.03062,1.03074,1.73,1.50
2013.03.13 11:47:40.158,1.03063,1.03075,1.73,1.13
2013.03.13 11:47:44.218,1.03062,1.03074,1.73,1.50
2013.03.13 11:47:44.838,1.03061,1.03074,5.63,1.50
2013.03.13 11:47:50.108,1.03063,1.03074,1.73,1.50
2013.03.13 11:47:51.148,1.03061,1.03074,6.00,1.50
2013.03.13 11:47:52.497,1.03063,1.03074,1.73,1.50
2013.03.13 11:47:53.928,1.03064,1.03075,1.73,1.50
2013.03.13 11:47:54.228,1.03061,1.03074,6.00,1.50
2013.03.13 11:47:54.348,1.03061,1.03074,6.00,1.50
2013.03.13 11:47:57.708,1.03061,1.03074,7.13,1.50
2013.03.13 11:47:59.357,1.03062,1.03073,3.98,1.50
2013.03.13 11:48:02.919,1.03059,1.03071,1.73,3.75
2013.03.13 11:48:03.218,1.03059,1.03071,1.73,2.25
2013.03.13 11:48:03.868,1.03063,1.03074,1.73,2.25
2013.03.13 11:48:05.709,1.03061,1.03074,5.10,2.25
2013.03.13 11:48:06.049,1.03063,1.03074,1.73,2.25
2013.03.13 11:48:07.478,1.03062,1.03074,1.73,2.25
2013.03.13 11:48:11.639,1.03063,1.03075,1.73,1.73
2013.03.13 11:48:11.817,1.03063,1.03077,2.48,3.75
2013.03.13 11:48:11.998,1.03064,1.03077,3.98,3.00
2013.03.13 11:48:12.298,1.03069,1.03079,1.50,3.23
2013.03.13 11:48:12.478,1.03069,1.03079,1.73,2.48
2013.03.13 11:48:13.137,1.03068,1.03079,1.50,3.23
2013.03.13 11:48:13.438,1.03064,1.03077,6.60,3.75
2013.03.13 11:48:14.188,1.03064,1.03076,5.85,1.50
2013.03.13 11:48:15.210,1.03064,1.03077,5.85,3.00
2013.03.13 11:48:15.790,1.03064,1.03076,5.85,1.50
2013.03.13 11:48:19.398,1.03064,1.03077,5.85,2.25
2013.03.13 11:48:19.749,1.03063,1.03075,9.23,1.50
2013.03.13 11:48:20.168,1.03064,1.03075,2.48,2.25
2013.03.13 11:48:20.398,1.03064,1.03075,4.73,1.50
2013.03.13 11:48:21.767,1.03064,1.03076,3.98,1.50
2013.03.13 11:48:22.308,1.03064,1.03076,3.98,2.25
2013.03.13 11:48:22.848,1.03064,1.03077,6.23,2.25
2013.03.13 11:48:28.727,1.03065,1.03076,2.10,1.50
2013.03.13 11:48:30.098,1.03066,1.03076,1.35,1.50
2013.03.13 11:48:32.448,1.03064,1.03076,1.73,3.00
2013.03.13 11:48:32.628,1.03064,1.03076,3.23,1.50
2013.03.13 11:48:33.241,1.03064,1.03076,1.73,1.50
2013.03.13 11:48:34.941,1.03064,1.03076,3.60,1.50
2013.03.13 11:48:35.118,1.03064,1.03076,3.60,3.75
2013.03.13 11:48:35.419,1.03064,1.03074,3.23,1.50
2013.03.13 11:48:35.957,1.03064,1.03074,2.40,1.50
2013.03.13 11:48:40.758,1.03062,1.03074,1.13,2.25
2013.03.13 11:48:41.357,1.03062,1.03074,1.35,1.50
2013.03.13 11:48:41.922,1.03062,1.03074,1.35,1.50
2013.03.13 11:48:42.457,1.03063,1.03074,1.73,1.50
2013.03.13 11:48:42.898,1.03067,1.03074,3.75,1.50
2013.03.13 11:48:43.078,1.03067,1.03077,3.75,1.35
2013.03.13 11:48:43.197,1.03067,1.0308,3.98,5.25
2013.03.13 11:48:43.457,1.03067,1.0308,4.73,4.73
2013.03.13 11:48:43.728,1.03069,1.0308,1.73,5.48
2013.03.13 11:48:46.308,1.03069,1.0308,1.73,6.23
2013.03.13 11:48:46.667,1.03063,1.03076,1.73,4.50
2013.03.13 11:48:47.028,1.03063,1.03074,2.48,2.25
2013.03.13 11:48:48.728,1.03063,1.03072,1.73,1.50
2013.03.13 11:48:49.267,1.03063,1.03074,1.73,3.75
2013.03.13 11:48:50.584,1.03063,1.03074,1.73,1.50
2013.03.13 11:48:51.113,1.03063,1.03075,1.73,2.25
2013.03.13 11:48:52.937,1.03063,1.03075,1.73,3.00
2013.03.13 11:48:53.679,1.03064,1.03075,2.48,2.25
2013.03.13 11:48:54.818,1.03064,1.03075,1.73,1.50
2013.03.13 11:48:55.057,1.03062,1.03074,5.10,2.25
2013.03.13 11:48:55.178,1.03062,1.03074,5.85,2.25
2013.03.13 11:48:55.497,1.03063,1.03074,1.73,2.25
2013.03.13 11:48:56.668,1.03065,1.03076,1.73,3.75
2013.03.13 11:48:56.909,1.03065,1.03076,1.73,3.75
2013.03.13 11:48:58.889,1.03064,1.03075,2.48,1.50
2013.03.13 11:49:01.768,1.03063,1.03075,4.73,2.25
2013.03.13 11:49:02.112,1.03064,1.03075,1.73,2.25
2013.03.13 11:49:02.859,1.03063,1.03075,3.98,2.25
2013.03.13 11:49:03.280,1.03063,1.03075,3.75,2.25
2013.03.13 11:49:03.780,1.03064,1.03075,1.73,2.25
2013.03.13 11:49:06.759,1.03063,1.03073,3.98,1.50
2013.03.13 11:49:07.627,1.03063,1.03075,4.73,2.25
2013.03.13 11:49:09.168,1.03063,1.03075,1.73,1.50
2013.03.13 11:49:13.637,1.03062,1.03075,3.98,1.50
2013.03.13 11:49:14.490,1.03063,1.03075,1.73,1.50
2013.03.13 11:49:14.568,1.03064,1.03075,1.73,1.50
2013.03.13 11:49:16.238,1.03065,1.03075,1.73,1.50
2013.03.13 11:49:18.147,1.03063,1.03075,3.98,2.25
2013.03.13 11:49:18.687,1.03064,1.03075,1.73,2.25
2013.03.13 11:49:20.780,1.03065,1.03075,1.73,1.50
2013.03.13 11:49:21.328,1.03064,1.03076,1.73,2.25
2013.03.13 11:49:22.888,1.03064,1.03075,2.48,3.00
2013.03.13 11:49:23.428,1.03064,1.03076,1.73,1.50
2013.03.13 11:49:25.047,1.03063,1.03075,4.73,1.50
2013.03.13 11:49:28.977,1.03064,1.03076,1.73,1.88
2013.03.13 11:49:29.519,1.03065,1.03076,1.73,1.88
2013.03.13 11:49:30.608,1.03065,1.03077,1.73,4.13
2013.03.13 11:49:33.987,1.03064,1.03077,2.48,1.50
2013.03.13 11:49:37.578,1.03064,1.03077,4.73,2.25
2013.03.13 11:49:38.128,1.03067,1.03077,1.73,1.50
2013.03.13 11:49:38.488,1.03068,1.03079,3.23,2.25
2013.03.13 11:49:38.548,1.03069,1.03081,3.23,2.85
2013.03.13 11:49:39.087,1.03069,1.03081,3.23,1.88
2013.03.13 11:49:40.127,1.03068,1.03081,6.15,4.88
2013.03.13 11:49:40.497,1.03068,1.03081,6.15,4.88
2013.03.13 11:49:41.327,1.0307,1.03081,3.23,5.63
2013.03.13 11:49:42.292,1.03072,1.03081,1.35,4.13
2013.03.13 11:49:42.372,1.03077,1.0309,4.35,1.35
2013.03.13 11:49:42.437,1.03077,1.03086,1.35,3.75
2013.03.13 11:49:42.800,1.03079,1.03089,1.73,5.48
2013.03.13 11:49:42.919,1.03079,1.03089,1.73,4.73
2013.03.13 11:49:43.039,1.03079,1.03091,1.73,3.60
2013.03.13 11:49:43.342,1.03079,1.03091,1.73,2.48
2013.03.13 11:49:44.167,1.03081,1.03092,1.73,6.23
2013.03.13 11:49:46.907,1.03079,1.03091,2.48,1.73
2013.03.13 11:49:51.108,1.03081,1.03092,2.48,3.23
2013.03.13 11:49:51.648,1.03081,1.03093,2.48,1.88
2013.03.13 11:49:52.571,1.03081,1.03093,1.73,2.85
2013.03.13 11:49:54.297,1.03081,1.03093,2.48,4.13
2013.03.13 11:49:57.608,1.03081,1.03091,1.73,1.50
2013.03.13 11:49:58.037,1.03079,1.03091,2.48,1.50
2013.03.13 11:50:00.078,1.03079,1.03092,1.73,3.00
2013.03.13 11:50:00.268,1.03079,1.03092,2.48,3.00
2013.03.13 11:50:02.997,1.03079,1.03091,1.73,1.50
2013.03.13 11:50:06.783,1.03079,1.0309,1.73,1.88
2013.03.13 11:50:20.957,1.0308,1.03092,1.73,2.85
2013.03.13 11:50:24.887,1.03079,1.03091,1.73,1.13
2013.03.13 11:50:27.167,1.03079,1.03091,2.10,2.25
2013.03.13 11:50:28.499,1.0308,1.03095,2.10,2.48
2013.03.13 11:50:28.738,1.03082,1.03095,1.73,1.73
2013.03.13 11:50:30.497,1.03082,1.03095,1.73,1.50
2013.03.13 11:50:30.617,1.03082,1.03095,1.73,2.25
2013.03.13 11:50:31.726,1.03082,1.03095,1.73,2.25
2013.03.13 11:50:33.527,1.03082,1.03095,2.48,1.50
2013.03.13 11:50:35.017,1.03082,1.03096,2.48,1.73
2013.03.13 11:50:38.338,1.03083,1.03097,1.73,3.98
2013.03.13 11:50:38.697,1.03085,1.03098,1.73,4.50
2013.03.13 11:50:38.999,1.03086,1.03098,2.48,2.25
2013.03.13 11:50:39.118,1.03088,1.03102,1.73,8.10
2013.03.13 11:50:39.729,1.03089,1.03102,1.73,7.35
2013.03.13 11:50:40.278,1.03088,1.03102,2.85,4.13
2013.03.13 11:50:40.808,1.03088,1.03102,2.85,4.13
2013.03.13 11:50:41.107,1.03088,1.03102,2.85,4.13
2013.03.13 11:50:41.408,1.03088,1.031,2.10,1.65
2013.03.13 11:50:42.007,1.03088,1.031,1.73,1.13
2013.03.13 11:50:43.367,1.03088,1.03102,2.10,3.23
2013.03.13 11:50:43.917,1.03088,1.03102,2.10,3.98
2013.03.13 11:50:44.767,1.03088,1.03102,2.10,3.98
2013.03.13 11:50:46.307,1.03088,1.03102,2.48,1.50
2013.03.13 11:50:46.547,1.03088,1.03102,2.48,1.50
2013.03.13 11:50:47.107,1.03091,1.03105,2.85,2.25
2013.03.13 11:50:48.759,1.03092,1.03105,1.73,2.25
2013.03.13 11:50:56.177,1.03091,1.03105,2.10,3.00
2013.03.13 11:51:00.747,1.03089,1.03102,1.73,1.50
2013.03.13 11:51:01.799,1.03089,1.03103,1.73,3.75
2013.03.13 11:51:01.857,1.03089,1.03103,1.73,4.50
2013.03.13 11:51:02.227,1.03088,1.03103,2.85,3.75
2013.03.13 11:51:05.809,1.03087,1.031,1.73,1.50
2013.03.13 11:51:06.229,1.03085,1.03099,2.48,1.13
2013.03.13 11:51:06.349,1.03085,1.03097,1.73,2.25
2013.03.13 11:51:06.648,1.03081,1.03092,3.75,1.73
2013.03.13 11:51:07.009,1.03078,1.03092,2.10,3.23
2013.03.13 11:51:09.845,1.03078,1.0309,1.73,1.35
2013.03.13 11:51:11.928,1.03076,1.03089,2.48,1.50
2013.03.13 11:51:12.229,1.03074,1.03087,1.92,1.13
2013.03.13 11:51:18.933,1.03074,1.03088,1.73,1.88
2013.03.13 11:51:22.197,1.03074,1.03088,1.73,1.50
2013.03.13 11:51:27.158,1.03073,1.03088,4.73,2.25
2013.03.13 11:51:27.759,1.03069,1.03082,2.10,1.13
2013.03.13 11:51:28.297,1.03068,1.03082,2.48,1.88
2013.03.13 11:51:29.177,1.03068,1.03082,2.48,1.88
2013.03.13 11:51:35.258,1.03068,1.03081,3.23,1.88
2013.03.13 11:51:49.918,1.03068,1.0308,1.73,1.13
2013.03.13 11:51:52.941,1.03068,1.0308,1.50,1.13
2013.03.13 11:51:53.623,1.03068,1.0308,1.73,1.13
2013.03.13 11:51:54.172,1.03068,1.0308,1.73,1.88
2013.03.13 11:52:10.968,1.03068,1.03079,1.50,2.48
2013.03.13 11:52:34.777,1.03067,1.03079,1.73,1.73
2013.03.13 11:52:36.210,1.03067,1.0308,2.48,2.10
2013.03.13 11:52:40.868,1.03068,1.03081,2.25,3.23
2013.03.13 11:52:41.496,1.03068,1.03081,2.48,3.23
2013.03.13 11:52:44.397,1.03068,1.0308,1.73,1.50
2013.03.13 11:52:59.312,1.03068,1.03081,2.48,1.50
2013.03.13 11:53:00.001,1.03068,1.03081,2.48,2.25
2013.03.13 11:53:03.656,1.03069,1.03081,1.73,3.75
2013.03.13 11:53:04.190,1.03069,1.03079,1.73,1.13
2013.03.13 11:53:05.528,1.03068,1.0308,2.48,1.88
2013.03.13 11:53:07.089,1.03068,1.03079,1.73,1.13
2013.03.13 11:53:17.268,1.03069,1.03081,1.73,3.00
2013.03.13 11:53:17.619,1.03069,1.03081,1.73,2.25
2013.03.13 11:53:18.517,1.03068,1.03081,3.23,3.75
2013.03.13 11:53:27.898,1.03069,1.03081,2.48,2.25
2013.03.13 11:53:29.537,1.03069,1.03082,2.85,4.50
2013.03.13 11:53:30.528,1.03069,1.03081,2.85,3.00
2013.03.13 11:53:33.667,1.03069,1.0308,1.73,2.25
2013.03.13 11:53:34.310,1.03068,1.0308,1.73,2.25
2013.03.13 11:53:35.817,1.03069,1.0308,2.48,1.50
2013.03.13 11:53:41.738,1.03069,1.03081,2.48,2.25
2013.03.13 11:54:07.478,1.03069,1.03079,1.73,1.88
2013.03.13 11:54:13.099,1.03069,1.0308,2.48,3.75
2013.03.13 11:54:15.250,1.03069,1.0308,1.73,1.88
2013.03.13 11:54:15.428,1.03069,1.0308,1.73,1.88
2013.03.13 11:54:18.497,1.03068,1.0308,2.48,1.88
2013.03.13 11:54:19.568,1.03069,1.0308,1.73,1.13
2013.03.13 11:54:26.150,1.03069,1.0308,1.50,3.00
2013.03.13 11:54:40.118,1.03069,1.03079,1.73,2.25
2013.03.13 11:54:40.669,1.03069,1.03079,1.73,1.50
2013.03.13 11:54:55.079,1.03069,1.03079,1.73,1.50
2013.03.13 11:54:55.498,1.03065,1.03077,1.35,1.50
2013.03.13 11:54:55.858,1.03062,1.03075,1.73,1.50
2013.03.13 11:54:55.978,1.03062,1.03075,2.48,2.25
2013.03.13 11:54:56.398,1.03062,1.03075,1.73,2.25
2013.03.13 11:54:56.671,1.03062,1.03074,2.48,1.50
2013.03.13 11:54:57.538,1.03062,1.03075,2.48,1.50
2013.03.13 11:54:58.467,1.03064,1.03075,1.73,1.50
2013.03.13 11:54:59.095,1.03063,1.03076,1.73,1.88
2013.03.13 11:55:02.039,1.03063,1.03076,1.73,1.13
2013.03.13 11:55:06.978,1.03062,1.03077,2.48,4.50
2013.03.13 11:55:07.538,1.03063,1.03077,1.73,4.50
2013.03.13 11:55:08.078,1.03063,1.03077,1.73,4.50
2013.03.13 11:55:08.617,1.03064,1.03077,2.48,3.75
2013.03.13 11:55:12.128,1.03068,1.03077,1.73,2.25
2013.03.13 11:55:12.308,1.03069,1.03079,1.73,1.13
2013.03.13 11:55:12.770,1.03069,1.03079,1.73,1.13
2013.03.13 11:55:13.188,1.03072,1.03082,1.73,3.75
2013.03.13 11:55:13.427,1.03072,1.03083,2.48,2.25
2013.03.13 11:55:19.992,1.03071,1.03081,2.48,1.50
2013.03.13 11:55:20.298,1.03071,1.03081,1.73,2.25
2013.03.13 11:55:22.158,1.03069,1.03082,1.13,3.38
2013.03.13 11:55:22.698,1.03071,1.03082,1.73,1.50
2013.03.13 11:55:27.048,1.03068,1.03081,2.48,1.88
2013.03.13 11:55:28.578,1.03072,1.03082,1.73,1.50
2013.03.13 11:55:29.098,1.03072,1.03082,1.73,1.50
2013.03.13 11:55:30.058,1.03072,1.03082,1.73,1.50
2013.03.13 11:55:32.039,1.0307,1.03082,1.35,2.25
2013.03.13 11:55:32.578,1.03069,1.03082,2.10,5.25
2013.03.13 11:55:33.367,1.03068,1.03081,2.48,2.25
2013.03.13 11:55:38.238,1.03071,1.03082,2.48,3.23
2013.03.13 11:55:43.418,1.03072,1.03083,1.73,1.73
2013.03.13 11:55:44.418,1.03071,1.03082,1.35,1.73
2013.03.13 11:55:47.580,1.03072,1.03083,1.73,1.73
2013.03.13 11:55:48.968,1.03071,1.03082,1.35,2.48
2013.03.13 11:55:49.888,1.03071,1.03081,1.35,3.00
2013.03.13 11:55:54.417,1.03068,1.03081,2.48,3.00
2013.03.13 11:55:58.758,1.03068,1.03081,2.48,2.25
2013.03.13 11:56:01.108,1.03068,1.03081,2.48,1.50
2013.03.13 11:56:04.528,1.03068,1.03081,2.48,2.25
2013.03.13 11:56:08.058,1.0307,1.03082,2.48,5.25
2013.03.13 11:56:12.379,1.03071,1.03083,2.10,2.48
2013.03.13 11:56:13.008,1.03071,1.03083,2.10,2.48
2013.03.13 11:56:13.239,1.03071,1.03081,1.35,2.25
2013.03.13 11:56:14.428,1.0307,1.03081,1.73,3.00
2013.03.13 11:56:15.509,1.0307,1.03081,1.73,1.50
2013.03.13 11:56:18.192,1.03072,1.03083,1.73,1.73
2013.03.13 11:56:19.918,1.03071,1.03083,1.73,3.23
2013.03.13 11:56:22.087,1.03071,1.03082,1.73,2.48
2013.03.13 11:56:22.149,1.03073,1.03082,1.50,2.48
2013.03.13 11:56:22.450,1.03072,1.03085,4.35,1.73
2013.03.13 11:56:22.988,1.03071,1.03082,1.73,3.23
2013.03.13 11:56:24.088,1.03069,1.03082,1.73,3.23
2013.03.13 11:56:31.210,1.0307,1.03082,2.48,3.98
2013.03.13 11:56:31.569,1.03073,1.03085,1.13,1.73
2013.03.13 11:56:31.691,1.03072,1.03082,1.13,1.73
2013.03.13 11:56:31.749,1.0307,1.03082,3.23,1.73
2013.03.13 11:56:33.418,1.03071,1.03082,1.35,3.23
2013.03.13 11:56:35.338,1.03067,1.03082,3.60,4.73
2013.03.13 11:56:36.348,1.03067,1.03082,5.25,3.75
2013.03.13 11:56:37.131,1.03067,1.03082,3.90,4.50
2013.03.13 11:56:55.758,1.03068,1.03082,1.73,2.63
2013.03.13 11:56:56.310,1.03068,1.03082,1.73,1.13
2013.03.13 11:57:03.328,1.03068,1.03081,2.48,1.50
2013.03.13 11:57:05.669,1.03069,1.03081,1.73,3.00
2013.03.13 11:57:08.768,1.03068,1.03081,2.48,1.50
2013.03.13 11:57:09.069,1.03071,1.03082,4.50,1.13
2013.03.13 11:57:09.429,1.03071,1.03083,2.48,1.88
2013.03.13 11:57:09.741,1.0307,1.03081,1.50,1.50
2013.03.13 11:57:11.998,1.03071,1.03084,1.73,1.50
2013.03.13 11:57:13.329,1.03074,1.03085,3.98,2.63
2013.03.13 11:57:13.389,1.03074,1.03085,3.98,3.38
2013.03.13 11:57:13.929,1.0307,1.03083,2.63,2.25
2013.03.13 11:57:14.048,1.0307,1.03083,2.85,2.25
2013.03.13 11:57:14.350,1.0307,1.03083,2.10,2.25
2013.03.13 11:57:15.209,1.0307,1.03082,1.50,2.25
2013.03.13 11:57:19.148,1.03071,1.03084,2.48,1.88
2013.03.13 11:57:20.848,1.03075,1.03087,1.73,2.25
2013.03.13 11:57:20.908,1.03074,1.03083,2.48,1.50
2013.03.13 11:57:21.208,1.03071,1.03084,1.73,1.50
2013.03.13 11:57:21.268,1.03071,1.03084,1.73,1.50
2013.03.13 11:57:21.328,1.03071,1.03084,1.73,1.50
2013.03.13 11:57:24.056,1.03073,1.03084,1.73,1.50
2013.03.13 11:57:24.120,1.03071,1.03084,2.48,2.25
2013.03.13 11:57:34.098,1.0307,1.03083,2.25,3.38
2013.03.13 11:57:43.348,1.03069,1.03081,2.63,1.50
2013.03.13 11:57:43.879,1.03069,1.03082,4.13,2.25
2013.03.13 11:57:47.357,1.03069,1.03081,2.63,1.50
2013.03.13 11:57:52.798,1.03069,1.03081,2.25,2.25
2013.03.13 11:57:54.789,1.03069,1.03081,2.25,2.25
2013.03.13 11:57:55.699,1.03071,1.03082,1.73,3.00
2013.03.13 11:57:56.000,1.03071,1.03082,2.25,1.50
2013.03.13 11:57:59.218,1.0307,1.03082,2.63,1.50
2013.03.13 11:58:04.653,1.0307,1.03082,1.50,3.00
2013.03.13 11:58:04.854,1.0307,1.03081,1.50,1.50
2013.03.13 11:58:05.158,1.03067,1.03081,2.48,1.50
2013.03.13 11:58:09.969,1.03068,1.03082,1.73,5.25
2013.03.13 11:58:10.148,1.03068,1.03082,2.48,5.25
2013.03.13 11:58:14.229,1.0307,1.03081,1.50,1.50
2013.03.13 11:58:15.319,1.03068,1.03082,2.48,3.00
2013.03.13 11:58:21.259,1.03069,1.03082,1.73,3.00
2013.03.13 11:58:21.379,1.03068,1.03082,3.60,3.00
2013.03.13 11:58:21.918,1.03068,1.03082,3.60,2.25
2013.03.13 11:58:22.098,1.03069,1.03081,1.73,1.50
2013.03.13 11:58:24.251,1.03071,1.03082,2.48,1.50
2013.03.13 11:58:24.748,1.03072,1.03085,3.23,1.50
2013.03.13 11:58:24.992,1.03075,1.03089,2.48,1.73
2013.03.13 11:58:25.179,1.03077,1.03089,1.73,2.48
2013.03.13 11:58:25.559,1.03078,1.0309,2.48,1.50
2013.03.13 11:58:26.081,1.03078,1.03091,2.48,3.38
2013.03.13 11:58:28.819,1.03078,1.03091,2.48,2.63
2013.03.13 11:58:33.378,1.03078,1.03091,1.73,2.63
2013.03.13 11:58:34.798,1.03078,1.03091,1.73,3.38
2013.03.13 11:58:34.994,1.03077,1.03091,3.23,2.63
2013.03.13 11:58:35.578,1.03077,1.0309,3.23,1.50
2013.03.13 11:58:35.818,1.03077,1.03087,2.48,1.50
2013.03.13 11:58:36.360,1.03073,1.03087,1.35,3.00
2013.03.13 11:58:36.418,1.03072,1.03087,2.85,3.00
2013.03.13 11:58:36.719,1.03072,1.03087,4.50,3.00
2013.03.13 11:58:36.838,1.03073,1.03087,1.35,3.00
2013.03.13 11:58:36.958,1.03073,1.03086,2.10,1.50
2013.03.13 11:58:42.058,1.03074,1.03087,1.73,2.25
2013.03.13 11:58:42.598,1.03075,1.03087,1.73,2.25
2013.03.13 11:58:46.840,1.03075,1.03087,1.73,1.50
2013.03.13 11:58:52.729,1.03075,1.03088,1.73,2.25
2013.03.13 11:58:53.647,1.03074,1.03087,1.35,1.50
2013.03.13 11:58:54.418,1.03075,1.03087,1.73,1.50
2013.03.13 11:58:55.269,1.03078,1.03088,1.73,1.50
2013.03.13 11:58:55.568,1.03078,1.03091,1.73,3.75
2013.03.13 11:58:58.819,1.03077,1.03091,2.48,1.50
2013.03.13 11:59:07.869,1.03077,1.0309,1.73,1.13
2013.03.13 11:59:08.109,1.03078,1.03091,1.35,3.23
2013.03.13 11:59:10.060,1.03078,1.03091,1.35,3.23
2013.03.13 11:59:10.420,1.0308,1.03091,1.73,2.25
2013.03.13 11:59:10.779,1.0308,1.03091,1.73,1.50
2013.03.13 11:59:11.719,1.03082,1.03096,3.30,1.40
2013.03.13 11:59:12.080,1.03084,1.03096,1.73,1.50
2013.03.13 11:59:12.199,1.03084,1.03097,1.73,3.83
2013.03.13 11:59:12.738,1.03084,1.03097,1.73,3.00
2013.03.13 11:59:13.278,1.03084,1.03096,1.73,1.50
2013.03.13 11:59:16.621,1.03084,1.03097,1.73,1.13
2013.03.13 11:59:18.112,1.0309,1.03104,2.10,1.50
2013.03.13 11:59:18.429,1.0309,1.03104,2.10,1.50
2013.03.13 11:59:18.488,1.03091,1.03104,1.73,1.50
2013.03.13 11:59:19.048,1.03093,1.03106,1.73,1.73
2013.03.13 11:59:19.229,1.03094,1.03108,1.73,2.25
2013.03.13 11:59:22.107,1.03093,1.03108,4.73,3.75
2013.03.13 11:59:23.157,1.03093,1.03108,2.48,3.75
2013.03.13 11:59:24.129,1.03094,1.03107,1.73,1.50
2013.03.13 11:59:24.368,1.03095,1.03108,1.73,4.50
2013.03.13 11:59:24.918,1.03094,1.03108,1.73,2.25
2013.03.13 11:59:25.339,1.03092,1.03107,1.35,1.88
2013.03.13 11:59:25.699,1.03091,1.03105,1.35,4.73
2013.03.13 11:59:26.219,1.03091,1.03105,1.35,3.23
2013.03.13 11:59:26.760,1.03091,1.03105,1.35,3.23
2013.03.13 11:59:30.378,1.03089,1.031,3.98,1.50
2013.03.13 11:59:31.103,1.03088,1.03099,1.73,1.13
2013.03.13 11:59:31.468,1.03088,1.03099,1.73,1.13
2013.03.13 11:59:41.318,1.03087,1.03101,1.73,2.25
2013.03.13 11:59:43.536,1.03087,1.03101,1.73,3.75
2013.03.13 11:59:43.718,1.03086,1.03099,1.73,3.75
2013.03.13 11:59:44.080,1.03083,1.03095,1.35,1.50
2013.03.13 11:59:44.380,1.03081,1.03094,2.10,1.50
2013.03.13 11:59:44.739,1.0308,1.03092,1.73,1.50
2013.03.13 11:59:45.244,1.0308,1.03094,3.60,1.50
2013.03.13 11:59:45.941,1.03082,1.03094,1.73,1.50
2013.03.13 11:59:46.009,1.03082,1.03094,2.48,1.50
2013.03.13 11:59:46.601,1.03083,1.03094,1.73,1.50
2013.03.13 11:59:47.151,1.03084,1.03094,1.73,1.50
2013.03.13 11:59:47.668,1.03083,1.03095,3.98,1.50
2013.03.13 11:59:48.312,1.03083,1.03096,3.23,1.13
2013.03.13 11:59:48.938,1.03083,1.03096,4.73,1.13
2013.03.13 11:59:51.308,1.03082,1.03095,2.10,1.50
2013.03.13 11:59:51.550,1.0308,1.03094,2.85,1.50
2013.03.13 11:59:51.729,1.0308,1.03092,1.73,1.13
2013.03.13 11:59:52.088,1.0308,1.03092,2.48,1.13
2013.03.13 11:59:52.332,1.0308,1.03093,3.23,1.50
2013.03.13 11:59:52.471,1.03081,1.03095,1.73,2.10
2013.03.13 11:59:53.739,1.03081,1.03095,1.73,1.13
2013.03.13 11:59:54.332,1.03081,1.03095,1.73,2.10
2013.03.13 11:59:56.010,1.03081,1.03095,1.73,2.63
2013.03.13 11:59:57.299,1.03081,1.03095,2.18,1.88
2013.03.13 11:59:57.658,1.03082,1.03095,3.98,1.13
2013.03.13 11:59:58.412,1.03084,1.03095,1.73,1.13
2013.03.13 11:59:58.541,1.03084,1.03095,1.73,1.13
2013.03.13 11:59:59.889,1.03084,1.03095,1.73,1.13
