2013.03.19 02:00:00.928,1.03918,1.03931,1.50,2.25
2013.03.19 02:00:02.038,1.0392,1.03931,1.50,1.50
2013.03.19 02:00:02.585,1.0392,1.03934,1.50,3.19
2013.03.19 02:00:04.387,1.0392,1.03934,1.50,3.19
2013.03.19 02:00:05.307,1.0392,1.03934,1.50,3.19
2013.03.19 02:00:06.236,1.0392,1.03934,1.50,3.19
2013.03.19 02:00:07.197,1.0392,1.03934,1.50,3.19
2013.03.19 02:00:10.687,1.03918,1.03933,2.25,1.69
2013.03.19 02:00:12.379,1.03918,1.03929,1.50,2.25
2013.03.19 02:00:14.106,1.03917,1.03929,1.50,1.50
2013.03.19 02:00:15.047,1.03916,1.03929,1.50,1.50
2013.03.19 02:00:15.597,1.03917,1.03929,1.50,1.50
2013.03.19 02:00:17.266,1.03915,1.03928,1.65,2.25
2013.03.19 02:00:17.447,1.03914,1.03928,1.65,3.00
2013.03.19 02:00:17.987,1.03913,1.03927,1.50,1.50
2013.03.19 02:00:18.550,1.03914,1.03928,1.50,3.00
2013.03.19 02:00:24.336,1.03914,1.03928,1.65,3.19
2013.03.19 02:00:24.887,1.03914,1.03928,2.40,2.25
2013.03.19 02:00:26.478,1.03915,1.03928,2.40,2.25
2013.03.19 02:00:26.657,1.03915,1.03928,2.40,2.25
2013.03.19 02:00:38.837,1.03917,1.03932,1.50,2.25
2013.03.19 02:00:39.547,1.03918,1.03932,1.50,2.25
2013.03.19 02:00:39.667,1.03915,1.03932,3.90,4.50
2013.03.19 02:00:40.594,1.03916,1.03932,1.50,3.75
2013.03.19 02:00:41.767,1.03915,1.03932,2.78,3.75
2013.03.19 02:00:44.346,1.03917,1.0393,1.50,1.50
2013.03.19 02:00:47.597,1.03915,1.03929,2.40,1.50
2013.03.19 02:00:48.947,1.03914,1.03927,1.50,1.65
2013.03.19 02:00:49.127,1.03911,1.03926,1.13,3.19
2013.03.19 02:00:49.667,1.03911,1.03924,1.50,1.69
2013.03.19 02:00:50.127,1.03909,1.03924,1.50,1.69
2013.03.19 02:00:50.507,1.03911,1.03924,1.50,1.69
2013.03.19 02:00:51.653,1.03908,1.03924,4.50,2.44
2013.03.19 02:00:51.717,1.03908,1.03924,3.00,3.94
2013.03.19 02:00:52.286,1.03908,1.03924,2.25,3.19
2013.03.19 02:01:00.688,1.03911,1.03924,1.50,1.88
2013.03.19 02:01:00.808,1.03912,1.03925,1.88,2.25
2013.03.19 02:01:01.347,1.03914,1.03925,2.25,1.50
2013.03.19 02:01:06.316,1.03913,1.03927,2.25,1.50
2013.03.19 02:01:07.927,1.03915,1.03928,1.50,2.25
2013.03.19 02:01:08.550,1.03915,1.03929,1.50,3.00
2013.03.19 02:01:09.347,1.03913,1.03928,4.50,1.50
2013.03.19 02:01:09.902,1.03913,1.03928,1.13,2.44
2013.03.19 02:01:10.416,1.03913,1.03928,1.13,2.44
2013.03.19 02:01:11.927,1.03916,1.03929,1.50,1.69
2013.03.19 02:01:12.587,1.03917,1.0393,1.50,1.50
2013.03.19 02:01:12.987,1.03917,1.0393,1.50,1.50
2013.03.19 02:01:17.368,1.0392,1.03931,1.50,1.50
2013.03.19 02:01:17.767,1.03917,1.03931,4.13,1.50
2013.03.19 02:01:18.657,1.03917,1.03931,2.63,1.50
2013.03.19 02:01:19.859,1.03917,1.03931,4.13,1.50
2013.03.19 02:01:25.426,1.03917,1.03932,4.13,1.50
2013.03.19 02:01:30.937,1.03917,1.03932,4.50,1.13
2013.03.19 02:01:31.178,1.03917,1.0393,1.50,1.50
2013.03.19 02:01:32.977,1.03915,1.03929,2.40,2.25
2013.03.19 02:01:37.967,1.03915,1.03929,1.65,2.25
2013.03.19 02:01:42.568,1.03917,1.03932,1.50,2.44
2013.03.19 02:01:44.667,1.03918,1.03932,1.50,1.69
2013.03.19 02:01:48.567,1.0392,1.03933,2.25,3.38
2013.03.19 02:01:49.207,1.0392,1.03932,1.50,1.50
2013.03.19 02:01:49.717,1.0392,1.03933,2.25,1.88
2013.03.19 02:01:56.112,1.03921,1.03934,1.50,2.44
2013.03.19 02:01:59.287,1.03921,1.03934,2.40,2.25
2013.03.19 02:01:59.528,1.03922,1.03936,1.50,1.50
2013.03.19 02:02:00.049,1.03924,1.03938,1.50,2.82
2013.03.19 02:02:00.289,1.03925,1.03938,1.50,2.44
2013.03.19 02:02:09.579,1.03922,1.03938,1.28,3.00
2013.03.19 02:02:10.678,1.03922,1.03938,1.28,3.00
2013.03.19 02:02:11.169,1.03922,1.03938,1.28,3.00
2013.03.19 02:02:11.497,1.03924,1.03938,3.15,1.69
2013.03.19 02:02:12.046,1.03924,1.0394,6.90,3.00
2013.03.19 02:02:17.098,1.03924,1.0394,4.28,2.25
2013.03.19 02:02:17.397,1.03924,1.03934,1.50,1.50
2013.03.19 02:02:17.698,1.03921,1.03935,1.65,1.88
2013.03.19 02:02:17.818,1.0392,1.03935,2.40,1.88
2013.03.19 02:02:18.369,1.03921,1.03935,1.65,1.13
2013.03.19 02:02:19.854,1.03922,1.03935,1.50,1.13
2013.03.19 02:02:25.905,1.03922,1.03936,1.50,1.50
2013.03.19 02:02:31.307,1.03922,1.03937,1.50,1.88
2013.03.19 02:02:31.870,1.03922,1.03938,1.50,3.38
2013.03.19 02:02:35.932,1.03922,1.03938,1.88,2.63
2013.03.19 02:02:36.699,1.03922,1.03938,1.88,2.44
2013.03.19 02:02:38.948,1.03924,1.03938,2.40,1.69
2013.03.19 02:02:39.307,1.03927,1.03941,3.00,1.50
2013.03.19 02:02:39.367,1.03927,1.03941,3.00,1.50
2013.03.19 02:02:39.727,1.03927,1.03942,2.25,3.19
2013.03.19 02:02:42.398,1.03928,1.03942,1.50,2.25
2013.03.19 02:02:42.878,1.03928,1.0394,1.50,1.69
2013.03.19 02:02:48.417,1.03925,1.0394,1.50,1.69
2013.03.19 02:02:56.661,1.03922,1.03938,1.88,2.44
2013.03.19 02:02:57.245,1.03922,1.03936,1.13,1.50
2013.03.19 02:02:58.207,1.03922,1.03936,1.13,2.25
2013.03.19 02:02:58.268,1.03921,1.03934,2.40,1.69
2013.03.19 02:02:58.328,1.03921,1.03934,2.40,1.69
2013.03.19 02:02:58.447,1.03921,1.03934,1.65,1.69
2013.03.19 02:02:58.714,1.03921,1.03932,1.65,1.50
2013.03.19 02:02:59.428,1.03918,1.03932,2.63,1.50
2013.03.19 02:03:03.708,1.03916,1.03931,1.65,1.50
2013.03.19 02:03:03.947,1.03915,1.0393,2.40,2.25
2013.03.19 02:03:06.759,1.03915,1.03929,1.65,1.50
2013.03.19 02:03:06.840,1.03915,1.03929,1.65,2.25
2013.03.19 02:03:10.137,1.03915,1.03928,1.65,1.50
2013.03.19 02:03:12.129,1.03917,1.0393,1.50,1.50
2013.03.19 02:03:14.138,1.03917,1.0393,1.50,1.50
2013.03.19 02:03:16.587,1.03915,1.03929,2.40,1.50
2013.03.19 02:03:21.718,1.03918,1.0393,1.50,2.25
2013.03.19 02:03:22.018,1.03921,1.03934,1.50,1.69
2013.03.19 02:03:22.714,1.03921,1.03935,1.50,1.84
2013.03.19 02:03:23.744,1.0392,1.03935,1.50,1.84
2013.03.19 02:03:25.769,1.0392,1.03933,1.50,1.69
2013.03.19 02:03:26.007,1.03918,1.03932,2.25,2.25
2013.03.19 02:03:30.316,1.03915,1.0393,1.28,2.25
2013.03.19 02:03:32.370,1.03919,1.03931,1.50,2.25
2013.03.19 02:03:32.667,1.03923,1.03938,2.40,1.50
2013.03.19 02:03:32.727,1.03923,1.03939,2.40,1.50
2013.03.19 02:03:33.198,1.03924,1.03938,1.65,1.50
2013.03.19 02:03:37.417,1.03921,1.03939,2.03,3.19
2013.03.19 02:03:40.848,1.0392,1.03935,3.15,1.50
2013.03.19 02:03:40.907,1.0392,1.03933,2.25,1.50
2013.03.19 02:03:41.087,1.0392,1.03936,2.25,2.44
2013.03.19 02:03:41.208,1.03921,1.03933,1.50,1.69
2013.03.19 02:03:41.867,1.0392,1.03933,1.50,1.69
2013.03.19 02:03:42.739,1.0392,1.03933,1.50,1.69
2013.03.19 02:03:43.093,1.0392,1.03933,1.50,1.69
2013.03.19 02:03:43.598,1.03922,1.03935,1.50,1.09
2013.03.19 02:03:43.658,1.03924,1.03935,1.50,1.09
2013.03.19 02:03:43.838,1.03923,1.03937,3.90,1.13
2013.03.19 02:03:44.137,1.03924,1.03938,2.03,1.50
2013.03.19 02:03:45.403,1.03924,1.03938,2.40,1.50
2013.03.19 02:03:45.958,1.03925,1.03938,1.13,1.69
2013.03.19 02:03:46.018,1.03925,1.03938,1.13,1.69
2013.03.19 02:03:46.407,1.03922,1.03938,2.25,1.69
2013.03.19 02:03:47.053,1.03922,1.03936,2.25,1.50
2013.03.19 02:03:47.989,1.03922,1.03937,2.25,1.50
2013.03.19 02:03:48.349,1.03921,1.03934,2.25,1.65
2013.03.19 02:03:50.497,1.03921,1.03934,1.50,1.09
2013.03.19 02:03:51.102,1.03921,1.03934,1.50,1.09
2013.03.19 02:03:51.697,1.03922,1.03937,2.40,3.19
2013.03.19 02:03:51.760,1.03923,1.03937,1.65,1.50
2013.03.19 02:03:52.297,1.03924,1.0394,5.40,2.25
2013.03.19 02:03:59.450,1.03925,1.0394,1.65,3.75
2013.03.19 02:04:01.478,1.03925,1.03939,2.03,1.50
2013.03.19 02:04:01.541,1.03925,1.03938,2.03,1.50
2013.03.19 02:04:02.459,1.03925,1.03938,2.03,2.25
2013.03.19 02:04:03.419,1.03925,1.03938,1.65,1.50
2013.03.19 02:04:03.928,1.03925,1.03939,2.40,2.25
2013.03.19 02:04:04.348,1.03925,1.03939,2.78,2.25
2013.03.19 02:04:05.438,1.03925,1.03939,1.65,1.50
2013.03.19 02:04:11.627,1.03928,1.03942,1.50,3.57
2013.03.19 02:04:13.421,1.03927,1.03942,1.50,3.57
2013.03.19 02:04:14.207,1.03924,1.0394,8.44,3.00
2013.03.19 02:04:14.757,1.03924,1.03938,3.53,1.50
2013.03.19 02:04:17.652,1.03928,1.03941,1.50,1.50
2013.03.19 02:04:23.317,1.03924,1.0394,4.65,3.75
2013.03.19 02:04:23.497,1.03923,1.03937,1.13,2.25
2013.03.19 02:04:23.677,1.03923,1.03937,1.50,1.50
2013.03.19 02:04:27.712,1.03921,1.03936,2.03,1.50
2013.03.19 02:04:28.187,1.03923,1.03936,1.65,1.50
2013.03.19 02:04:28.368,1.03924,1.03937,3.53,1.50
2013.03.19 02:04:28.548,1.03924,1.03937,3.53,1.50
2013.03.19 02:04:29.229,1.03924,1.03937,5.78,1.50
2013.03.19 02:04:29.363,1.03924,1.03937,5.78,1.50
2013.03.19 02:04:30.088,1.03927,1.0394,1.50,1.50
2013.03.19 02:04:31.899,1.03927,1.03941,1.50,1.50
2013.03.19 02:04:32.506,1.03927,1.03942,1.50,2.25
2013.03.19 02:04:33.538,1.03927,1.03941,1.50,1.50
2013.03.19 02:04:36.072,1.03927,1.0394,1.50,1.50
2013.03.19 02:04:37.888,1.03927,1.0394,1.50,1.50
2013.03.19 02:04:49.416,1.03927,1.0394,1.50,1.50
2013.03.19 02:04:50.575,1.03927,1.03942,1.50,3.75
2013.03.19 02:04:51.586,1.03927,1.03942,1.50,3.38
2013.03.19 02:04:53.846,1.03927,1.0394,1.50,1.50
2013.03.19 02:04:55.166,1.03928,1.03942,3.00,1.69
2013.03.19 02:05:09.726,1.03926,1.0394,2.25,3.00
2013.03.19 02:05:31.277,1.03925,1.03939,3.90,1.50
2013.03.19 02:05:34.957,1.03922,1.03937,3.38,1.50
2013.03.19 02:05:35.140,1.03921,1.03937,3.15,1.50
2013.03.19 02:05:35.459,1.03919,1.03929,1.50,1.50
2013.03.19 02:05:35.579,1.03914,1.03928,1.28,1.50
2013.03.19 02:05:35.697,1.03911,1.03927,3.15,1.50
2013.03.19 02:05:36.236,1.03911,1.03926,3.15,1.50
2013.03.19 02:05:36.780,1.03913,1.03925,1.50,1.50
2013.03.19 02:05:37.359,1.03914,1.03925,4.50,1.50
2013.03.19 02:05:37.536,1.03915,1.03928,1.65,1.50
2013.03.19 02:05:37.717,1.03915,1.03929,1.50,4.13
2013.03.19 02:05:38.259,1.03913,1.03925,1.50,1.50
2013.03.19 02:05:39.266,1.03913,1.03926,1.50,2.25
2013.03.19 02:05:40.627,1.03913,1.03926,1.65,2.25
2013.03.19 02:05:40.867,1.03915,1.03929,5.40,3.00
2013.03.19 02:05:41.368,1.03917,1.0393,1.50,3.00
2013.03.19 02:05:42.330,1.03917,1.0393,1.50,3.00
2013.03.19 02:05:42.616,1.03917,1.0393,1.50,3.00
2013.03.19 02:05:43.400,1.03917,1.03928,1.50,1.50
2013.03.19 02:05:43.531,1.03915,1.03928,5.40,1.50
2013.03.19 02:05:45.126,1.03917,1.03928,2.25,1.50
2013.03.19 02:05:47.398,1.03914,1.03928,2.25,2.25
2013.03.19 02:05:47.757,1.03908,1.03923,5.25,1.50
2013.03.19 02:05:47.999,1.03908,1.03922,3.00,1.50
2013.03.19 02:05:48.317,1.03907,1.03922,2.25,1.69
2013.03.19 02:05:51.958,1.03909,1.03922,1.50,1.50
2013.03.19 02:05:52.340,1.03909,1.03922,1.50,1.50
2013.03.19 02:05:53.177,1.03912,1.03923,1.50,2.44
2013.03.19 02:05:53.297,1.03914,1.03926,1.65,2.63
2013.03.19 02:05:53.357,1.03914,1.03926,1.65,1.13
2013.03.19 02:05:53.416,1.03914,1.03928,1.69,1.13
2013.03.19 02:05:59.798,1.03915,1.03928,2.40,2.25
2013.03.19 02:06:00.340,1.03915,1.03929,1.65,3.00
2013.03.19 02:06:02.607,1.03915,1.03929,4.65,3.00
2013.03.19 02:06:05.947,1.03912,1.03926,1.50,3.15
2013.03.19 02:06:06.068,1.03911,1.03925,2.25,1.84
2013.03.19 02:06:06.127,1.03909,1.03923,1.50,1.69
2013.03.19 02:06:06.434,1.03908,1.03921,3.75,1.50
2013.03.19 02:06:06.497,1.03908,1.03921,2.25,1.50
2013.03.19 02:06:07.036,1.03907,1.03922,4.50,1.69
2013.03.19 02:06:07.616,1.03907,1.03922,3.75,2.44
2013.03.19 02:06:08.007,1.03907,1.03922,4.50,2.44
2013.03.19 02:06:14.407,1.03908,1.03923,1.88,1.69
2013.03.19 02:06:14.587,1.03914,1.03928,1.65,3.00
2013.03.19 02:06:14.648,1.03914,1.03928,1.65,2.25
2013.03.19 02:06:14.887,1.03911,1.03928,2.97,1.50
2013.03.19 02:06:16.126,1.03911,1.03928,3.38,2.25
2013.03.19 02:06:17.356,1.03911,1.03927,2.63,1.50
2013.03.19 02:06:17.897,1.03908,1.03922,3.00,1.50
2013.03.19 02:06:17.956,1.03908,1.03922,3.00,1.50
2013.03.19 02:06:18.377,1.03909,1.03922,3.75,1.69
2013.03.19 02:06:18.496,1.0391,1.03925,1.65,2.07
2013.03.19 02:06:18.557,1.0391,1.03925,1.65,1.88
2013.03.19 02:06:18.616,1.0391,1.03925,1.50,2.78
2013.03.19 02:06:18.918,1.03908,1.03922,2.25,1.50
2013.03.19 02:06:21.987,1.03908,1.03921,1.50,1.50
2013.03.19 02:06:24.017,1.03908,1.03923,2.25,3.19
2013.03.19 02:06:32.174,1.03909,1.03923,1.50,3.75
2013.03.19 02:06:37.457,1.0391,1.03922,1.50,1.50
2013.03.19 02:06:41.477,1.0391,1.03922,1.50,1.50
2013.03.19 02:06:42.096,1.03909,1.03922,1.50,1.50
2013.03.19 02:06:44.937,1.03909,1.03922,1.50,1.50
2013.03.19 02:06:45.300,1.03913,1.03927,3.04,1.65
2013.03.19 02:06:45.988,1.03914,1.03926,3.19,1.50
2013.03.19 02:06:46.670,1.03915,1.03926,1.65,1.50
2013.03.19 02:06:50.426,1.03914,1.03926,1.54,2.25
2013.03.19 02:06:50.607,1.03911,1.03926,1.50,4.50
2013.03.19 02:06:51.250,1.03911,1.03923,1.50,1.50
2013.03.19 02:06:52.458,1.03915,1.03926,1.65,2.25
2013.03.19 02:06:52.517,1.03915,1.03926,1.65,1.50
2013.03.19 02:07:15.517,1.03915,1.03927,1.28,1.50
2013.03.19 02:07:21.067,1.03915,1.03927,1.65,1.50
2013.03.19 02:07:24.119,1.03916,1.03927,1.50,1.50
2013.03.19 02:07:38.950,1.03918,1.03929,1.50,3.75
2013.03.19 02:07:42.746,1.03915,1.03929,2.48,3.75
2013.03.19 02:07:43.367,1.03917,1.03929,1.50,3.75
2013.03.19 02:07:45.267,1.03918,1.0393,1.50,1.50
2013.03.19 02:08:01.837,1.03918,1.0393,1.50,1.50
2013.03.19 02:08:09.746,1.03918,1.03932,1.50,2.44
2013.03.19 02:08:09.926,1.03918,1.03932,1.50,2.44
2013.03.19 02:08:09.986,1.03919,1.03932,1.50,3.00
2013.03.19 02:08:10.497,1.03919,1.03932,1.50,1.50
2013.03.19 02:08:14.589,1.03919,1.03932,1.50,1.50
2013.03.19 02:08:14.767,1.03918,1.03932,2.25,1.50
2013.03.19 02:08:14.826,1.03918,1.03932,2.25,2.25
2013.03.19 02:08:25.176,1.03917,1.03932,1.50,2.44
2013.03.19 02:08:25.726,1.03916,1.03929,1.50,1.50
2013.03.19 02:08:27.717,1.03916,1.03929,4.50,1.50
2013.03.19 02:08:33.127,1.03916,1.03929,2.25,1.50
2013.03.19 02:08:33.308,1.03916,1.03931,4.50,2.25
2013.03.19 02:08:33.368,1.03917,1.03929,1.65,1.50
2013.03.19 02:08:33.489,1.03918,1.03931,1.50,1.50
2013.03.19 02:08:33.558,1.0392,1.03931,1.50,2.25
2013.03.19 02:08:35.227,1.03917,1.03931,1.88,1.50
2013.03.19 02:08:35.897,1.03917,1.03931,1.88,1.50
2013.03.19 02:08:38.878,1.03917,1.03931,1.88,1.50
2013.03.19 02:08:38.938,1.03917,1.03929,3.00,1.50
2013.03.19 02:08:38.998,1.03917,1.03929,2.85,1.50
2013.03.19 02:08:39.058,1.03918,1.03929,3.00,1.50
2013.03.19 02:08:39.428,1.03919,1.0393,1.73,1.50
2013.03.19 02:08:39.547,1.03918,1.0393,1.50,1.50
2013.03.19 02:08:39.727,1.03918,1.03929,1.50,1.50
2013.03.19 02:08:40.267,1.03916,1.03929,3.00,1.50
2013.03.19 02:08:53.423,1.03917,1.03929,1.50,2.25
2013.03.19 02:08:54.066,1.03918,1.03929,1.50,2.25
2013.03.19 02:08:54.578,1.03916,1.03929,6.00,2.25
2013.03.19 02:09:00.477,1.03918,1.03929,1.50,1.50
2013.03.19 02:09:05.470,1.03917,1.03929,1.50,1.50
2013.03.19 02:09:13.439,1.03917,1.03929,3.75,1.50
2013.03.19 02:09:20.346,1.03917,1.03929,3.00,1.50
2013.03.19 02:09:23.497,1.03917,1.03931,5.25,1.50
2013.03.19 02:09:24.038,1.03917,1.03929,3.75,1.50
2013.03.19 02:09:29.166,1.03917,1.03929,2.25,2.33
2013.03.19 02:09:33.297,1.03917,1.03929,2.25,1.50
2013.03.19 02:09:33.812,1.03917,1.03929,1.50,2.25
2013.03.19 02:09:34.917,1.03917,1.03929,1.50,1.88
2013.03.19 02:09:38.156,1.03916,1.03928,4.65,1.50
2013.03.19 02:09:44.107,1.03917,1.03928,1.50,1.50
2013.03.19 02:09:45.097,1.03917,1.03929,1.50,2.63
2013.03.19 02:09:48.426,1.03917,1.03928,1.50,1.50
2013.03.19 02:09:50.671,1.03917,1.03929,2.25,1.13
2013.03.19 02:09:51.646,1.03917,1.03929,1.50,1.88
2013.03.19 02:10:00.366,1.03917,1.03928,1.50,4.50
2013.03.19 02:10:00.727,1.03916,1.03927,1.65,1.50
2013.03.19 02:10:00.906,1.03917,1.03927,1.50,1.50
2013.03.19 02:10:11.556,1.03917,1.03929,3.00,1.05
2013.03.19 02:10:11.738,1.03917,1.03931,3.75,1.05
2013.03.19 02:10:12.007,1.0392,1.03932,1.50,1.50
2013.03.19 02:10:15.189,1.03917,1.03932,1.50,2.44
2013.03.19 02:10:15.727,1.03917,1.03932,1.50,1.50
2013.03.19 02:10:17.237,1.0392,1.03932,2.25,1.50
2013.03.19 02:10:17.360,1.0392,1.03932,2.25,2.25
2013.03.19 02:10:22.903,1.03921,1.03933,3.00,2.25
2013.03.19 02:10:24.763,1.03921,1.03933,3.00,2.25
2013.03.19 02:10:31.198,1.03921,1.03933,2.25,1.50
2013.03.19 02:10:31.907,1.03921,1.03933,2.25,1.50
2013.03.19 02:10:32.089,1.03921,1.03933,3.00,1.50
2013.03.19 02:10:32.687,1.03923,1.03935,1.50,1.69
2013.03.19 02:10:32.807,1.03923,1.03937,3.00,2.40
2013.03.19 02:10:33.007,1.03923,1.03937,3.00,3.00
2013.03.19 02:10:34.557,1.03922,1.03937,1.50,3.00
2013.03.19 02:10:34.857,1.03922,1.03937,1.50,3.00
2013.03.19 02:10:35.278,1.03922,1.03937,1.50,3.00
2013.03.19 02:10:35.628,1.03922,1.03937,1.50,3.00
2013.03.19 02:10:37.438,1.03922,1.03935,1.50,1.50
2013.03.19 02:10:37.677,1.03922,1.03934,1.50,1.50
2013.03.19 02:10:37.858,1.03922,1.03934,1.50,1.50
2013.03.19 02:10:37.980,1.03922,1.03934,1.50,1.50
2013.03.19 02:10:38.497,1.03923,1.03935,1.50,1.50
2013.03.19 02:10:38.888,1.03923,1.03933,1.50,3.75
2013.03.19 02:10:39.067,1.0392,1.03932,2.25,3.00
2013.03.19 02:10:39.618,1.03918,1.0393,3.75,2.25
2013.03.19 02:10:40.127,1.03918,1.03929,1.50,1.50
2013.03.19 02:10:42.117,1.03917,1.03929,2.25,2.25
2013.03.19 02:10:46.256,1.03917,1.03929,1.50,1.50
2013.03.19 02:10:46.737,1.03916,1.03926,3.90,1.50
2013.03.19 02:10:47.558,1.03917,1.03928,1.50,1.50
2013.03.19 02:10:49.398,1.03917,1.03929,1.50,3.75
2013.03.19 02:10:50.530,1.03916,1.03927,4.65,1.50
2013.03.19 02:10:52.658,1.03914,1.03926,1.50,1.50
2013.03.19 02:10:52.838,1.03913,1.03924,1.50,2.25
2013.03.19 02:10:52.959,1.0391,1.03922,3.75,1.50
2013.03.19 02:10:53.138,1.0391,1.03922,3.75,3.00
2013.03.19 02:10:53.199,1.03907,1.03922,1.50,3.75
2013.03.19 02:10:53.709,1.03907,1.03919,1.50,1.50
2013.03.19 02:10:54.210,1.03908,1.0392,1.50,1.50
2013.03.19 02:10:55.770,1.03906,1.03919,4.28,1.50
2013.03.19 02:10:55.947,1.03906,1.03919,3.53,1.50
2013.03.19 02:10:56.127,1.03906,1.03916,2.03,1.50
2013.03.19 02:11:06.258,1.03906,1.03919,2.40,2.25
2013.03.19 02:11:07.817,1.03906,1.03917,1.65,1.50
2013.03.19 02:11:11.140,1.03906,1.03918,2.40,1.50
2013.03.19 02:11:13.752,1.03906,1.03919,3.15,1.50
2013.03.19 02:11:15.198,1.03906,1.03919,2.40,1.50
2013.03.19 02:11:19.509,1.03906,1.03918,2.40,1.50
2013.03.19 02:11:20.537,1.03907,1.03918,1.50,1.50
2013.03.19 02:11:24.258,1.03906,1.03918,2.40,1.50
2013.03.19 02:11:29.328,1.03906,1.03918,1.65,1.50
2013.03.19 02:11:30.879,1.03906,1.03919,1.65,1.50
2013.03.19 02:11:32.649,1.03906,1.03919,2.40,1.50
2013.03.19 02:11:35.939,1.03905,1.03919,3.90,1.50
2013.03.19 02:11:37.885,1.03906,1.03919,1.65,1.50
2013.03.19 02:11:39.688,1.03906,1.0392,1.65,3.00
2013.03.19 02:11:40.228,1.03907,1.0392,1.50,1.50
2013.03.19 02:11:42.539,1.03906,1.0392,1.65,1.50
2013.03.19 02:11:42.947,1.03906,1.03918,1.65,1.50
2013.03.19 02:11:43.827,1.03906,1.03918,2.40,1.50
2013.03.19 02:11:44.377,1.03906,1.03919,2.40,1.50
2013.03.19 02:11:44.630,1.03907,1.0392,1.50,1.50
2013.03.19 02:11:46.126,1.03907,1.03921,2.25,1.50
2013.03.19 02:11:46.699,1.03907,1.0392,2.25,1.88
2013.03.19 02:11:47.617,1.03905,1.03919,4.65,1.50
2013.03.19 02:11:48.198,1.03907,1.03919,1.50,1.50
2013.03.19 02:11:48.737,1.03905,1.03919,4.65,1.50
2013.03.19 02:11:49.277,1.03906,1.03919,1.50,1.50
2013.03.19 02:11:50.907,1.03904,1.03919,5.03,1.50
2013.03.19 02:11:50.983,1.03904,1.03917,2.63,2.40
2013.03.19 02:11:51.289,1.039,1.03913,3.00,3.94
2013.03.19 02:11:51.468,1.039,1.03912,1.50,1.50
2013.03.19 02:11:51.588,1.03898,1.03912,2.25,2.25
2013.03.19 02:11:52.247,1.03898,1.03912,3.75,1.50
2013.03.19 02:11:59.107,1.03897,1.03912,1.50,2.25
2013.03.19 02:12:04.658,1.03895,1.0391,6.15,2.25
2013.03.19 02:12:09.429,1.03896,1.0391,2.25,2.25
2013.03.19 02:12:12.087,1.03897,1.0391,1.50,1.50
2013.03.19 02:12:12.999,1.03895,1.0391,5.03,1.50
2013.03.19 02:12:15.317,1.03895,1.0391,4.65,1.50
2013.03.19 02:12:15.438,1.03895,1.03907,3.00,1.50
2013.03.19 02:12:15.498,1.03894,1.03907,3.38,1.50
2013.03.19 02:12:15.618,1.03894,1.03906,2.63,1.50
2013.03.19 02:12:15.978,1.03894,1.03902,1.35,1.50
2013.03.19 02:12:16.517,1.03891,1.03904,2.03,2.40
2013.03.19 02:12:17.078,1.03891,1.03904,1.73,2.40
2013.03.19 02:12:17.627,1.03891,1.03904,1.65,2.40
2013.03.19 02:12:18.442,1.03891,1.03905,1.65,2.40
2013.03.19 02:12:18.669,1.03891,1.03905,1.50,2.40
2013.03.19 02:12:18.787,1.0389,1.03905,3.90,1.65
2013.03.19 02:12:18.967,1.03891,1.03906,1.65,1.50
2013.03.19 02:12:19.448,1.03894,1.03908,1.65,1.69
2013.03.19 02:12:20.030,1.03895,1.03909,1.65,1.88
2013.03.19 02:12:20.878,1.03895,1.03909,1.80,1.88
2013.03.19 02:12:21.468,1.03895,1.0391,1.65,4.50
2013.03.19 02:12:26.679,1.03894,1.0391,2.55,2.25
2013.03.19 02:12:27.252,1.03895,1.0391,1.05,3.00
2013.03.19 02:12:27.598,1.03895,1.03909,1.05,1.50
2013.03.19 02:12:29.389,1.03895,1.03909,1.05,1.50
2013.03.19 02:12:30.109,1.03895,1.03909,1.05,1.50
2013.03.19 02:12:32.678,1.03895,1.03909,1.43,1.50
2013.03.19 02:12:34.856,1.03895,1.03907,1.80,1.50
2013.03.19 02:12:39.227,1.03896,1.03908,1.50,1.50
2013.03.19 02:12:40.408,1.03895,1.03908,2.55,1.50
2013.03.19 02:12:40.677,1.03896,1.03909,1.50,1.50
2013.03.19 02:12:41.398,1.03895,1.03908,2.55,1.50
2013.03.19 02:12:41.598,1.03893,1.03909,3.90,2.25
2013.03.19 02:12:41.958,1.0389,1.03906,1.50,2.59
2013.03.19 02:12:42.498,1.0389,1.03904,2.25,1.09
2013.03.19 02:12:43.737,1.03891,1.03906,1.50,1.50
2013.03.19 02:12:43.798,1.03891,1.03906,1.50,1.50
2013.03.19 02:12:44.758,1.03891,1.03905,2.25,1.50
2013.03.19 02:12:45.238,1.03891,1.03907,2.25,1.50
2013.03.19 02:12:45.790,1.03891,1.03905,1.50,1.50
2013.03.19 02:12:50.609,1.03891,1.03904,1.50,1.50
2013.03.19 02:12:50.668,1.0389,1.03903,1.50,1.50
2013.03.19 02:12:50.728,1.03889,1.03903,3.75,2.25
2013.03.19 02:12:50.848,1.03889,1.03903,3.00,3.19
2013.03.19 02:12:51.388,1.03889,1.03902,1.50,2.25
2013.03.19 02:12:52.387,1.03887,1.039,3.00,1.50
2013.03.19 02:12:52.448,1.03887,1.03899,1.50,2.25
2013.03.19 02:12:52.567,1.03886,1.03899,1.65,3.75
2013.03.19 02:12:56.137,1.03884,1.03899,3.90,2.25
2013.03.19 02:12:56.198,1.03883,1.03899,4.65,3.00
2013.03.19 02:12:57.250,1.0388,1.03893,1.50,1.50
2013.03.19 02:12:57.378,1.0388,1.03894,2.25,1.84
2013.03.19 02:12:57.936,1.03879,1.03893,3.00,1.69
2013.03.19 02:12:58.418,1.03877,1.03893,2.63,2.44
2013.03.19 02:12:59.139,1.03877,1.03893,1.88,2.44
2013.03.19 02:12:59.678,1.03876,1.0389,2.25,1.50
2013.03.19 02:13:00.238,1.03876,1.03889,2.25,1.50
2013.03.19 02:13:00.769,1.03876,1.03891,3.00,1.50
2013.03.19 02:13:02.607,1.03876,1.03889,3.00,1.50
2013.03.19 02:13:05.797,1.03876,1.03889,1.50,1.50
2013.03.19 02:13:09.868,1.03875,1.03889,2.40,2.25
2013.03.19 02:13:12.607,1.03874,1.03889,3.15,1.50
2013.03.19 02:13:12.969,1.03872,1.03885,1.65,3.00
2013.03.19 02:13:13.148,1.03871,1.03887,2.40,2.25
2013.03.19 02:13:13.207,1.03871,1.03887,2.40,3.00
2013.03.19 02:13:13.447,1.03871,1.03887,3.15,3.00
2013.03.19 02:13:14.449,1.03871,1.03885,1.50,1.65
2013.03.19 02:13:14.987,1.03869,1.03883,1.50,1.69
2013.03.19 02:13:15.527,1.03868,1.03883,2.25,3.00
2013.03.19 02:13:15.947,1.03871,1.03884,1.50,1.69
2013.03.19 02:13:16.367,1.03871,1.03882,1.50,1.50
2013.03.19 02:13:16.877,1.03871,1.03883,1.50,1.50
2013.03.19 02:13:25.197,1.0387,1.03881,1.50,1.50
2013.03.19 02:13:26.109,1.03869,1.03881,2.10,2.25
2013.03.19 02:13:26.736,1.03869,1.0388,1.43,1.50
2013.03.19 02:13:27.269,1.03868,1.0388,2.10,1.50
2013.03.19 02:13:27.972,1.03868,1.03879,2.10,1.50
2013.03.19 02:13:28.053,1.03864,1.03878,4.28,1.50
2013.03.19 02:13:29.248,1.03864,1.03879,3.53,2.25
2013.03.19 02:13:29.767,1.03864,1.03879,3.53,1.50
2013.03.19 02:13:29.910,1.03864,1.03879,2.78,2.25
2013.03.19 02:13:32.057,1.03865,1.03877,1.65,1.50
2013.03.19 02:13:37.197,1.03864,1.03877,1.50,2.40
2013.03.19 02:13:37.498,1.03858,1.03874,4.28,3.19
2013.03.19 02:13:37.859,1.03858,1.03872,2.25,2.25
2013.03.19 02:13:38.397,1.03859,1.03872,1.50,1.50
2013.03.19 02:13:40.897,1.03858,1.03872,3.75,3.00
2013.03.19 02:13:41.501,1.03858,1.03872,3.75,3.00
2013.03.19 02:13:42.179,1.03858,1.03872,3.75,1.50
2013.03.19 02:13:42.857,1.03858,1.03872,3.75,1.50
2013.03.19 02:13:43.796,1.03858,1.03872,3.75,1.50
2013.03.19 02:13:44.157,1.03858,1.03872,5.25,1.50
2013.03.19 02:13:44.608,1.0386,1.03872,1.50,1.50
2013.03.19 02:13:45.160,1.03859,1.03872,3.00,1.50
2013.03.19 02:13:45.678,1.03861,1.03873,1.50,2.25
2013.03.19 02:13:48.228,1.03859,1.03872,2.25,1.95
2013.03.19 02:13:48.599,1.03859,1.03872,2.25,1.50
2013.03.19 02:13:49.778,1.0386,1.03872,1.50,1.50
2013.03.19 02:13:50.909,1.03861,1.03874,1.50,1.09
2013.03.19 02:13:51.433,1.03861,1.03874,1.50,1.09
2013.03.19 02:13:53.867,1.03861,1.03877,1.65,2.63
2013.03.19 02:13:53.988,1.03861,1.03875,2.40,1.50
2013.03.19 02:13:54.169,1.03865,1.03878,1.65,3.75
2013.03.19 02:13:56.247,1.03864,1.03877,3.15,2.25
2013.03.19 02:13:56.808,1.03863,1.03877,1.13,3.00
2013.03.19 02:13:57.807,1.03861,1.03876,1.50,1.50
2013.03.19 02:13:57.988,1.03861,1.03876,1.50,2.40
2013.03.19 02:13:58.049,1.03861,1.03876,1.50,3.15
2013.03.19 02:13:58.108,1.03861,1.03874,1.50,1.69
2013.03.19 02:13:58.467,1.03861,1.03874,1.50,1.69
2013.03.19 02:13:59.938,1.03861,1.03873,1.50,1.50
2013.03.19 02:14:02.928,1.03861,1.03872,1.50,1.50
2013.03.19 02:14:03.438,1.03861,1.03872,1.50,1.50
2013.03.19 02:14:05.697,1.03859,1.03869,2.03,1.50
2013.03.19 02:14:05.937,1.03857,1.03869,1.13,1.50
2013.03.19 02:14:06.367,1.03857,1.03869,1.13,1.50
2013.03.19 02:14:08.319,1.03857,1.0387,2.25,1.50
2013.03.19 02:14:08.857,1.03856,1.03869,1.50,1.50
2013.03.19 02:14:09.077,1.03856,1.03869,1.50,1.50
2013.03.19 02:14:12.758,1.03856,1.03869,1.50,2.25
2013.03.19 02:14:22.328,1.03857,1.0387,1.50,1.50
2013.03.19 02:14:22.507,1.03856,1.0387,1.65,3.00
2013.03.19 02:14:24.675,1.0385,1.03867,4.65,2.25
2013.03.19 02:14:25.229,1.03852,1.03863,3.75,1.69
2013.03.19 02:14:25.347,1.03852,1.03863,3.75,2.44
2013.03.19 02:14:26.247,1.0385,1.03863,1.50,3.00
2013.03.19 02:14:26.308,1.0385,1.0386,1.58,1.50
2013.03.19 02:14:26.728,1.0385,1.0386,1.50,1.50
2013.03.19 02:14:27.277,1.03849,1.0386,1.50,2.25
2013.03.19 02:14:27.757,1.03848,1.03859,1.13,1.50
2013.03.19 02:14:27.940,1.03844,1.03858,4.50,1.65
2013.03.19 02:14:28.057,1.03842,1.03857,2.82,5.03
2013.03.19 02:14:28.118,1.0384,1.03856,1.50,3.75
2013.03.19 02:14:28.358,1.03839,1.03853,1.50,2.44
2013.03.19 02:14:28.657,1.0384,1.03852,1.58,1.50
2013.03.19 02:14:29.468,1.0384,1.0385,1.50,1.50
2013.03.19 02:14:30.968,1.0384,1.0385,3.00,1.50
2013.03.19 02:14:31.328,1.03844,1.03856,1.65,3.75
2013.03.19 02:14:31.449,1.03844,1.03856,1.65,1.50
2013.03.19 02:14:31.511,1.03843,1.03858,2.59,2.25
2013.03.19 02:14:32.938,1.03845,1.03857,1.65,2.25
2013.03.19 02:14:36.231,1.03846,1.03859,2.40,3.00
2013.03.19 02:14:37.188,1.03846,1.0386,2.40,2.25
2013.03.19 02:14:37.959,1.03847,1.0386,1.50,1.50
2013.03.19 02:14:39.358,1.03847,1.0386,2.25,1.50
2013.03.19 02:14:39.859,1.03847,1.0386,1.50,1.50
2013.03.19 02:14:41.079,1.03849,1.03862,1.50,3.00
2013.03.19 02:14:41.138,1.03849,1.03862,3.00,3.00
2013.03.19 02:14:41.703,1.03851,1.03864,3.00,1.84
2013.03.19 02:14:42.218,1.03852,1.03864,1.50,1.09
2013.03.19 02:14:43.627,1.03852,1.03864,1.50,1.84
2013.03.19 02:14:49.118,1.03852,1.03864,1.50,1.84
2013.03.19 02:14:51.657,1.0385,1.03864,1.50,1.69
2013.03.19 02:14:55.663,1.03849,1.03863,2.25,1.69
2013.03.19 02:14:57.989,1.0385,1.03863,1.50,1.69
2013.03.19 02:14:59.429,1.03849,1.03863,3.75,1.69
2013.03.19 02:15:01.388,1.03849,1.03863,3.00,1.69
2013.03.19 02:15:04.321,1.03849,1.03863,3.75,1.88
2013.03.19 02:15:13.358,1.03851,1.03863,1.50,1.13
2013.03.19 02:15:13.417,1.03851,1.03863,2.25,1.13
2013.03.19 02:15:13.478,1.03852,1.03864,1.50,1.88
2013.03.19 02:15:14.070,1.03852,1.03866,2.25,1.50
2013.03.19 02:15:14.631,1.03852,1.03866,2.25,1.50
2013.03.19 02:15:18.748,1.03848,1.03864,3.75,1.65
2013.03.19 02:15:18.927,1.03848,1.03863,1.50,1.69
2013.03.19 02:15:20.442,1.03848,1.03862,1.50,1.50
2013.03.19 02:15:25.016,1.03846,1.03861,1.65,2.25
2013.03.19 02:15:26.407,1.03846,1.0386,1.65,1.50
2013.03.19 02:15:28.727,1.03844,1.03859,1.28,1.50
2013.03.19 02:15:28.907,1.03843,1.03858,1.28,1.50
2013.03.19 02:15:29.208,1.03843,1.03857,1.28,1.50
2013.03.19 02:15:30.141,1.03843,1.03856,1.28,1.50
2013.03.19 02:15:30.677,1.03843,1.03857,1.28,1.50
2013.03.19 02:15:31.287,1.03841,1.03857,3.15,1.50
2013.03.19 02:15:31.828,1.03841,1.03856,3.15,1.50
2013.03.19 02:15:32.357,1.03841,1.03856,3.15,1.50
2013.03.19 02:15:34.448,1.03839,1.03853,3.38,1.50
2013.03.19 02:15:34.928,1.03839,1.03852,2.25,1.50
2013.03.19 02:15:35.107,1.0384,1.03852,1.50,1.50
2013.03.19 02:15:38.558,1.03834,1.0385,2.25,1.50
2013.03.19 02:15:39.448,1.03837,1.0385,1.50,1.50
2013.03.19 02:15:39.627,1.03839,1.03853,1.50,3.75
2013.03.19 02:15:39.867,1.03841,1.03853,2.25,1.50
2013.03.19 02:15:44.019,1.0384,1.03856,2.40,1.69
2013.03.19 02:15:44.078,1.03841,1.03856,4.65,1.50
2013.03.19 02:15:44.379,1.03847,1.03858,1.50,1.50
2013.03.19 02:15:44.439,1.03847,1.03859,1.50,1.50
2013.03.19 02:15:44.740,1.03849,1.03863,2.25,3.38
2013.03.19 02:15:45.287,1.0385,1.03863,1.50,1.13
2013.03.19 02:15:48.458,1.0385,1.03863,3.00,2.63
2013.03.19 02:15:52.368,1.0385,1.03864,2.25,2.25
2013.03.19 02:15:54.667,1.0385,1.03864,2.40,3.75
2013.03.19 02:15:54.788,1.03851,1.03866,1.50,2.63
2013.03.19 02:15:54.848,1.03852,1.03866,1.50,2.63
2013.03.19 02:15:55.387,1.03852,1.03866,1.50,1.88
2013.03.19 02:15:57.888,1.03852,1.03867,1.28,2.25
2013.03.19 02:15:58.658,1.03853,1.03867,1.50,1.50
2013.03.19 02:15:59.017,1.03853,1.03867,1.50,1.50
2013.03.19 02:15:59.558,1.03855,1.03868,1.65,1.50
2013.03.19 02:16:00.078,1.03857,1.0387,1.50,3.75
2013.03.19 02:16:00.828,1.0386,1.0387,1.65,1.50
2013.03.19 02:16:00.888,1.03861,1.03874,2.25,2.63
2013.03.19 02:16:02.927,1.03861,1.03874,1.65,2.63
2013.03.19 02:16:03.108,1.03862,1.03875,1.65,1.50
2013.03.19 02:16:03.647,1.03861,1.03876,1.65,1.50
2013.03.19 02:16:04.588,1.03861,1.03876,1.50,1.50
2013.03.19 02:16:04.647,1.0386,1.03876,4.05,2.25
2013.03.19 02:16:05.019,1.0386,1.03875,2.40,2.25
2013.03.19 02:16:05.708,1.03861,1.03876,1.65,1.88
2013.03.19 02:16:06.247,1.03861,1.03877,2.40,3.00
2013.03.19 02:16:10.867,1.03861,1.03878,3.15,4.13
2013.03.19 02:16:13.698,1.03861,1.03876,1.50,1.65
2013.03.19 02:16:14.309,1.03859,1.03875,1.50,1.69
2013.03.19 02:16:14.367,1.0386,1.03875,1.50,1.69
2013.03.19 02:16:14.668,1.03858,1.03872,2.63,1.50
2013.03.19 02:16:15.229,1.03858,1.03872,1.50,1.50
2013.03.19 02:16:15.770,1.03857,1.0387,1.50,1.50
2013.03.19 02:16:16.555,1.03853,1.03869,1.13,1.50
2013.03.19 02:16:16.689,1.03853,1.03869,1.13,1.50
2013.03.19 02:16:17.728,1.03853,1.03869,1.13,1.50
2013.03.19 02:16:20.259,1.03853,1.03868,1.88,1.50
2013.03.19 02:16:20.948,1.03853,1.03868,1.88,1.50
2013.03.19 02:16:22.378,1.03852,1.03868,2.40,1.50
2013.03.19 02:16:23.898,1.03852,1.03869,1.65,1.13
2013.03.19 02:16:24.578,1.03852,1.03869,1.65,1.88
2013.03.19 02:16:25.189,1.03852,1.03869,2.40,1.88
2013.03.19 02:16:25.929,1.03852,1.03868,1.65,1.50
2013.03.19 02:16:27.928,1.03852,1.03868,1.65,1.50
2013.03.19 02:16:28.967,1.03852,1.03867,1.65,1.50
2013.03.19 02:16:31.677,1.03852,1.03866,1.65,1.50
2013.03.19 02:16:35.947,1.03851,1.03868,2.40,2.25
2013.03.19 02:16:36.248,1.03851,1.03864,1.50,1.50
2013.03.19 02:16:37.339,1.03847,1.03861,1.65,1.50
2013.03.19 02:16:37.668,1.03842,1.03857,1.65,1.50
2013.03.19 02:16:43.448,1.03844,1.03857,1.50,1.13
2013.03.19 02:16:43.998,1.03844,1.03857,3.00,1.13
2013.03.19 02:16:44.548,1.03845,1.03857,1.50,1.13
2013.03.19 02:16:44.878,1.03846,1.03857,1.65,1.13
2013.03.19 02:16:46.918,1.03848,1.0386,1.50,1.13
2013.03.19 02:16:50.491,1.03848,1.0386,1.50,1.13
2013.03.19 02:16:51.477,1.03847,1.03861,3.75,1.50
2013.03.19 02:16:51.748,1.03848,1.03861,2.25,1.50
2013.03.19 02:16:51.928,1.03849,1.03861,2.25,1.50
2013.03.19 02:16:52.477,1.0385,1.03865,1.50,3.19
2013.03.19 02:16:53.718,1.03852,1.03865,1.50,1.69
2013.03.19 02:16:53.838,1.03852,1.03868,2.25,2.78
2013.03.19 02:16:53.898,1.03852,1.03868,3.00,3.53
2013.03.19 02:16:53.957,1.03852,1.03867,3.00,1.13
2013.03.19 02:16:54.318,1.03852,1.03867,3.00,1.13
2013.03.19 02:16:54.438,1.03852,1.03867,3.00,1.13
2013.03.19 02:16:55.041,1.03853,1.03869,1.50,1.28
2013.03.19 02:16:55.715,1.03853,1.03869,1.50,1.28
2013.03.19 02:16:59.617,1.03852,1.03865,1.50,1.50
2013.03.19 02:16:59.800,1.0385,1.03865,4.50,1.69
2013.03.19 02:17:00.338,1.03852,1.03866,1.50,1.50
2013.03.19 02:17:00.748,1.03852,1.03866,1.50,1.50
2013.03.19 02:17:01.725,1.03854,1.03866,1.50,1.50
2013.03.19 02:17:18.360,1.03854,1.03869,3.00,2.25
2013.03.19 02:17:21.045,1.03854,1.03869,3.00,2.25
2013.03.19 02:17:23.948,1.03854,1.03869,3.00,3.38
2013.03.19 02:17:24.248,1.03855,1.03869,2.25,2.63
2013.03.19 02:17:24.428,1.03851,1.03866,3.90,2.25
2013.03.19 02:17:24.729,1.03853,1.03865,1.50,2.44
2013.03.19 02:17:24.968,1.03852,1.03865,2.25,2.44
2013.03.19 02:17:25.088,1.03853,1.03866,2.25,1.65
2013.03.19 02:17:25.633,1.03853,1.03866,2.25,1.65
2013.03.19 02:17:25.938,1.03854,1.03866,1.50,1.65
2013.03.19 02:17:27.148,1.03855,1.03865,1.50,1.50
2013.03.19 02:17:29.388,1.03855,1.03865,1.50,1.50
2013.03.19 02:17:29.450,1.03856,1.03869,2.25,1.88
2013.03.19 02:17:29.758,1.03859,1.03872,2.25,1.50
2013.03.19 02:17:30.018,1.03861,1.03873,1.50,2.25
2013.03.19 02:17:30.317,1.03861,1.03876,2.25,1.84
2013.03.19 02:17:30.437,1.03861,1.03877,3.15,4.69
2013.03.19 02:17:30.749,1.03865,1.03879,1.50,1.50
2013.03.19 02:17:30.868,1.03866,1.03879,1.65,1.50
2013.03.19 02:17:31.169,1.03867,1.0388,1.50,1.50
2013.03.19 02:17:31.472,1.0387,1.03883,1.50,2.25
2013.03.19 02:17:32.634,1.03875,1.03888,1.50,1.88
2013.03.19 02:17:32.818,1.03875,1.03889,1.50,3.75
2013.03.19 02:17:32.999,1.03878,1.03893,2.40,2.07
2013.03.19 02:17:33.119,1.0388,1.03896,1.13,2.40
2013.03.19 02:17:33.178,1.0388,1.03894,1.13,1.50
2013.03.19 02:17:33.538,1.03883,1.03896,1.50,1.09
2013.03.19 02:17:34.078,1.03884,1.03896,1.50,1.50
2013.03.19 02:17:36.359,1.03882,1.03895,1.50,1.50
2013.03.19 02:17:36.538,1.03881,1.03894,3.00,1.50
2013.03.19 02:17:36.658,1.0388,1.03894,2.25,1.50
2013.03.19 02:17:37.198,1.03878,1.03892,3.00,1.50
2013.03.19 02:17:37.618,1.03876,1.0389,1.50,1.50
2013.03.19 02:17:37.798,1.03874,1.0389,1.50,1.50
2013.03.19 02:17:37.978,1.03872,1.03889,2.25,2.25
2013.03.19 02:17:38.040,1.03872,1.03889,2.25,2.25
2013.03.19 02:17:38.599,1.03872,1.03889,1.50,2.25
2013.03.19 02:17:42.438,1.03871,1.03888,3.38,1.50
2013.03.19 02:17:42.978,1.03871,1.03887,2.03,2.25
2013.03.19 02:17:44.960,1.03871,1.03885,1.28,2.25
2013.03.19 02:17:45.080,1.0387,1.03883,1.65,1.50
2013.03.19 02:17:45.259,1.03869,1.03882,1.65,2.25
2013.03.19 02:17:45.799,1.03867,1.03881,1.50,2.25
2013.03.19 02:17:45.979,1.03864,1.03879,2.40,1.50
2013.03.19 02:17:47.049,1.03866,1.03879,2.25,1.50
2013.03.19 02:17:47.289,1.03867,1.03879,2.25,1.50
2013.03.19 02:17:47.708,1.0387,1.03885,1.50,2.44
2013.03.19 02:17:47.769,1.03873,1.03885,2.25,1.69
2013.03.19 02:17:47.889,1.03874,1.03887,1.50,1.50
2013.03.19 02:17:47.948,1.03873,1.03889,1.50,4.28
2013.03.19 02:17:48.068,1.03873,1.03889,3.00,2.82
2013.03.19 02:17:48.128,1.03875,1.03889,1.50,2.82
2013.03.19 02:17:59.343,1.03873,1.03887,2.25,1.50
2013.03.19 02:18:00.822,1.03873,1.03887,1.50,1.50
2013.03.19 02:18:01.307,1.03874,1.03889,1.65,1.50
2013.03.19 02:18:03.449,1.03874,1.03889,1.65,1.50
2013.03.19 02:18:03.988,1.03873,1.03888,1.50,1.13
2013.03.19 02:18:04.048,1.03873,1.03888,1.50,1.28
2013.03.19 02:18:04.108,1.03873,1.03888,1.50,2.03
2013.03.19 02:18:04.229,1.03873,1.03886,1.50,1.65
2013.03.19 02:18:04.293,1.03873,1.03886,1.50,3.90
2013.03.19 02:18:04.358,1.03869,1.03884,2.25,1.50
2013.03.19 02:18:04.939,1.03867,1.03881,2.25,1.50
2013.03.19 02:18:08.099,1.03867,1.03881,3.00,2.25
2013.03.19 02:18:08.817,1.03869,1.03881,1.50,2.25
2013.03.19 02:18:10.718,1.03869,1.03881,1.50,1.50
2013.03.19 02:18:10.778,1.03869,1.03884,1.50,3.00
2013.03.19 02:18:11.328,1.03871,1.03884,1.50,1.13
2013.03.19 02:18:11.449,1.03872,1.03885,2.25,2.44
2013.03.19 02:18:11.688,1.03873,1.03886,1.50,1.69
2013.03.19 02:18:12.333,1.03875,1.03886,1.65,1.69
2013.03.19 02:18:12.417,1.03878,1.03893,1.50,2.63
2013.03.19 02:18:12.490,1.03879,1.03893,1.50,1.13
2013.03.19 02:18:12.847,1.03881,1.03896,1.65,3.38
2013.03.19 02:18:13.148,1.03881,1.03896,1.65,1.88
2013.03.19 02:18:13.649,1.03883,1.03896,1.50,1.88
2013.03.19 02:18:14.600,1.03883,1.03896,1.50,2.63
2013.03.19 02:18:14.718,1.03882,1.03896,1.50,1.88
2013.03.19 02:18:15.018,1.03881,1.03896,2.40,2.63
2013.03.19 02:18:15.198,1.03881,1.03896,1.65,2.63
2013.03.19 02:18:15.318,1.03881,1.03896,1.65,2.63
2013.03.19 02:18:15.858,1.0388,1.03893,2.25,1.50
2013.03.19 02:18:16.218,1.0388,1.03893,1.50,2.25
2013.03.19 02:18:16.398,1.03877,1.0389,3.38,1.50
2013.03.19 02:18:16.578,1.03877,1.0389,1.13,1.50
2013.03.19 02:18:17.000,1.03874,1.0389,2.63,2.25
2013.03.19 02:18:17.117,1.03874,1.03888,1.13,1.50
2013.03.19 02:18:18.298,1.03872,1.03888,1.50,2.25
2013.03.19 02:18:18.658,1.03872,1.03887,1.50,1.50
2013.03.19 02:18:18.958,1.03871,1.03885,2.40,2.25
2013.03.19 02:18:19.858,1.03871,1.03884,2.40,1.50
2013.03.19 02:18:20.178,1.03874,1.03884,1.50,1.50
2013.03.19 02:18:20.538,1.03873,1.03887,1.69,3.15
2013.03.19 02:18:20.599,1.03873,1.03887,1.50,1.09
2013.03.19 02:18:20.668,1.03871,1.03886,1.50,1.84
2013.03.19 02:18:21.329,1.03871,1.03886,1.50,3.34
2013.03.19 02:18:21.627,1.03871,1.03886,2.40,2.25
2013.03.19 02:18:22.498,1.0387,1.03885,1.88,1.50
2013.03.19 02:18:22.858,1.0387,1.03884,1.88,2.25
2013.03.19 02:18:24.668,1.0387,1.03884,2.55,1.50
2013.03.19 02:18:25.028,1.03873,1.03886,1.50,4.09
2013.03.19 02:18:25.350,1.03873,1.03886,1.50,3.34
2013.03.19 02:18:26.689,1.03871,1.03886,1.50,2.59
2013.03.19 02:18:29.631,1.03872,1.03886,1.13,2.44
2013.03.19 02:18:29.750,1.03873,1.03887,2.40,3.94
2013.03.19 02:18:29.929,1.03874,1.03889,3.15,1.50
2013.03.19 02:18:30.348,1.0388,1.03893,1.50,1.50
2013.03.19 02:18:30.408,1.0388,1.03893,2.25,1.50
2013.03.19 02:18:39.035,1.03879,1.03893,1.50,2.25
2013.03.19 02:18:39.098,1.03879,1.03892,1.50,1.50
2013.03.19 02:18:39.217,1.03878,1.0389,1.50,1.50
2013.03.19 02:18:39.588,1.03877,1.0389,2.40,1.50
2013.03.19 02:18:40.148,1.03877,1.0389,1.65,1.50
2013.03.19 02:18:42.331,1.03877,1.03891,1.65,2.25
2013.03.19 02:18:43.857,1.03877,1.0389,1.65,1.50
2013.03.19 02:18:43.979,1.03876,1.03887,2.25,1.65
2013.03.19 02:18:44.098,1.03873,1.03886,2.25,2.40
2013.03.19 02:18:44.278,1.03871,1.03886,1.13,1.84
2013.03.19 02:18:45.154,1.0387,1.03884,2.25,1.50
2013.03.19 02:18:45.229,1.0387,1.03884,2.40,1.50
2013.03.19 02:18:45.441,1.03871,1.03886,1.65,2.44
2013.03.19 02:18:45.977,1.03872,1.03887,1.65,1.50
2013.03.19 02:19:00.710,1.0387,1.03883,2.25,1.50
2013.03.19 02:19:00.894,1.03868,1.03883,1.50,2.25
2013.03.19 02:19:01.018,1.03867,1.03881,2.40,1.50
2013.03.19 02:19:01.139,1.03867,1.0388,1.65,1.50
2013.03.19 02:19:01.263,1.03864,1.03879,3.00,3.75
2013.03.19 02:19:01.452,1.03861,1.03877,1.50,2.40
2013.03.19 02:19:01.520,1.0386,1.03875,3.00,1.65
2013.03.19 02:19:01.699,1.03858,1.03875,3.00,2.78
2013.03.19 02:19:01.759,1.03859,1.03873,1.65,1.50
2013.03.19 02:19:02.298,1.0386,1.03875,2.40,1.88
2013.03.19 02:19:05.450,1.03861,1.03875,1.65,1.50
2013.03.19 02:19:09.178,1.03861,1.03875,2.40,2.25
2013.03.19 02:19:09.358,1.03861,1.03873,1.50,1.50
2013.03.19 02:19:09.719,1.03856,1.03873,3.90,2.25
2013.03.19 02:19:09.898,1.03858,1.03871,1.50,1.50
2013.03.19 02:19:10.263,1.0386,1.03874,1.50,1.50
2013.03.19 02:19:10.807,1.03861,1.03875,2.25,2.59
2013.03.19 02:19:11.228,1.03861,1.03875,3.00,1.84
2013.03.19 02:19:11.709,1.03863,1.03878,1.50,1.13
2013.03.19 02:19:11.769,1.03863,1.03879,3.38,1.50
2013.03.19 02:19:12.078,1.03866,1.03879,1.50,2.25
2013.03.19 02:19:20.509,1.03864,1.03879,2.25,2.25
2013.03.19 02:19:21.138,1.03863,1.03879,1.50,3.75
2013.03.19 02:19:24.505,1.03865,1.03879,1.50,2.25
2013.03.19 02:19:25.248,1.03866,1.0388,2.40,1.50
2013.03.19 02:19:26.147,1.03865,1.0388,1.65,2.25
2013.03.19 02:19:31.448,1.03864,1.03879,1.50,2.40
2013.03.19 02:19:31.569,1.03861,1.03879,1.88,2.40
2013.03.19 02:19:31.628,1.03861,1.03878,1.13,2.40
2013.03.19 02:19:31.989,1.03858,1.03872,1.50,3.00
2013.03.19 02:19:32.347,1.03858,1.0387,1.50,1.50
2013.03.19 02:19:32.709,1.03855,1.03871,1.28,3.75
2013.03.19 02:19:32.888,1.03855,1.03871,1.28,1.50
2013.03.19 02:19:35.678,1.03857,1.03871,1.50,2.25
2013.03.19 02:19:36.209,1.03857,1.03872,1.50,1.13
2013.03.19 02:19:36.528,1.03858,1.03872,1.50,1.13
2013.03.19 02:19:42.148,1.03859,1.03872,1.50,1.13
2013.03.19 02:19:43.708,1.03857,1.03872,2.25,1.13
2013.03.19 02:19:44.605,1.03859,1.03873,1.50,3.00
2013.03.19 02:19:49.147,1.0386,1.03873,1.50,1.50
2013.03.19 02:19:49.448,1.0386,1.03876,1.65,1.13
2013.03.19 02:19:49.508,1.0386,1.03876,2.40,1.13
2013.03.19 02:19:50.058,1.0386,1.03875,2.40,1.50
2013.03.19 02:19:57.458,1.03861,1.03875,1.50,3.75
2013.03.19 02:19:58.058,1.03858,1.0387,1.50,1.50
2013.03.19 02:19:58.418,1.03855,1.03868,3.90,1.50
2013.03.19 02:19:58.718,1.03856,1.03869,1.65,3.00
2013.03.19 02:20:01.350,1.03855,1.03869,2.78,2.25
2013.03.19 02:20:01.409,1.03855,1.03869,3.53,3.00
2013.03.19 02:20:01.588,1.03855,1.03869,2.78,2.25
2013.03.19 02:20:07.278,1.03852,1.03866,2.63,1.50
2013.03.19 02:20:07.950,1.03852,1.03866,2.63,1.50
2013.03.19 02:20:08.489,1.03848,1.0386,3.00,1.50
2013.03.19 02:20:08.609,1.03847,1.0386,1.50,2.25
2013.03.19 02:20:08.728,1.03845,1.03859,2.40,1.50
2013.03.19 02:20:08.849,1.03845,1.03859,2.40,1.50
2013.03.19 02:20:09.358,1.03845,1.03859,1.65,1.50
2013.03.19 02:20:17.258,1.03843,1.03858,2.78,1.50
2013.03.19 02:20:17.559,1.03846,1.03861,1.65,3.00
2013.03.19 02:20:18.088,1.03845,1.0386,2.40,2.25
2013.03.19 02:20:18.148,1.03846,1.0386,1.65,1.50
2013.03.19 02:20:26.768,1.03843,1.03857,4.09,3.00
2013.03.19 02:20:26.949,1.03843,1.03857,1.65,3.00
2013.03.19 02:20:27.069,1.03844,1.03857,1.09,1.50
2013.03.19 02:20:27.609,1.03844,1.03859,2.40,1.50
2013.03.19 02:20:32.668,1.03846,1.03858,1.50,1.13
2013.03.19 02:20:37.300,1.03848,1.0386,2.25,1.50
2013.03.19 02:20:37.419,1.03852,1.0386,2.40,1.50
2013.03.19 02:20:37.479,1.03852,1.03862,2.40,1.13
2013.03.19 02:20:37.599,1.03854,1.03865,3.34,2.25
2013.03.19 02:20:37.718,1.03854,1.03869,4.09,1.50
2013.03.19 02:20:37.778,1.03854,1.0387,4.09,2.25
2013.03.19 02:20:38.318,1.03858,1.03869,1.50,1.50
2013.03.19 02:20:38.858,1.03858,1.0387,1.50,2.25
2013.03.19 02:20:40.428,1.03854,1.03869,4.84,2.25
2013.03.19 02:20:40.488,1.03854,1.03869,4.69,2.25
2013.03.19 02:20:41.028,1.03854,1.03868,1.50,1.50
2013.03.19 02:20:41.798,1.03854,1.03868,1.50,1.50
2013.03.19 02:20:43.439,1.03857,1.03869,1.50,1.88
2013.03.19 02:20:43.499,1.03857,1.03869,1.50,1.13
2013.03.19 02:20:44.058,1.03857,1.0387,1.50,1.50
2013.03.19 02:20:44.118,1.03859,1.0387,1.50,1.50
2013.03.19 02:20:45.149,1.03857,1.03871,1.50,1.50
2013.03.19 02:20:46.157,1.03855,1.03871,2.25,3.00
2013.03.19 02:20:46.218,1.03855,1.0387,2.25,1.28
2013.03.19 02:20:46.518,1.03854,1.03869,1.50,2.25
2013.03.19 02:20:47.238,1.03854,1.03869,1.50,2.25
2013.03.19 02:20:47.788,1.03854,1.03869,1.50,1.50
2013.03.19 02:20:47.848,1.03854,1.03868,1.50,1.50
2013.03.19 02:20:51.858,1.03855,1.0387,2.25,2.78
2013.03.19 02:20:53.728,1.03854,1.0387,3.75,3.53
2013.03.19 02:20:54.749,1.03854,1.0387,2.25,3.53
2013.03.19 02:20:56.702,1.03855,1.0387,1.50,3.53
2013.03.19 02:20:58.629,1.03855,1.03869,2.40,1.50
2013.03.19 02:20:59.178,1.03857,1.03872,2.40,3.38
2013.03.19 02:21:00.248,1.03855,1.03872,1.65,2.63
2013.03.19 02:21:00.308,1.03858,1.03872,1.50,2.25
2013.03.19 02:21:02.769,1.03858,1.03871,1.50,2.25
2013.03.19 02:21:03.459,1.03858,1.03872,1.50,2.25
2013.03.19 02:21:10.995,1.0386,1.03872,1.50,1.50
2013.03.19 02:21:11.761,1.03864,1.03878,1.50,1.50
2013.03.19 02:21:11.879,1.03866,1.03878,1.50,1.50
2013.03.19 02:21:12.061,1.03865,1.0388,2.25,3.15
2013.03.19 02:21:12.478,1.03868,1.03882,2.25,1.65
2013.03.19 02:21:13.000,1.03868,1.03882,2.25,1.50
2013.03.19 02:21:16.659,1.03867,1.03882,1.50,1.50
2013.03.19 02:21:16.780,1.03867,1.0388,1.50,2.25
2013.03.19 02:21:17.940,1.03865,1.0388,1.65,1.50
2013.03.19 02:21:18.298,1.03863,1.03879,2.40,3.00
2013.03.19 02:21:18.929,1.03863,1.03878,2.40,1.50
2013.03.19 02:21:22.138,1.03864,1.03878,1.65,1.69
2013.03.19 02:21:23.931,1.03865,1.03879,1.50,2.25
2013.03.19 02:21:24.348,1.03866,1.0388,1.50,1.50
2013.03.19 02:21:24.709,1.03868,1.03881,2.25,1.50
2013.03.19 02:21:25.249,1.03868,1.03882,2.25,1.50
2013.03.19 02:21:25.578,1.03865,1.0388,1.65,1.50
2013.03.19 02:21:25.639,1.03865,1.03879,1.65,1.50
2013.03.19 02:21:25.998,1.03865,1.03881,2.40,1.88
2013.03.19 02:21:31.069,1.0387,1.03885,2.25,2.78
2013.03.19 02:21:32.939,1.0387,1.03884,1.50,1.65
2013.03.19 02:21:35.036,1.0387,1.03882,1.50,1.50
2013.03.19 02:21:42.398,1.03871,1.03886,1.50,6.34
2013.03.19 02:21:49.408,1.03871,1.03884,1.50,1.65
2013.03.19 02:21:49.708,1.03871,1.03887,1.50,2.63
2013.03.19 02:21:51.568,1.03872,1.03889,2.25,2.25
2013.03.19 02:21:52.989,1.03877,1.03889,2.29,1.50
2013.03.19 02:21:53.528,1.03878,1.03892,1.50,1.50
2013.03.19 02:21:53.998,1.03879,1.03892,1.50,1.50
2013.03.19 02:21:55.658,1.03879,1.03889,1.50,1.50
2013.03.19 02:21:56.404,1.03876,1.03888,1.65,1.50
2013.03.19 02:21:56.477,1.03877,1.0389,1.50,1.50
2013.03.19 02:21:57.319,1.03877,1.03891,1.50,2.25
2013.03.19 02:21:59.248,1.03874,1.03883,1.50,1.50
2013.03.19 02:21:59.369,1.03869,1.03883,2.25,1.50
2013.03.19 02:21:59.488,1.03869,1.03883,1.50,2.25
2013.03.19 02:21:59.848,1.03868,1.03883,1.50,1.50
2013.03.19 02:22:00.390,1.03868,1.03882,1.50,1.50
2013.03.19 02:22:01.620,1.0387,1.03882,1.50,1.50
2013.03.19 02:22:02.099,1.0387,1.03884,1.50,1.50
2013.03.19 02:22:02.159,1.03869,1.03883,3.00,1.50
2013.03.19 02:22:02.218,1.03869,1.03882,3.75,1.50
2013.03.19 02:22:04.348,1.03866,1.0388,2.63,1.50
2013.03.19 02:22:04.668,1.03864,1.03879,3.15,1.50
2013.03.19 02:22:17.119,1.03866,1.03881,1.50,3.00
2013.03.19 02:22:19.470,1.03868,1.03883,1.50,2.25
2013.03.19 02:22:23.038,1.03868,1.03883,1.50,1.50
2013.03.19 02:22:35.398,1.03868,1.03883,1.50,1.50
2013.03.19 02:22:35.640,1.03871,1.03883,1.50,1.50
2013.03.19 02:22:36.183,1.03872,1.03888,1.50,2.40
2013.03.19 02:22:38.448,1.03871,1.03883,2.25,1.50
2013.03.19 02:22:38.988,1.03871,1.03882,1.50,1.50
2013.03.19 02:22:41.125,1.03871,1.03882,1.50,1.50
2013.03.19 02:22:45.068,1.03871,1.03887,1.13,2.59
2013.03.19 02:22:49.130,1.03873,1.03887,1.65,2.25
2013.03.19 02:22:49.669,1.03874,1.03887,1.65,1.50
2013.03.19 02:22:50.247,1.0387,1.03886,3.15,2.25
2013.03.19 02:22:53.830,1.0387,1.03886,3.00,2.25
2013.03.19 02:22:54.658,1.0387,1.03883,3.00,1.50
2013.03.19 02:22:54.718,1.0387,1.03883,2.25,1.50
2013.03.19 02:22:55.258,1.03869,1.03883,3.00,2.25
2013.03.19 02:22:55.987,1.03869,1.03883,3.00,2.25
2013.03.19 02:22:57.281,1.03869,1.03882,3.00,2.25
2013.03.19 02:22:57.399,1.03868,1.0388,1.50,2.25
2013.03.19 02:22:57.459,1.03866,1.0388,3.00,2.25
2013.03.19 02:22:58.379,1.03866,1.03879,1.50,1.50
2013.03.19 02:22:58.455,1.03864,1.03876,1.13,1.50
2013.03.19 02:23:01.792,1.03863,1.03877,1.50,1.50
2013.03.19 02:23:05.821,1.03863,1.03878,1.50,2.25
2013.03.19 02:23:07.900,1.03861,1.03877,1.88,1.50
2013.03.19 02:23:17.588,1.03861,1.03877,1.88,1.50
2013.03.19 02:23:18.008,1.03861,1.03877,3.38,1.50
2013.03.19 02:23:18.844,1.03862,1.03879,1.50,2.25
2013.03.19 02:23:20.148,1.03864,1.03878,1.50,1.50
2013.03.19 02:23:21.927,1.03864,1.03879,1.50,2.25
2013.03.19 02:23:24.548,1.03866,1.03877,1.50,1.50
2013.03.19 02:23:24.848,1.03862,1.03876,2.25,2.40
2013.03.19 02:23:24.968,1.03862,1.03875,2.25,1.69
2013.03.19 02:23:25.508,1.03864,1.03878,1.50,1.50
2013.03.19 02:23:26.048,1.03862,1.03875,2.25,1.65
2013.03.19 02:23:26.588,1.03864,1.03878,1.50,2.25
2013.03.19 02:23:26.709,1.03865,1.03878,1.50,1.50
2013.03.19 02:23:27.918,1.03864,1.03879,1.50,2.40
2013.03.19 02:23:30.393,1.03864,1.03879,1.50,2.40
2013.03.19 02:23:30.578,1.03861,1.03875,2.25,2.40
2013.03.19 02:23:31.118,1.03863,1.03876,1.50,1.50
2013.03.19 02:23:34.893,1.03863,1.03876,1.65,1.50
2013.03.19 02:23:35.438,1.03864,1.03879,2.40,1.50
2013.03.19 02:23:40.968,1.03866,1.03879,1.65,1.50
2013.03.19 02:23:41.509,1.03864,1.03879,2.25,1.65
2013.03.19 02:23:46.049,1.03864,1.03879,1.50,2.40
2013.03.19 02:23:49.344,1.03864,1.03877,1.50,3.75
2013.03.19 02:23:49.470,1.03863,1.03876,1.50,1.28
2013.03.19 02:23:49.649,1.03862,1.03877,2.25,7.09
2013.03.19 02:23:50.188,1.03862,1.03876,3.00,2.59
2013.03.19 02:23:52.679,1.03862,1.03876,3.00,4.09
2013.03.19 02:23:55.581,1.03862,1.03876,3.00,2.40
2013.03.19 02:24:04.118,1.03862,1.03876,1.50,4.84
2013.03.19 02:24:10.098,1.03861,1.03875,2.25,2.40
2013.03.19 02:24:11.951,1.03859,1.03874,3.38,1.65
2013.03.19 02:24:12.008,1.03859,1.03874,2.63,2.40
2013.03.19 02:24:12.589,1.03859,1.03873,1.13,2.25
2013.03.19 02:24:13.209,1.03859,1.03873,1.88,2.25
2013.03.19 02:24:13.719,1.03859,1.03873,2.63,1.50
2013.03.19 02:24:16.009,1.03859,1.03873,1.13,1.50
2013.03.19 02:24:18.219,1.03859,1.03873,1.13,1.50
2013.03.19 02:24:21.058,1.03861,1.03874,1.50,1.65
2013.03.19 02:24:25.820,1.0386,1.03874,3.00,1.65
2013.03.19 02:24:26.658,1.03856,1.03871,2.40,1.50
2013.03.19 02:24:28.969,1.03858,1.03872,2.25,2.25
2013.03.19 02:24:29.515,1.03862,1.03872,1.50,1.50
2013.03.19 02:24:36.930,1.0386,1.03872,2.25,1.50
2013.03.19 02:24:49.608,1.0386,1.03872,1.50,1.50
2013.03.19 02:25:03.999,1.03861,1.03875,2.25,3.90
2013.03.19 02:25:06.620,1.03861,1.03874,2.25,1.50
2013.03.19 02:25:12.460,1.03861,1.03874,2.25,1.50
2013.03.19 02:25:13.270,1.03861,1.03874,2.25,2.25
2013.03.19 02:25:13.809,1.03859,1.03871,1.50,1.50
2013.03.19 02:25:26.890,1.03857,1.03872,3.00,2.25
2013.03.19 02:25:27.248,1.03857,1.03873,3.75,3.75
2013.03.19 02:25:38.710,1.03859,1.03873,3.75,1.50
2013.03.19 02:25:47.988,1.0386,1.03873,1.50,2.25
2013.03.19 02:25:48.698,1.03859,1.03873,3.00,2.25
2013.03.19 02:25:49.058,1.0386,1.03873,1.50,1.50
2013.03.19 02:25:50.880,1.0386,1.03874,1.50,1.65
2013.03.19 02:25:52.580,1.0386,1.03874,1.50,1.65
2013.03.19 02:26:13.698,1.0386,1.03874,1.50,1.50
2013.03.19 02:26:20.479,1.0386,1.03875,2.25,3.15
2013.03.19 02:26:22.598,1.0386,1.03875,2.25,3.15
2013.03.19 02:26:23.138,1.0386,1.03875,2.25,3.15
2013.03.19 02:26:32.169,1.03861,1.03873,1.50,1.50
2013.03.19 02:26:32.370,1.0386,1.03873,3.00,1.50
2013.03.19 02:26:36.799,1.03861,1.03873,1.50,1.50
2013.03.19 02:26:37.500,1.03861,1.03873,2.25,1.50
2013.03.19 02:26:40.178,1.0386,1.03873,3.00,1.50
2013.03.19 02:26:57.950,1.03861,1.03873,1.50,1.50
2013.03.19 02:26:58.500,1.0386,1.03873,3.00,1.50
2013.03.19 02:26:59.724,1.0386,1.03872,2.25,1.50
2013.03.19 02:27:00.398,1.0386,1.03872,2.25,1.50
2013.03.19 02:27:04.178,1.03864,1.03874,3.75,1.50
2013.03.19 02:27:04.300,1.03864,1.03876,3.75,1.50
2013.03.19 02:27:04.849,1.03861,1.03874,2.25,1.65
2013.03.19 02:27:06.568,1.03861,1.03874,2.25,1.65
2013.03.19 02:27:07.450,1.03861,1.03875,2.25,3.15
2013.03.19 02:27:18.980,1.03861,1.0387,1.50,2.25
2013.03.19 02:27:19.519,1.03859,1.0387,1.50,2.25
2013.03.19 02:27:22.148,1.03859,1.0387,1.50,2.25
2013.03.19 02:27:24.749,1.03858,1.0387,5.25,2.25
2013.03.19 02:27:25.369,1.03859,1.0387,1.50,2.25
2013.03.19 02:27:30.578,1.03858,1.0387,4.50,2.25
2013.03.19 02:27:31.158,1.0386,1.0387,1.50,2.25
2013.03.19 02:27:32.178,1.0386,1.03869,1.50,1.50
2013.03.19 02:27:33.549,1.0386,1.0387,1.50,2.25
2013.03.19 02:27:37.248,1.03859,1.0387,1.50,3.00
2013.03.19 02:27:40.999,1.03859,1.0387,1.50,2.25
2013.03.19 02:27:41.360,1.03857,1.0387,2.25,2.25
2013.03.19 02:27:45.338,1.03857,1.03869,1.50,1.50
2013.03.19 02:27:46.221,1.03857,1.03869,1.50,1.50
2013.03.19 02:27:52.060,1.03858,1.03869,5.25,1.50
2013.03.19 02:27:52.622,1.03859,1.0387,1.50,2.25
2013.03.19 02:27:54.589,1.03855,1.03869,1.50,3.15
2013.03.19 02:27:54.768,1.03855,1.03868,1.50,1.50
2013.03.19 02:27:55.488,1.03856,1.03868,1.50,1.50
2013.03.19 02:28:01.618,1.03858,1.0387,3.75,1.65
2013.03.19 02:28:01.860,1.03859,1.03872,1.50,3.53
2013.03.19 02:28:02.174,1.0386,1.03872,1.50,1.50
2013.03.19 02:28:02.719,1.0386,1.0387,2.25,1.65
2013.03.19 02:28:02.779,1.03854,1.03867,3.75,1.84
2013.03.19 02:28:02.839,1.03853,1.03867,1.88,3.15
2013.03.19 02:28:02.958,1.03855,1.03867,1.09,1.50
2013.03.19 02:28:03.138,1.03855,1.03871,2.44,1.65
2013.03.19 02:28:03.202,1.03857,1.03871,1.50,1.65
2013.03.19 02:28:03.509,1.03857,1.03869,1.50,1.50
2013.03.19 02:28:08.718,1.03857,1.03869,1.50,1.50
2013.03.19 02:28:12.889,1.03857,1.0387,1.50,1.65
2013.03.19 02:28:15.122,1.03859,1.03871,1.50,1.13
2013.03.19 02:28:15.240,1.03861,1.03872,1.50,1.50
2013.03.19 02:28:15.419,1.03861,1.03873,1.50,1.50
2013.03.19 02:28:19.069,1.03861,1.03873,2.25,1.50
2013.03.19 02:28:35.142,1.0386,1.03872,1.13,1.50
2013.03.19 02:28:45.959,1.03859,1.03873,3.75,3.00
2013.03.19 02:28:47.318,1.03859,1.03873,5.25,3.00
2013.03.19 02:28:47.859,1.0386,1.03873,2.25,1.50
2013.03.19 02:28:49.899,1.03862,1.03875,1.50,5.40
2013.03.19 02:28:50.201,1.03864,1.03876,1.50,1.50
2013.03.19 02:28:50.322,1.03864,1.03878,1.50,2.63
2013.03.19 02:28:51.042,1.03865,1.03878,1.50,1.88
2013.03.19 02:28:52.099,1.03864,1.03878,1.50,1.50
2013.03.19 02:28:56.889,1.03865,1.03879,4.50,2.40
2013.03.19 02:29:03.429,1.03865,1.03879,1.88,1.65
2013.03.19 02:29:14.877,1.03865,1.03879,1.50,1.65
2013.03.19 02:29:26.459,1.03865,1.03879,1.50,2.25
2013.03.19 02:29:27.618,1.03865,1.03879,1.50,2.25
2013.03.19 02:29:29.579,1.03865,1.03879,1.50,3.00
2013.03.19 02:29:39.449,1.03865,1.03879,1.50,3.00
2013.03.19 02:29:41.838,1.03865,1.03878,1.50,1.50
2013.03.19 02:29:46.019,1.03865,1.03879,1.50,3.00
2013.03.19 02:29:57.139,1.03864,1.0388,5.25,1.65
2013.03.19 02:29:57.578,1.03865,1.0388,1.50,3.15
2013.03.19 02:30:00.315,1.03864,1.0388,4.50,3.15
2013.03.19 02:30:01.434,1.03864,1.0388,5.25,3.15
2013.03.19 02:30:11.899,1.03865,1.03877,3.75,1.50
2013.03.19 02:30:14.089,1.03865,1.03879,4.50,1.13
2013.03.19 02:30:22.480,1.03865,1.0388,4.50,4.65
2013.03.19 02:30:22.940,1.03867,1.0388,1.50,2.03
2013.03.19 02:30:23.459,1.03866,1.0388,1.50,2.78
2013.03.19 02:30:23.818,1.03866,1.0388,1.50,2.03
2013.03.19 02:30:32.318,1.03866,1.0388,1.50,2.40
2013.03.19 02:30:40.019,1.03868,1.03881,1.50,3.75
2013.03.19 02:30:42.569,1.03868,1.03881,1.50,5.25
2013.03.19 02:30:42.869,1.0387,1.03883,2.25,3.90
2013.03.19 02:30:43.049,1.03867,1.03881,2.25,2.25
2013.03.19 02:30:45.239,1.03869,1.03881,1.50,2.25
2013.03.19 02:30:45.359,1.03868,1.03881,1.50,1.50
2013.03.19 02:30:45.479,1.0387,1.03882,1.50,4.65
2013.03.19 02:30:45.719,1.0387,1.03883,2.25,1.50
2013.03.19 02:30:52.849,1.03871,1.03885,2.25,3.15
2013.03.19 02:30:53.208,1.03874,1.03886,3.75,1.50
2013.03.19 02:30:53.992,1.03875,1.03886,1.50,1.50
2013.03.19 02:30:57.609,1.03875,1.03888,1.50,2.78
2013.03.19 02:30:58.449,1.03871,1.03883,2.25,1.50
2013.03.19 02:30:58.569,1.03871,1.03883,2.25,1.50
2013.03.19 02:31:00.588,1.0387,1.03883,3.00,1.50
2013.03.19 02:31:01.198,1.03872,1.03883,1.50,1.50
2013.03.19 02:31:01.660,1.03874,1.03883,1.50,1.50
2013.03.19 02:31:02.200,1.03875,1.03887,1.50,1.50
2013.03.19 02:31:06.169,1.03874,1.03887,2.25,1.50
2013.03.19 02:31:06.942,1.03874,1.03887,5.25,1.50
2013.03.19 02:31:07.511,1.03876,1.03887,1.50,1.50
2013.03.19 02:31:23.530,1.03874,1.03889,5.25,1.50
2013.03.19 02:31:33.400,1.03879,1.0389,3.75,1.88
2013.03.19 02:31:33.459,1.03879,1.03889,3.75,1.50
2013.03.19 02:31:34.146,1.03879,1.03889,3.75,1.50
2013.03.19 02:31:34.331,1.03879,1.03889,4.50,1.50
2013.03.19 02:31:34.569,1.03879,1.03893,5.25,1.50
2013.03.19 02:31:34.629,1.03879,1.03893,6.00,1.50
2013.03.19 02:31:36.144,1.03879,1.0389,3.75,1.50
2013.03.19 02:31:37.369,1.03879,1.03892,1.50,1.50
2013.03.19 02:31:43.718,1.0388,1.03892,1.50,1.50
2013.03.19 02:31:53.909,1.0388,1.03892,1.50,1.50
2013.03.19 02:31:57.219,1.0388,1.03892,2.25,1.50
2013.03.19 02:31:57.769,1.0388,1.03892,3.00,1.50
2013.03.19 02:32:01.370,1.0388,1.03892,2.25,1.50
2013.03.19 02:32:17.059,1.0388,1.03892,2.63,1.50
2013.03.19 02:32:25.039,1.0388,1.03892,1.88,1.50
2013.03.19 02:32:29.199,1.0388,1.03892,2.25,1.50
2013.03.19 02:32:29.710,1.0388,1.03892,2.25,1.50
2013.03.19 02:32:47.037,1.0388,1.03894,3.75,2.25
2013.03.19 02:32:50.530,1.0388,1.03895,4.50,2.78
2013.03.19 02:32:51.009,1.03881,1.03895,2.25,2.78
2013.03.19 02:32:51.309,1.03881,1.03895,2.25,2.03
2013.03.19 02:32:52.379,1.03881,1.03895,1.50,1.28
2013.03.19 02:32:53.199,1.03881,1.03895,1.50,1.28
2013.03.19 02:32:53.758,1.03881,1.03895,1.50,1.28
2013.03.19 02:32:55.679,1.03885,1.03895,3.75,1.13
2013.03.19 02:32:56.219,1.03886,1.03895,1.50,1.13
2013.03.19 02:32:56.818,1.03886,1.03895,1.50,1.13
2013.03.19 02:32:58.949,1.03886,1.03896,1.50,1.50
2013.03.19 02:32:59.739,1.03886,1.03896,1.13,2.03
2013.03.19 02:32:59.799,1.03885,1.03896,1.88,2.03
2013.03.19 02:33:00.039,1.03886,1.03896,1.13,1.88
2013.03.19 02:33:00.280,1.0389,1.03898,1.50,1.50
2013.03.19 02:33:00.522,1.03885,1.03898,3.90,1.50
2013.03.19 02:33:00.699,1.03885,1.03897,1.50,1.50
2013.03.19 02:33:00.879,1.03884,1.03899,3.38,3.00
2013.03.19 02:33:01.000,1.03885,1.03899,1.50,3.00
2013.03.19 02:33:01.151,1.03884,1.03899,2.25,3.00
2013.03.19 02:33:01.330,1.03884,1.03898,2.25,3.19
2013.03.19 02:33:01.680,1.03884,1.03897,3.00,1.50
2013.03.19 02:33:01.840,1.03885,1.03897,1.50,1.50
2013.03.19 02:33:02.379,1.03884,1.03899,3.00,2.25
2013.03.19 02:33:03.189,1.03885,1.03899,1.50,2.25
2013.03.19 02:33:11.840,1.03885,1.03898,2.25,3.00
2013.03.19 02:33:12.510,1.03885,1.03898,1.50,3.75
2013.03.19 02:33:17.249,1.03885,1.03898,2.25,2.25
2013.03.19 02:33:27.409,1.03885,1.03898,2.25,2.25
2013.03.19 02:33:28.511,1.03885,1.03898,2.25,2.25
2013.03.19 02:33:31.601,1.03886,1.03898,3.75,1.50
2013.03.19 02:33:32.150,1.03886,1.03899,4.69,2.25
2013.03.19 02:33:34.650,1.03886,1.03897,1.69,1.50
2013.03.19 02:33:34.894,1.03883,1.03897,3.00,1.50
2013.03.19 02:33:34.961,1.03885,1.03898,4.65,1.50
2013.03.19 02:33:35.021,1.03887,1.03899,1.50,1.50
2013.03.19 02:33:37.903,1.03885,1.03899,1.50,2.25
2013.03.19 02:33:38.541,1.03885,1.03898,1.50,1.50
2013.03.19 02:33:39.087,1.03885,1.03898,1.50,1.50
2013.03.19 02:33:41.610,1.03884,1.03899,1.88,1.50
2013.03.19 02:33:45.909,1.03885,1.03899,1.50,1.50
2013.03.19 02:33:50.598,1.03885,1.039,1.50,3.15
2013.03.19 02:33:51.710,1.03886,1.039,2.59,1.50
2013.03.19 02:33:55.371,1.03889,1.03902,1.50,2.25
2013.03.19 02:33:55.429,1.03889,1.03902,1.50,1.50
2013.03.19 02:33:55.550,1.03889,1.03904,1.50,1.65
2013.03.19 02:33:56.192,1.03891,1.03904,4.13,1.65
2013.03.19 02:33:57.269,1.03891,1.03904,3.00,1.65
2013.03.19 02:34:00.106,1.03891,1.03905,2.25,1.65
2013.03.19 02:34:02.019,1.03891,1.03904,1.50,1.65
2013.03.19 02:34:03.069,1.0389,1.03903,3.00,1.50
2013.03.19 02:34:09.649,1.0389,1.03904,3.00,2.25
2013.03.19 02:34:12.339,1.0389,1.03903,3.00,1.50
2013.03.19 02:34:26.406,1.03889,1.03903,3.00,2.25
2013.03.19 02:34:28.968,1.03889,1.03902,3.00,1.50
2013.03.19 02:34:37.469,1.0389,1.03902,1.50,1.50
2013.03.19 02:34:46.668,1.03889,1.03901,1.50,1.50
2013.03.19 02:34:47.209,1.03889,1.03903,2.25,1.50
2013.03.19 02:34:50.909,1.0389,1.03903,2.25,1.50
2013.03.19 02:34:53.014,1.03892,1.03903,2.25,2.25
2013.03.19 02:34:53.586,1.03893,1.03903,1.50,1.50
2013.03.19 02:35:02.410,1.03893,1.03905,3.00,1.50
2013.03.19 02:35:02.830,1.03894,1.03907,1.50,1.65
2013.03.19 02:35:02.949,1.03896,1.03908,1.13,1.65
2013.03.19 02:35:03.010,1.03896,1.03909,1.13,6.15
2013.03.19 02:35:04.160,1.03896,1.03908,1.13,1.65
2013.03.19 02:35:04.670,1.03896,1.03909,1.13,5.40
2013.03.19 02:35:05.312,1.03895,1.03908,1.13,1.65
2013.03.19 02:35:05.869,1.03896,1.03908,1.13,1.65
2013.03.19 02:35:06.341,1.03896,1.03904,1.13,3.75
2013.03.19 02:35:06.640,1.03894,1.03904,1.50,3.75
2013.03.19 02:35:07.199,1.03893,1.03904,1.50,3.75
2013.03.19 02:35:15.959,1.03893,1.03908,2.25,5.22
2013.03.19 02:35:16.319,1.03895,1.03909,1.50,4.65
2013.03.19 02:35:17.499,1.03895,1.03908,1.50,1.65
2013.03.19 02:35:17.860,1.03895,1.03907,1.50,1.50
2013.03.19 02:35:22.709,1.03895,1.03909,1.50,1.65
2013.03.19 02:35:27.849,1.03895,1.03909,1.50,1.65
2013.03.19 02:35:32.883,1.03895,1.03909,1.50,1.65
2013.03.19 02:35:39.190,1.03897,1.03909,1.50,1.50
2013.03.19 02:35:40.719,1.03898,1.03912,1.50,4.65
2013.03.19 02:35:40.840,1.03898,1.03913,1.13,5.40
2013.03.19 02:35:40.913,1.03898,1.03913,1.88,4.65
2013.03.19 02:35:41.439,1.03901,1.03913,1.50,1.50
2013.03.19 02:35:42.559,1.03901,1.03913,1.50,1.50
2013.03.19 02:35:42.680,1.03901,1.03915,2.40,1.50
2013.03.19 02:35:42.799,1.03902,1.03917,1.50,2.25
2013.03.19 02:35:43.410,1.03903,1.03919,1.50,3.15
2013.03.19 02:35:43.939,1.03903,1.03917,2.25,1.50
2013.03.19 02:35:46.525,1.03905,1.03919,1.50,3.15
2013.03.19 02:35:48.641,1.03905,1.03919,1.50,1.65
2013.03.19 02:35:49.815,1.03905,1.03919,1.50,2.40
2013.03.19 02:35:50.500,1.03904,1.03918,1.88,1.65
2013.03.19 02:35:50.800,1.03902,1.03916,2.25,2.48
2013.03.19 02:35:50.990,1.03901,1.03912,3.00,1.50
2013.03.19 02:35:51.289,1.039,1.03912,1.50,1.50
2013.03.19 02:35:56.218,1.039,1.03914,1.50,2.40
2013.03.19 02:36:00.276,1.039,1.03914,2.25,3.15
2013.03.19 02:36:02.119,1.03903,1.03914,1.13,1.65
2013.03.19 02:36:07.289,1.039,1.03912,1.13,1.50
2013.03.19 02:36:07.890,1.039,1.03912,1.13,1.50
2013.03.19 02:36:08.249,1.03899,1.03912,2.22,1.50
2013.03.19 02:36:08.309,1.03898,1.03912,4.80,1.50
2013.03.19 02:36:08.849,1.03899,1.03912,1.43,1.50
2013.03.19 02:36:09.519,1.03899,1.03912,1.43,1.50
2013.03.19 02:36:10.049,1.03898,1.03912,3.00,1.50
2013.03.19 02:36:17.430,1.03897,1.03911,2.25,1.50
2013.03.19 02:36:17.732,1.03901,1.03916,2.25,3.23
2013.03.19 02:36:18.270,1.03901,1.03915,3.00,1.73
2013.03.19 02:36:19.169,1.03903,1.03915,1.50,1.73
2013.03.19 02:36:21.639,1.03902,1.03915,1.50,1.73
2013.03.19 02:36:22.430,1.03901,1.03915,3.00,1.73
2013.03.19 02:36:22.939,1.03901,1.03913,1.50,2.25
2013.03.19 02:36:23.499,1.03898,1.03911,3.00,1.50
2013.03.19 02:36:23.560,1.03898,1.03911,2.25,1.50
2013.03.19 02:36:23.679,1.03898,1.0391,2.25,1.50
2013.03.19 02:36:24.231,1.03898,1.03909,1.50,2.25
2013.03.19 02:36:36.579,1.03896,1.03911,3.53,3.00
2013.03.19 02:36:37.139,1.03896,1.03909,1.28,1.65
2013.03.19 02:36:37.640,1.03896,1.03909,1.28,1.65
2013.03.19 02:36:38.000,1.03896,1.03909,1.50,1.65
2013.03.19 02:36:40.289,1.03895,1.0391,2.25,1.65
2013.03.19 02:36:42.029,1.03895,1.0391,1.28,3.90
2013.03.19 02:36:42.090,1.03894,1.0391,1.88,5.40
2013.03.19 02:36:42.472,1.03894,1.03909,1.88,1.65
2013.03.19 02:36:43.160,1.03894,1.03905,1.13,1.65
2013.03.19 02:36:43.339,1.03891,1.03905,1.88,1.65
2013.03.19 02:36:44.169,1.03891,1.03903,1.13,1.50
2013.03.19 02:36:49.970,1.03891,1.03903,1.13,1.50
2013.03.19 02:36:50.030,1.03889,1.03903,1.50,1.50
2013.03.19 02:36:52.389,1.03888,1.03901,2.25,1.50
2013.03.19 02:36:53.327,1.03888,1.03901,1.50,1.50
2013.03.19 02:36:54.339,1.03887,1.03899,1.13,1.50
2013.03.19 02:36:54.640,1.03887,1.039,1.13,2.25
2013.03.19 02:36:56.779,1.03887,1.03899,1.13,1.50
2013.03.19 02:37:00.540,1.03886,1.03899,1.88,1.50
2013.03.19 02:37:01.652,1.03885,1.03899,3.34,1.50
2013.03.19 02:37:06.150,1.03886,1.03899,1.65,1.50
2013.03.19 02:37:08.484,1.03885,1.03899,3.34,1.50
2013.03.19 02:37:15.961,1.03886,1.03899,2.40,1.50
2013.03.19 02:37:18.905,1.03886,1.03899,1.50,1.50
2013.03.19 02:37:19.449,1.03884,1.03899,3.15,1.50
2013.03.19 02:37:19.989,1.03883,1.03899,5.25,2.25
2013.03.19 02:37:24.974,1.03884,1.03899,2.63,2.25
2013.03.19 02:37:28.121,1.03884,1.03899,1.13,1.50
2013.03.19 02:37:28.539,1.03886,1.03901,2.78,1.50
2013.03.19 02:37:28.660,1.03888,1.039,1.50,1.50
2013.03.19 02:37:28.899,1.03888,1.03902,2.25,1.50
2013.03.19 02:37:31.413,1.03889,1.03901,2.63,1.50
2013.03.19 02:37:31.542,1.03887,1.03896,1.50,1.65
2013.03.19 02:37:32.080,1.03886,1.03897,1.50,1.50
2013.03.19 02:37:32.479,1.03886,1.03897,1.50,1.50
2013.03.19 02:37:34.761,1.03885,1.039,1.50,2.40
2013.03.19 02:37:43.520,1.03885,1.039,2.14,3.15
2013.03.19 02:37:51.290,1.03885,1.03899,1.50,2.40
2013.03.19 02:37:57.389,1.03882,1.03896,3.00,1.65
2013.03.19 02:37:57.571,1.03881,1.03895,4.50,2.40
2013.03.19 02:37:57.870,1.03881,1.03894,1.50,2.25
2013.03.19 02:37:58.230,1.0388,1.03889,3.75,1.50
2013.03.19 02:37:58.589,1.03876,1.03889,1.50,1.50
2013.03.19 02:38:11.591,1.03874,1.03889,1.50,1.65
2013.03.19 02:38:14.430,1.03873,1.03889,1.88,1.65
2013.03.19 02:38:19.693,1.03873,1.03886,1.88,3.90
2013.03.19 02:38:19.762,1.03873,1.03886,1.88,3.90
2013.03.19 02:38:19.881,1.03872,1.03884,1.88,1.50
2013.03.19 02:38:20.001,1.03872,1.03884,1.13,1.50
2013.03.19 02:38:20.723,1.03868,1.0388,1.13,1.50
2013.03.19 02:38:21.269,1.03867,1.0388,1.50,1.50
2013.03.19 02:38:23.430,1.03868,1.03882,3.00,2.25
2013.03.19 02:38:23.609,1.0387,1.03883,1.50,1.50
2013.03.19 02:38:24.089,1.03871,1.03886,3.00,2.25
2013.03.19 02:38:24.150,1.03872,1.03885,1.50,1.50
2013.03.19 02:38:24.509,1.03875,1.03885,1.50,1.50
2013.03.19 02:38:28.969,1.03874,1.03888,1.28,2.25
2013.03.19 02:38:29.150,1.03874,1.03888,2.55,1.50
2013.03.19 02:38:29.591,1.03875,1.03888,1.50,1.50
2013.03.19 02:38:31.580,1.03875,1.03888,2.03,1.50
2013.03.19 02:38:39.813,1.03874,1.03888,2.25,1.50
2013.03.19 02:38:40.349,1.03874,1.03888,1.50,1.50
2013.03.19 02:38:41.292,1.03874,1.03888,1.50,1.50
2013.03.19 02:39:03.809,1.03874,1.03888,2.25,1.50
2013.03.19 02:39:11.040,1.03874,1.03888,2.14,2.25
2013.03.19 02:39:11.100,1.03874,1.03887,2.14,1.50
2013.03.19 02:39:22.289,1.03874,1.03886,1.50,1.50
2013.03.19 02:39:22.733,1.03872,1.03884,1.13,3.00
2013.03.19 02:39:22.851,1.03871,1.03884,1.88,3.00
2013.03.19 02:39:22.973,1.03869,1.03882,1.50,1.50
2013.03.19 02:39:23.461,1.03867,1.03881,1.50,5.25
2013.03.19 02:39:23.700,1.03864,1.03879,1.13,1.50
2013.03.19 02:39:23.940,1.03864,1.0388,1.13,3.00
2013.03.19 02:39:24.130,1.03864,1.03879,1.13,3.00
2013.03.19 02:39:27.480,1.03866,1.0388,1.13,1.65
2013.03.19 02:39:28.859,1.03867,1.03881,1.50,4.65
2013.03.19 02:39:32.870,1.03867,1.03879,1.50,3.75
2013.03.19 02:39:33.229,1.03863,1.03876,3.00,1.65
2013.03.19 02:39:33.470,1.03863,1.03876,3.00,1.65
2013.03.19 02:39:34.018,1.03863,1.03876,3.00,2.40
2013.03.19 02:39:37.840,1.03863,1.03876,2.25,2.59
2013.03.19 02:39:37.961,1.03863,1.03879,2.25,2.44
2013.03.19 02:39:38.079,1.03866,1.0388,1.50,3.15
2013.03.19 02:39:38.639,1.03866,1.03879,1.50,1.50
2013.03.19 02:39:39.353,1.03867,1.03879,1.50,1.50
2013.03.19 02:39:39.540,1.03868,1.03881,1.50,2.25
2013.03.19 02:39:39.782,1.03869,1.03882,1.50,1.50
2013.03.19 02:39:40.023,1.03871,1.03885,1.50,1.50
2013.03.19 02:39:40.081,1.03871,1.03886,1.50,3.75
2013.03.19 02:39:40.442,1.03872,1.03886,1.50,1.50
2013.03.19 02:39:41.990,1.03872,1.03887,1.88,2.25
2013.03.19 02:39:47.791,1.03874,1.03886,1.50,1.50
2013.03.19 02:39:56.689,1.03874,1.03886,1.50,1.50
2013.03.19 02:40:15.193,1.03872,1.03888,1.88,3.00
2013.03.19 02:40:22.014,1.03871,1.03886,1.50,1.50
2013.03.19 02:40:24.690,1.03871,1.03886,1.50,1.50
2013.03.19 02:40:27.149,1.03872,1.03888,2.97,2.25
2013.03.19 02:40:29.330,1.03874,1.03889,1.50,1.50
2013.03.19 02:40:29.640,1.03874,1.03889,1.50,1.50
2013.03.19 02:40:31.730,1.03873,1.03889,1.13,1.50
2013.03.19 02:40:32.841,1.03873,1.03887,1.13,1.50
2013.03.19 02:40:41.660,1.03871,1.03886,1.50,2.25
2013.03.19 02:40:41.781,1.03869,1.03886,2.25,3.90
2013.03.19 02:40:41.960,1.03867,1.03883,3.75,2.25
2013.03.19 02:40:42.140,1.03865,1.03881,3.15,1.50
2013.03.19 02:40:42.260,1.03866,1.0388,2.25,1.50
2013.03.19 02:40:49.290,1.03866,1.0388,1.50,1.50
2013.03.19 02:40:50.629,1.03866,1.0388,1.50,1.50
2013.03.19 02:40:53.769,1.03865,1.0388,2.03,1.50
2013.03.19 02:41:03.471,1.03865,1.0388,2.40,2.25
2013.03.19 02:41:03.531,1.03865,1.0388,1.28,3.75
2013.03.19 02:41:03.890,1.03862,1.03877,1.65,3.19
2013.03.19 02:41:04.070,1.0386,1.03876,4.65,2.25
2013.03.19 02:41:04.834,1.03861,1.03875,1.50,2.40
2013.03.19 02:41:16.600,1.03861,1.03876,1.13,3.34
2013.03.19 02:41:21.310,1.0386,1.03876,4.50,3.34
2013.03.19 02:41:21.430,1.03863,1.03876,1.50,2.59
2013.03.19 02:41:25.030,1.03863,1.03877,1.50,1.50
2013.03.19 02:41:25.270,1.03863,1.03879,3.75,3.15
2013.03.19 02:41:25.575,1.03863,1.03879,1.50,2.40
2013.03.19 02:41:26.120,1.03863,1.03879,1.50,1.65
2013.03.19 02:42:04.191,1.03863,1.03879,1.50,1.50
2013.03.19 02:42:18.921,1.03865,1.03879,1.50,1.50
2013.03.19 02:42:19.100,1.03866,1.03879,1.50,1.50
2013.03.19 02:42:19.460,1.03866,1.03879,1.50,1.50
2013.03.19 02:42:23.680,1.03865,1.03879,3.15,1.50
2013.03.19 02:42:25.341,1.03865,1.03879,3.15,1.50
2013.03.19 02:42:34.873,1.03866,1.03881,1.65,2.25
2013.03.19 02:42:37.600,1.03866,1.03879,1.65,1.50
2013.03.19 02:42:37.901,1.03864,1.03879,2.40,3.00
2013.03.19 02:42:38.141,1.03864,1.03879,1.50,2.25
2013.03.19 02:42:38.441,1.03861,1.03878,1.88,3.00
2013.03.19 02:42:38.500,1.03861,1.03878,1.88,3.00
2013.03.19 02:42:40.889,1.03862,1.03878,1.50,2.25
2013.03.19 02:42:43.260,1.03861,1.03878,1.50,3.00
2013.03.19 02:42:43.380,1.03861,1.03878,1.50,3.00
2013.03.19 02:42:49.827,1.03863,1.03878,1.50,3.00
2013.03.19 02:42:49.890,1.03863,1.03878,1.65,3.00
2013.03.19 02:42:49.951,1.03864,1.03879,3.15,3.00
2013.03.19 02:42:50.190,1.03864,1.0388,3.15,2.25
2013.03.19 02:42:50.250,1.03864,1.03878,3.00,1.50
2013.03.19 02:42:51.070,1.03864,1.03877,1.50,2.25
2013.03.19 02:42:58.880,1.03861,1.03874,2.25,1.65
2013.03.19 02:42:58.941,1.03861,1.03873,2.25,1.50
2013.03.19 02:42:59.480,1.03859,1.03873,1.50,2.25
2013.03.19 02:43:23.962,1.03861,1.03875,2.25,1.50
2013.03.19 02:43:24.141,1.03861,1.03877,3.00,1.50
2013.03.19 02:43:24.500,1.03864,1.03878,1.50,1.50
2013.03.19 02:43:24.810,1.03864,1.03878,1.50,2.25
2013.03.19 02:43:25.111,1.03862,1.03878,1.88,3.00
2013.03.19 02:43:54.050,1.03861,1.03877,3.15,1.50
2013.03.19 02:43:54.580,1.03861,1.03877,3.15,1.50
2013.03.19 02:43:57.650,1.0386,1.03875,3.00,2.40
2013.03.19 02:44:03.111,1.03861,1.03873,2.25,2.25
2013.03.19 02:44:04.440,1.03859,1.03873,1.50,2.25
2013.03.19 02:44:05.381,1.03859,1.03871,1.50,1.50
2013.03.19 02:44:10.050,1.03859,1.03869,1.50,1.50
2013.03.19 02:44:10.410,1.03856,1.03869,1.65,2.25
2013.03.19 02:44:12.091,1.03856,1.03869,1.65,2.25
2013.03.19 02:44:32.520,1.03855,1.03869,1.65,2.25
2013.03.19 02:44:38.000,1.03855,1.03869,1.65,2.25
2013.03.19 02:44:45.401,1.03855,1.03869,1.65,1.50
2013.03.19 02:44:52.170,1.03855,1.03869,2.40,2.25
2013.03.19 02:44:52.411,1.03854,1.03867,1.88,1.50
2013.03.19 02:44:52.531,1.03851,1.03867,2.03,1.50
2013.03.19 02:44:52.650,1.03851,1.03867,1.65,1.50
2013.03.19 02:44:52.891,1.0385,1.03863,2.40,1.50
2013.03.19 02:44:53.371,1.03845,1.03861,4.84,2.25
2013.03.19 02:44:53.682,1.03845,1.03859,5.59,1.50
2013.03.19 02:44:55.970,1.03843,1.03859,1.50,2.25
2013.03.19 02:44:56.031,1.03842,1.03858,2.40,1.50
2013.03.19 02:44:56.090,1.03841,1.03857,1.28,2.25
2013.03.19 02:44:56.210,1.0384,1.03855,3.15,1.50
2013.03.19 02:44:56.451,1.0384,1.03854,1.50,2.25
2013.03.19 02:44:56.870,1.0384,1.03851,1.50,1.50
2013.03.19 02:44:58.902,1.0384,1.03853,1.50,1.50
2013.03.19 02:45:06.150,1.03843,1.03853,1.50,1.50
2013.03.19 02:45:06.391,1.03844,1.03857,1.50,2.82
2013.03.19 02:45:06.630,1.03842,1.03856,1.69,1.50
2013.03.19 02:45:06.940,1.0384,1.03854,2.63,1.65
2013.03.19 02:45:07.541,1.03837,1.0385,1.13,1.50
2013.03.19 02:45:07.720,1.03836,1.03849,2.03,1.50
2013.03.19 02:45:08.270,1.03834,1.03849,2.03,1.50
2013.03.19 02:45:20.670,1.03833,1.03848,3.34,1.50
2013.03.19 02:45:20.851,1.03832,1.03846,1.65,3.00
2013.03.19 02:45:20.971,1.03829,1.03845,1.65,1.50
2013.03.19 02:45:21.036,1.03829,1.03844,1.65,2.25
2013.03.19 02:45:21.282,1.03828,1.03843,1.50,1.50
2013.03.19 02:45:21.521,1.03825,1.03841,1.65,1.50
2013.03.19 02:45:21.641,1.03824,1.0384,2.22,3.75
2013.03.19 02:45:21.880,1.03821,1.03838,2.40,2.25
2013.03.19 02:45:21.940,1.03822,1.03838,1.65,2.25
2013.03.19 02:45:22.241,1.03822,1.03837,1.65,1.50
2013.03.19 02:45:29.281,1.03821,1.03836,2.03,1.50
2013.03.19 02:45:31.910,1.03821,1.03835,1.50,1.65
2013.03.19 02:45:32.260,1.03823,1.03836,1.50,1.69
2013.03.19 02:45:32.800,1.03824,1.03837,1.50,1.50
2013.03.19 02:45:32.921,1.03825,1.03837,1.50,1.50
2013.03.19 02:45:33.100,1.03825,1.03838,1.65,1.50
2013.03.19 02:45:33.401,1.03823,1.03839,2.40,3.00
2013.03.19 02:45:33.460,1.03825,1.03839,1.65,3.00
2013.03.19 02:45:33.761,1.03824,1.03839,2.44,1.50
2013.03.19 02:45:34.121,1.03825,1.03839,2.40,1.50
2013.03.19 02:45:34.301,1.03823,1.03838,2.78,1.50
2013.03.19 02:45:34.805,1.03824,1.03838,1.65,1.50
2013.03.19 02:45:36.171,1.03824,1.03839,1.65,3.00
2013.03.19 02:45:36.411,1.03825,1.03839,1.65,2.25
2013.03.19 02:45:39.110,1.03824,1.03838,1.50,1.50
2013.03.19 02:45:39.410,1.03826,1.03838,1.50,1.50
2013.03.19 02:45:40.070,1.03823,1.03839,3.00,2.25
2013.03.19 02:45:40.550,1.03827,1.0384,1.50,1.50
2013.03.19 02:45:49.773,1.03823,1.03836,3.15,1.50
2013.03.19 02:45:49.830,1.03822,1.03836,2.40,1.50
2013.03.19 02:45:50.070,1.03824,1.03837,2.44,2.25
2013.03.19 02:45:57.480,1.03822,1.03837,1.65,1.50
2013.03.19 02:45:57.841,1.0382,1.03834,2.40,1.50
2013.03.19 02:45:57.901,1.0382,1.03832,1.65,1.50
2013.03.19 02:45:58.024,1.0382,1.03832,1.50,1.50
2013.03.19 02:45:58.210,1.03815,1.03832,1.50,3.75
2013.03.19 02:45:58.390,1.03816,1.03832,3.00,4.50
2013.03.19 02:45:58.930,1.03816,1.03829,1.50,1.50
2013.03.19 02:46:04.750,1.03815,1.03829,2.40,1.50
2013.03.19 02:46:08.531,1.03815,1.03827,1.50,2.25
2013.03.19 02:46:08.950,1.0381,1.03826,1.50,2.44
2013.03.19 02:46:09.190,1.03811,1.03826,1.50,1.69
2013.03.19 02:46:09.730,1.03811,1.03826,1.65,1.50
2013.03.19 02:46:19.533,1.03811,1.03825,1.65,1.13
2013.03.19 02:46:25.309,1.03811,1.03825,1.65,1.50
2013.03.19 02:46:25.430,1.03811,1.03825,1.50,2.25
2013.03.19 02:46:25.551,1.03809,1.03825,1.50,2.40
2013.03.19 02:46:26.686,1.03807,1.0382,3.00,1.50
2013.03.19 02:46:27.341,1.03807,1.03819,3.75,1.50
2013.03.19 02:46:27.857,1.03807,1.03821,3.75,2.25
2013.03.19 02:46:28.341,1.0381,1.03823,1.50,1.50
2013.03.19 02:46:28.920,1.03809,1.03822,1.50,1.50
2013.03.19 02:46:29.650,1.03809,1.03822,1.50,1.50
2013.03.19 02:46:34.950,1.03807,1.03822,3.75,2.25
2013.03.19 02:46:37.681,1.03808,1.0382,1.50,1.50
2013.03.19 02:46:37.801,1.03805,1.0382,1.65,2.25
2013.03.19 02:46:37.929,1.03804,1.03819,2.59,2.25
2013.03.19 02:46:40.920,1.03805,1.03818,1.09,2.25
2013.03.19 02:46:41.939,1.03804,1.03818,2.59,2.25
2013.03.19 02:46:42.482,1.03804,1.03818,1.65,2.25
2013.03.19 02:46:43.081,1.03801,1.03818,4.28,2.25
2013.03.19 02:46:50.693,1.03804,1.03817,1.65,1.50
2013.03.19 02:46:55.603,1.03801,1.03815,2.40,1.50
2013.03.19 02:46:55.720,1.03801,1.03814,2.25,1.50
2013.03.19 02:46:56.081,1.03801,1.03814,1.50,1.50
2013.03.19 02:46:56.582,1.038,1.03813,2.25,1.50
2013.03.19 02:47:00.561,1.038,1.03813,2.25,2.25
2013.03.19 02:47:02.241,1.038,1.03813,1.50,2.25
2013.03.19 02:47:02.752,1.038,1.03813,1.50,2.25
2013.03.19 02:47:12.440,1.03801,1.03813,1.13,1.50
2013.03.19 02:47:13.400,1.038,1.03815,3.00,1.88
2013.03.19 02:47:14.251,1.038,1.03812,1.50,1.50
2013.03.19 02:47:14.731,1.03801,1.03813,1.50,1.50
2013.03.19 02:47:21.400,1.03801,1.03813,1.50,1.13
2013.03.19 02:47:27.367,1.03801,1.03813,1.50,1.50
2013.03.19 02:47:28.121,1.038,1.03813,1.50,2.25
2013.03.19 02:47:29.000,1.038,1.03813,1.50,2.25
2013.03.19 02:47:29.502,1.038,1.03813,1.50,1.50
2013.03.19 02:47:36.540,1.038,1.03813,1.50,1.50
2013.03.19 02:47:37.238,1.038,1.03813,1.50,1.50
2013.03.19 02:47:42.872,1.038,1.03813,1.50,1.50
2013.03.19 02:47:44.632,1.038,1.03813,1.50,2.25
2013.03.19 02:47:47.030,1.03795,1.03813,1.50,2.25
2013.03.19 02:47:47.592,1.038,1.03813,1.50,2.25
2013.03.19 02:47:48.991,1.038,1.03813,1.50,2.25
2013.03.19 02:47:54.231,1.038,1.03813,1.50,3.75
2013.03.19 02:47:54.471,1.03798,1.03811,2.25,2.25
2013.03.19 02:47:59.322,1.03798,1.03811,1.50,1.50
2013.03.19 02:48:08.446,1.03799,1.03812,1.50,2.25
2013.03.19 02:48:11.861,1.03798,1.03811,2.25,1.50
2013.03.19 02:48:18.020,1.03799,1.0381,1.50,1.50
2013.03.19 02:48:22.180,1.03799,1.03812,1.50,1.88
2013.03.19 02:48:23.000,1.03799,1.03812,1.50,1.50
2013.03.19 02:48:27.640,1.03799,1.03812,2.25,1.50
2013.03.19 02:48:30.132,1.038,1.03812,1.50,1.50
2013.03.19 02:48:38.432,1.03801,1.03813,2.25,1.88
2013.03.19 02:48:41.382,1.03801,1.03813,1.50,2.63
2013.03.19 02:48:41.741,1.03802,1.03815,1.50,3.00
2013.03.19 02:48:41.801,1.03802,1.03816,1.50,1.13
2013.03.19 02:48:41.981,1.03803,1.03816,1.65,1.13
2013.03.19 02:48:47.940,1.03805,1.03818,1.50,1.50
2013.03.19 02:48:48.480,1.03805,1.03818,1.50,1.50
2013.03.19 02:48:49.090,1.03806,1.03819,1.50,2.25
2013.03.19 02:48:54.182,1.03808,1.03821,4.50,1.50
2013.03.19 02:48:54.542,1.03817,1.03827,1.13,1.13
2013.03.19 02:48:54.781,1.03818,1.03833,1.13,1.50
2013.03.19 02:48:54.912,1.03818,1.03831,1.13,1.50
2013.03.19 02:48:56.232,1.03818,1.03833,1.13,2.25
2013.03.19 02:48:56.412,1.03818,1.03833,2.63,1.50
2013.03.19 02:48:57.086,1.03821,1.03834,1.50,1.65
2013.03.19 02:49:04.951,1.03822,1.03835,1.50,1.65
2013.03.19 02:49:05.440,1.03822,1.03835,1.50,1.65
2013.03.19 02:49:06.421,1.03822,1.03835,1.50,1.65
2013.03.19 02:49:06.661,1.03823,1.03836,1.65,3.00
2013.03.19 02:49:06.842,1.03825,1.03839,2.40,1.50
2013.03.19 02:49:06.962,1.03828,1.03839,1.13,1.50
2013.03.19 02:49:08.371,1.03829,1.03842,1.13,2.25
2013.03.19 02:49:08.631,1.03829,1.03843,1.13,2.25
2013.03.19 02:49:09.172,1.0383,1.03843,1.50,1.50
2013.03.19 02:49:09.672,1.0383,1.03843,1.50,2.25
2013.03.19 02:49:10.223,1.03827,1.03841,2.25,2.25
2013.03.19 02:49:11.131,1.03827,1.03841,1.50,2.25
2013.03.19 02:49:11.731,1.03827,1.0384,1.50,1.50
2013.03.19 02:49:17.645,1.03828,1.03841,1.50,1.50
2013.03.19 02:49:20.191,1.03829,1.03842,1.50,2.25
2013.03.19 02:49:22.121,1.03831,1.03842,1.65,1.50
2013.03.19 02:49:22.241,1.03833,1.03845,1.88,2.30
2013.03.19 02:49:22.301,1.03834,1.03848,1.32,3.00
2013.03.19 02:49:22.661,1.03834,1.03848,1.32,2.40
2013.03.19 02:49:23.020,1.03834,1.03846,1.13,2.40
2013.03.19 02:49:24.462,1.03834,1.03847,1.88,1.50
2013.03.19 02:49:27.781,1.03835,1.03846,1.50,1.50
2013.03.19 02:49:28.300,1.03835,1.03847,1.50,1.50
2013.03.19 02:49:33.150,1.03835,1.03847,2.25,1.50
2013.03.19 02:49:33.811,1.03835,1.03846,2.25,1.50
2013.03.19 02:49:34.725,1.03835,1.03846,1.50,2.25
2013.03.19 02:49:35.281,1.03836,1.03847,1.50,1.50
2013.03.19 02:49:47.140,1.03834,1.03847,1.50,1.50
2013.03.19 02:49:52.598,1.03833,1.03847,2.25,1.65
2013.03.19 02:49:53.111,1.03833,1.03844,2.25,1.65
2013.03.19 02:49:55.361,1.03831,1.03843,3.00,1.50
2013.03.19 02:49:55.422,1.03831,1.03842,2.63,1.50
2013.03.19 02:49:55.481,1.03831,1.03844,1.13,2.40
2013.03.19 02:49:55.902,1.0383,1.03839,1.13,1.50
2013.03.19 02:49:55.961,1.03825,1.03839,4.50,1.50
2013.03.19 02:49:56.081,1.03823,1.03837,1.65,1.50
2013.03.19 02:49:56.321,1.03824,1.03838,2.40,2.25
2013.03.19 02:49:56.576,1.03823,1.03837,1.50,1.50
2013.03.19 02:49:57.560,1.03823,1.03838,1.50,2.25
2013.03.19 02:50:08.448,1.03824,1.03837,1.88,1.50
2013.03.19 02:50:08.771,1.03824,1.03838,1.50,1.50
2013.03.19 02:50:09.332,1.03824,1.0384,1.50,2.40
2013.03.19 02:50:17.028,1.03824,1.0384,1.50,2.40
2013.03.19 02:50:17.890,1.03824,1.0384,1.50,2.40
2013.03.19 02:50:18.361,1.03824,1.03834,1.50,1.50
2013.03.19 02:50:18.600,1.03821,1.03836,2.25,2.40
2013.03.19 02:50:19.851,1.03822,1.03833,1.50,1.50
2013.03.19 02:50:20.305,1.03822,1.03833,1.50,1.50
2013.03.19 02:50:23.077,1.03821,1.03835,1.13,1.28
2013.03.19 02:50:23.141,1.03823,1.03836,1.65,3.94
2013.03.19 02:50:23.681,1.03825,1.0384,2.03,1.50
2013.03.19 02:50:23.801,1.03825,1.03838,2.03,1.50
2013.03.19 02:50:23.922,1.03825,1.0384,3.53,1.50
2013.03.19 02:50:24.634,1.03825,1.03839,4.28,1.50
2013.03.19 02:50:25.774,1.03825,1.03841,5.03,2.25
2013.03.19 02:50:35.841,1.03826,1.03841,2.63,1.50
2013.03.19 02:50:36.081,1.03825,1.0384,3.38,1.65
2013.03.19 02:50:36.261,1.03825,1.0384,3.00,1.65
2013.03.19 02:50:39.960,1.03826,1.0384,1.50,1.65
2013.03.19 02:50:40.322,1.03827,1.0384,2.25,1.50
2013.03.19 02:50:44.221,1.03831,1.03845,2.25,1.50
2013.03.19 02:50:44.281,1.03833,1.03847,1.50,1.58
2013.03.19 02:50:44.461,1.03832,1.03847,1.50,1.58
2013.03.19 02:50:44.520,1.03834,1.03847,1.50,2.33
2013.03.19 02:50:57.161,1.03833,1.03847,1.50,1.58
2013.03.19 02:50:57.691,1.03834,1.03847,1.50,1.58
2013.03.19 02:51:04.128,1.03835,1.03847,1.50,1.58
2013.03.19 02:51:05.865,1.03835,1.03849,1.50,1.73
2013.03.19 02:51:06.371,1.03835,1.03849,1.50,1.73
2013.03.19 02:51:08.072,1.03835,1.03849,1.50,1.58
2013.03.19 02:51:08.783,1.03835,1.0385,1.50,1.65
2013.03.19 02:51:10.701,1.03835,1.0385,1.50,1.80
2013.03.19 02:51:10.832,1.03835,1.03849,1.50,1.58
2013.03.19 02:51:11.423,1.03835,1.03849,1.50,2.33
2013.03.19 02:51:12.117,1.03835,1.03849,1.50,2.33
2013.03.19 02:51:14.003,1.03835,1.03848,1.50,1.58
2013.03.19 02:51:16.161,1.03835,1.03848,1.50,1.58
2013.03.19 02:51:17.481,1.03835,1.03848,1.50,1.58
2013.03.19 02:51:18.332,1.03835,1.03848,1.50,1.58
2013.03.19 02:51:18.853,1.03835,1.03848,1.50,1.58
2013.03.19 02:51:19.792,1.03835,1.03848,1.50,1.58
2013.03.19 02:51:20.326,1.03835,1.03848,1.50,1.58
2013.03.19 02:51:20.971,1.03835,1.03848,1.50,1.58
2013.03.19 02:51:21.533,1.03835,1.03848,1.50,1.58
2013.03.19 02:51:22.162,1.03835,1.03848,1.50,1.58
2013.03.19 02:51:22.684,1.03835,1.03849,1.50,1.58
2013.03.19 02:51:24.521,1.03835,1.03849,1.50,1.58
2013.03.19 02:51:25.771,1.03835,1.03848,1.50,1.58
2013.03.19 02:51:26.365,1.03835,1.03848,1.50,1.58
2013.03.19 02:51:28.101,1.03835,1.03848,1.50,1.58
2013.03.19 02:51:28.971,1.03835,1.03848,1.50,1.58
2013.03.19 02:51:31.442,1.03833,1.03848,1.50,1.58
2013.03.19 02:51:31.502,1.03833,1.03847,1.50,1.58
2013.03.19 02:51:34.321,1.03832,1.03848,1.88,1.58
2013.03.19 02:51:34.934,1.03832,1.03848,1.88,1.58
2013.03.19 02:51:36.942,1.03832,1.03848,1.88,1.58
2013.03.19 02:51:37.114,1.03832,1.03847,1.88,1.58
2013.03.19 02:51:37.533,1.03831,1.03844,2.40,1.50
2013.03.19 02:51:37.716,1.0383,1.03842,1.28,1.50
2013.03.19 02:51:39.612,1.0383,1.03842,1.13,1.50
2013.03.19 02:51:39.671,1.0383,1.03843,1.13,1.50
2013.03.19 02:51:39.972,1.0383,1.03846,2.63,1.02
2013.03.19 02:51:40.211,1.0383,1.03847,2.63,1.58
2013.03.19 02:51:40.535,1.03831,1.03847,1.50,2.33
2013.03.19 02:51:43.004,1.03831,1.03847,2.25,1.58
2013.03.19 02:51:45.531,1.03831,1.03847,2.25,1.58
2013.03.19 02:51:47.382,1.03831,1.03847,1.50,1.58
2013.03.19 02:51:48.832,1.03831,1.03843,1.50,1.50
2013.03.19 02:51:49.370,1.03828,1.03844,3.00,2.40
2013.03.19 02:51:50.423,1.03828,1.03841,1.50,1.50
2013.03.19 02:51:56.021,1.03828,1.03843,1.88,2.25
2013.03.19 02:51:56.794,1.03829,1.03843,1.50,1.50
2013.03.19 02:51:57.363,1.0383,1.03846,4.50,1.58
2013.03.19 02:52:03.007,1.03832,1.03849,1.13,1.80
2013.03.19 02:52:03.433,1.03831,1.03849,1.88,1.80
2013.03.19 02:52:05.491,1.03831,1.03846,1.50,1.50
2013.03.19 02:52:13.037,1.0383,1.03846,1.50,3.75
2013.03.19 02:52:13.688,1.03829,1.03843,1.50,1.50
2013.03.19 02:52:14.682,1.03831,1.03845,1.50,1.69
2013.03.19 02:52:15.221,1.03829,1.03844,4.50,1.09
2013.03.19 02:52:15.931,1.03829,1.03846,4.65,2.33
2013.03.19 02:52:15.991,1.03831,1.03846,1.50,1.58
2013.03.19 02:52:16.173,1.0383,1.03845,1.50,1.65
2013.03.19 02:52:16.711,1.0383,1.03844,1.50,1.09
2013.03.19 02:52:29.262,1.0383,1.03846,1.50,1.95
2013.03.19 02:52:29.321,1.03831,1.03846,1.50,1.95
2013.03.19 02:52:29.740,1.0383,1.03846,3.15,1.58
2013.03.19 02:52:30.472,1.03832,1.03846,1.50,1.50
2013.03.19 02:52:30.692,1.03832,1.03846,1.50,1.50
2013.03.19 02:52:40.861,1.03832,1.03846,1.88,1.50
2013.03.19 02:52:44.491,1.03831,1.03842,2.03,1.50
2013.03.19 02:52:44.911,1.03827,1.03842,1.50,2.25
2013.03.19 02:52:58.183,1.03828,1.03843,1.50,2.25
2013.03.19 02:52:58.301,1.03828,1.03843,2.25,2.25
2013.03.19 02:53:04.706,1.03828,1.03843,2.25,1.50
2013.03.19 02:53:05.282,1.0383,1.03843,1.13,1.50
2013.03.19 02:53:05.846,1.0383,1.03845,3.00,1.65
2013.03.19 02:53:09.861,1.0383,1.03844,2.25,1.65
2013.03.19 02:53:10.503,1.0383,1.03844,3.00,1.09
2013.03.19 02:53:16.722,1.0383,1.03845,3.75,1.84
2013.03.19 02:53:20.972,1.0383,1.03844,1.50,1.50
2013.03.19 02:53:21.031,1.0383,1.03844,1.50,1.50
2013.03.19 02:53:21.591,1.03828,1.03843,2.63,1.50
2013.03.19 02:53:22.462,1.03829,1.03844,6.53,1.50
2013.03.19 02:53:22.521,1.03831,1.03847,1.50,3.98
2013.03.19 02:53:22.703,1.03834,1.03847,3.75,1.58
2013.03.19 02:53:22.822,1.03835,1.03848,1.50,1.58
2013.03.19 02:53:22.882,1.03833,1.03848,3.19,1.73
2013.03.19 02:53:22.941,1.03832,1.03848,3.57,2.48
2013.03.19 02:53:23.122,1.03832,1.03845,1.88,1.09
2013.03.19 02:53:23.481,1.03833,1.03847,1.65,1.58
2013.03.19 02:53:23.601,1.03833,1.03847,4.09,1.58
2013.03.19 02:53:23.661,1.03834,1.03847,4.65,1.58
2013.03.19 02:53:24.082,1.03834,1.03847,3.75,1.58
2013.03.19 02:53:24.322,1.03832,1.03847,1.13,1.58
2013.03.19 02:53:30.131,1.03831,1.03847,2.40,1.58
2013.03.19 02:53:32.146,1.03831,1.03847,3.15,1.58
2013.03.19 02:53:43.611,1.03831,1.03848,3.15,1.88
2013.03.19 02:53:44.170,1.03831,1.03848,3.90,1.88
2013.03.19 02:53:45.924,1.03832,1.03848,2.25,1.50
2013.03.19 02:53:46.757,1.03833,1.03848,1.50,1.50
2013.03.19 02:53:47.323,1.03833,1.03848,1.50,1.50
2013.03.19 02:53:48.811,1.03833,1.03848,1.50,1.50
2013.03.19 02:54:06.036,1.03833,1.03849,1.88,3.19
2013.03.19 02:54:31.952,1.03833,1.03849,1.65,2.25
2013.03.19 02:54:41.742,1.03833,1.03849,2.40,5.25
2013.03.19 02:54:42.042,1.03841,1.03857,2.03,3.00
2013.03.19 02:54:42.101,1.03844,1.03857,2.25,1.50
2013.03.19 02:54:42.462,1.03848,1.03859,1.50,1.50
2013.03.19 02:54:42.702,1.03851,1.03866,1.65,2.07
2013.03.19 02:54:42.762,1.03851,1.03866,1.65,1.13
2013.03.19 02:54:42.942,1.03852,1.03868,1.50,2.25
2013.03.19 02:54:43.301,1.03852,1.03868,1.50,2.25
2013.03.19 02:54:48.187,1.0385,1.03863,2.63,4.50
2013.03.19 02:54:48.553,1.03851,1.03868,1.50,2.25
2013.03.19 02:55:01.952,1.03851,1.03869,2.25,1.69
2013.03.19 02:55:14.204,1.03851,1.03869,2.25,1.69
2013.03.19 02:55:23.161,1.03851,1.03868,1.88,1.50
2013.03.19 02:55:28.114,1.03851,1.03867,2.63,1.50
2013.03.19 02:55:29.425,1.03851,1.03866,1.88,1.50
2013.03.19 02:55:32.322,1.03851,1.03868,3.38,1.50
2013.03.19 02:55:32.384,1.03855,1.03869,1.65,3.38
2013.03.19 02:55:32.502,1.03857,1.03869,1.50,2.63
2013.03.19 02:55:32.562,1.03857,1.03871,1.50,1.50
2013.03.19 02:55:32.863,1.03855,1.03869,1.65,1.50
2013.03.19 02:55:33.042,1.03853,1.03867,1.88,1.65
2013.03.19 02:55:33.221,1.0385,1.03865,2.25,1.65
2013.03.19 02:55:33.402,1.03849,1.03866,2.40,1.69
2013.03.19 02:55:33.761,1.03851,1.03866,2.03,1.50
2013.03.19 02:55:39.222,1.03851,1.03867,2.78,1.50
2013.03.19 02:55:43.992,1.03851,1.03867,2.78,1.50
2013.03.19 02:55:44.233,1.03851,1.03867,2.78,1.50
2013.03.19 02:55:52.491,1.03851,1.03867,2.03,2.25
2013.03.19 02:55:52.852,1.0385,1.03863,1.65,1.69
2013.03.19 02:55:53.212,1.03851,1.03862,2.25,1.50
2013.03.19 02:55:53.272,1.03851,1.03862,2.25,1.50
2013.03.19 02:55:53.392,1.03851,1.03862,2.40,1.50
2013.03.19 02:55:53.452,1.03852,1.03867,1.65,1.50
2013.03.19 02:55:53.632,1.03853,1.03868,3.00,2.40
2013.03.19 02:55:53.991,1.03851,1.03867,3.00,1.69
2013.03.19 02:55:54.231,1.03851,1.03867,2.25,2.25
2013.03.19 02:55:54.353,1.03851,1.03867,2.25,1.50
2013.03.19 02:55:54.661,1.03852,1.03868,3.15,2.82
2013.03.19 02:55:54.721,1.03853,1.03868,2.40,1.88
2013.03.19 02:55:54.961,1.03853,1.03868,1.88,1.50
2013.03.19 02:55:55.498,1.03852,1.03866,1.88,1.50
2013.03.19 02:55:58.011,1.03852,1.03866,1.50,1.50
2013.03.19 02:56:00.632,1.03851,1.03866,1.50,2.25
2013.03.19 02:56:15.593,1.03851,1.03866,1.50,2.25
2013.03.19 02:56:18.531,1.03851,1.03866,2.63,2.25
2013.03.19 02:56:22.151,1.03851,1.03866,1.50,2.25
2013.03.19 02:56:28.202,1.03848,1.03862,3.75,1.50
2013.03.19 02:56:28.441,1.03848,1.03862,3.00,1.50
2013.03.19 02:56:28.501,1.03849,1.03862,1.50,1.50
2013.03.19 02:56:33.621,1.03848,1.03862,1.50,1.50
2013.03.19 02:56:33.922,1.03854,1.03865,1.50,1.09
2013.03.19 02:56:34.102,1.03854,1.03866,1.50,1.65
2013.03.19 02:56:34.641,1.03854,1.03866,1.50,1.65
2013.03.19 02:56:34.702,1.03851,1.03865,1.50,1.65
2013.03.19 02:56:34.822,1.03849,1.03865,3.00,2.40
2013.03.19 02:56:34.944,1.03848,1.03863,3.75,1.50
2013.03.19 02:56:35.011,1.03848,1.03863,3.75,1.50
2013.03.19 02:56:41.062,1.03846,1.0386,1.50,1.50
2013.03.19 02:56:45.881,1.03843,1.03857,2.25,1.50
2013.03.19 02:56:45.941,1.03843,1.03856,2.25,1.50
2013.03.19 02:56:49.951,1.03843,1.03856,1.50,1.50
2013.03.19 02:56:57.452,1.03843,1.03859,1.50,1.13
2013.03.19 02:56:57.512,1.03844,1.03859,1.50,1.13
2013.03.19 02:57:08.901,1.03845,1.03859,1.88,2.40
2013.03.19 02:57:11.363,1.03846,1.03859,2.40,1.50
2013.03.19 02:57:11.662,1.03848,1.03862,2.25,1.50
2013.03.19 02:57:14.988,1.0385,1.03866,3.75,1.65
2013.03.19 02:57:24.212,1.0385,1.03865,1.50,1.65
2013.03.19 02:57:34.432,1.03849,1.03866,3.00,3.15
2013.03.19 02:57:39.666,1.03849,1.03866,1.50,4.65
2013.03.19 02:57:39.973,1.03848,1.03861,1.13,2.25
2013.03.19 02:57:50.242,1.03845,1.03859,1.50,1.65
2013.03.19 02:57:50.542,1.03845,1.03859,1.50,2.40
2013.03.19 02:57:51.083,1.03845,1.03859,1.50,2.40
2013.03.19 02:58:08.962,1.03844,1.03859,1.13,2.40
2013.03.19 02:58:13.183,1.03843,1.03859,2.63,2.78
2013.03.19 02:58:14.064,1.03843,1.03859,2.63,2.40
2013.03.19 02:58:14.544,1.03845,1.03859,1.65,1.50
2013.03.19 02:58:14.661,1.03845,1.0386,1.65,1.50
2013.03.19 02:58:16.192,1.03845,1.03861,3.15,2.25
2013.03.19 02:58:22.403,1.03845,1.0386,2.40,1.50
2013.03.19 02:58:22.522,1.03844,1.03859,1.50,2.40
2013.03.19 02:58:26.121,1.03844,1.03859,1.50,3.90
2013.03.19 02:58:28.004,1.03843,1.03859,2.25,3.90
2013.03.19 02:58:34.572,1.03843,1.03859,2.63,3.15
2013.03.19 02:58:35.111,1.03846,1.0386,1.50,1.50
2013.03.19 02:58:36.844,1.03846,1.03861,1.50,1.50
2013.03.19 02:58:39.961,1.03846,1.03861,1.50,1.50
2013.03.19 02:58:55.522,1.03844,1.0386,2.40,1.50
2013.03.19 02:58:57.933,1.03845,1.0386,1.50,2.40
2013.03.19 02:58:58.641,1.03845,1.0386,3.15,1.50
2013.03.19 02:59:00.707,1.03847,1.03862,1.50,1.50
2013.03.19 02:59:01.295,1.03844,1.0386,3.00,1.65
2013.03.19 02:59:01.592,1.03843,1.0386,2.25,1.65
2013.03.19 02:59:18.921,1.03843,1.03859,1.88,1.50
2013.03.19 02:59:28.051,1.03844,1.03859,1.50,1.65
2013.03.19 02:59:30.188,1.03844,1.03859,1.50,1.65
2013.03.19 02:59:31.791,1.03845,1.03859,2.25,1.65
2013.03.19 02:59:32.512,1.03846,1.0386,1.50,1.65
2013.03.19 02:59:32.692,1.03846,1.0386,1.50,1.65
2013.03.19 02:59:33.324,1.03846,1.0386,1.65,1.50
2013.03.19 02:59:36.082,1.03844,1.0386,2.63,1.65
2013.03.19 02:59:37.249,1.03844,1.0386,2.63,1.65
2013.03.19 02:59:40.002,1.03845,1.0386,1.50,1.65
2013.03.19 02:59:49.321,1.03845,1.03859,3.15,1.50
2013.03.19 02:59:50.152,1.03845,1.03859,2.40,1.50
2013.03.19 02:59:58.113,1.03843,1.03858,1.13,1.50
2013.03.19 02:59:58.413,1.03843,1.03857,1.88,3.19
2013.03.19 02:59:58.532,1.03843,1.03857,1.88,1.69
