2007.10.02 09:00:08.074,0.88657,0.88666,1.00,0.69
2007.10.02 09:00:30.367,0.88658,0.88673,1.40,1.50
2007.10.02 09:00:30.934,0.88667,0.88674,1.20,4.00
2007.10.02 09:00:31.295,0.88672,0.88683,1.10,0.87
2007.10.02 09:00:31.969,0.88677,0.88688,1.20,0.68
2007.10.02 09:00:32.235,0.8868,0.88693,1.70,2.20
2007.10.02 09:00:32.549,0.88687,0.88696,1.60,1.20
2007.10.02 09:00:35.394,0.88682,0.88693,1.40,1.90
2007.10.02 09:00:35.664,0.88677,0.88693,1.70,1.40
2007.10.02 09:00:36.034,0.88679,0.88693,1.80,1.60
2007.10.02 09:00:37.179,0.88677,0.88693,3.10,1.20
2007.10.02 09:00:53.127,0.88672,0.88683,1.80,3.70
2007.10.02 09:00:53.305,0.88668,0.88683,1.30,0.61
2007.10.02 09:00:53.669,0.88667,0.88683,1.50,0.81
2007.10.02 09:00:53.983,0.88677,0.88683,2.00,1.20
2007.10.02 09:00:55.377,0.88674,0.88683,1.50,3.10
2007.10.02 09:00:56.258,0.88667,0.88683,1.30,0.82
2007.10.02 09:01:01.330,0.88662,0.88673,1.20,0.80
2007.10.02 09:01:01.689,0.88659,0.88673,0.80,0.84
2007.10.02 09:01:06.690,0.88667,0.88675,2.10,0.95
2007.10.02 09:01:32.133,0.88668,0.88683,1.00,1.20
2007.10.02 09:01:33.140,0.88662,0.88673,1.70,1.10
2007.10.02 09:01:33.419,0.88658,0.88673,1.20,1.10
2007.10.02 09:01:33.998,0.88668,0.88673,1.20,2.00
2007.10.02 09:01:34.038,0.88667,0.88679,1.60,1.30
2007.10.02 09:01:34.445,0.88663,0.88679,1.00,1.50
2007.10.02 09:01:34.737,0.88661,0.88673,2.40,2.20
2007.10.02 09:01:35.485,0.88657,0.88669,2.40,1.60
2007.10.02 09:01:39.001,0.88656,0.88663,1.40,1.20
2007.10.02 09:01:40.701,0.88651,0.88663,0.93,1.40
2007.10.02 09:01:43.484,0.88657,0.88667,1.30,1.10
2007.10.02 09:01:54.728,0.88658,0.88673,1.60,1.50
2007.10.02 09:01:57.132,0.88657,0.88667,0.99,1.20
2007.10.02 09:01:57.535,0.88652,0.88663,1.10,1.20
2007.10.02 09:01:57.673,0.88651,0.88663,2.30,1.10
2007.10.02 09:02:01.319,0.88648,0.88663,1.40,2.10
2007.10.02 09:02:01.926,0.88647,0.88662,0.85,1.70
2007.10.02 09:02:02.909,0.88643,0.88653,1.60,0.73
2007.10.02 09:02:03.217,0.88638,0.88653,1.90,1.10
2007.10.02 09:02:03.812,0.88647,0.88654,0.97,2.20
2007.10.02 09:02:05.227,0.88638,0.88654,2.50,0.62
2007.10.02 09:02:07.710,0.88647,0.88654,1.00,1.50
2007.10.02 09:02:08.836,0.88638,0.88653,0.64,2.80
2007.10.02 09:02:09.035,0.88641,0.88653,1.70,1.70
2007.10.02 09:02:09.517,0.88647,0.88655,1.10,0.94
2007.10.02 09:02:48.298,0.88641,0.88657,1.50,0.69
2007.10.02 09:02:48.790,0.88638,0.88654,1.80,1.30
2007.10.02 09:02:49.660,0.88647,0.88654,0.95,1.20
2007.10.02 09:02:51.342,0.88646,0.88653,1.60,0.93
2007.10.02 09:02:51.870,0.88637,0.88652,1.70,1.50
2007.10.02 09:02:56.333,0.88636,0.88643,1.30,1.10
2007.10.02 09:02:56.919,0.88631,0.88643,3.10,1.50
2007.10.02 09:03:00.857,0.88637,0.88647,0.61,1.10
2007.10.02 09:03:01.116,0.88636,0.88643,0.78,0.99
2007.10.02 09:03:01.827,0.88631,0.88643,1.10,0.76
2007.10.02 09:03:04.131,0.88628,0.88643,4.00,0.80
2007.10.02 09:03:04.529,0.88626,0.88642,2.40,2.10
2007.10.02 09:03:06.218,0.88628,0.88643,1.70,0.99
2007.10.02 09:03:07.292,0.88631,0.88643,0.82,1.80
2007.10.02 09:03:09.073,0.88626,0.88633,2.80,1.00
2007.10.02 09:03:09.748,0.88622,0.88633,1.50,1.40
2007.10.02 09:03:10.786,0.88623,0.88633,1.30,2.70
2007.10.02 09:03:11.856,0.88621,0.88633,1.20,0.95
2007.10.02 09:03:13.258,0.88626,0.88633,1.20,1.90
2007.10.02 09:03:15.096,0.88621,0.88633,1.50,2.50
2007.10.02 09:03:16.847,0.88608,0.88623,1.10,0.73
2007.10.02 09:03:18.717,0.88616,0.88623,1.40,1.80
2007.10.02 09:03:21.969,0.88613,0.88623,0.81,1.30
2007.10.02 09:03:24.426,0.88611,0.88623,0.66,1.20
2007.10.02 09:03:26.906,0.88617,0.88627,1.40,2.10
2007.10.02 09:03:27.091,0.88612,0.88623,2.50,1.20
2007.10.02 09:03:27.581,0.88607,0.88623,0.89,0.82
2007.10.02 09:03:31.441,0.88617,0.8863,0.67,0.93
2007.10.02 09:03:34.874,0.88621,0.88633,1.10,2.00
2007.10.02 09:03:38.250,0.88623,0.88633,2.40,0.87
2007.10.02 09:03:38.535,0.88626,0.88633,0.53,1.40
2007.10.02 09:03:39.362,0.88618,0.88633,1.30,1.50
2007.10.02 09:03:51.354,0.88621,0.88633,0.85,1.60
2007.10.02 09:04:00.313,0.88623,0.88633,2.60,1.80
2007.10.02 09:04:00.911,0.88626,0.88633,0.89,1.20
2007.10.02 09:04:02.894,0.88618,0.88633,1.60,1.10
2007.10.02 09:04:05.671,0.88626,0.88633,1.10,1.40
2007.10.02 09:04:16.490,0.88621,0.88633,1.50,0.65
2007.10.02 09:04:20.936,0.88626,0.88633,1.50,1.10
2007.10.02 09:04:26.014,0.88628,0.88633,1.20,1.70
2007.10.02 09:04:28.390,0.88627,0.88642,2.10,2.20
2007.10.02 09:04:38.644,0.88628,0.88643,1.20,1.50
2007.10.02 09:04:45.005,0.88627,0.88642,0.60,0.61
2007.10.02 09:04:51.614,0.88623,0.88633,1.00,0.83
2007.10.02 09:04:52.334,0.88626,0.88633,1.50,2.10
2007.10.02 09:04:54.736,0.88621,0.88633,1.30,1.40
2007.10.02 09:05:25.952,0.88626,0.88633,1.70,0.81
2007.10.02 09:05:26.369,0.88617,0.88633,1.70,1.20
2007.10.02 09:05:26.852,0.88626,0.88633,2.40,1.00
2007.10.02 09:05:29.890,0.88621,0.88633,2.00,1.70
2007.10.02 09:05:31.385,0.88626,0.88633,1.50,1.20
2007.10.02 09:05:33.670,0.88623,0.88633,1.10,0.83
2007.10.02 09:05:35.964,0.88621,0.88633,0.94,2.60
2007.10.02 09:05:37.216,0.88623,0.88633,1.00,0.95
2007.10.02 09:05:40.226,0.88627,0.88639,1.70,1.10
2007.10.02 09:05:41.889,0.88628,0.88643,2.10,0.86
2007.10.02 09:05:43.002,0.88636,0.88643,1.10,1.10
2007.10.02 09:05:43.602,0.88637,0.88648,2.60,1.30
2007.10.02 09:06:46.682,0.88638,0.88653,2.20,2.10
2007.10.02 09:07:01.294,0.88637,0.88647,1.90,0.71
2007.10.02 09:07:01.622,0.88631,0.88647,1.90,0.92
2007.10.02 09:07:01.849,0.88628,0.88644,1.60,1.40
2007.10.02 09:07:02.086,0.88631,0.88646,1.50,3.30
2007.10.02 09:07:06.064,0.88627,0.88642,1.40,2.10
2007.10.02 09:07:07.322,0.88628,0.88643,3.50,0.73
2007.10.02 09:07:10.351,0.88627,0.88642,1.40,1.10
2007.10.02 09:07:19.198,0.88626,0.88633,1.10,1.70
2007.10.02 09:07:19.741,0.88621,0.88633,0.62,1.40
2007.10.02 09:07:21.639,0.88627,0.88637,1.50,0.70
2007.10.02 09:07:25.805,0.88628,0.88643,2.00,2.30
2007.10.02 09:07:27.696,0.88637,0.88644,2.10,0.75
2007.10.02 09:07:51.242,0.88632,0.88633,1.10,2.70
2007.10.02 09:07:51.813,0.88622,0.88633,1.30,2.30
2007.10.02 09:07:57.171,0.88627,0.88638,1.40,0.97
2007.10.02 09:07:57.554,0.88632,0.88642,2.20,1.30
2007.10.02 09:07:57.836,0.88637,0.88642,1.50,1.50
2007.10.02 09:08:04.435,0.88632,0.88643,1.30,1.80
2007.10.02 09:08:04.728,0.88629,0.88643,2.30,0.74
2007.10.02 09:08:09.342,0.88637,0.88645,1.00,1.80
2007.10.02 09:08:11.499,0.88629,0.88643,1.50,1.30
2007.10.02 09:08:30.554,0.88632,0.88643,1.10,0.93
2007.10.02 09:08:31.448,0.88629,0.88643,1.80,1.10
2007.10.02 09:08:45.714,0.88637,0.88645,1.50,0.86
2007.10.02 09:09:13.244,0.88647,0.88653,0.89,1.10
2007.10.02 09:09:20.433,0.88657,0.88658,0.88,0.91
2007.10.02 09:09:22.904,0.88647,0.88659,1.10,2.90
2007.10.02 09:09:23.099,0.88644,0.88653,2.00,2.20
2007.10.02 09:09:23.836,0.88639,0.88653,2.30,1.50
2007.10.02 09:09:25.342,0.88647,0.88655,1.20,1.30
2007.10.02 09:09:29.075,0.88657,0.88659,1.10,1.60
2007.10.02 09:09:33.835,0.88659,0.88669,2.70,0.77
2007.10.02 09:09:34.141,0.88667,0.88669,0.96,1.80
2007.10.02 09:09:34.924,0.88677,0.88678,2.00,1.00
2007.10.02 09:09:35.128,0.88672,0.88688,1.80,1.50
2007.10.02 09:09:37.228,0.8867,0.88686,1.30,1.50
2007.10.02 09:09:37.995,0.88677,0.88686,1.40,1.70
2007.10.02 09:09:38.691,0.88682,0.88694,1.20,2.70
2007.10.02 09:09:41.584,0.88677,0.88693,1.30,1.30
2007.10.02 09:09:44.442,0.88673,0.88683,1.80,1.10
2007.10.02 09:09:44.648,0.88672,0.88683,1.20,1.20
2007.10.02 09:09:47.777,0.88669,0.88683,1.30,2.30
2007.10.02 09:09:48.889,0.88667,0.8868,1.90,1.50
2007.10.02 09:09:51.203,0.88672,0.88688,1.90,1.30
2007.10.02 09:09:51.506,0.88677,0.88688,1.00,1.10
2007.10.02 09:09:55.413,0.88672,0.88683,0.96,2.30
2007.10.02 09:09:55.656,0.88669,0.88683,1.20,0.25
2007.10.02 09:09:59.635,0.88672,0.88683,1.30,2.80
2007.10.02 09:10:01.262,0.88667,0.88675,1.40,1.50
2007.10.02 09:10:01.472,0.88659,0.88673,1.20,1.50
2007.10.02 09:10:01.917,0.88657,0.88673,2.50,1.40
2007.10.02 09:10:02.115,0.88662,0.88673,1.30,1.30
2007.10.02 09:10:02.667,0.88667,0.88678,1.90,0.80
2007.10.02 09:10:06.623,0.88662,0.88673,1.10,1.30
2007.10.02 09:10:07.018,0.88667,0.88678,1.20,1.90
2007.10.02 09:10:07.794,0.88669,0.8868,1.10,0.88
2007.10.02 09:10:08.094,0.88672,0.88683,1.80,1.70
2007.10.02 09:10:09.376,0.88669,0.88683,1.60,1.00
2007.10.02 09:10:33.149,0.88661,0.88673,1.60,1.70
2007.10.02 09:10:33.596,0.88659,0.88673,1.30,1.70
2007.10.02 09:10:34.020,0.88657,0.88673,1.40,2.00
2007.10.02 09:10:34.529,0.88651,0.88665,1.20,1.90
2007.10.02 09:10:34.951,0.88649,0.88665,0.95,0.55
2007.10.02 09:10:35.527,0.88647,0.8866,0.46,1.20
2007.10.02 09:11:22.687,0.88642,0.88653,1.40,1.00
2007.10.02 09:11:23.079,0.88637,0.88643,1.30,1.60
2007.10.02 09:11:27.584,0.88649,0.88643,2.90,1.30
2007.10.02 09:11:28.635,0.88654,0.88662,1.50,0.92
2007.10.02 09:11:29.071,0.88651,0.88667,0.85,1.10
2007.10.02 09:11:29.746,0.88649,0.88665,1.40,2.40
2007.10.02 09:11:30.888,0.88652,0.88667,0.99,0.93
2007.10.02 09:11:31.698,0.88654,0.88667,1.60,1.00
2007.10.02 09:11:33.124,0.88647,0.88663,1.90,1.50
2007.10.02 09:11:56.304,0.88642,0.88653,2.80,1.80
2007.10.02 09:12:06.417,0.88639,0.88653,2.40,0.68
2007.10.02 09:12:11.486,0.88642,0.88653,0.92,0.78
2007.10.02 09:12:16.512,0.88639,0.88653,1.90,1.60
2007.10.02 09:12:27.908,0.88642,0.88653,2.10,0.98
2007.10.02 09:12:37.189,0.88639,0.88653,1.40,0.73
2007.10.02 09:12:40.529,0.88642,0.88653,2.40,1.10
2007.10.02 09:12:41.309,0.88647,0.88658,2.50,1.20
2007.10.02 09:13:10.519,0.88642,0.88653,0.91,1.70
2007.10.02 09:13:11.861,0.88639,0.88653,1.20,0.97
2007.10.02 09:13:12.283,0.88642,0.88653,1.00,1.30
2007.10.02 09:13:26.477,0.88639,0.88653,1.30,2.10
2007.10.02 09:13:35.557,0.88642,0.88653,1.10,0.92
2007.10.02 09:13:37.267,0.88639,0.88653,2.60,1.30
2007.10.02 09:13:41.798,0.88647,0.88653,1.60,1.60
2007.10.02 09:13:47.462,0.88642,0.88653,1.40,1.60
2007.10.02 09:13:47.880,0.88639,0.88653,0.88,1.00
2007.10.02 09:13:53.696,0.88642,0.88653,0.87,1.30
2007.10.02 09:13:54.722,0.88647,0.88653,1.70,0.74
2007.10.02 09:13:56.383,0.88642,0.88653,0.95,0.96
2007.10.02 09:13:57.447,0.88637,0.88653,1.70,1.10
2007.10.02 09:13:57.917,0.88639,0.88653,0.82,2.30
2007.10.02 09:13:59.174,0.88642,0.88653,2.70,0.82
2007.10.02 09:14:00.412,0.88639,0.88653,1.40,1.50
2007.10.02 09:14:07.264,0.88637,0.88653,0.52,1.10
2007.10.02 09:14:21.715,0.88639,0.88653,1.50,1.20
2007.10.02 09:14:28.798,0.88637,0.88643,1.30,0.85
2007.10.02 09:14:38.715,0.88632,0.88643,1.90,1.90
2007.10.02 09:14:41.540,0.88637,0.88643,2.00,0.43
2007.10.02 09:14:42.790,0.88649,0.88643,1.40,1.20
2007.10.02 09:14:43.414,0.88647,0.88663,1.40,1.20
2007.10.02 09:14:43.648,0.88643,0.88659,1.10,2.30
2007.10.02 09:14:44.067,0.88642,0.88658,1.10,1.30
2007.10.02 09:14:45.744,0.88637,0.88658,5.30,0.95
2007.10.02 09:14:47.428,0.88642,0.88658,2.10,1.20
2007.10.02 09:14:56.284,0.88637,0.88653,1.60,2.20
2007.10.02 09:15:14.694,0.88642,0.88653,1.20,2.20
2007.10.02 09:15:15.053,0.88645,0.8866,2.40,1.40
2007.10.02 09:15:19.891,0.88647,0.88663,0.96,0.97
2007.10.02 09:15:20.244,0.88645,0.88661,2.10,2.30
2007.10.02 09:15:20.564,0.88647,0.88663,1.20,0.78
2007.10.02 09:15:32.798,0.8865,0.88663,1.20,1.40
2007.10.02 09:15:35.387,0.88654,0.8867,1.20,0.79
2007.10.02 09:15:36.489,0.88656,0.88672,1.20,1.20
2007.10.02 09:15:36.850,0.88657,0.88673,1.30,1.10
2007.10.02 09:15:40.408,0.88662,0.88673,0.93,1.50
2007.10.02 09:15:43.099,0.88667,0.88678,2.40,0.72
2007.10.02 09:15:43.635,0.8867,0.88683,1.60,1.60
2007.10.02 09:15:44.046,0.88672,0.88683,1.60,1.30
2007.10.02 09:15:49.590,0.8867,0.88683,1.40,1.50
2007.10.02 09:16:24.873,0.88672,0.88683,1.40,1.00
2007.10.02 09:16:39.234,0.8867,0.88683,1.80,1.30
2007.10.02 09:16:40.311,0.88668,0.88683,1.20,1.60
2007.10.02 09:16:40.862,0.88667,0.88683,0.47,0.81
2007.10.02 09:16:42.192,0.88662,0.88673,1.60,1.20
2007.10.02 09:16:42.791,0.88657,0.88673,0.56,0.62
2007.10.02 09:16:50.215,0.88652,0.88663,1.40,1.80
2007.10.02 09:16:50.418,0.88655,0.88663,2.80,1.80
2007.10.02 09:16:50.848,0.88657,0.88671,0.63,0.93
2007.10.02 09:17:00.239,0.88655,0.88663,1.00,1.20
2007.10.02 09:17:00.512,0.88652,0.88663,0.59,1.60
2007.10.02 09:17:00.722,0.8865,0.88663,1.30,1.20
2007.10.02 09:17:18.170,0.88657,0.88666,1.60,2.10
2007.10.02 09:17:37.185,0.88652,0.88663,2.40,1.50
2007.10.02 09:17:37.861,0.8865,0.88663,1.40,1.10
2007.10.02 09:17:38.231,0.88647,0.88663,2.40,2.30
2007.10.02 09:17:38.349,0.88642,0.88653,1.90,1.40
2007.10.02 09:17:38.714,0.88647,0.88658,2.00,1.80
2007.10.02 09:17:39.695,0.88652,0.88663,1.60,1.30
2007.10.02 09:17:44.477,0.88649,0.88663,1.00,1.60
2007.10.02 09:17:45.529,0.88647,0.88663,1.00,0.90
2007.10.02 09:17:47.502,0.88652,0.88663,1.90,0.61
2007.10.02 09:17:53.205,0.8865,0.88663,1.70,0.69
2007.10.02 09:18:03.852,0.88657,0.88666,1.40,1.30
2007.10.02 09:18:15.169,0.88659,0.88671,2.30,1.50
2007.10.02 09:18:15.794,0.88657,0.88671,2.00,0.71
2007.10.02 09:18:33.054,0.88663,0.88673,1.50,1.40
2007.10.02 09:18:33.505,0.88667,0.88683,1.20,1.70
2007.10.02 09:18:34.459,0.8867,0.88683,0.95,1.20
2007.10.02 09:18:39.066,0.88667,0.88683,1.20,0.41
2007.10.02 09:18:50.532,0.88668,0.88683,2.00,2.70
2007.10.02 09:18:53.028,0.88667,0.88683,2.90,0.84
2007.10.02 09:18:55.309,0.8867,0.88683,1.90,1.20
2007.10.02 09:18:55.722,0.88672,0.88683,1.50,1.20
2007.10.02 09:19:09.649,0.88669,0.88683,1.80,0.69
2007.10.02 09:19:13.293,0.88677,0.88683,1.50,2.50
2007.10.02 09:19:14.533,0.8867,0.88683,0.83,1.70
2007.10.02 09:19:21.596,0.88675,0.88683,1.80,0.80
2007.10.02 09:19:29.668,0.8867,0.88683,1.50,1.10
2007.10.02 09:19:32.878,0.88675,0.88683,1.30,1.10
2007.10.02 09:19:40.206,0.88674,0.88683,3.10,1.10
2007.10.02 09:19:40.971,0.88672,0.88663,1.30,1.80
2007.10.02 09:19:41.299,0.88654,0.88663,1.90,0.97
2007.10.02 09:19:41.663,0.88647,0.88663,2.20,1.00
2007.10.02 09:19:41.963,0.88664,0.88663,3.80,1.20
2007.10.02 09:19:42.263,0.88662,0.88673,1.90,1.10
2007.10.02 09:19:42.967,0.88664,0.88673,1.50,1.60
2007.10.02 09:19:43.244,0.88642,0.88653,0.46,1.00
2007.10.02 09:19:43.992,0.88637,0.88653,1.80,1.50
2007.10.02 09:19:44.262,0.88632,0.88643,1.60,1.00
2007.10.02 09:19:44.658,0.88627,0.88643,2.20,0.76
2007.10.02 09:19:45.086,0.88629,0.88643,1.40,3.30
2007.10.02 09:19:45.932,0.88632,0.88643,1.20,1.90
2007.10.02 09:19:46.730,0.88637,0.88648,0.97,1.60
2007.10.02 09:19:47.188,0.88639,0.88653,1.00,2.00
2007.10.02 09:19:50.015,0.88632,0.88643,2.00,1.50
2007.10.02 09:19:50.503,0.88629,0.88643,1.70,1.50
2007.10.02 09:19:50.701,0.88627,0.88643,2.30,1.00
2007.10.02 09:20:04.744,0.88637,0.88649,1.90,1.20
2007.10.02 09:20:06.144,0.88639,0.88661,1.20,1.10
2007.10.02 09:20:06.796,0.88644,0.88661,0.81,0.75
2007.10.02 09:20:07.391,0.88647,0.88662,2.80,1.80
2007.10.02 09:20:07.922,0.88639,0.88653,1.40,0.93
2007.10.02 09:20:18.029,0.88637,0.8865,0.89,1.50
2007.10.02 09:20:47.065,0.88632,0.88633,1.30,1.80
2007.10.02 09:20:47.391,0.88631,0.88633,0.74,1.70
2007.10.02 09:20:47.573,0.88618,0.88633,1.30,1.40
2007.10.02 09:20:47.881,0.88617,0.88633,0.45,1.40
2007.10.02 09:20:51.672,0.88627,0.88633,1.40,0.91
2007.10.02 09:20:56.306,0.88624,0.88633,1.40,2.60
2007.10.02 09:20:56.447,0.88619,0.88633,1.30,1.10
2007.10.02 09:20:56.875,0.88627,0.88635,1.30,1.00
2007.10.02 09:21:01.402,0.88624,0.88633,0.89,3.50
2007.10.02 09:21:01.715,0.88619,0.88633,1.80,2.00
2007.10.02 09:21:10.265,0.88613,0.88623,4.30,1.60
2007.10.02 09:21:10.577,0.88607,0.88623,1.60,2.20
2007.10.02 09:21:12.328,0.88609,0.88623,1.10,1.80
2007.10.02 09:21:12.738,0.88617,0.88625,1.90,1.00
2007.10.02 09:21:15.366,0.88614,0.88623,1.70,1.20
2007.10.02 09:21:15.700,0.88609,0.88623,1.50,0.95
2007.10.02 09:21:18.141,0.88617,0.88625,0.85,0.95
2007.10.02 09:21:22.165,0.88614,0.88623,1.40,1.20
2007.10.02 09:21:22.652,0.88609,0.88623,2.20,2.00
2007.10.02 09:21:25.110,0.88614,0.88623,1.50,1.40
2007.10.02 09:21:25.916,0.88617,0.8863,1.30,1.00
2007.10.02 09:21:28.364,0.88612,0.88623,1.40,0.77
2007.10.02 09:21:28.642,0.88607,0.88623,1.80,1.50
2007.10.02 09:21:31.250,0.88609,0.88623,4.10,1.10
2007.10.02 09:21:34.139,0.88607,0.88623,1.30,0.62
2007.10.02 09:21:40.172,0.88604,0.88613,1.80,1.20
2007.10.02 09:21:40.578,0.88598,0.88613,1.60,1.90
2007.10.02 09:21:40.667,0.88597,0.88613,2.40,1.50
2007.10.02 09:21:52.015,0.88595,0.88603,0.95,1.20
2007.10.02 09:21:52.438,0.88594,0.88603,2.00,0.96
2007.10.02 09:21:52.899,0.88587,0.88603,1.00,1.20
2007.10.02 09:21:53.077,0.88585,0.88593,0.88,0.85
2007.10.02 09:21:53.430,0.88584,0.88593,0.82,1.30
2007.10.02 09:21:53.789,0.88577,0.88593,3.10,1.10
2007.10.02 09:21:55.518,0.88587,0.88593,2.50,2.80
2007.10.02 09:21:56.009,0.8858,0.88593,0.92,3.90
2007.10.02 09:21:56.523,0.88577,0.88593,1.10,1.20
2007.10.02 09:22:03.331,0.88574,0.8858,2.80,1.70
2007.10.02 09:22:03.513,0.88569,0.8858,0.81,2.40
2007.10.02 09:22:03.949,0.88574,0.88584,0.88,1.50
2007.10.02 09:22:04.251,0.88576,0.88587,1.30,1.30
2007.10.02 09:22:04.844,0.88577,0.88587,1.40,2.00
2007.10.02 09:22:42.011,0.88579,0.88593,1.70,2.90
2007.10.02 09:22:45.841,0.88577,0.88593,1.20,0.98
2007.10.02 09:22:48.441,0.88579,0.88593,1.80,0.94
2007.10.02 09:22:51.381,0.88577,0.88593,1.70,1.40
2007.10.02 09:23:41.641,0.88575,0.88583,0.43,2.80
2007.10.02 09:23:42.044,0.88567,0.88583,1.80,1.30
2007.10.02 09:23:42.834,0.88577,0.88583,0.74,0.90
2007.10.02 09:23:57.193,0.88572,0.88588,1.90,0.82
2007.10.02 09:23:57.739,0.88569,0.88585,2.00,1.80
2007.10.02 09:23:58.299,0.88568,0.88583,2.00,1.00
2007.10.02 09:23:58.852,0.88567,0.88583,1.20,2.80
2007.10.02 09:23:59.535,0.88577,0.88583,0.71,1.80
2007.10.02 09:24:31.030,0.8858,0.88593,2.20,1.40
2007.10.02 09:24:31.535,0.88587,0.88596,1.00,2.80
2007.10.02 09:24:53.388,0.8858,0.88593,1.40,1.10
2007.10.02 09:24:53.824,0.88577,0.88593,2.80,1.10
2007.10.02 09:25:01.006,0.8858,0.88593,1.30,1.20
2007.10.02 09:25:01.781,0.88587,0.88596,1.60,0.84
2007.10.02 09:25:08.083,0.8858,0.88593,1.40,0.98
2007.10.02 09:25:08.553,0.88577,0.88593,1.90,2.10
2007.10.02 09:25:22.353,0.88567,0.88583,0.84,2.00
2007.10.02 09:25:23.220,0.88573,0.88583,2.20,0.91
2007.10.02 09:25:23.741,0.88577,0.88589,2.00,0.74
2007.10.02 09:25:25.193,0.88585,0.88598,0.68,0.94
2007.10.02 09:25:25.463,0.88587,0.88598,1.10,1.40
2007.10.02 09:25:25.723,0.88585,0.88593,1.10,1.70
2007.10.02 09:25:25.927,0.8858,0.88593,2.30,1.70
2007.10.02 09:25:26.102,0.88579,0.88591,1.60,1.70
2007.10.02 09:25:26.563,0.88578,0.88591,1.90,1.60
2007.10.02 09:25:26.943,0.88577,0.88591,1.40,0.88
2007.10.02 09:25:35.130,0.88587,0.88593,2.00,2.30
2007.10.02 09:25:35.326,0.8858,0.88583,1.60,2.10
2007.10.02 09:25:35.557,0.88577,0.88583,1.30,0.62
2007.10.02 09:25:35.971,0.88569,0.88583,1.60,1.50
2007.10.02 09:25:38.945,0.88577,0.88583,1.10,1.50
2007.10.02 09:25:57.151,0.88572,0.88583,1.50,1.40
2007.10.02 09:25:57.532,0.88571,0.88583,2.60,1.20
2007.10.02 09:25:57.983,0.88569,0.88583,1.20,1.40
2007.10.02 09:26:04.309,0.88567,0.88583,1.50,1.70
2007.10.02 09:26:14.446,0.88557,0.88573,0.83,0.36
2007.10.02 09:26:16.772,0.88549,0.88563,3.30,1.10
2007.10.02 09:26:17.162,0.88547,0.88563,0.83,1.60
2007.10.02 09:26:20.436,0.88549,0.88563,1.50,1.80
2007.10.02 09:26:21.005,0.88554,0.88563,1.10,0.59
2007.10.02 09:26:21.731,0.88557,0.8857,1.90,1.70
2007.10.02 09:26:22.996,0.88559,0.88573,2.60,0.83
2007.10.02 09:27:03.997,0.88567,0.88569,1.50,2.20
2007.10.02 09:27:06.938,0.88552,0.88568,0.89,1.50
2007.10.02 09:27:07.010,0.8855,0.88563,1.80,2.20
2007.10.02 09:27:07.725,0.88547,0.88563,2.00,1.40
2007.10.02 09:27:19.081,0.88555,0.88565,1.30,1.30
2007.10.02 09:27:19.691,0.88557,0.88565,1.10,0.55
2007.10.02 09:27:23.149,0.88555,0.88563,1.60,0.74
2007.10.02 09:27:23.547,0.88547,0.8856,1.70,1.20
2007.10.02 09:27:35.029,0.88537,0.88553,0.75,2.10
2007.10.02 09:27:36.670,0.88527,0.88543,2.10,1.70
2007.10.02 09:27:54.451,0.88537,0.88542,2.00,2.10
2007.10.02 09:27:59.863,0.88527,0.88538,0.71,1.30
2007.10.02 09:28:00.442,0.88537,0.88535,1.40,1.40
2007.10.02 09:28:04.666,0.88527,0.88541,1.70,2.30
2007.10.02 09:28:21.271,0.88522,0.88533,1.60,1.90
2007.10.02 09:28:21.500,0.88519,0.88533,0.71,3.70
2007.10.02 09:28:25.763,0.88517,0.88533,2.10,1.60
2007.10.02 09:28:27.548,0.88527,0.88533,2.80,2.00
2007.10.02 09:28:29.926,0.8853,0.88546,2.00,1.80
2007.10.02 09:28:31.059,0.88532,0.88548,0.61,1.10
2007.10.02 09:28:31.868,0.88537,0.88548,0.92,2.70
2007.10.02 09:28:34.180,0.88547,0.88553,1.10,1.10
2007.10.02 09:28:37.927,0.88537,0.88553,2.70,2.30
2007.10.02 09:28:49.271,0.8853,0.88543,1.70,1.10
2007.10.02 09:28:50.722,0.88527,0.88543,0.88,0.60
2007.10.02 09:29:01.361,0.88537,0.88543,1.50,1.40
2007.10.02 09:29:01.883,0.8853,0.88543,0.72,2.40
2007.10.02 09:29:07.764,0.88527,0.88541,0.94,0.67
2007.10.02 09:29:30.234,0.88522,0.88533,0.78,2.00
2007.10.02 09:29:30.485,0.88517,0.88533,0.88,1.00
2007.10.02 09:29:30.873,0.88519,0.88533,1.50,2.30
2007.10.02 09:29:31.138,0.88517,0.88533,0.56,2.10
2007.10.02 09:29:32.524,0.88527,0.88533,0.95,1.60
2007.10.02 09:29:34.619,0.88537,0.88535,0.92,1.30
2007.10.02 09:29:39.081,0.88527,0.88533,1.50,1.00
2007.10.02 09:29:39.801,0.88537,0.88533,1.20,1.80
2007.10.02 09:29:42.492,0.88527,0.88536,1.40,0.71
2007.10.02 09:29:54.746,0.8853,0.88546,1.50,1.50
2007.10.02 09:29:55.245,0.88537,0.88546,2.60,0.86
2007.10.02 09:29:56.596,0.88527,0.88543,1.60,2.40
2007.10.02 09:29:59.125,0.88532,0.88543,1.00,1.10
2007.10.02 09:29:59.523,0.88537,0.88548,2.70,1.70
2007.10.02 09:30:11.883,0.88547,0.88551,1.20,1.30
2007.10.02 09:30:25.891,0.88557,0.88557,0.95,1.70
2007.10.02 09:30:31.280,0.88577,0.88562,1.20,0.98
2007.10.02 09:30:31.956,0.88567,0.88574,1.20,3.00
2007.10.02 09:30:32.244,0.88577,0.88574,1.40,1.60
2007.10.02 09:30:34.339,0.88587,0.88585,1.30,1.10
2007.10.02 09:30:34.582,0.88577,0.88589,1.30,1.20
2007.10.02 09:30:36.108,0.88567,0.88579,1.50,2.00
2007.10.02 09:30:36.363,0.88563,0.88573,1.10,1.30
2007.10.02 09:30:36.550,0.88559,0.88567,1.60,1.90
2007.10.02 09:30:36.810,0.88557,0.88567,1.40,1.30
2007.10.02 09:30:40.488,0.88567,0.88572,0.93,0.89
2007.10.02 09:30:44.182,0.88571,0.88578,1.90,1.40
2007.10.02 09:30:44.836,0.88577,0.88578,1.60,2.60
2007.10.02 09:30:47.326,0.88571,0.88583,2.20,2.20
2007.10.02 09:30:48.786,0.88577,0.88588,1.60,1.40
2007.10.02 09:30:49.954,0.88578,0.88593,2.30,0.77
2007.10.02 09:30:52.237,0.88577,0.88592,1.60,1.00
2007.10.02 09:31:02.311,0.88578,0.88593,1.50,0.46
2007.10.02 09:31:05.303,0.88572,0.88583,1.30,1.00
2007.10.02 09:31:05.967,0.88568,0.88583,1.90,1.20
2007.10.02 09:31:06.356,0.8857,0.88583,1.50,1.50
2007.10.02 09:31:06.768,0.88568,0.88584,1.80,1.20
2007.10.02 09:31:08.453,0.88573,0.88589,1.40,1.20
2007.10.02 09:31:08.611,0.88577,0.88589,1.10,1.70
2007.10.02 09:31:09.754,0.88568,0.88583,1.20,2.30
2007.10.02 09:31:16.131,0.88562,0.88573,0.94,1.60
2007.10.02 09:31:16.564,0.88558,0.88573,1.50,3.10
2007.10.02 09:31:16.778,0.88557,0.88569,0.80,1.50
2007.10.02 09:31:20.465,0.88566,0.88573,2.10,1.20
2007.10.02 09:31:20.926,0.88567,0.88575,0.71,1.30
2007.10.02 09:31:23.175,0.88561,0.88573,3.10,0.78
2007.10.02 09:31:23.486,0.8856,0.88573,1.40,2.10
2007.10.02 09:31:23.787,0.88558,0.88573,1.80,1.30
2007.10.02 09:31:31.542,0.88567,0.88574,1.40,0.96
2007.10.02 09:31:35.527,0.88558,0.88573,1.40,1.20
2007.10.02 09:31:47.963,0.88567,0.88574,1.00,1.30
2007.10.02 09:31:54.747,0.88568,0.88583,1.70,2.70
2007.10.02 09:32:02.729,0.88567,0.88582,1.70,0.88
2007.10.02 09:32:07.010,0.88563,0.88579,4.20,0.96
2007.10.02 09:32:07.215,0.88558,0.88574,3.10,2.20
2007.10.02 09:32:07.467,0.88557,0.88572,1.70,0.83
2007.10.02 09:32:07.783,0.88556,0.88572,4.20,1.20
2007.10.02 09:32:07.841,0.88553,0.88569,3.00,1.60
2007.10.02 09:32:11.457,0.88557,0.88569,3.00,2.30
2007.10.02 09:32:13.703,0.88558,0.88574,1.60,1.60
2007.10.02 09:32:17.791,0.88567,0.88574,0.82,0.97
2007.10.02 09:32:20.176,0.88561,0.88563,1.40,2.80
2007.10.02 09:32:20.523,0.88557,0.88563,2.50,1.10
2007.10.02 09:32:20.949,0.88551,0.88563,0.65,1.10
2007.10.02 09:32:21.278,0.88548,0.88563,1.70,1.30
2007.10.02 09:32:29.545,0.88551,0.88563,1.40,1.10
2007.10.02 09:32:30.480,0.88548,0.88563,1.80,0.78
2007.10.02 09:32:30.521,0.88551,0.88563,1.80,1.20
2007.10.02 09:32:34.226,0.88567,0.88567,1.30,1.50
2007.10.02 09:32:42.082,0.88566,0.88573,1.20,1.90
2007.10.02 09:32:42.814,0.88562,0.88573,0.88,1.20
2007.10.02 09:32:43.539,0.88558,0.88573,2.20,0.98
2007.10.02 09:32:49.554,0.88557,0.88572,1.30,0.59
2007.10.02 09:32:53.628,0.88558,0.88573,1.40,0.92
2007.10.02 09:32:54.942,0.88552,0.88563,1.30,1.40
2007.10.02 09:32:55.026,0.88551,0.88563,1.10,1.20
2007.10.02 09:33:02.778,0.88557,0.88567,1.50,0.84
2007.10.02 09:33:05.648,0.88558,0.88573,1.80,1.60
2007.10.02 09:33:10.432,0.88552,0.88563,1.00,1.20
2007.10.02 09:33:10.655,0.88548,0.88563,1.20,1.40
2007.10.02 09:33:13.424,0.88551,0.88563,0.92,0.93
2007.10.02 09:33:13.617,0.88557,0.88567,2.00,1.60
2007.10.02 09:33:16.140,0.88558,0.88572,1.90,0.50
2007.10.02 09:33:16.780,0.88561,0.88573,1.30,1.50
2007.10.02 09:33:17.410,0.88558,0.88573,1.10,1.20
2007.10.02 09:33:17.519,0.88567,0.88574,1.10,1.40
2007.10.02 09:33:55.867,0.88568,0.88583,1.40,1.80
2007.10.02 09:33:57.996,0.88567,0.88583,1.40,1.10
2007.10.02 09:34:01.806,0.88571,0.88583,0.85,0.91
2007.10.02 09:34:04.323,0.88574,0.88583,1.30,1.30
2007.10.02 09:34:04.613,0.88577,0.8859,0.72,0.48
2007.10.02 09:34:06.865,0.88581,0.88593,1.10,1.30
2007.10.02 09:34:08.388,0.88583,0.88593,1.90,1.70
2007.10.02 09:34:08.750,0.88587,0.88599,0.94,1.10
2007.10.02 09:34:11.516,0.88581,0.88593,1.20,1.30
2007.10.02 09:34:16.111,0.88587,0.88597,0.46,1.40
2007.10.02 09:34:19.122,0.88583,0.88593,0.85,2.00
2007.10.02 09:34:19.898,0.88581,0.88593,1.50,1.50
2007.10.02 09:34:21.629,0.88578,0.88593,1.40,3.20
2007.10.02 09:34:28.016,0.88587,0.88594,1.10,1.70
2007.10.02 09:34:28.628,0.88588,0.886,1.50,1.10
2007.10.02 09:34:29.243,0.88587,0.88599,0.95,1.50
2007.10.02 09:34:32.552,0.88581,0.88593,1.10,1.10
2007.10.02 09:34:35.673,0.88578,0.88593,0.83,1.00
2007.10.02 09:34:54.212,0.88572,0.88583,2.50,2.80
2007.10.02 09:34:54.648,0.88571,0.88583,1.30,0.65
2007.10.02 09:34:55.475,0.88568,0.88583,1.80,0.67
2007.10.02 09:34:55.713,0.88567,0.88582,2.00,1.90
2007.10.02 09:35:48.417,0.88568,0.88583,2.20,1.10
2007.10.02 09:35:52.740,0.88567,0.88582,0.62,2.10
2007.10.02 09:36:09.063,0.88568,0.88583,2.20,0.67
2007.10.02 09:36:09.892,0.88567,0.88582,1.40,0.89
2007.10.02 09:36:10.682,0.88568,0.88583,1.80,1.20
2007.10.02 09:36:14.011,0.88577,0.88584,4.00,0.79
2007.10.02 09:36:55.336,0.88573,0.88583,1.70,1.70
2007.10.02 09:36:55.630,0.88571,0.88583,1.60,1.50
2007.10.02 09:36:59.317,0.88573,0.88583,1.60,1.10
2007.10.02 09:36:59.537,0.88577,0.88587,0.75,1.30
2007.10.02 09:37:57.457,0.88581,0.88593,2.20,1.40
2007.10.02 09:37:57.650,0.88587,0.88597,1.10,1.60
2007.10.02 09:37:58.015,0.88578,0.88593,1.20,0.74
2007.10.02 09:37:58.905,0.88581,0.88593,1.20,1.10
2007.10.02 09:38:12.683,0.88587,0.88597,1.80,1.30
2007.10.02 09:38:16.724,0.88588,0.88603,0.54,0.53
2007.10.02 09:38:52.088,0.88587,0.886,1.10,0.99
2007.10.02 09:39:12.468,0.88584,0.88593,2.40,0.93
2007.10.02 09:39:12.591,0.88581,0.88593,1.50,1.30
2007.10.02 09:39:18.940,0.88578,0.88593,1.60,1.40
2007.10.02 09:39:39.661,0.88577,0.88589,1.30,1.00
2007.10.02 09:39:40.485,0.88569,0.88583,2.10,1.50
2007.10.02 09:39:40.531,0.88568,0.88583,1.20,0.58
2007.10.02 09:39:49.213,0.88571,0.88583,0.93,1.30
2007.10.02 09:39:49.487,0.88577,0.88587,1.40,0.96
2007.10.02 09:39:49.627,0.88571,0.88583,1.80,1.20
2007.10.02 09:39:49.977,0.88568,0.88583,0.98,0.83
2007.10.02 09:39:50.184,0.88576,0.88583,0.91,1.50
2007.10.02 09:39:50.612,0.88577,0.88588,1.60,0.92
2007.10.02 09:39:54.476,0.88573,0.88583,1.50,1.80
2007.10.02 09:39:54.790,0.88568,0.88583,1.70,1.60
2007.10.02 09:40:12.775,0.88571,0.88583,1.40,1.30
2007.10.02 09:40:31.437,0.88576,0.88583,1.30,2.40
2007.10.02 09:40:31.614,0.88577,0.88588,3.80,2.20
2007.10.02 09:40:32.551,0.88578,0.88592,0.85,1.20
2007.10.02 09:40:33.147,0.88577,0.88592,2.30,1.20
2007.10.02 09:40:42.545,0.88572,0.88583,1.80,0.68
2007.10.02 09:41:02.004,0.88577,0.88588,1.70,2.80
2007.10.02 09:41:02.632,0.88582,0.88588,1.30,1.20
2007.10.02 09:41:02.783,0.88587,0.88598,1.00,1.20
2007.10.02 09:41:08.325,0.88597,0.88598,1.30,2.10
2007.10.02 09:41:08.570,0.88587,0.886,1.70,1.50
2007.10.02 09:41:10.886,0.88597,0.88598,0.97,1.70
2007.10.02 09:41:13.432,0.88587,0.88598,1.10,1.30
2007.10.02 09:41:14.006,0.88597,0.88598,2.20,1.10
2007.10.02 09:41:14.584,0.88587,0.886,0.52,1.40
2007.10.02 09:41:18.011,0.88597,0.88598,0.97,1.20
2007.10.02 09:41:20.613,0.88587,0.88598,2.10,0.92
2007.10.02 09:41:31.965,0.88582,0.88593,0.87,1.80
2007.10.02 09:41:34.007,0.88587,0.88598,0.90,0.82
2007.10.02 09:41:39.470,0.88584,0.88593,1.10,1.10
2007.10.02 09:41:39.808,0.88582,0.88593,3.80,0.79
2007.10.02 09:42:02.005,0.88579,0.88593,2.70,0.84
2007.10.02 09:42:04.367,0.88587,0.88595,1.50,1.30
2007.10.02 09:42:27.494,0.88582,0.88593,0.97,1.30
2007.10.02 09:42:27.594,0.88579,0.88593,2.10,0.58
2007.10.02 09:42:39.562,0.88577,0.88593,0.90,1.30
2007.10.02 09:42:47.715,0.88587,0.88593,0.75,1.00
2007.10.02 09:42:57.093,0.88597,0.88598,0.91,1.90
2007.10.02 09:42:57.578,0.88587,0.886,1.70,1.20
2007.10.02 09:43:02.554,0.88582,0.88593,1.40,1.20
2007.10.02 09:43:28.574,0.88587,0.88598,0.99,1.60
2007.10.02 09:43:33.160,0.88584,0.88593,2.30,2.10
2007.10.02 09:43:33.582,0.88582,0.88593,2.30,2.10
2007.10.02 09:43:46.220,0.88587,0.88598,1.50,1.50
2007.10.02 09:43:46.444,0.88584,0.88593,1.80,1.30
2007.10.02 09:43:46.893,0.88582,0.88593,1.90,1.10
2007.10.02 09:43:47.082,0.88587,0.88598,1.80,2.00
2007.10.02 09:44:01.047,0.88582,0.88593,1.90,1.20
2007.10.02 09:44:01.262,0.88579,0.88593,1.30,1.20
2007.10.02 09:44:01.703,0.88587,0.88595,0.89,1.70
2007.10.02 09:44:01.963,0.88589,0.88598,1.70,2.60
2007.10.02 09:44:02.041,0.88597,0.88605,1.40,2.00
2007.10.02 09:44:31.764,0.88607,0.88608,1.50,0.77
2007.10.02 09:44:32.908,0.88617,0.88615,0.46,1.60
2007.10.02 09:44:33.495,0.88611,0.88623,1.30,0.93
2007.10.02 09:44:33.871,0.88617,0.88623,1.20,1.10
2007.10.02 09:44:37.015,0.88627,0.88633,1.20,1.90
2007.10.02 09:44:39.004,0.88637,0.8864,1.60,1.30
2007.10.02 09:44:39.497,0.88644,0.88652,1.40,1.40
2007.10.02 09:44:39.955,0.88647,0.88652,1.20,1.90
2007.10.02 09:44:40.216,0.88648,0.8866,1.90,1.70
2007.10.02 09:44:41.640,0.88657,0.88663,2.00,1.00
2007.10.02 09:44:54.704,0.88647,0.88663,0.72,2.40
2007.10.02 09:44:59.196,0.8864,0.88656,1.30,2.30
2007.10.02 09:44:59.369,0.88638,0.88654,3.00,1.00
2007.10.02 09:44:59.403,0.88637,0.88648,0.75,0.98
2007.10.02 09:44:59.684,0.88632,0.88648,1.10,1.10
2007.10.02 09:44:59.888,0.88631,0.88643,1.10,1.80
2007.10.02 09:45:00.338,0.88627,0.88643,1.80,3.00
2007.10.02 09:45:00.899,0.88622,0.88638,1.10,0.91
2007.10.02 09:45:01.285,0.88621,0.88635,1.60,1.40
2007.10.02 09:45:01.473,0.88619,0.88635,1.10,3.20
2007.10.02 09:45:01.699,0.88618,0.88633,1.10,0.55
2007.10.02 09:45:02.264,0.88617,0.88633,1.20,0.84
2007.10.02 09:45:40.181,0.88627,0.8863,1.50,1.00
2007.10.02 09:45:45.901,0.88637,0.88633,2.10,0.82
2007.10.02 09:45:47.283,0.88627,0.88643,1.90,1.70
2007.10.02 09:45:50.221,0.88622,0.88638,1.70,1.50
2007.10.02 09:45:50.580,0.88621,0.88637,2.60,0.68
2007.10.02 09:45:51.813,0.88627,0.88637,1.70,1.50
2007.10.02 09:45:58.153,0.88628,0.88644,1.20,1.10
2007.10.02 09:45:58.917,0.8863,0.88646,1.90,1.30
2007.10.02 09:46:00.704,0.88628,0.88644,1.00,1.30
2007.10.02 09:46:01.334,0.88627,0.88643,1.20,3.00
2007.10.02 09:46:12.884,0.88637,0.88643,0.95,1.40
2007.10.02 09:46:25.850,0.88647,0.88653,1.10,0.60
2007.10.02 09:46:26.637,0.88657,0.88661,3.20,0.79
2007.10.02 09:46:27.179,0.88667,0.8867,2.40,1.30
2007.10.02 09:46:29.468,0.88677,0.88681,1.70,2.00
2007.10.02 09:46:31.138,0.88674,0.8869,0.73,0.95
2007.10.02 09:46:31.442,0.8867,0.88686,1.30,1.70
2007.10.02 09:46:31.761,0.88667,0.88683,0.70,1.30
2007.10.02 09:46:49.553,0.88657,0.88673,1.10,2.30
2007.10.02 09:46:52.149,0.88647,0.88673,1.20,1.70
2007.10.02 09:46:52.661,0.88652,0.88673,1.70,2.40
2007.10.02 09:46:52.857,0.88649,0.88673,0.89,0.76
2007.10.02 09:46:53.150,0.88642,0.88663,1.50,2.70
2007.10.02 09:46:54.158,0.88639,0.88663,1.10,1.60
2007.10.02 09:46:54.388,0.88638,0.88663,0.81,1.40
2007.10.02 09:46:54.666,0.88637,0.88662,0.78,0.91
2007.10.02 09:46:55.054,0.88636,0.88643,0.97,1.70
2007.10.02 09:46:55.405,0.88627,0.88643,1.90,1.60
2007.10.02 09:46:55.521,0.88622,0.88643,1.10,1.40
2007.10.02 09:46:55.830,0.88619,0.88643,0.48,0.84
2007.10.02 09:46:56.219,0.88618,0.88643,3.40,1.30
2007.10.02 09:46:56.730,0.88627,0.88643,2.90,1.70
2007.10.02 09:46:57.091,0.88637,0.88647,1.40,0.97
2007.10.02 09:46:57.365,0.88632,0.8865,1.30,1.10
2007.10.02 09:46:57.631,0.88628,0.88649,1.70,0.93
2007.10.02 09:46:57.887,0.88637,0.88649,1.90,2.30
2007.10.02 09:46:59.786,0.88647,0.88657,1.30,0.99
2007.10.02 09:47:00.143,0.88652,0.88662,1.50,0.74
2007.10.02 09:47:01.482,0.88657,0.88662,1.60,1.10
2007.10.02 09:47:02.023,0.88652,0.88668,2.20,1.30
2007.10.02 09:47:02.607,0.88649,0.88665,1.40,1.30
2007.10.02 09:47:02.979,0.88657,0.88665,0.73,1.60
2007.10.02 09:47:04.786,0.88649,0.88665,0.64,1.50
2007.10.02 09:47:05.403,0.88647,0.88663,5.30,0.94
2007.10.02 09:47:05.873,0.88657,0.88663,2.00,1.60
2007.10.02 09:47:28.094,0.88667,0.88668,1.30,1.50
2007.10.02 09:47:33.574,0.88657,0.88668,0.95,0.82
2007.10.02 09:48:41.483,0.88652,0.88668,2.20,2.20
2007.10.02 09:48:41.754,0.88649,0.88665,1.30,2.20
2007.10.02 09:48:42.482,0.88647,0.88671,1.50,0.56
2007.10.02 09:48:44.312,0.8865,0.88666,1.40,0.79
2007.10.02 09:48:48.117,0.88648,0.88664,0.66,2.60
2007.10.02 09:48:49.262,0.88647,0.88663,1.00,3.00
2007.10.02 09:48:49.619,0.8865,0.88666,1.90,1.20
2007.10.02 09:48:49.685,0.88657,0.88666,2.30,1.10
2007.10.02 09:48:50.219,0.88652,0.88668,2.60,0.90
2007.10.02 09:48:50.508,0.88647,0.88663,2.40,1.90
2007.10.02 09:48:51.292,0.88657,0.88663,0.81,1.40
2007.10.02 09:48:51.458,0.88652,0.88668,1.90,1.30
2007.10.02 09:48:51.764,0.88647,0.88663,1.60,1.50
2007.10.02 09:49:07.214,0.88657,0.8867,1.10,1.50
2007.10.02 09:49:28.041,0.88667,0.88673,1.60,1.60
2007.10.02 09:49:34.013,0.88669,0.88683,2.40,1.60
2007.10.02 09:49:40.973,0.88667,0.88683,1.10,1.40
2007.10.02 09:49:41.183,0.88662,0.88673,1.40,1.20
2007.10.02 09:49:41.824,0.88659,0.88673,1.10,0.69
2007.10.02 09:49:42.189,0.88657,0.88673,2.00,1.60
2007.10.02 09:49:44.134,0.8865,0.88666,1.60,1.40
2007.10.02 09:49:44.298,0.88646,0.88662,1.70,1.40
2007.10.02 09:49:44.475,0.88644,0.88658,2.40,1.00
2007.10.02 09:49:44.600,0.88642,0.88658,0.79,1.40
2007.10.02 09:49:44.849,0.88647,0.88658,1.20,1.90
2007.10.02 09:49:45.494,0.8864,0.88656,1.80,1.60
2007.10.02 09:49:45.522,0.88638,0.88652,0.66,1.20
2007.10.02 09:49:46.168,0.88632,0.88648,2.10,0.89
2007.10.02 09:49:46.825,0.88637,0.88648,1.30,1.20
2007.10.02 09:49:47.740,0.88642,0.88653,1.20,1.40
2007.10.02 09:49:48.615,0.88647,0.88658,2.30,1.20
2007.10.02 09:49:49.098,0.8865,0.88663,1.50,1.10
2007.10.02 09:49:50.004,0.88647,0.88663,1.10,2.20
2007.10.02 09:49:51.236,0.88652,0.88663,1.50,1.00
2007.10.02 09:49:51.649,0.88647,0.88663,2.20,3.30
2007.10.02 09:49:52.035,0.88652,0.88663,0.70,1.50
2007.10.02 09:49:52.853,0.88647,0.88663,1.40,1.00
2007.10.02 09:49:53.377,0.88652,0.88663,1.30,0.58
2007.10.02 09:49:53.746,0.88647,0.88663,1.50,1.00
2007.10.02 09:49:54.152,0.88652,0.88663,0.80,1.20
2007.10.02 09:49:54.738,0.88647,0.88663,1.90,2.70
2007.10.02 09:49:55.554,0.88652,0.88663,1.40,1.40
2007.10.02 09:49:56.401,0.88657,0.88668,1.70,1.40
2007.10.02 09:49:57.286,0.8866,0.88673,1.70,1.00
2007.10.02 09:49:58.887,0.88657,0.88673,1.00,1.50
2007.10.02 09:50:02.879,0.88659,0.88673,1.20,3.90
2007.10.02 09:50:03.305,0.88662,0.88673,0.97,1.10
2007.10.02 09:50:03.725,0.88664,0.88673,1.70,1.50
2007.10.02 09:50:04.836,0.88667,0.8868,1.50,1.70
2007.10.02 09:50:05.402,0.88668,0.88683,2.00,1.10
2007.10.02 09:50:06.979,0.88667,0.88682,2.70,1.60
2007.10.02 09:50:07.474,0.88669,0.88683,2.00,0.95
2007.10.02 09:50:07.522,0.88667,0.88683,2.60,2.10
2007.10.02 09:50:09.005,0.88669,0.88683,1.80,1.30
2007.10.02 09:50:10.653,0.88667,0.88683,1.60,1.90
2007.10.02 09:50:18.236,0.88669,0.88683,0.64,0.86
2007.10.02 09:50:19.025,0.88667,0.88683,0.77,1.60
2007.10.02 09:50:19.874,0.88669,0.88683,1.50,1.50
2007.10.02 09:50:22.365,0.88667,0.88683,1.40,3.20
2007.10.02 09:50:33.744,0.88669,0.88683,1.40,1.60
2007.10.02 09:50:46.032,0.88677,0.88685,1.90,0.87
2007.10.02 09:50:46.593,0.88679,0.88688,1.90,1.80
2007.10.02 09:50:47.708,0.88677,0.88688,1.20,2.70
2007.10.02 09:50:58.131,0.88672,0.88683,0.93,1.80
2007.10.02 09:50:59.243,0.88674,0.88683,2.10,1.00
2007.10.02 09:50:59.989,0.88677,0.88688,1.30,0.47
2007.10.02 09:51:07.840,0.88679,0.88693,2.30,1.90
2007.10.02 09:51:25.762,0.88677,0.88693,0.83,0.74
2007.10.02 09:51:27.424,0.88672,0.88683,1.30,1.70
2007.10.02 09:51:27.957,0.88677,0.88688,1.60,1.20
2007.10.02 09:51:34.025,0.88674,0.88683,0.62,1.30
2007.10.02 09:51:34.546,0.8867,0.88683,2.30,1.20
2007.10.02 09:51:34.742,0.88669,0.88683,1.40,1.10
2007.10.02 09:51:41.752,0.88677,0.88685,1.60,0.61
2007.10.02 09:51:42.201,0.88669,0.88683,1.20,1.30
2007.10.02 09:51:42.509,0.88667,0.8868,2.40,0.91
2007.10.02 09:51:49.130,0.88669,0.88683,0.95,1.30
2007.10.02 09:51:50.300,0.88667,0.88683,1.10,2.50
2007.10.02 09:51:53.755,0.88677,0.88683,0.87,0.84
2007.10.02 09:52:19.780,0.88679,0.88693,2.30,1.40
2007.10.02 09:52:34.862,0.88687,0.88695,2.30,1.40
2007.10.02 09:52:37.116,0.88697,0.88698,1.90,2.00
2007.10.02 09:52:55.288,0.88699,0.88708,1.50,1.00
2007.10.02 09:52:55.633,0.88707,0.88708,2.30,3.60
2007.10.02 09:52:55.784,0.88699,0.88713,1.30,1.60
2007.10.02 09:52:56.373,0.88702,0.88713,0.92,1.50
2007.10.02 09:53:02.081,0.88707,0.88713,2.50,1.00
2007.10.02 09:53:03.891,0.88709,0.88723,1.50,0.75
2007.10.02 09:53:11.516,0.88707,0.88723,1.20,1.90
2007.10.02 09:53:13.329,0.88702,0.88713,1.60,1.90
2007.10.02 09:53:13.495,0.88699,0.88713,0.78,0.81
2007.10.02 09:53:13.810,0.88697,0.88713,0.84,1.70
2007.10.02 09:53:37.218,0.88694,0.88703,1.10,1.10
2007.10.02 09:53:37.533,0.88688,0.88703,1.70,2.30
2007.10.02 09:53:37.785,0.88687,0.88703,1.10,0.80
2007.10.02 09:53:38.209,0.88685,0.88701,2.10,0.79
2007.10.02 09:53:38.491,0.88684,0.88698,2.00,3.00
2007.10.02 09:53:38.863,0.88682,0.88698,1.70,1.60
2007.10.02 09:53:39.213,0.8868,0.88696,1.50,1.90
2007.10.02 09:53:39.799,0.88678,0.88694,1.30,0.88
2007.10.02 09:53:40.160,0.88677,0.88693,1.30,0.97
2007.10.02 09:53:43.197,0.8867,0.88683,1.30,1.50
2007.10.02 09:53:43.862,0.88667,0.88683,1.30,1.30
2007.10.02 09:53:44.898,0.88677,0.88683,2.70,1.50
2007.10.02 09:53:52.911,0.88675,0.88691,0.87,1.60
2007.10.02 09:53:53.147,0.88677,0.88693,3.00,2.50
2007.10.02 09:53:53.661,0.88675,0.88691,2.10,0.98
2007.10.02 09:54:01.609,0.88677,0.88693,0.92,0.94
2007.10.02 09:54:12.058,0.88675,0.88691,1.20,2.00
2007.10.02 09:54:12.894,0.88676,0.88692,0.98,2.20
2007.10.02 09:54:13.585,0.88677,0.88693,1.40,4.40
2007.10.02 09:54:18.666,0.88682,0.88693,1.90,0.89
2007.10.02 09:54:29.631,0.8868,0.88696,1.20,0.66
2007.10.02 09:54:50.271,0.88682,0.88693,0.65,1.00
2007.10.02 09:54:52.100,0.88684,0.88693,2.10,1.40
2007.10.02 09:54:54.970,0.88682,0.88693,2.20,2.40
2007.10.02 09:54:57.335,0.88687,0.88698,1.30,0.79
2007.10.02 09:55:20.193,0.88689,0.88703,3.10,0.85
2007.10.02 09:55:21.619,0.88691,0.88703,1.30,1.80
2007.10.02 09:55:22.690,0.88692,0.88703,1.50,1.40
2007.10.02 09:55:24.666,0.88697,0.88703,0.89,0.97
2007.10.02 09:55:26.752,0.88699,0.88713,2.50,2.30
2007.10.02 09:55:28.889,0.88702,0.88713,1.20,1.50
2007.10.02 09:55:44.015,0.88699,0.88713,1.80,1.70
2007.10.02 09:55:49.864,0.88702,0.88713,0.67,1.60
2007.10.02 09:56:08.120,0.88707,0.88718,2.50,1.60
2007.10.02 09:56:08.534,0.88709,0.88718,0.73,1.90
2007.10.02 09:56:09.749,0.88712,0.88723,1.10,0.66
2007.10.02 09:56:12.213,0.88717,0.88728,2.20,1.00
2007.10.02 09:56:12.857,0.88719,0.88728,0.73,1.80
2007.10.02 09:56:13.299,0.88722,0.88732,1.50,1.90
2007.10.02 09:56:13.619,0.88727,0.88732,0.79,1.50
2007.10.02 09:56:24.474,0.88724,0.88723,0.74,1.00
2007.10.02 09:56:24.640,0.88707,0.88723,1.10,1.00
2007.10.02 09:56:25.609,0.88709,0.88723,0.96,1.30
2007.10.02 09:56:27.162,0.88719,0.88723,0.77,1.10
2007.10.02 09:56:37.147,0.88727,0.88735,1.70,1.50
2007.10.02 09:56:44.114,0.88737,0.88743,1.10,0.86
2007.10.02 09:56:44.743,0.88739,0.88752,1.00,1.60
2007.10.02 09:56:45.093,0.88734,0.88745,1.20,1.60
2007.10.02 09:56:45.371,0.88731,0.88745,1.60,2.20
2007.10.02 09:56:45.670,0.8873,0.88745,2.00,1.10
2007.10.02 09:56:45.911,0.88737,0.88745,0.65,0.74
2007.10.02 09:56:46.061,0.88732,0.88748,1.30,0.87
2007.10.02 09:56:46.345,0.88729,0.88744,1.50,0.74
2007.10.02 09:56:46.943,0.88728,0.88744,2.20,1.70
2007.10.02 09:56:47.268,0.88747,0.88743,0.69,0.86
2007.10.02 09:56:47.737,0.88749,0.88763,2.30,3.90
2007.10.02 09:56:48.152,0.88744,0.88755,2.40,2.00
2007.10.02 09:56:48.214,0.88741,0.88755,1.70,1.40
2007.10.02 09:56:48.564,0.8874,0.88755,1.40,1.00
2007.10.02 09:56:48.731,0.88744,0.88753,2.10,1.50
2007.10.02 09:56:48.806,0.88743,0.88753,1.20,0.92
2007.10.02 09:56:49.297,0.88741,0.88753,1.40,0.96
2007.10.02 09:56:49.657,0.8874,0.88753,1.20,1.70
2007.10.02 09:56:49.796,0.88739,0.88753,1.50,1.40
2007.10.02 09:56:50.479,0.88747,0.88753,1.80,1.40
2007.10.02 09:56:52.156,0.88729,0.88743,2.20,1.40
2007.10.02 09:56:52.476,0.88735,0.88743,1.80,1.70
2007.10.02 09:56:52.899,0.88737,0.88749,1.00,1.40
2007.10.02 09:57:06.601,0.88747,0.88748,1.60,1.60
2007.10.02 09:57:07.317,0.88739,0.88753,1.20,1.50
2007.10.02 09:57:07.782,0.88737,0.88753,1.30,2.30
2007.10.02 09:57:25.983,0.88738,0.88751,1.40,1.60
2007.10.02 09:57:28.050,0.88737,0.88751,1.10,1.80
2007.10.02 09:57:28.629,0.88738,0.88751,1.20,1.30
2007.10.02 09:57:33.313,0.8874,0.88751,1.40,0.72
2007.10.02 09:57:33.607,0.88739,0.88751,0.88,1.60
2007.10.02 09:57:34.290,0.88737,0.88751,2.50,1.40
2007.10.02 09:57:43.258,0.88733,0.88743,2.80,1.20
2007.10.02 09:57:43.887,0.88727,0.88743,0.80,1.20
2007.10.02 09:57:44.728,0.88737,0.88748,2.20,1.40
2007.10.02 09:57:46.088,0.88736,0.88743,0.74,2.10
2007.10.02 09:57:46.639,0.88732,0.88743,0.72,1.10
2007.10.02 09:57:47.954,0.88731,0.88743,1.30,0.69
2007.10.02 09:57:49.534,0.88733,0.88743,1.60,1.20
2007.10.02 09:57:50.300,0.88737,0.88743,1.80,0.86
2007.10.02 09:57:53.488,0.88736,0.88743,2.40,1.40
2007.10.02 09:57:53.993,0.88732,0.88743,1.90,0.84
2007.10.02 09:58:05.938,0.88731,0.88743,1.40,0.90
2007.10.02 09:58:08.602,0.88737,0.88743,2.10,1.30
2007.10.02 09:58:12.167,0.88727,0.88733,1.40,2.10
2007.10.02 09:58:12.524,0.88725,0.88733,1.50,0.91
2007.10.02 09:58:12.989,0.88727,0.88736,0.84,0.83
2007.10.02 09:58:14.434,0.88726,0.88733,1.00,0.73
2007.10.02 09:58:14.898,0.88724,0.88733,1.30,1.20
2007.10.02 09:58:18.329,0.88723,0.88733,0.79,0.93
2007.10.02 09:58:20.643,0.88727,0.88738,1.40,1.10
2007.10.02 09:58:23.125,0.8873,0.88743,2.10,1.80
2007.10.02 09:58:25.401,0.88728,0.88743,1.10,1.20
2007.10.02 09:58:28.368,0.88723,0.88733,1.40,1.90
2007.10.02 09:58:28.855,0.88727,0.88738,2.20,1.00
2007.10.02 09:58:31.309,0.88717,0.88733,0.94,1.50
2007.10.02 09:58:32.319,0.88719,0.88743,1.10,2.10
2007.10.02 09:58:33.337,0.88727,0.88744,2.70,1.20
2007.10.02 09:58:36.084,0.88724,0.88733,1.40,2.70
2007.10.02 09:58:36.578,0.88719,0.88733,1.00,1.40
2007.10.02 09:58:36.949,0.88727,0.88738,1.20,0.80
2007.10.02 09:58:38.427,0.88724,0.88733,1.10,1.00
2007.10.02 09:58:38.583,0.88719,0.88733,1.10,1.30
2007.10.02 09:58:50.395,0.88718,0.88733,1.40,1.30
2007.10.02 09:59:09.001,0.8872,0.88738,1.30,1.00
2007.10.02 09:59:14.372,0.88719,0.88741,0.82,1.70
2007.10.02 09:59:18.666,0.88718,0.88738,0.88,0.84
2007.10.02 09:59:19.092,0.88708,0.88732,3.90,1.40
2007.10.02 09:59:21.662,0.88707,0.88728,0.91,0.74
2007.10.02 09:59:29.023,0.88712,0.88733,1.60,1.70
2007.10.02 09:59:30.409,0.88715,0.88733,1.50,1.70
2007.10.02 09:59:30.784,0.88709,0.88723,3.00,1.90
2007.10.02 09:59:31.246,0.88707,0.88723,0.60,1.80
2007.10.02 09:59:31.817,0.88697,0.88716,0.98,1.00
2007.10.02 09:59:32.015,0.887,0.88723,0.79,1.70
2007.10.02 09:59:32.865,0.88707,0.88723,1.70,1.20
2007.10.02 09:59:33.486,0.887,0.88723,1.90,1.40
2007.10.02 09:59:33.678,0.88697,0.88716,1.60,2.00
2007.10.02 09:59:34.037,0.88707,0.88716,1.30,1.60
2007.10.02 09:59:37.391,0.88701,0.88716,1.90,1.30
2007.10.02 09:59:37.977,0.88697,0.88716,1.80,2.40
2007.10.02 09:59:38.011,0.88696,0.88713,1.50,1.60
2007.10.02 09:59:38.855,0.88694,0.88711,2.20,2.30
2007.10.02 09:59:39.164,0.88687,0.88711,0.85,1.60
2007.10.02 09:59:40.034,0.88688,0.88706,0.57,1.10
2007.10.02 09:59:40.598,0.8868,0.88693,1.60,1.10
2007.10.02 09:59:40.674,0.88676,0.88691,2.00,0.94
2007.10.02 09:59:42.076,0.88668,0.88691,1.60,1.30
2007.10.02 09:59:43.283,0.88671,0.88693,1.70,0.69
2007.10.02 09:59:43.661,0.88672,0.88693,0.80,2.10
2007.10.02 09:59:43.866,0.88673,0.88693,2.10,0.71
2007.10.02 09:59:44.863,0.88674,0.88693,1.80,1.10
2007.10.02 09:59:45.414,0.88677,0.88698,1.50,1.00
2007.10.02 09:59:45.964,0.88678,0.88698,0.47,1.30
2007.10.02 09:59:47.389,0.88675,0.88693,2.70,1.80
2007.10.02 09:59:47.916,0.88677,0.88695,1.30,1.40
2007.10.02 09:59:53.762,0.88678,0.88698,2.30,1.80
2007.10.02 09:59:54.332,0.88668,0.88693,1.30,1.10
2007.10.02 09:59:54.783,0.88677,0.88693,1.20,1.60
2007.10.02 09:59:55.251,0.88679,0.88701,0.74,1.20
2007.10.02 09:59:55.740,0.88687,0.88701,2.80,1.60
2007.10.02 09:59:59.088,0.88685,0.887,1.90,0.94
2007.10.02 09:59:59.634,0.88679,0.887,1.30,0.88
