2013.05.12 23:00:00.301,1.00022,1.00044,1.69,1.50
2013.05.12 23:00:00.361,1.00021,1.00042,1.32,1.50
2013.05.12 23:00:00.942,1.00021,1.0004,1.32,1.50
2013.05.12 23:00:02.451,1.00021,1.0004,1.32,1.50
2013.05.12 23:00:06.522,1.00022,1.00041,1.50,1.50
2013.05.12 23:00:06.822,1.00023,1.00045,2.25,1.50
2013.05.12 23:00:06.951,1.00023,1.00045,2.25,1.50
2013.05.12 23:00:07.572,1.00023,1.00045,2.25,1.50
2013.05.12 23:00:08.202,1.00023,1.00045,1.69,1.50
2013.05.12 23:00:08.266,1.00023,1.00044,1.69,1.50
2013.05.12 23:00:09.772,1.00023,1.0004,1.50,1.50
2013.05.12 23:00:10.541,1.00027,1.00042,1.50,3.00
2013.05.12 23:00:11.021,1.00027,1.00042,1.50,2.25
2013.05.12 23:00:12.592,1.00025,1.00042,1.13,2.25
2013.05.12 23:00:12.951,1.00023,1.00043,1.50,3.75
2013.05.12 23:00:13.535,1.00024,1.00045,1.50,3.00
2013.05.12 23:00:15.761,1.00024,1.00045,1.50,2.25
2013.05.12 23:00:16.194,1.00024,1.00044,1.88,1.50
2013.05.12 23:00:17.282,1.00024,1.00043,1.69,1.50
2013.05.12 23:00:17.401,1.00023,1.00042,2.44,1.50
2013.05.12 23:00:18.719,1.00023,1.00043,1.69,2.25
2013.05.12 23:00:21.952,1.00023,1.00042,1.32,1.50
2013.05.12 23:00:22.072,1.00023,1.00042,1.32,2.25
2013.05.12 23:00:22.191,1.00023,1.00042,1.32,1.50
2013.05.12 23:00:22.311,1.00023,1.00042,1.13,2.25
2013.05.12 23:00:22.875,1.0002,1.00041,1.13,1.50
2013.05.12 23:00:28.946,1.00021,1.00041,1.88,1.50
2013.05.12 23:00:31.857,1.00023,1.00043,1.50,3.00
2013.05.12 23:00:32.363,1.00023,1.00043,1.50,2.25
2013.05.12 23:00:43.469,1.00023,1.00043,1.50,3.75
2013.05.12 23:00:48.061,1.00022,1.0004,1.50,2.25
2013.05.12 23:00:51.239,1.0002,1.00038,1.50,3.38
2013.05.12 23:00:53.371,1.0002,1.00039,1.50,3.38
2013.05.12 23:00:53.872,1.0002,1.00037,1.50,1.50
2013.05.12 23:01:02.981,1.0002,1.00038,1.50,2.63
2013.05.12 23:01:03.161,1.0002,1.00037,1.50,1.50
2013.05.12 23:01:05.281,1.0002,1.00037,1.50,1.50
2013.05.12 23:01:05.821,1.0002,1.00038,1.50,2.25
2013.05.12 23:01:06.404,1.0002,1.00033,1.50,1.50
2013.05.12 23:01:06.761,1.00019,1.00031,2.25,1.50
2013.05.12 23:01:06.882,1.00017,1.00031,1.50,1.50
2013.05.12 23:01:07.593,1.00017,1.00031,1.50,3.00
2013.05.12 23:01:09.351,1.00018,1.00035,1.50,2.25
2013.05.12 23:01:13.581,1.00019,1.00035,1.50,2.25
2013.05.12 23:01:14.652,1.0002,1.00035,1.50,2.25
2013.05.12 23:01:14.833,1.0002,1.00038,2.25,1.50
2013.05.12 23:01:14.952,1.0002,1.00039,3.75,1.88
2013.05.12 23:01:25.612,1.0002,1.00038,3.75,1.50
2013.05.12 23:01:27.568,1.0002,1.00036,2.25,1.50
2013.05.12 23:01:27.692,1.0002,1.00036,2.25,1.50
2013.05.12 23:01:28.201,1.0002,1.00036,1.50,2.25
2013.05.12 23:01:28.801,1.0002,1.00036,2.25,2.25
2013.05.12 23:01:30.641,1.0002,1.00038,3.00,3.00
2013.05.12 23:01:31.216,1.00021,1.00038,1.50,1.13
2013.05.12 23:01:31.641,1.00021,1.00038,2.25,1.13
2013.05.12 23:01:33.381,1.00021,1.00038,3.00,1.13
2013.05.12 23:01:33.691,1.00021,1.00038,2.25,1.13
2013.05.12 23:01:33.811,1.00021,1.00038,2.25,1.13
2013.05.12 23:01:34.522,1.00021,1.00039,3.00,2.63
2013.05.12 23:01:35.452,1.00024,1.00039,1.13,2.63
2013.05.12 23:01:35.632,1.00024,1.0004,4.13,1.50
2013.05.12 23:01:36.171,1.00024,1.00039,1.50,1.50
2013.05.12 23:01:37.136,1.00024,1.0004,1.50,2.25
2013.05.12 23:01:38.754,1.00024,1.00039,1.50,1.50
2013.05.12 23:01:39.111,1.00024,1.00041,1.50,3.75
2013.05.12 23:01:39.231,1.00024,1.00041,2.63,1.50
2013.05.12 23:01:39.411,1.00024,1.00043,1.50,1.50
2013.05.12 23:01:39.592,1.00024,1.00047,2.25,1.50
2013.05.12 23:01:39.711,1.00028,1.00047,1.50,1.50
2013.05.12 23:01:40.023,1.00028,1.00047,1.50,1.50
2013.05.12 23:01:42.391,1.00028,1.00044,1.50,1.50
2013.05.12 23:01:42.631,1.00028,1.00043,1.50,3.00
2013.05.12 23:01:42.812,1.00026,1.00043,1.50,3.00
2013.05.12 23:01:43.171,1.00026,1.00043,1.50,3.00
2013.05.12 23:01:43.352,1.00026,1.00043,1.50,3.00
2013.05.12 23:01:45.921,1.00025,1.00043,1.50,3.00
2013.05.12 23:01:47.012,1.00025,1.00043,1.50,3.00
2013.05.12 23:01:47.504,1.00025,1.00043,1.50,3.00
2013.05.12 23:01:47.570,1.00025,1.00043,1.50,3.00
2013.05.12 23:01:48.213,1.00025,1.00043,1.50,3.00
2013.05.12 23:01:50.521,1.00025,1.00043,1.50,3.00
2013.05.12 23:01:51.300,1.00025,1.00043,1.50,3.00
2013.05.12 23:01:54.021,1.00025,1.00043,1.50,3.00
2013.05.12 23:01:54.598,1.00026,1.00043,1.50,3.00
2013.05.12 23:01:56.711,1.00027,1.00043,1.50,3.00
2013.05.12 23:01:57.351,1.00027,1.00042,2.25,1.50
2013.05.12 23:01:58.026,1.00028,1.00043,2.25,1.50
2013.05.12 23:02:00.061,1.00029,1.00043,1.50,1.50
2013.05.12 23:02:00.271,1.00028,1.00043,2.25,1.50
2013.05.12 23:02:00.641,1.00028,1.00045,2.25,1.50
2013.05.12 23:02:00.821,1.00028,1.00043,2.25,1.50
2013.05.12 23:02:01.385,1.00028,1.00042,2.25,1.50
2013.05.12 23:02:02.065,1.00028,1.00043,2.25,1.50
2013.05.12 23:02:02.244,1.00028,1.00042,2.25,1.50
2013.05.12 23:02:04.181,1.00029,1.00042,1.50,1.50
2013.05.12 23:02:04.361,1.00032,1.00044,3.00,1.50
2013.05.12 23:02:04.421,1.00032,1.00046,3.00,1.50
2013.05.12 23:02:04.541,1.00032,1.00048,2.25,1.50
2013.05.12 23:02:04.671,1.00032,1.0005,2.25,1.50
2013.05.12 23:02:04.971,1.00035,1.0005,1.50,1.50
2013.05.12 23:02:05.451,1.00035,1.00053,2.25,1.50
2013.05.12 23:02:05.821,1.00037,1.00054,1.50,1.88
2013.05.12 23:02:06.348,1.00035,1.00054,2.25,1.88
2013.05.12 23:02:07.558,1.00037,1.00054,1.50,1.88
2013.05.12 23:02:11.221,1.00035,1.00054,1.50,1.88
2013.05.12 23:02:11.751,1.00037,1.00054,1.50,1.50
2013.05.12 23:02:14.818,1.00034,1.00054,1.50,1.50
2013.05.12 23:02:15.121,1.00037,1.00054,1.50,1.50
2013.05.12 23:02:16.531,1.00037,1.00054,1.50,1.50
2013.05.12 23:02:16.711,1.00037,1.00054,1.50,1.50
2013.05.12 23:02:17.781,1.00035,1.00054,1.50,1.50
2013.05.12 23:02:18.778,1.00035,1.00054,1.50,1.50
2013.05.12 23:02:21.391,1.00037,1.00054,1.50,1.50
2013.05.12 23:02:21.632,1.00037,1.00054,1.50,1.50
2013.05.12 23:02:22.032,1.00036,1.00054,1.50,1.50
2013.05.12 23:02:22.154,1.00037,1.00054,2.25,1.50
2013.05.12 23:02:25.431,1.00037,1.00054,2.25,1.50
2013.05.12 23:02:25.851,1.00044,1.00055,1.50,1.50
2013.05.12 23:02:37.421,1.00044,1.00057,2.25,1.50
2013.05.12 23:02:47.373,1.00044,1.00058,1.50,1.50
2013.05.12 23:03:07.831,1.00044,1.00055,1.50,1.50
2013.05.12 23:03:10.901,1.00044,1.00054,1.50,1.50
2013.05.12 23:03:22.251,1.00044,1.00052,1.50,1.50
2013.05.12 23:03:27.112,1.00044,1.00052,1.50,1.50
2013.05.12 23:03:27.352,1.00044,1.00052,1.50,1.50
2013.05.12 23:03:29.101,1.0004,1.00054,3.30,1.50
2013.05.12 23:03:29.642,1.00041,1.00053,1.05,1.50
2013.05.12 23:03:30.281,1.0004,1.00053,3.00,1.50
2013.05.12 23:03:30.401,1.0004,1.00053,3.15,1.50
2013.05.12 23:03:31.152,1.00041,1.00053,1.05,1.50
2013.05.12 23:03:31.843,1.00041,1.00053,1.05,1.50
2013.05.12 23:03:32.201,1.0004,1.00057,2.25,1.50
2013.05.12 23:03:32.322,1.0004,1.00055,3.00,1.50
2013.05.12 23:03:32.866,1.0004,1.00055,2.25,1.50
2013.05.12 23:03:37.758,1.0004,1.00055,2.25,1.50
2013.05.12 23:03:38.301,1.0004,1.00056,2.25,1.50
2013.05.12 23:03:45.522,1.0004,1.00055,3.00,1.50
2013.05.12 23:03:45.642,1.0004,1.00058,2.25,2.25
2013.05.12 23:03:45.702,1.0004,1.00055,2.25,1.50
2013.05.12 23:03:46.246,1.0004,1.00053,2.25,1.50
2013.05.12 23:03:46.622,1.0004,1.00052,2.25,1.50
2013.05.12 23:03:47.103,1.0004,1.00053,1.50,1.50
2013.05.12 23:03:47.162,1.00035,1.00048,1.50,1.50
2013.05.12 23:03:47.342,1.0003,1.00048,1.50,1.50
2013.05.12 23:03:47.401,1.00029,1.00048,1.50,1.50
2013.05.12 23:03:47.642,1.00027,1.00047,4.13,2.44
2013.05.12 23:03:48.142,1.00025,1.00046,3.38,1.50
2013.05.12 23:03:48.502,1.00029,1.00046,1.50,1.50
2013.05.12 23:03:49.062,1.00029,1.00047,1.50,1.50
2013.05.12 23:03:49.875,1.00029,1.00046,1.50,1.50
2013.05.12 23:03:49.993,1.00029,1.00048,1.50,1.50
2013.05.12 23:03:51.903,1.00029,1.00047,1.50,1.50
2013.05.12 23:03:53.721,1.00029,1.00046,1.50,1.50
2013.05.12 23:03:54.298,1.00029,1.00046,1.50,1.50
2013.05.12 23:03:55.412,1.00029,1.00045,1.50,1.50
2013.05.12 23:03:56.252,1.00029,1.00045,1.50,1.50
2013.05.12 23:03:59.901,1.00029,1.00046,1.50,1.50
2013.05.12 23:04:00.614,1.00029,1.00045,1.50,1.50
2013.05.12 23:04:06.271,1.00029,1.00045,1.50,1.50
2013.05.12 23:04:07.132,1.00029,1.00046,1.50,1.50
2013.05.12 23:04:08.042,1.00029,1.00047,1.50,1.50
2013.05.12 23:04:09.884,1.0003,1.00046,3.00,1.69
2013.05.12 23:04:13.313,1.00031,1.00047,1.50,1.50
2013.05.12 23:04:19.072,1.00031,1.00046,2.25,1.50
2013.05.12 23:04:19.604,1.00031,1.00049,1.50,1.50
2013.05.12 23:04:20.112,1.00031,1.00048,2.25,1.50
2013.05.12 23:04:25.133,1.00031,1.00048,3.19,1.50
2013.05.12 23:04:25.493,1.00027,1.00045,1.69,2.44
2013.05.12 23:04:26.032,1.00027,1.00041,2.44,1.50
2013.05.12 23:04:28.864,1.00027,1.00041,1.69,1.50
2013.05.12 23:04:29.405,1.00027,1.00041,1.50,1.50
2013.05.12 23:04:30.002,1.00025,1.00041,2.82,1.50
2013.05.12 23:04:30.892,1.00025,1.00041,2.82,1.50
2013.05.12 23:04:35.842,1.00025,1.00041,2.25,1.50
2013.05.12 23:04:49.983,1.00025,1.00041,3.19,1.50
2013.05.12 23:04:50.462,1.00025,1.00041,3.19,1.50
2013.05.12 23:04:51.270,1.00025,1.00041,3.19,2.25
2013.05.12 23:05:03.542,1.00025,1.00041,2.44,1.50
2013.05.12 23:05:06.472,1.00025,1.00041,2.63,1.50
2013.05.12 23:05:06.900,1.00025,1.00041,2.63,1.50
2013.05.12 23:05:06.970,1.00026,1.00041,4.50,1.50
2013.05.12 23:05:07.034,1.00026,1.00043,4.50,1.69
2013.05.12 23:05:08.002,1.00026,1.00043,1.50,2.44
2013.05.12 23:05:08.122,1.00025,1.00043,3.75,2.44
2013.05.12 23:05:08.682,1.00026,1.00043,1.50,1.69
2013.05.12 23:05:11.302,1.00026,1.00043,1.50,2.44
2013.05.12 23:05:16.451,1.00025,1.00042,4.13,1.50
2013.05.12 23:05:23.707,1.00025,1.00043,3.94,2.25
2013.05.12 23:05:23.961,1.00025,1.00043,3.00,1.69
2013.05.12 23:05:25.714,1.00025,1.00043,3.19,1.50
2013.05.12 23:05:26.577,1.00025,1.00043,3.19,1.50
2013.05.12 23:05:28.662,1.00025,1.00043,2.63,1.50
2013.05.12 23:05:28.862,1.00025,1.00043,2.82,2.25
2013.05.12 23:05:30.204,1.00025,1.0004,2.82,1.50
2013.05.12 23:05:30.702,1.00025,1.00042,3.57,1.50
2013.05.12 23:05:31.233,1.00025,1.00042,3.57,1.50
2013.05.12 23:05:32.274,1.00025,1.00042,3.19,1.50
2013.05.12 23:05:32.823,1.00025,1.00042,4.13,1.50
2013.05.12 23:05:34.410,1.00025,1.00042,5.63,1.50
2013.05.12 23:05:36.942,1.00025,1.00042,2.44,2.25
2013.05.12 23:05:37.122,1.00025,1.00042,3.57,2.25
2013.05.12 23:05:37.302,1.00025,1.0004,3.57,1.50
2013.05.12 23:05:37.492,1.00025,1.0004,3.57,1.50
2013.05.12 23:05:37.633,1.00025,1.0004,3.57,1.50
2013.05.12 23:05:39.314,1.00025,1.0004,3.57,1.50
2013.05.12 23:05:39.632,1.00025,1.00043,3.19,2.25
2013.05.12 23:05:44.333,1.00025,1.00043,2.63,2.25
2013.05.12 23:05:44.572,1.00026,1.00043,1.13,2.25
2013.05.12 23:05:45.634,1.00026,1.00042,1.13,1.50
2013.05.12 23:05:47.223,1.00025,1.00042,2.63,1.50
2013.05.12 23:05:47.822,1.00025,1.00043,2.44,2.25
2013.05.12 23:05:48.062,1.00025,1.00043,2.44,1.50
2013.05.12 23:05:50.662,1.00025,1.00043,2.63,1.50
2013.05.12 23:05:50.722,1.00025,1.00043,2.63,1.50
2013.05.12 23:05:52.272,1.00025,1.00043,2.63,1.50
2013.05.12 23:05:52.332,1.00025,1.00043,3.00,2.25
2013.05.12 23:05:58.546,1.00025,1.00041,2.44,1.50
2013.05.12 23:05:58.872,1.00021,1.00039,6.19,1.50
2013.05.12 23:05:59.536,1.00021,1.00039,6.19,1.50
2013.05.12 23:06:10.193,1.00022,1.00039,1.69,1.50
2013.05.12 23:06:10.753,1.00022,1.00038,1.69,1.50
2013.05.12 23:06:11.172,1.0002,1.00038,3.00,2.25
2013.05.12 23:06:11.903,1.0002,1.00038,3.00,1.50
2013.05.12 23:06:12.192,1.0002,1.00033,3.00,1.50
2013.05.12 23:06:12.252,1.0002,1.00033,2.25,1.50
2013.05.12 23:06:12.372,1.00019,1.00033,1.69,1.50
2013.05.12 23:06:12.492,1.00019,1.00033,3.19,1.50
2013.05.12 23:06:12.672,1.0002,1.00035,1.50,1.50
2013.05.12 23:06:13.123,1.00019,1.00037,3.19,1.50
2013.05.12 23:06:15.842,1.00019,1.00038,3.94,1.50
2013.05.12 23:06:16.502,1.00022,1.00038,1.50,1.50
2013.05.12 23:06:16.692,1.00022,1.00039,1.50,1.50
2013.05.12 23:06:17.232,1.00023,1.00039,1.50,1.50
2013.05.12 23:06:28.952,1.00023,1.00041,1.50,2.44
2013.05.12 23:06:29.132,1.00022,1.00039,1.50,1.50
2013.05.12 23:06:30.432,1.00023,1.0004,1.50,1.50
2013.05.12 23:06:30.492,1.00023,1.00039,1.50,1.50
2013.05.12 23:06:33.916,1.00022,1.0004,1.50,1.50
2013.05.12 23:06:33.983,1.00022,1.00039,1.50,1.50
2013.05.12 23:06:34.162,1.00022,1.00039,1.50,1.50
2013.05.12 23:06:34.842,1.00023,1.00039,1.50,2.25
2013.05.12 23:06:50.192,1.00023,1.00038,1.50,1.50
2013.05.12 23:06:50.722,1.00023,1.00038,1.50,1.50
2013.05.12 23:06:51.365,1.00023,1.00038,1.50,1.50
2013.05.12 23:06:52.985,1.00023,1.00038,1.50,1.50
2013.05.12 23:06:58.113,1.00022,1.00039,1.69,1.50
2013.05.12 23:06:58.592,1.00021,1.00037,1.69,1.50
2013.05.12 23:06:59.193,1.0002,1.00038,2.44,1.50
2013.05.12 23:06:59.552,1.0002,1.00038,1.69,2.25
2013.05.12 23:07:00.392,1.00018,1.00037,1.69,2.25
2013.05.12 23:07:00.572,1.00017,1.00037,3.94,2.25
2013.05.12 23:07:00.633,1.00018,1.00037,1.69,3.00
2013.05.12 23:07:01.172,1.00018,1.00035,1.69,1.50
2013.05.12 23:07:01.712,1.00018,1.00037,1.69,2.25
2013.05.12 23:07:19.762,1.00017,1.00037,3.00,1.69
2013.05.12 23:07:19.822,1.00017,1.00037,3.00,1.69
2013.05.12 23:07:23.596,1.00017,1.00037,3.75,1.50
2013.05.12 23:07:23.892,1.00017,1.00037,5.44,1.50
2013.05.12 23:07:28.546,1.00017,1.00039,4.69,3.19
2013.05.12 23:07:28.851,1.00019,1.00037,1.50,1.50
2013.05.12 23:07:33.062,1.00019,1.00035,1.69,3.00
2013.05.12 23:07:33.602,1.00019,1.00033,1.69,1.13
2013.05.12 23:07:36.872,1.00019,1.00034,1.50,1.13
2013.05.12 23:07:39.662,1.00018,1.00035,1.50,3.38
2013.05.12 23:07:42.712,1.00018,1.00035,1.50,2.63
2013.05.12 23:07:45.463,1.00019,1.00037,2.82,2.25
2013.05.12 23:07:49.873,1.00019,1.00037,1.50,1.50
2013.05.12 23:07:50.752,1.00018,1.00033,3.19,1.50
2013.05.12 23:07:51.259,1.00018,1.00033,2.82,1.50
2013.05.12 23:07:53.102,1.00018,1.00033,2.44,1.50
2013.05.12 23:07:53.402,1.00015,1.00029,1.69,1.50
2013.05.12 23:07:53.522,1.00014,1.00027,1.32,1.50
2013.05.12 23:07:56.596,1.00013,1.00027,1.50,2.25
2013.05.12 23:07:56.772,1.00013,1.00027,1.50,2.25
2013.05.12 23:07:59.157,1.0001,1.00026,2.44,1.50
2013.05.12 23:07:59.222,1.00009,1.00023,1.77,1.50
2013.05.12 23:07:59.283,1.00008,1.00022,1.58,1.50
2013.05.12 23:07:59.343,1.00006,1.00022,2.97,3.00
2013.05.12 23:07:59.702,1.00001,1.00019,1.50,2.25
2013.05.12 23:08:00.655,0.99999,1.00017,2.44,3.00
2013.05.12 23:08:01.503,0.99999,1.00017,1.69,2.25
2013.05.12 23:08:01.577,1.0,1.00017,1.69,2.25
2013.05.12 23:08:04.634,1.00002,1.00017,1.50,2.25
2013.05.12 23:08:05.422,1.0,1.00017,1.02,3.75
2013.05.12 23:08:06.972,0.99999,1.00016,1.84,1.50
2013.05.12 23:08:07.562,1.0,1.00016,1.02,1.50
2013.05.12 23:08:08.052,1.0,1.00017,1.77,3.00
2013.05.12 23:08:08.118,1.0,1.00016,1.77,1.50
2013.05.12 23:08:08.803,1.0,1.00016,1.77,1.50
2013.05.12 23:08:09.702,0.99999,1.00014,1.02,1.50
2013.05.12 23:08:09.763,0.99998,1.00014,3.19,1.50
2013.05.12 23:08:09.823,0.99998,1.00014,2.44,1.50
2013.05.12 23:08:10.183,0.99998,1.00014,3.19,1.50
2013.05.12 23:08:10.362,0.99998,1.00016,3.19,1.50
2013.05.12 23:08:10.422,0.99998,1.00016,2.44,1.50
2013.05.12 23:08:10.962,0.99998,1.00016,3.94,1.50
2013.05.12 23:08:16.209,0.99998,1.00016,3.94,1.50
2013.05.12 23:08:17.532,0.99998,1.00016,4.69,1.50
2013.05.12 23:08:18.502,0.99998,1.00016,5.44,1.50
2013.05.12 23:08:18.862,0.99998,1.00016,3.94,1.50
2013.05.12 23:08:19.433,0.99998,1.00016,4.69,1.50
2013.05.12 23:08:23.992,0.99998,1.00016,4.69,1.50
2013.05.12 23:08:24.112,0.99999,1.00016,1.69,1.50
2013.05.12 23:08:24.703,1.0,1.00017,3.19,2.25
2013.05.12 23:08:27.482,1.00001,1.00016,1.50,1.50
2013.05.12 23:08:28.693,1.0,1.00017,1.50,3.00
2013.05.12 23:08:30.172,1.00001,1.00017,1.50,3.00
2013.05.12 23:08:30.232,1.00001,1.00017,1.50,3.00
2013.05.12 23:08:30.412,1.0,1.00017,2.25,3.00
2013.05.12 23:08:30.652,1.00001,1.00017,1.50,3.00
2013.05.12 23:08:31.192,1.0,1.00017,1.50,2.25
2013.05.12 23:08:31.552,1.00006,1.0002,1.50,2.25
2013.05.12 23:08:32.063,1.00007,1.00021,1.50,2.25
2013.05.12 23:08:34.303,1.00007,1.0002,1.50,1.50
2013.05.12 23:08:35.542,1.00007,1.00022,1.50,2.25
2013.05.12 23:08:35.602,1.00007,1.00022,2.25,2.25
2013.05.12 23:08:42.803,1.00007,1.00022,1.50,2.25
2013.05.12 23:08:43.352,1.00006,1.00019,1.50,1.50
2013.05.12 23:08:46.633,1.00007,1.0002,1.50,1.50
2013.05.12 23:08:47.863,1.00007,1.00022,1.50,2.25
2013.05.12 23:08:49.384,1.00007,1.00022,1.50,2.25
2013.05.12 23:09:08.025,1.00007,1.00022,1.50,1.50
2013.05.12 23:09:08.573,1.00007,1.00022,2.25,2.25
2013.05.12 23:09:22.551,1.00006,1.00022,1.69,2.25
2013.05.12 23:09:23.246,1.00007,1.00022,1.69,2.25
2013.05.12 23:09:23.754,1.00007,1.00022,2.44,2.25
2013.05.12 23:09:25.408,1.00007,1.00022,1.50,2.25
2013.05.12 23:09:34.002,1.00007,1.00022,1.50,1.50
2013.05.12 23:09:34.493,1.00007,1.00022,1.50,2.25
2013.05.12 23:09:34.612,1.00007,1.00022,1.50,2.25
2013.05.12 23:09:37.732,1.00006,1.00022,1.50,2.25
2013.05.12 23:09:38.283,1.00007,1.00022,1.50,2.25
2013.05.12 23:09:40.374,1.00006,1.00022,2.63,2.25
2013.05.12 23:09:40.986,1.00007,1.00022,1.50,2.25
2013.05.12 23:09:49.582,1.00005,1.00022,2.82,1.50
2013.05.12 23:09:49.673,1.00005,1.00022,2.82,1.50
2013.05.12 23:09:51.262,1.00006,1.00022,1.69,1.50
2013.05.12 23:09:55.182,1.00006,1.00022,1.69,1.50
2013.05.12 23:09:55.363,1.00004,1.00023,1.13,3.75
2013.05.12 23:09:55.482,1.00004,1.00022,1.13,1.50
2013.05.12 23:10:04.033,1.00003,1.00022,1.88,1.50
2013.05.12 23:10:06.912,1.00004,1.00022,1.13,2.25
2013.05.12 23:10:16.492,1.00004,1.00021,1.13,1.69
2013.05.12 23:10:24.451,1.00003,1.00021,2.44,1.50
2013.05.12 23:10:25.842,1.00003,1.00021,1.69,1.50
2013.05.12 23:10:25.903,1.00003,1.00021,1.69,1.50
2013.05.12 23:10:25.962,1.00003,1.00021,1.69,1.50
2013.05.12 23:10:26.147,1.00003,1.00021,1.69,1.50
2013.05.12 23:10:26.992,1.00003,1.00021,2.44,1.50
2013.05.12 23:10:27.172,1.00003,1.00021,2.44,1.50
2013.05.12 23:10:30.714,1.00003,1.00021,1.69,1.50
2013.05.12 23:10:31.712,1.00003,1.00021,1.50,1.50
2013.05.12 23:10:32.265,1.00003,1.00021,1.50,1.50
2013.05.12 23:10:37.043,1.00003,1.00018,1.88,1.50
2013.05.12 23:10:37.283,1.00002,1.00018,1.50,3.00
2013.05.12 23:10:38.433,1.0,1.00016,2.44,1.50
2013.05.12 23:10:39.048,1.0,1.00014,2.44,1.50
2013.05.12 23:10:41.153,1.0,1.00016,2.25,1.50
2013.05.12 23:10:41.713,1.00001,1.00016,1.50,1.50
2013.05.12 23:10:41.773,1.0,1.00016,1.50,1.50
2013.05.12 23:10:41.833,1.0,1.00016,1.50,2.25
2013.05.12 23:10:42.194,0.99997,1.00012,2.44,1.50
2013.05.12 23:10:42.902,0.99997,1.00012,2.44,1.50
2013.05.12 23:10:43.972,0.99997,1.00012,2.25,1.50
2013.05.12 23:10:44.912,0.99997,1.00012,2.25,1.50
2013.05.12 23:10:45.092,0.99997,1.00013,2.25,1.50
2013.05.12 23:10:45.513,1.00001,1.00016,1.50,1.88
2013.05.12 23:10:46.023,1.00001,1.00015,1.50,1.13
2013.05.12 23:10:46.552,1.00002,1.00015,1.50,1.13
2013.05.12 23:10:46.683,0.99997,1.00016,3.00,1.13
2013.05.12 23:10:46.864,0.99999,1.00017,1.50,1.69
2013.05.12 23:10:47.222,1.00001,1.00017,1.50,2.25
2013.05.12 23:10:47.733,0.99999,1.00017,1.69,2.25
2013.05.12 23:10:48.809,1.0,1.00018,1.50,3.19
2013.05.12 23:10:50.452,1.00001,1.00019,1.50,1.69
2013.05.12 23:10:50.513,1.00002,1.00019,1.50,1.69
2013.05.12 23:10:51.073,1.00003,1.0002,1.50,1.69
2013.05.12 23:10:51.313,1.00005,1.00021,1.50,3.94
2013.05.12 23:10:51.874,1.00006,1.00021,1.50,3.19
2013.05.12 23:10:52.406,1.00006,1.00021,1.50,3.19
2013.05.12 23:10:53.684,1.00006,1.00021,1.50,3.19
2013.05.12 23:10:55.202,1.00006,1.00021,1.50,2.44
2013.05.12 23:10:58.753,1.00004,1.0002,1.50,1.50
2013.05.12 23:10:58.813,1.00003,1.00016,2.25,1.50
2013.05.12 23:10:58.933,1.00005,1.00016,1.50,1.50
2013.05.12 23:10:59.493,1.00006,1.0002,1.50,1.50
2013.05.12 23:11:01.143,1.00006,1.0002,1.50,1.50
2013.05.12 23:11:01.504,1.00003,1.00015,1.88,2.25
2013.05.12 23:11:01.682,1.00003,1.00015,1.50,2.25
2013.05.12 23:11:02.053,1.00003,1.00019,2.25,2.25
2013.05.12 23:11:03.573,1.00005,1.00019,1.50,1.50
2013.05.12 23:11:04.029,1.00005,1.00019,1.50,1.50
2013.05.12 23:11:04.854,1.00005,1.00019,1.50,1.50
2013.05.12 23:11:06.395,1.00005,1.00017,1.50,1.50
2013.05.12 23:11:06.963,1.00003,1.00019,2.25,1.50
2013.05.12 23:11:07.083,1.00006,1.0002,1.50,1.50
2013.05.12 23:11:07.604,1.00006,1.00021,1.50,1.50
2013.05.12 23:11:09.652,1.00008,1.00022,1.50,1.50
2013.05.12 23:11:09.953,1.00002,1.0002,3.00,3.19
2013.05.12 23:11:10.013,1.00005,1.0002,1.50,3.57
2013.05.12 23:11:10.252,1.00003,1.0002,1.50,3.57
2013.05.12 23:11:10.792,1.00003,1.00019,1.50,1.32
2013.05.12 23:11:12.762,1.00002,1.00019,1.50,2.82
2013.05.12 23:11:13.872,1.00001,1.00019,1.50,2.07
2013.05.12 23:11:13.993,1.00002,1.00019,1.50,2.82
2013.05.12 23:11:14.812,1.00001,1.00019,1.50,2.07
2013.05.12 23:11:14.992,1.00002,1.00019,1.50,2.82
2013.05.12 23:11:16.133,1.00001,1.00019,1.50,2.07
2013.05.12 23:11:16.342,1.00002,1.00019,1.50,2.82
2013.05.12 23:11:17.114,1.00002,1.00019,1.50,2.07
2013.05.12 23:11:17.643,1.00002,1.00019,1.50,2.82
2013.05.12 23:11:20.392,1.00002,1.00019,2.25,2.82
2013.05.12 23:11:22.174,1.00004,1.00019,1.50,2.07
2013.05.12 23:11:22.533,1.00003,1.00018,1.50,1.13
2013.05.12 23:11:23.102,1.00003,1.00019,1.50,2.82
2013.05.12 23:11:24.802,1.00003,1.00019,1.50,2.82
2013.05.12 23:11:26.622,1.00003,1.00019,1.50,2.82
2013.05.12 23:11:26.682,1.00003,1.00019,1.50,3.57
2013.05.12 23:11:36.926,1.00003,1.00016,1.50,1.50
2013.05.12 23:11:37.432,0.99998,1.00015,2.25,1.88
2013.05.12 23:11:42.744,0.99998,1.00015,1.50,1.13
2013.05.12 23:11:42.862,0.99998,1.00015,2.25,1.88
2013.05.12 23:11:43.414,0.99998,1.00015,2.25,1.88
2013.05.12 23:11:43.533,0.99998,1.00013,1.50,1.13
2013.05.12 23:11:43.652,0.99995,1.00011,1.69,2.25
2013.05.12 23:11:44.193,0.99995,1.00011,2.25,1.69
2013.05.12 23:11:47.875,0.99997,1.00009,1.50,1.50
2013.05.12 23:11:48.173,0.9999,1.00009,1.69,1.50
2013.05.12 23:11:49.712,0.99996,1.00011,1.50,2.44
2013.05.12 23:11:50.922,0.99997,1.00011,1.50,1.50
2013.05.12 23:11:51.484,0.99997,1.00011,1.50,1.50
2013.05.12 23:12:01.743,0.99997,1.0001,1.50,2.25
2013.05.12 23:12:01.983,0.99992,1.0001,2.25,3.75
2013.05.12 23:12:03.082,0.99993,1.00008,1.50,1.50
2013.05.12 23:12:03.663,0.99993,1.00007,1.50,1.50
2013.05.12 23:12:06.473,0.99993,1.00008,1.50,1.50
2013.05.12 23:12:10.153,0.99992,1.00002,1.50,1.50
2013.05.12 23:12:10.393,0.99988,1.00002,1.69,1.50
2013.05.12 23:12:10.642,0.99986,1.0,4.09,2.25
2013.05.12 23:12:10.844,0.99988,1.0,1.50,2.25
2013.05.12 23:12:11.383,0.99988,1.0,1.50,2.25
2013.05.12 23:12:12.264,0.99988,1.0,1.50,3.00
2013.05.12 23:12:12.583,0.99988,1.0,1.50,3.00
2013.05.12 23:12:13.442,0.99986,1.0,1.43,2.25
2013.05.12 23:12:13.973,0.99988,1.00001,1.50,1.50
2013.05.12 23:12:14.723,0.99988,1.00001,1.50,2.25
2013.05.12 23:12:15.364,0.99988,1.00001,1.50,1.50
2013.05.12 23:12:15.916,0.9999,1.00002,1.50,2.44
2013.05.12 23:12:16.245,0.99988,1.00002,3.75,2.44
2013.05.12 23:12:18.452,0.99988,1.00002,3.00,2.44
2013.05.12 23:12:18.988,0.99988,1.00002,3.75,2.44
2013.05.12 23:12:19.496,0.99989,1.00002,1.50,2.44
2013.05.12 23:12:20.452,0.99988,1.00002,3.75,2.44
2013.05.12 23:12:20.883,0.99988,0.99997,1.50,1.50
2013.05.12 23:12:21.123,0.99983,0.99997,1.50,1.50
2013.05.12 23:12:21.423,0.99982,0.99997,1.50,1.50
2013.05.12 23:12:21.543,0.99979,0.99992,1.50,1.69
2013.05.12 23:12:22.312,0.99978,0.99992,1.50,1.69
2013.05.12 23:12:22.972,0.99978,0.99992,1.50,1.69
2013.05.12 23:12:23.763,0.99978,0.99992,1.50,1.69
2013.05.12 23:12:26.723,0.99976,0.9999,2.93,1.50
2013.05.12 23:12:33.714,0.99978,0.99993,1.50,2.44
2013.05.12 23:12:34.303,0.99976,0.99993,3.00,2.44
2013.05.12 23:12:34.630,0.99978,0.99993,1.50,2.44
2013.05.12 23:12:34.853,0.99978,0.99993,1.50,2.44
2013.05.12 23:12:35.333,0.99977,0.99993,1.50,3.19
2013.05.12 23:12:38.402,0.99978,0.99993,1.50,2.82
2013.05.12 23:12:38.653,0.9998,0.99993,1.50,2.82
2013.05.12 23:12:38.832,0.9998,0.99993,1.50,2.82
2013.05.12 23:12:40.703,0.99977,0.99992,1.50,1.50
2013.05.12 23:12:42.843,0.99976,0.99993,1.50,3.00
2013.05.12 23:12:42.963,0.99977,0.99992,1.50,1.50
2013.05.12 23:12:44.374,0.99976,0.99992,1.50,1.50
2013.05.12 23:12:44.553,0.99977,0.99992,1.50,1.50
2013.05.12 23:12:45.103,0.99975,0.9999,2.18,3.38
2013.05.12 23:12:45.403,0.99975,0.9999,1.43,2.63
2013.05.12 23:12:45.468,0.99975,0.99989,1.43,1.13
2013.05.12 23:12:46.003,0.99975,0.99989,1.43,1.13
2013.05.12 23:12:46.484,0.99974,0.9999,1.43,2.63
2013.05.12 23:12:46.603,0.99976,0.99989,1.43,1.13
2013.05.12 23:12:47.123,0.99975,0.9999,1.43,2.63
2013.05.12 23:12:47.675,0.99976,0.99989,1.43,1.13
2013.05.12 23:12:48.803,0.99975,0.99989,1.43,1.13
2013.05.12 23:12:49.563,0.99972,0.99986,2.44,1.50
2013.05.12 23:12:50.025,0.99968,0.99983,1.69,2.63
2013.05.12 23:12:50.563,0.99966,0.99982,6.19,1.50
2013.05.12 23:12:50.796,0.99966,0.99982,3.94,1.50
2013.05.12 23:12:51.298,0.99966,0.99982,4.77,1.50
2013.05.12 23:12:51.793,0.99966,0.99982,4.77,1.50
2013.05.12 23:12:52.153,0.99966,0.99983,5.33,1.50
2013.05.12 23:12:53.013,0.99966,0.99982,5.33,1.50
2013.05.12 23:12:53.443,0.99966,0.99983,4.58,2.25
2013.05.12 23:12:53.503,0.99966,0.99983,4.58,2.25
2013.05.12 23:12:54.102,0.99966,0.99983,4.58,2.25
2013.05.12 23:12:54.610,0.99967,0.99981,1.50,1.50
2013.05.12 23:12:55.093,0.99967,0.99982,1.50,2.25
2013.05.12 23:12:55.632,0.99968,0.99982,1.50,1.50
2013.05.12 23:12:56.452,0.99968,0.99981,1.50,1.50
2013.05.12 23:12:56.512,0.99966,0.99984,4.95,1.88
2013.05.12 23:12:56.633,0.99968,0.99981,1.50,1.50
2013.05.12 23:12:56.693,0.99968,0.99984,1.50,1.88
2013.05.12 23:12:56.812,0.99968,0.99984,2.25,1.13
2013.05.12 23:12:57.352,0.99968,0.99983,1.50,2.25
2013.05.12 23:13:02.043,0.99967,0.99982,1.50,1.50
2013.05.12 23:13:04.474,0.99966,0.99981,2.25,1.50
2013.05.12 23:13:05.953,0.99966,0.99982,3.68,1.50
2013.05.12 23:13:06.213,0.99966,0.99982,2.93,1.50
2013.05.12 23:13:06.343,0.99966,0.99982,4.43,1.50
2013.05.12 23:13:11.153,0.99966,0.99982,3.00,1.50
2013.05.12 23:13:11.213,0.99968,0.99982,1.50,2.25
2013.05.12 23:13:11.604,0.99967,0.99982,1.50,1.50
2013.05.12 23:13:11.722,0.99966,0.99983,3.00,1.50
2013.05.12 23:13:11.783,0.99967,0.99982,1.50,1.50
2013.05.12 23:13:12.324,0.99971,0.99985,2.25,2.25
2013.05.12 23:13:13.745,0.99971,0.99985,1.50,1.50
2013.05.12 23:13:14.385,0.99971,0.99985,2.25,2.25
2013.05.12 23:13:14.982,0.99971,0.99985,2.25,1.50
2013.05.12 23:13:15.513,0.99971,0.99985,2.25,2.25
2013.05.12 23:13:16.703,0.99971,0.99984,2.25,1.50
2013.05.12 23:13:17.249,0.99969,0.99985,1.50,2.25
2013.05.12 23:13:17.534,0.99967,0.99985,3.19,1.88
2013.05.12 23:13:17.653,0.99969,0.99984,1.50,1.50
2013.05.12 23:13:19.368,0.99975,0.99984,1.50,1.50
2013.05.12 23:13:19.673,0.99975,0.99983,2.25,1.50
2013.05.12 23:13:19.973,0.99971,0.99986,2.25,1.50
2013.05.12 23:13:20.153,0.99971,0.99986,1.50,1.50
2013.05.12 23:13:20.273,0.99971,0.99987,2.25,1.69
2013.05.12 23:13:20.643,0.99971,0.99986,2.25,1.50
2013.05.12 23:13:24.863,0.99971,0.99986,2.25,1.50
2013.05.12 23:13:25.653,0.99971,0.99986,1.50,1.50
2013.05.12 23:13:26.192,0.99971,0.99983,1.50,1.50
2013.05.12 23:13:27.243,0.99971,0.99984,2.25,1.50
2013.05.12 23:13:27.792,0.99971,0.99984,1.50,1.50
2013.05.12 23:13:28.967,0.99971,0.99984,2.25,1.50
2013.05.12 23:13:35.800,0.9997,0.99984,1.50,1.69
2013.05.12 23:13:37.243,0.99969,0.99984,1.50,1.69
2013.05.12 23:13:37.744,0.9997,0.99984,1.50,1.69
2013.05.12 23:13:39.243,0.9997,0.99984,1.50,1.69
2013.05.12 23:13:39.723,0.9997,0.99983,1.50,1.50
2013.05.12 23:13:39.903,0.99969,0.99983,1.50,1.50
2013.05.12 23:13:41.333,0.99968,0.99983,1.50,1.50
2013.05.12 23:13:41.693,0.99971,0.99983,1.50,1.69
2013.05.12 23:13:41.994,0.99972,0.99985,1.50,1.69
2013.05.12 23:13:42.584,0.99972,0.99985,1.50,1.69
2013.05.12 23:13:43.093,0.99972,0.99985,1.50,2.82
2013.05.12 23:13:47.506,0.9997,0.99986,1.50,2.07
2013.05.12 23:13:48.774,0.9997,0.99986,1.50,2.07
2013.05.12 23:13:51.634,0.9997,0.99985,1.50,1.69
2013.05.12 23:13:54.854,0.99969,0.99985,1.50,1.69
2013.05.12 23:13:54.973,0.9997,0.99984,1.50,1.50
2013.05.12 23:13:56.322,0.99972,0.99985,1.50,1.50
2013.05.12 23:13:56.575,0.99976,0.99988,1.50,1.69
2013.05.12 23:13:56.694,0.99976,0.9999,1.50,1.50
2013.05.12 23:13:56.813,0.99976,0.99991,1.50,1.50
2013.05.12 23:13:56.994,0.99976,0.99991,1.50,1.50
2013.05.12 23:13:57.173,0.99977,0.99993,1.50,2.44
2013.05.12 23:13:57.953,0.99976,0.99993,3.00,1.69
2013.05.12 23:13:58.013,0.99976,0.99991,1.50,1.50
2013.05.12 23:13:58.374,0.99976,0.99991,1.50,1.50
2013.05.12 23:13:58.890,0.99976,0.99991,1.50,1.50
2013.05.12 23:13:59.442,0.99976,0.99991,1.50,1.50
2013.05.12 23:14:00.013,0.99975,0.9999,1.50,1.50
2013.05.12 23:14:00.193,0.99973,0.99989,1.50,1.50
2013.05.12 23:14:02.774,0.99973,0.99989,1.50,1.50
2013.05.12 23:14:04.933,0.99973,0.99989,1.50,1.50
2013.05.12 23:14:05.293,0.99968,0.99979,2.44,1.88
2013.05.12 23:14:05.354,0.99965,0.99976,1.02,1.88
2013.05.12 23:14:05.763,0.99963,0.99977,1.65,1.50
2013.05.12 23:14:05.884,0.99964,0.9998,2.33,1.69
2013.05.12 23:14:06.003,0.99964,0.99981,1.65,1.50
2013.05.12 23:14:06.063,0.99964,0.99981,2.40,2.25
2013.05.12 23:14:06.383,0.99964,0.99981,1.65,1.50
2013.05.12 23:14:06.683,0.99964,0.99981,2.63,1.50
2013.05.12 23:14:07.043,0.99971,0.9998,1.50,1.50
2013.05.12 23:14:08.903,0.99971,0.99985,2.25,1.50
2013.05.12 23:14:08.973,0.99971,0.99985,1.50,1.50
2013.05.12 23:14:09.033,0.99971,0.99987,3.00,1.50
2013.05.12 23:14:09.513,0.99973,0.99988,1.50,1.69
2013.05.12 23:14:10.054,0.99973,0.99987,1.50,1.50
2013.05.12 23:14:10.880,0.99973,0.99987,1.50,1.50
2013.05.12 23:14:11.504,0.99972,0.99987,2.25,1.50
2013.05.12 23:14:11.863,0.99966,0.99976,1.69,1.50
2013.05.12 23:14:12.103,0.99966,0.99976,1.50,1.50
2013.05.12 23:14:12.284,0.99965,0.9998,1.50,2.07
2013.05.12 23:14:12.344,0.99965,0.9998,1.50,1.32
2013.05.12 23:14:12.410,0.99966,0.99982,2.25,2.44
2013.05.12 23:14:12.952,0.99966,0.99981,1.50,1.50
2013.05.12 23:14:18.943,0.99966,0.99981,1.50,2.25
2013.05.12 23:14:21.130,0.99966,0.9998,1.50,1.50
2013.05.12 23:14:21.313,0.99965,0.99976,1.50,2.25
2013.05.12 23:14:21.433,0.99965,0.99976,1.50,2.25
2013.05.12 23:14:21.793,0.99966,0.99976,1.43,2.63
2013.05.12 23:14:23.772,0.99966,0.99979,1.43,2.25
2013.05.12 23:14:23.833,0.99966,0.99979,1.43,1.88
2013.05.12 23:14:25.693,0.99965,0.9998,1.43,1.69
2013.05.12 23:14:25.754,0.99965,0.9998,1.43,1.69
2013.05.12 23:14:25.874,0.99964,0.9998,2.18,1.69
2013.05.12 23:14:26.053,0.99965,0.9998,1.35,1.69
2013.05.12 23:14:26.653,0.99966,0.99979,1.35,1.50
2013.05.12 23:14:27.324,0.99965,0.99975,1.35,2.25
2013.05.12 23:14:33.723,0.99966,0.99975,1.35,2.25
2013.05.12 23:14:33.843,0.99966,0.99979,1.35,1.50
2013.05.12 23:14:35.303,0.99966,0.9998,1.35,1.50
2013.05.12 23:14:36.433,0.99966,0.99979,1.35,1.50
2013.05.12 23:14:36.493,0.99966,0.99977,1.35,1.13
2013.05.12 23:14:36.794,0.99959,0.99975,2.33,3.00
2013.05.12 23:14:36.973,0.99956,0.99974,5.03,1.69
2013.05.12 23:14:37.093,0.99956,0.99975,5.85,3.19
2013.05.12 23:14:37.333,0.99956,0.99971,2.48,3.00
2013.05.12 23:14:37.629,0.99956,0.99971,1.28,3.00
2013.05.12 23:14:37.756,0.99956,0.99971,1.28,3.00
2013.05.12 23:14:37.943,0.99955,0.99971,1.92,3.00
2013.05.12 23:14:38.123,0.99955,0.99971,1.92,2.25
2013.05.12 23:14:38.962,0.99955,0.99971,1.73,2.25
2013.05.12 23:14:39.033,0.99955,0.99971,1.73,2.25
2013.05.12 23:14:39.745,0.99955,0.99971,1.73,2.25
2013.05.12 23:14:40.763,0.99956,0.99971,1.73,2.25
2013.05.12 23:14:41.365,0.99955,0.99969,1.73,1.50
2013.05.12 23:14:41.866,0.99956,0.99969,1.73,1.50
2013.05.12 23:14:42.379,0.99955,0.99969,1.43,1.50
2013.05.12 23:14:43.523,0.99956,0.99969,1.43,1.50
2013.05.12 23:14:44.053,0.99955,0.99969,1.43,1.50
2013.05.12 23:14:44.787,0.99956,0.99969,1.43,1.50
2013.05.12 23:14:45.523,0.99956,0.99969,1.43,1.50
2013.05.12 23:14:45.763,0.9995,0.99967,1.69,1.50
2013.05.12 23:14:46.063,0.99951,0.99968,2.25,2.44
2013.05.12 23:14:46.603,0.99951,0.99967,2.25,1.50
2013.05.12 23:14:47.195,0.99951,0.99967,2.25,1.50
2013.05.12 23:14:47.753,0.9995,0.99967,3.00,1.50
2013.05.12 23:14:48.258,0.9995,0.99966,3.75,1.50
2013.05.12 23:14:48.572,0.99951,0.99967,1.50,1.50
2013.05.12 23:14:48.753,0.99954,0.99967,1.50,1.50
2013.05.12 23:14:48.814,0.99954,0.99968,1.50,1.69
2013.05.12 23:14:49.353,0.99954,0.99969,1.50,1.69
2013.05.12 23:14:52.003,0.99954,0.99969,1.50,1.69
2013.05.12 23:14:56.553,0.99954,0.99971,1.50,2.44
2013.05.12 23:14:56.793,0.99953,0.99971,2.25,2.44
2013.05.12 23:14:56.913,0.99954,0.99971,2.25,1.50
2013.05.12 23:14:57.214,0.99955,0.99974,1.50,1.88
2013.05.12 23:14:57.334,0.99955,0.99971,1.50,1.50
2013.05.12 23:14:57.693,0.99954,0.9997,1.69,1.50
2013.05.12 23:14:58.414,0.99953,0.99969,2.44,1.50
2013.05.12 23:14:59.014,0.99953,0.9997,1.50,1.69
2013.05.12 23:14:59.373,0.99953,0.9997,1.50,1.69
2013.05.12 23:15:02.943,0.99953,0.99969,1.50,1.50
2013.05.12 23:15:03.483,0.99954,0.99971,1.50,2.44
2013.05.12 23:15:04.154,0.99954,0.9997,1.50,1.69
2013.05.12 23:15:04.215,0.99954,0.9997,1.50,1.69
2013.05.12 23:15:04.394,0.99955,0.9997,1.50,1.69
2013.05.12 23:15:04.754,0.99956,0.9997,1.50,2.44
2013.05.12 23:15:05.115,0.99957,0.9997,1.50,2.25
2013.05.12 23:15:08.103,0.99954,0.99968,1.50,1.50
2013.05.12 23:15:08.464,0.99954,0.99968,1.50,1.50
2013.05.12 23:15:08.884,0.99951,0.99965,3.75,1.50
2013.05.12 23:15:09.444,0.99951,0.99966,3.75,1.50
2013.05.12 23:15:10.713,0.99952,0.99966,1.50,1.50
2013.05.12 23:15:10.833,0.99955,0.99968,1.50,3.75
2013.05.12 23:15:11.193,0.99952,0.99965,1.50,1.50
2013.05.12 23:15:11.613,0.9995,0.99965,2.44,1.50
2013.05.12 23:15:11.853,0.99949,0.99963,2.44,1.50
2013.05.12 23:15:11.973,0.99949,0.99963,2.25,1.50
2013.05.12 23:15:12.094,0.99949,0.99963,2.25,1.50
2013.05.12 23:15:13.293,0.99949,0.99964,1.50,1.13
2013.05.12 23:15:15.714,0.99951,0.99962,2.25,1.50
2013.05.12 23:15:16.254,0.99946,0.99963,5.44,1.50
2013.05.12 23:15:16.614,0.99946,0.9996,4.69,1.50
2013.05.12 23:15:16.914,0.99946,0.99959,1.50,3.00
2013.05.12 23:15:17.035,0.99946,0.99957,1.50,1.50
2013.05.12 23:15:17.394,0.99941,0.99953,2.44,1.50
2013.05.12 23:15:17.696,0.9994,0.99954,3.00,1.69
2013.05.12 23:15:17.753,0.9994,0.99955,3.00,1.69
2013.05.12 23:15:18.113,0.99935,0.99949,3.79,1.50
2013.05.12 23:15:18.233,0.9994,0.99949,1.50,1.50
2013.05.12 23:15:18.855,0.9994,0.99951,1.50,1.50
2013.05.12 23:15:19.368,0.9994,0.9995,1.50,1.50
2013.05.12 23:15:22.664,0.9994,0.9995,1.50,1.50
2013.05.12 23:15:24.354,0.9994,0.9995,1.50,1.50
2013.05.12 23:15:24.808,0.9994,0.9995,1.50,1.50
2013.05.12 23:15:25.553,0.9994,0.99953,1.50,2.44
2013.05.12 23:15:25.673,0.99935,0.99953,2.85,2.44
2013.05.12 23:15:25.854,0.99931,0.99948,3.94,1.50
2013.05.12 23:15:26.033,0.99931,0.99946,1.50,1.50
2013.05.12 23:15:26.583,0.99931,0.99946,2.25,2.25
2013.05.12 23:15:26.764,0.99928,0.99948,2.44,3.75
2013.05.12 23:15:26.884,0.9993,0.99946,1.69,1.13
2013.05.12 23:15:27.243,0.9993,0.99947,3.00,1.69
2013.05.12 23:15:27.744,0.9993,0.99947,3.00,1.69
2013.05.12 23:15:27.805,0.9993,0.99946,2.25,1.69
2013.05.12 23:15:27.924,0.9993,0.99946,3.00,1.69
2013.05.12 23:15:28.514,0.9993,0.99946,2.25,1.69
2013.05.12 23:15:29.074,0.9993,0.99943,2.25,1.50
2013.05.12 23:15:30.584,0.9993,0.99944,1.50,1.50
2013.05.12 23:15:31.123,0.99928,0.99943,2.25,1.50
2013.05.12 23:15:31.939,0.99928,0.99946,2.25,3.19
2013.05.12 23:15:32.443,0.99928,0.99943,2.25,1.50
2013.05.12 23:15:33.368,0.99928,0.99943,1.50,1.50
2013.05.12 23:15:33.493,0.99928,0.99943,2.25,1.50
2013.05.12 23:15:36.913,0.99928,0.99943,2.25,1.69
2013.05.12 23:15:37.274,0.99924,0.99943,1.69,1.69
2013.05.12 23:15:37.394,0.99924,0.99941,2.44,1.50
2013.05.12 23:15:37.783,0.99921,0.9994,3.19,2.44
2013.05.12 23:15:37.845,0.99921,0.9994,1.69,2.44
2013.05.12 23:15:38.144,0.99919,0.99937,3.19,2.25
2013.05.12 23:15:38.507,0.99918,0.99935,3.00,2.25
2013.05.12 23:15:38.634,0.99918,0.99935,1.50,2.25
2013.05.12 23:15:39.174,0.99918,0.99935,2.25,2.25
2013.05.12 23:15:41.003,0.99918,0.99935,2.25,2.25
2013.05.12 23:15:41.328,0.99922,0.99935,1.50,1.13
2013.05.12 23:15:41.515,0.99919,0.99936,1.50,1.32
2013.05.12 23:15:41.935,0.99918,0.99933,2.25,1.50
2013.05.12 23:15:42.253,0.99918,0.99933,2.25,1.50
2013.05.12 23:15:42.495,0.99918,0.99933,2.25,1.69
2013.05.12 23:15:43.004,0.99918,0.99933,2.25,1.69
2013.05.12 23:15:43.513,0.99918,0.99933,1.50,1.69
2013.05.12 23:15:44.024,0.99918,0.99933,1.50,1.69
2013.05.12 23:15:44.553,0.99918,0.99932,2.25,1.69
2013.05.12 23:15:45.536,0.99918,0.99932,1.50,2.25
2013.05.12 23:15:45.653,0.99914,0.99929,2.44,1.50
2013.05.12 23:15:45.956,0.99913,0.99927,2.25,1.50
2013.05.12 23:15:46.134,0.99908,0.99924,1.50,1.50
2013.05.12 23:15:46.193,0.99908,0.99924,1.50,1.50
2013.05.12 23:15:46.254,0.99911,0.99924,1.50,1.50
2013.05.12 23:15:46.614,0.99911,0.99924,1.50,2.63
2013.05.12 23:15:46.803,0.99911,0.99924,1.50,2.63
2013.05.12 23:15:47.403,0.99907,0.99918,2.25,1.13
2013.05.12 23:15:47.643,0.99906,0.99922,1.50,3.00
2013.05.12 23:15:47.824,0.99911,0.9992,1.50,1.50
2013.05.12 23:15:47.883,0.99911,0.9992,1.50,1.50
2013.05.12 23:15:49.638,0.99911,0.99924,1.50,2.25
2013.05.12 23:15:49.764,0.99915,0.99924,1.50,2.25
2013.05.12 23:15:50.004,0.99912,0.99927,2.25,1.50
2013.05.12 23:15:50.363,0.99912,0.99927,2.25,1.50
2013.05.12 23:15:50.883,0.99912,0.99927,2.25,1.50
2013.05.12 23:15:51.424,0.99912,0.99925,3.00,1.50
2013.05.12 23:15:51.844,0.99912,0.99925,3.00,1.50
2013.05.12 23:15:52.421,0.99912,0.99925,2.25,1.50
2013.05.12 23:15:53.233,0.99913,0.99928,2.25,3.00
2013.05.12 23:15:53.773,0.99912,0.99928,3.75,2.25
2013.05.12 23:15:54.614,0.99912,0.99928,3.75,3.00
2013.05.12 23:15:55.134,0.99912,0.99928,3.75,3.00
2013.05.12 23:15:55.856,0.99912,0.99928,3.75,3.00
2013.05.12 23:15:59.277,0.99912,0.99928,3.00,3.75
2013.05.12 23:15:59.813,0.99912,0.99928,3.75,3.75
2013.05.12 23:16:00.343,0.99912,0.99928,3.75,3.00
2013.05.12 23:16:00.942,0.99912,0.99928,3.00,3.75
2013.05.12 23:16:01.843,0.99912,0.99928,3.00,3.00
2013.05.12 23:16:02.895,0.99912,0.99928,3.00,3.75
2013.05.12 23:16:03.803,0.99912,0.99928,3.00,3.00
2013.05.12 23:16:04.363,0.99912,0.99928,4.50,1.50
2013.05.12 23:16:05.203,0.99913,0.99928,1.50,1.50
2013.05.12 23:16:05.575,0.99913,0.99928,2.25,1.50
2013.05.12 23:16:07.073,0.99914,0.99929,1.50,1.69
2013.05.12 23:16:07.254,0.99911,0.99927,1.50,1.50
2013.05.12 23:16:07.553,0.9991,0.99927,1.50,3.75
2013.05.12 23:16:07.673,0.99912,0.99927,1.50,3.75
2013.05.12 23:16:07.733,0.99909,0.99927,2.25,3.75
2013.05.12 23:16:07.853,0.99908,0.99925,1.50,2.07
2013.05.12 23:16:07.913,0.99908,0.99925,1.50,2.52
2013.05.12 23:16:07.973,0.99907,0.99923,3.00,4.32
2013.05.12 23:16:08.213,0.99903,0.99915,1.50,2.25
2013.05.12 23:16:08.273,0.99902,0.99913,2.25,1.13
2013.05.12 23:16:08.633,0.99897,0.99912,2.40,2.25
2013.05.12 23:16:08.694,0.99896,0.99912,1.65,2.25
2013.05.12 23:16:09.265,0.99896,0.99912,1.65,2.25
2013.05.12 23:16:09.383,0.99895,0.99911,2.25,1.50
2013.05.12 23:16:09.443,0.99895,0.99911,2.25,2.25
2013.05.12 23:16:10.323,0.99895,0.99911,2.33,2.25
2013.05.12 23:16:10.890,0.99895,0.99909,2.33,1.50
2013.05.12 23:16:12.063,0.99895,0.99909,2.33,1.50
2013.05.12 23:16:12.743,0.99895,0.99909,2.25,1.50
2013.05.12 23:16:13.280,0.99895,0.99909,2.25,1.50
2013.05.12 23:16:15.655,0.99893,0.99905,2.25,1.50
2013.05.12 23:16:16.194,0.99893,0.99905,3.00,1.50
2013.05.12 23:16:17.164,0.99893,0.99904,2.25,1.50
2013.05.12 23:16:17.524,0.99892,0.99904,0.40,1.50
2013.05.12 23:16:18.063,0.99892,0.99905,0.40,1.50
2013.05.12 23:16:18.605,0.99892,0.99905,0.40,1.50
2013.05.12 23:16:19.161,0.99892,0.99905,0.40,1.50
2013.05.12 23:16:19.463,0.99892,0.99904,0.40,1.50
2013.05.12 23:16:19.824,0.99892,0.99899,0.40,1.50
2013.05.12 23:16:20.313,0.99892,0.999,0.40,2.25
2013.05.12 23:16:20.433,0.99892,0.99898,0.40,1.69
2013.05.12 23:16:20.734,0.99892,0.99894,0.40,1.88
2013.05.12 23:16:20.915,0.99873,0.99891,1.69,1.13
2013.05.12 23:16:21.034,0.99871,0.99889,1.69,1.13
2013.05.12 23:16:21.213,0.99871,0.99888,1.69,1.88
2013.05.12 23:16:21.764,0.99871,0.99887,1.50,2.44
2013.05.12 23:16:21.824,0.99871,0.99886,1.50,1.69
2013.05.12 23:16:21.883,0.99871,0.99886,1.50,1.69
2013.05.12 23:16:22.183,0.99869,0.99884,1.50,1.69
2013.05.12 23:16:22.424,0.99866,0.99883,1.50,1.50
2013.05.12 23:16:22.664,0.99865,0.99881,2.25,1.50
2013.05.12 23:16:22.724,0.99868,0.99881,1.50,1.50
2013.05.12 23:16:23.204,0.99863,0.99879,3.75,2.25
2013.05.12 23:16:24.105,0.9986,0.99877,1.50,2.25
2013.05.12 23:16:24.165,0.9986,0.99877,1.50,2.25
2013.05.12 23:16:24.713,0.9986,0.99877,3.38,3.00
2013.05.12 23:16:25.074,0.99864,0.99879,1.50,1.50
2013.05.12 23:16:25.613,0.99864,0.9988,1.50,1.50
2013.05.12 23:16:26.414,0.99863,0.9988,3.75,1.50
2013.05.12 23:16:26.474,0.99864,0.9988,1.50,1.50
2013.05.12 23:16:26.833,0.99867,0.99883,3.00,2.25
2013.05.12 23:16:26.893,0.99867,0.99881,3.00,1.50
2013.05.12 23:16:27.455,0.99867,0.99882,3.00,1.50
2013.05.12 23:16:27.514,0.99867,0.99883,3.00,1.50
2013.05.12 23:16:27.635,0.99868,0.99885,1.50,2.25
2013.05.12 23:16:27.939,0.99873,0.99886,1.50,1.50
2013.05.12 23:16:28.195,0.99874,0.99887,1.50,1.50
2013.05.12 23:16:28.374,0.99877,0.99891,1.50,2.44
2013.05.12 23:16:28.964,0.99876,0.99891,1.50,2.44
2013.05.12 23:16:29.024,0.99877,0.99891,1.50,1.69
2013.05.12 23:16:29.384,0.99879,0.99892,2.25,1.69
2013.05.12 23:16:29.565,0.99882,0.99895,2.25,1.69
2013.05.12 23:16:29.684,0.99882,0.99897,1.50,1.69
2013.05.12 23:16:29.744,0.99882,0.99899,2.25,2.25
2013.05.12 23:16:29.864,0.99887,0.999,1.50,1.50
2013.05.12 23:16:30.103,0.99888,0.99902,2.25,1.50
2013.05.12 23:16:30.523,0.99888,0.99902,2.25,1.50
2013.05.12 23:16:31.073,0.99888,0.99902,2.25,1.50
2013.05.12 23:16:31.513,0.99887,0.99902,1.50,1.50
2013.05.12 23:16:31.633,0.99888,0.99904,1.50,1.88
2013.05.12 23:16:31.693,0.99888,0.99904,1.50,1.88
2013.05.12 23:16:32.335,0.99889,0.99903,1.50,1.13
2013.05.12 23:16:33.504,0.99889,0.99904,1.50,1.88
2013.05.12 23:16:33.574,0.99884,0.99903,1.50,1.88
2013.05.12 23:16:33.636,0.99886,0.99903,1.50,2.63
2013.05.12 23:16:33.875,0.99886,0.99903,1.50,2.25
2013.05.12 23:16:33.993,0.99883,0.99903,2.25,2.25
2013.05.12 23:16:34.056,0.99886,0.99903,1.50,2.25
2013.05.12 23:16:35.265,0.99886,0.99902,1.50,1.69
2013.05.12 23:16:35.573,0.99883,0.99902,2.25,1.69
2013.05.12 23:16:35.753,0.99886,0.99902,1.50,1.69
2013.05.12 23:16:36.114,0.99886,0.99903,1.50,2.63
2013.05.12 23:16:36.233,0.99888,0.99903,1.50,1.50
2013.05.12 23:16:36.413,0.99886,0.999,1.50,1.50
2013.05.12 23:16:36.953,0.99883,0.999,2.25,1.50
2013.05.12 23:16:37.194,0.99883,0.999,1.50,1.50
2013.05.12 23:16:37.254,0.99883,0.999,1.50,1.50
2013.05.12 23:16:37.764,0.99887,0.99901,1.50,1.50
2013.05.12 23:16:38.745,0.99883,0.99903,1.50,2.07
2013.05.12 23:16:39.283,0.99883,0.99898,1.50,1.50
2013.05.12 23:16:39.404,0.99883,0.99898,1.50,1.50
2013.05.12 23:16:39.586,0.99881,0.99897,1.88,1.50
2013.05.12 23:16:39.825,0.99881,0.99897,1.50,1.50
2013.05.12 23:16:40.143,0.99881,0.99897,1.50,1.50
2013.05.12 23:16:40.653,0.99881,0.99898,1.50,2.25
2013.05.12 23:16:40.774,0.99881,0.99899,1.50,1.88
2013.05.12 23:16:41.315,0.99884,0.99901,1.50,1.50
2013.05.12 23:16:41.873,0.99884,0.99899,1.50,1.50
2013.05.12 23:16:42.404,0.99884,0.99899,1.50,1.69
2013.05.12 23:16:42.524,0.99883,0.99901,1.50,1.69
2013.05.12 23:16:42.644,0.99884,0.99901,1.50,2.44
2013.05.12 23:16:42.765,0.99884,0.99901,1.50,1.69
2013.05.12 23:16:43.404,0.99885,0.99901,1.50,1.69
2013.05.12 23:16:43.703,0.99887,0.99907,1.50,2.25
2013.05.12 23:16:43.763,0.99887,0.99907,1.50,1.50
2013.05.12 23:16:43.943,0.99894,0.99908,1.50,1.50
2013.05.12 23:16:44.243,0.99894,0.99909,1.50,1.69
2013.05.12 23:16:44.364,0.99894,0.99909,2.25,1.69
2013.05.12 23:16:44.724,0.99889,0.99904,2.25,2.25
2013.05.12 23:16:45.842,0.9989,0.99904,2.25,1.50
2013.05.12 23:16:46.143,0.9989,0.99906,1.50,2.25
2013.05.12 23:16:46.444,0.99888,0.99904,1.50,2.25
2013.05.12 23:16:46.683,0.99884,0.99902,2.44,1.50
2013.05.12 23:16:46.743,0.99887,0.99902,1.50,3.00
2013.05.12 23:16:47.264,0.99887,0.99902,1.50,3.75
2013.05.12 23:16:47.793,0.99887,0.99902,1.50,3.00
2013.05.12 23:16:47.913,0.99885,0.99902,1.50,3.00
2013.05.12 23:16:48.105,0.99886,0.99902,1.50,3.00
2013.05.12 23:16:48.166,0.99884,0.999,1.50,1.50
2013.05.12 23:16:48.344,0.99882,0.99899,1.50,1.88
2013.05.12 23:16:48.703,0.99886,0.99901,1.50,1.50
2013.05.12 23:16:49.245,0.99887,0.99902,1.50,2.25
2013.05.12 23:16:50.043,0.99887,0.99902,1.50,2.25
2013.05.12 23:16:50.993,0.99887,0.99901,1.50,1.50
2013.05.12 23:16:51.054,0.99887,0.99902,1.50,1.50
2013.05.12 23:16:51.114,0.99885,0.99901,2.25,1.50
2013.05.12 23:16:51.294,0.99885,0.99903,1.50,1.88
2013.05.12 23:16:51.473,0.99884,0.99899,1.50,2.25
2013.05.12 23:16:52.964,0.99883,0.99898,1.50,1.69
2013.05.12 23:16:53.083,0.99883,0.99898,2.25,1.69
2013.05.12 23:16:53.384,0.99884,0.999,1.50,1.69
2013.05.12 23:16:53.743,0.99887,0.99902,1.50,2.44
2013.05.12 23:16:53.803,0.99887,0.99902,1.50,1.50
2013.05.12 23:16:54.284,0.99888,0.99905,1.50,1.69
2013.05.12 23:16:54.763,0.99891,0.99907,1.50,1.69
2013.05.12 23:16:55.304,0.99892,0.99908,1.50,2.82
2013.05.12 23:16:55.824,0.99892,0.99908,1.50,2.07
2013.05.12 23:16:56.543,0.99893,0.99908,1.50,1.69
2013.05.12 23:16:56.723,0.99893,0.99909,5.25,1.69
2013.05.12 23:16:57.094,0.99893,0.99909,2.25,2.07
2013.05.12 23:16:57.214,0.99892,0.99908,1.50,1.69
2013.05.12 23:16:57.453,0.99889,0.99905,2.44,1.50
2013.05.12 23:16:57.513,0.99889,0.99904,1.69,1.50
2013.05.12 23:16:58.024,0.9989,0.99906,1.50,1.69
2013.05.12 23:16:58.264,0.99888,0.99904,1.50,1.50
2013.05.12 23:16:58.324,0.99888,0.99903,1.50,1.50
2013.05.12 23:16:58.896,0.99886,0.99903,3.00,1.50
2013.05.12 23:17:00.332,0.99891,0.99907,1.50,1.69
2013.05.12 23:17:00.655,0.99887,0.99903,1.50,3.00
2013.05.12 23:17:01.253,0.99888,0.99903,1.50,2.25
2013.05.12 23:17:01.733,0.99886,0.99903,1.50,2.25
2013.05.12 23:17:01.794,0.99886,0.99903,2.25,3.00
2013.05.12 23:17:02.373,0.99887,0.99902,1.50,1.50
2013.05.12 23:17:02.553,0.99887,0.99902,1.50,1.50
2013.05.12 23:17:02.613,0.99887,0.99902,1.50,1.50
2013.05.12 23:17:02.673,0.99887,0.99902,1.50,1.50
2013.05.12 23:17:02.734,0.99887,0.99902,2.25,1.50
2013.05.12 23:17:03.213,0.99887,0.99902,1.50,1.50
2013.05.12 23:17:03.753,0.99887,0.99901,1.50,1.50
2013.05.12 23:17:04.274,0.99886,0.99904,1.50,1.69
2013.05.12 23:17:04.393,0.99886,0.99905,2.25,2.82
2013.05.12 23:17:04.754,0.99888,0.99905,1.50,1.69
2013.05.12 23:17:04.873,0.99888,0.99906,1.50,2.82
2013.05.12 23:17:04.934,0.9989,0.99906,1.50,2.82
2013.05.12 23:17:04.994,0.99888,0.99906,2.25,2.82
2013.05.12 23:17:05.124,0.9989,0.99906,1.50,1.69
2013.05.12 23:17:05.605,0.99893,0.99909,1.50,2.07
2013.05.12 23:17:05.903,0.99893,0.99906,1.50,1.50
2013.05.12 23:17:06.023,0.99892,0.99906,1.50,3.00
2013.05.12 23:17:06.144,0.99888,0.99902,2.44,1.50
2013.05.12 23:17:06.263,0.99888,0.99902,2.25,1.69
2013.05.12 23:17:06.803,0.99888,0.99903,2.25,1.69
2013.05.12 23:17:07.344,0.99889,0.99905,1.50,1.69
2013.05.12 23:17:07.524,0.99889,0.99906,1.50,2.44
2013.05.12 23:17:08.543,0.99891,0.99906,1.50,2.44
2013.05.12 23:17:09.209,0.99891,0.99906,1.50,2.44
2013.05.12 23:17:09.935,0.99892,0.99906,1.50,1.69
2013.05.12 23:17:10.054,0.99893,0.99909,3.00,1.69
2013.05.12 23:17:10.236,0.99893,0.99903,2.25,1.50
2013.05.12 23:17:10.533,0.99887,0.99902,2.25,1.50
2013.05.12 23:17:11.084,0.9989,0.99903,1.50,1.50
2013.05.12 23:17:11.661,0.9989,0.99907,1.50,1.69
2013.05.12 23:17:11.733,0.99889,0.99904,1.50,1.50
2013.05.12 23:17:12.094,0.99887,0.99902,3.00,1.50
2013.05.12 23:17:12.273,0.99887,0.99899,2.25,1.13
2013.05.12 23:17:12.693,0.99884,0.99902,3.00,2.44
2013.05.12 23:17:13.773,0.99885,0.99902,1.50,2.25
2013.05.12 23:17:13.834,0.99884,0.999,1.69,1.88
2013.05.12 23:17:14.194,0.99883,0.99898,1.50,1.13
2013.05.12 23:17:14.433,0.99882,0.99896,1.50,1.50
2013.05.12 23:17:14.494,0.99879,0.99895,3.00,1.88
2013.05.12 23:17:15.035,0.9988,0.99895,1.50,2.07
2013.05.12 23:17:15.394,0.99885,0.99899,1.50,3.94
2013.05.12 23:17:15.573,0.99886,0.999,1.50,2.44
2013.05.12 23:17:16.113,0.99885,0.999,1.50,2.44
2013.05.12 23:17:16.233,0.99884,0.999,1.50,1.69
2013.05.12 23:17:16.294,0.99885,0.999,2.25,1.69
2013.05.12 23:17:16.653,0.99885,0.99898,1.50,1.50
2013.05.12 23:17:16.953,0.99879,0.99894,1.69,1.88
2013.05.12 23:17:17.133,0.99879,0.99894,1.50,1.13
2013.05.12 23:17:17.853,0.99879,0.99894,3.00,1.13
2013.05.12 23:17:18.036,0.99879,0.99893,2.25,1.88
2013.05.12 23:17:18.164,0.9988,0.99893,1.50,1.13
2013.05.12 23:17:18.284,0.99883,0.99893,1.50,4.50
2013.05.12 23:17:18.524,0.99883,0.99895,1.50,3.00
2013.05.12 23:17:18.584,0.9988,0.99895,2.25,3.00
2013.05.12 23:17:18.945,0.99878,0.99892,1.50,1.50
2013.05.12 23:17:19.246,0.99874,0.9989,2.82,1.50
2013.05.12 23:17:19.484,0.99874,0.99891,3.38,3.19
2013.05.12 23:17:19.993,0.99874,0.99891,3.38,1.69
2013.05.12 23:17:21.074,0.99875,0.9989,1.50,1.69
2013.05.12 23:17:21.623,0.99874,0.9989,2.25,1.69
2013.05.12 23:17:22.053,0.99874,0.99891,2.25,1.69
2013.05.12 23:17:23.375,0.99874,0.99887,2.63,1.50
2013.05.12 23:17:24.654,0.99874,0.99887,2.63,1.50
2013.05.12 23:17:25.743,0.99874,0.99887,1.88,1.50
2013.05.12 23:17:26.284,0.99873,0.99889,3.38,1.69
2013.05.12 23:17:26.404,0.99874,0.99889,1.50,1.69
2013.05.12 23:17:26.773,0.99874,0.99889,1.50,1.69
2013.05.12 23:17:26.833,0.99874,0.99889,1.50,1.69
2013.05.12 23:17:27.383,0.99874,0.99889,1.50,1.69
2013.05.12 23:17:28.024,0.99874,0.99889,1.50,1.69
2013.05.12 23:17:28.554,0.99874,0.99889,1.50,2.44
2013.05.12 23:17:28.854,0.99873,0.99889,2.25,4.69
2013.05.12 23:17:30.653,0.99873,0.99887,1.50,1.69
2013.05.12 23:17:32.393,0.99872,0.99888,1.50,2.44
2013.05.12 23:17:32.693,0.9987,0.99885,1.88,4.50
2013.05.12 23:17:32.993,0.99868,0.99884,1.50,3.57
2013.05.12 23:17:33.114,0.99867,0.99883,1.50,1.13
2013.05.12 23:17:33.474,0.99867,0.99881,1.50,1.50
2013.05.12 23:17:35.453,0.99866,0.99879,1.50,1.50
2013.05.12 23:17:35.513,0.99865,0.99873,1.50,1.13
2013.05.12 23:17:35.573,0.99861,0.99873,1.69,1.13
2013.05.12 23:17:35.753,0.9986,0.99873,2.44,1.13
2013.05.12 23:17:36.294,0.99861,0.99873,1.50,1.13
2013.05.12 23:17:36.474,0.99861,0.99876,1.50,1.69
2013.05.12 23:17:36.834,0.99864,0.99876,1.50,1.13
2013.05.12 23:17:36.953,0.99863,0.99877,1.50,1.50
2013.05.12 23:17:37.014,0.9986,0.99876,2.25,1.50
2013.05.12 23:17:37.073,0.9986,0.99876,3.00,1.50
2013.05.12 23:17:37.134,0.99862,0.99878,1.50,2.63
2013.05.12 23:17:37.253,0.99862,0.99881,1.50,1.69
2013.05.12 23:17:37.313,0.99863,0.99881,1.50,1.69
2013.05.12 23:17:37.673,0.99865,0.99881,1.50,1.69
2013.05.12 23:17:37.793,0.99865,0.99884,1.50,3.57
2013.05.12 23:17:37.854,0.99867,0.99883,1.50,1.69
2013.05.12 23:17:38.765,0.99866,0.99882,2.25,1.69
2013.05.12 23:17:39.735,0.99866,0.99882,1.50,1.69
2013.05.12 23:17:39.863,0.99866,0.99882,2.25,1.69
2013.05.12 23:17:41.215,0.99866,0.99882,2.25,1.69
2013.05.12 23:17:41.713,0.99866,0.99883,2.25,1.32
2013.05.12 23:17:41.773,0.99866,0.99883,2.25,1.32
2013.05.12 23:17:42.433,0.99866,0.99884,2.25,2.82
2013.05.12 23:17:42.673,0.99866,0.99883,1.50,1.32
2013.05.12 23:17:42.853,0.99868,0.99885,1.50,1.69
2013.05.12 23:17:43.393,0.99871,0.99886,1.50,1.69
2013.05.12 23:17:43.953,0.99873,0.99889,1.50,4.50
2013.05.12 23:17:44.315,0.99873,0.99889,1.50,3.75
2013.05.12 23:17:44.944,0.99874,0.9989,2.25,2.25
2013.05.12 23:17:45.304,0.99879,0.99893,1.13,1.32
2013.05.12 23:17:45.605,0.99881,0.99893,1.50,1.32
2013.05.12 23:17:46.084,0.9988,0.99897,1.50,1.50
2013.05.12 23:17:46.324,0.99881,0.99897,2.63,1.50
2013.05.12 23:17:46.384,0.9988,0.99895,1.50,1.13
2013.05.12 23:17:46.444,0.9988,0.99895,1.50,1.32
2013.05.12 23:17:46.863,0.9988,0.99896,2.25,1.69
2013.05.12 23:17:47.464,0.99882,0.99897,1.50,1.69
2013.05.12 23:17:47.854,0.99881,0.99895,1.50,1.13
2013.05.12 23:17:49.136,0.99881,0.99895,1.50,1.69
2013.05.12 23:17:49.255,0.99881,0.99895,1.50,1.69
2013.05.12 23:17:49.434,0.99881,0.99897,1.50,3.00
2013.05.12 23:17:49.494,0.99881,0.99897,1.50,3.00
2013.05.12 23:17:49.614,0.99881,0.99897,1.50,3.19
2013.05.12 23:17:49.793,0.99882,0.99898,1.50,2.25
2013.05.12 23:17:50.384,0.99882,0.99898,1.50,1.50
2013.05.12 23:17:51.094,0.99882,0.99897,1.50,1.69
2013.05.12 23:17:51.214,0.99882,0.99898,1.50,1.50
2013.05.12 23:17:51.335,0.99882,0.99898,1.50,1.50
2013.05.12 23:17:52.564,0.99884,0.99898,1.50,1.88
2013.05.12 23:17:52.948,0.99884,0.99898,1.50,1.88
2013.05.12 23:17:53.064,0.99884,0.99898,1.50,1.50
2013.05.12 23:17:53.183,0.99886,0.99899,1.50,1.13
2013.05.12 23:17:53.604,0.99886,0.999,1.50,1.13
2013.05.12 23:17:53.843,0.99885,0.99904,3.00,1.69
2013.05.12 23:17:54.025,0.99888,0.99905,1.50,2.25
2013.05.12 23:17:54.084,0.99889,0.99905,1.50,1.50
2013.05.12 23:17:54.443,0.99894,0.99909,1.50,1.13
2013.05.12 23:17:55.484,0.99892,0.99907,1.50,1.50
2013.05.12 23:17:56.573,0.99892,0.99907,1.50,1.50
2013.05.12 23:17:57.108,0.99891,0.99907,1.50,1.50
2013.05.12 23:17:57.903,0.99891,0.99907,1.50,2.25
2013.05.12 23:17:58.443,0.99893,0.99908,1.50,1.88
2013.05.12 23:17:58.503,0.99893,0.99908,1.50,1.88
2013.05.12 23:17:58.743,0.99891,0.99906,2.25,1.50
2013.05.12 23:18:01.174,0.99891,0.99906,2.25,1.50
2013.05.12 23:18:01.294,0.99891,0.99906,2.25,1.50
2013.05.12 23:18:01.958,0.99888,0.99904,2.44,1.88
2013.05.12 23:18:02.027,0.99884,0.99898,2.44,1.13
2013.05.12 23:18:02.203,0.99883,0.99898,1.50,1.13
2013.05.12 23:18:02.973,0.99881,0.99898,2.25,1.88
2013.05.12 23:18:03.094,0.99881,0.99898,2.25,1.50
2013.05.12 23:18:03.454,0.99883,0.999,2.25,1.50
2013.05.12 23:18:03.755,0.99888,0.99904,1.50,2.44
2013.05.12 23:18:04.174,0.99889,0.99907,1.69,2.25
2013.05.12 23:18:04.783,0.9989,0.99904,1.50,1.50
2013.05.12 23:18:04.904,0.99888,0.99903,2.44,1.50
2013.05.12 23:18:05.085,0.99888,0.99901,1.69,1.50
2013.05.12 23:18:05.443,0.99885,0.99901,3.19,2.25
2013.05.12 23:18:05.864,0.99885,0.99899,2.44,1.13
2013.05.12 23:18:06.043,0.99885,0.99901,1.50,2.25
2013.05.12 23:18:06.533,0.99885,0.99899,2.25,1.13
2013.05.12 23:18:06.594,0.99886,0.99901,1.50,1.50
2013.05.12 23:18:07.134,0.99888,0.99901,1.50,1.50
2013.05.12 23:18:09.923,0.99889,0.99903,1.50,1.13
2013.05.12 23:18:10.584,0.99888,0.99902,2.25,1.50
2013.05.12 23:18:11.084,0.99886,0.99902,1.50,3.75
2013.05.12 23:18:11.643,0.99885,0.99898,1.50,1.13
2013.05.12 23:18:12.203,0.99887,0.999,1.50,1.50
2013.05.12 23:18:13.935,0.99886,0.99903,2.25,1.32
2013.05.12 23:18:14.473,0.99886,0.99899,2.25,1.13
2013.05.12 23:18:14.784,0.99885,0.99898,2.25,1.13
2013.05.12 23:18:15.293,0.99882,0.99896,1.69,1.50
2013.05.12 23:18:15.413,0.99885,0.99897,1.50,1.50
2013.05.12 23:18:16.073,0.99886,0.99898,1.50,1.13
2013.05.12 23:18:18.464,0.99886,0.99898,1.50,1.50
2013.05.12 23:18:23.170,0.99892,0.99899,1.50,1.13
2013.05.12 23:18:23.355,0.99892,0.99904,1.13,2.44
2013.05.12 23:18:23.414,0.99892,0.99904,1.88,1.50
2013.05.12 23:18:23.474,0.99892,0.99908,1.50,2.25
2013.05.12 23:18:23.773,0.9989,0.99908,3.00,1.13
2013.05.12 23:18:23.894,0.99889,0.99905,1.50,1.13
2013.05.12 23:18:24.074,0.99891,0.99907,1.50,1.69
2013.05.12 23:18:24.314,0.9989,0.99907,3.00,1.69
2013.05.12 23:18:25.093,0.9989,0.99906,2.25,1.69
2013.05.12 23:18:26.833,0.9989,0.99908,2.25,2.63
2013.05.12 23:18:27.334,0.99892,0.99907,1.50,1.50
2013.05.12 23:18:27.573,0.99892,0.99908,1.50,3.94
2013.05.12 23:18:27.694,0.99893,0.9991,2.25,1.88
2013.05.12 23:18:28.114,0.99894,0.9991,2.25,1.50
2013.05.12 23:18:34.436,0.99895,0.99909,1.50,1.50
2013.05.12 23:18:34.504,0.99893,0.99909,3.00,1.50
2013.05.12 23:18:35.043,0.99893,0.99907,1.50,1.50
2013.05.12 23:18:36.510,0.99895,0.9991,1.50,1.50
2013.05.12 23:18:36.573,0.99895,0.9991,1.50,1.50
2013.05.12 23:18:37.053,0.99896,0.99912,4.50,1.50
2013.05.12 23:18:40.664,0.99898,0.99911,2.25,1.50
2013.05.12 23:18:41.643,0.99898,0.99911,1.50,1.50
2013.05.12 23:18:41.823,0.99897,0.9991,1.50,1.50
2013.05.12 23:18:41.883,0.99894,0.9991,1.50,2.25
2013.05.12 23:18:42.063,0.99894,0.9991,1.50,2.25
2013.05.12 23:18:42.123,0.99894,0.9991,1.50,1.50
2013.05.12 23:18:42.303,0.99893,0.9991,1.69,1.50
2013.05.12 23:18:42.663,0.99891,0.99906,2.25,1.13
2013.05.12 23:18:42.903,0.99891,0.99906,2.25,3.38
2013.05.12 23:18:42.963,0.99891,0.99904,2.25,1.50
2013.05.12 23:18:43.215,0.99889,0.99904,1.69,1.50
2013.05.12 23:18:43.733,0.99889,0.99904,2.25,1.50
2013.05.12 23:18:44.273,0.99889,0.99904,2.25,1.50
2013.05.12 23:18:44.883,0.99889,0.99904,2.25,1.50
2013.05.12 23:18:45.063,0.99892,0.99905,1.50,1.50
2013.05.12 23:18:45.303,0.99892,0.99909,1.50,1.50
2013.05.12 23:18:45.365,0.99892,0.99909,1.50,1.50
2013.05.12 23:18:45.484,0.99893,0.99911,1.50,3.19
2013.05.12 23:18:45.964,0.99893,0.99909,1.69,2.25
2013.05.12 23:18:46.323,0.99891,0.99907,1.50,1.50
2013.05.12 23:18:46.383,0.9989,0.99906,1.69,1.50
2013.05.12 23:18:46.683,0.99888,0.99905,2.25,2.25
2013.05.12 23:18:47.103,0.99888,0.99907,5.25,3.57
2013.05.12 23:18:47.644,0.9989,0.99907,1.50,3.19
2013.05.12 23:18:50.819,0.9989,0.99907,2.25,1.50
2013.05.12 23:18:53.983,0.99892,0.99907,2.25,1.69
2013.05.12 23:18:54.284,0.99893,0.99912,1.50,1.69
2013.05.12 23:18:54.344,0.99896,0.99912,1.13,1.69
2013.05.12 23:18:54.703,0.99894,0.9991,1.50,1.13
2013.05.12 23:18:55.193,0.99895,0.99911,1.50,2.25
2013.05.12 23:18:55.373,0.99896,0.99912,1.50,1.69
2013.05.12 23:18:55.804,0.99895,0.99909,1.50,1.13
2013.05.12 23:18:56.426,0.99894,0.99908,2.25,1.13
2013.05.12 23:18:57.393,0.99894,0.99908,2.25,1.13
2013.05.12 23:18:57.814,0.99891,0.99909,2.82,2.63
2013.05.12 23:18:57.873,0.99893,0.99909,1.50,2.63
2013.05.12 23:18:58.424,0.99894,0.99908,1.50,1.13
2013.05.12 23:18:58.784,0.99902,0.99914,1.50,1.13
2013.05.12 23:18:58.843,0.99898,0.99914,2.44,1.13
2013.05.12 23:18:58.903,0.99898,0.99914,2.44,1.13
2013.05.12 23:18:59.263,0.99899,0.99914,1.50,1.13
2013.05.12 23:18:59.383,0.99896,0.99913,2.82,1.88
2013.05.12 23:18:59.894,0.99895,0.99909,1.69,1.13
2013.05.12 23:19:00.075,0.99894,0.99909,3.00,1.13
2013.05.12 23:19:00.893,0.99894,0.9991,3.00,1.13
2013.05.12 23:19:01.403,0.99894,0.99909,2.25,1.13
2013.05.12 23:19:02.055,0.99894,0.99908,1.50,1.13
2013.05.12 23:19:05.263,0.99893,0.9991,1.13,1.88
2013.05.12 23:19:06.774,0.99894,0.99909,1.50,1.13
2013.05.12 23:19:06.954,0.99891,0.99908,2.25,1.50
2013.05.12 23:19:07.313,0.99891,0.99909,3.00,1.88
2013.05.12 23:19:07.373,0.99891,0.99908,3.00,1.50
2013.05.12 23:19:08.534,0.99891,0.99903,1.69,1.13
2013.05.12 23:19:08.834,0.9989,0.99904,2.25,1.13
2013.05.12 23:19:09.014,0.99886,0.99905,1.69,2.25
2013.05.12 23:19:09.437,0.99886,0.99901,1.69,1.50
2013.05.12 23:19:09.753,0.99885,0.99901,1.50,2.63
2013.05.12 23:19:10.303,0.99884,0.99899,2.25,1.13
2013.05.12 23:19:10.994,0.99885,0.99898,1.50,1.13
2013.05.12 23:19:11.963,0.99888,0.99901,1.50,2.25
2013.05.12 23:19:12.264,0.99887,0.99901,1.50,2.25
2013.05.12 23:19:12.383,0.99889,0.99904,1.50,2.63
2013.05.12 23:19:12.444,0.99889,0.99904,1.50,1.13
2013.05.12 23:19:12.933,0.99891,0.99905,1.50,1.69
2013.05.12 23:19:13.114,0.99893,0.99907,1.50,1.69
2013.05.12 23:19:13.534,0.99894,0.99908,1.50,1.32
2013.05.12 23:19:13.653,0.99896,0.99911,3.75,1.69
2013.05.12 23:19:13.834,0.99896,0.99911,3.00,1.69
2013.05.12 23:19:13.954,0.99896,0.99911,1.50,2.44
2013.05.12 23:19:14.313,0.99899,0.99913,1.50,1.50
2013.05.12 23:19:14.736,0.99899,0.99913,1.50,1.50
2013.05.12 23:19:15.713,0.99898,0.99916,3.00,4.88
2013.05.12 23:19:15.773,0.99899,0.99916,1.50,4.88
2013.05.12 23:19:16.073,0.99902,0.99918,1.50,2.44
2013.05.12 23:19:16.433,0.99903,0.9992,1.50,2.44
2013.05.12 23:19:16.914,0.99904,0.9992,2.25,3.19
2013.05.12 23:19:17.214,0.99906,0.99924,1.50,2.44
2013.05.12 23:19:17.573,0.99906,0.99923,1.50,1.69
2013.05.12 23:19:17.755,0.99906,0.99921,1.50,2.25
2013.05.12 23:19:19.394,0.99905,0.99921,1.50,4.50
2013.05.12 23:19:19.635,0.99902,0.99915,1.50,2.25
2013.05.12 23:19:19.994,0.999,0.99917,2.25,1.69
2013.05.12 23:19:20.745,0.99902,0.99918,1.50,2.44
2013.05.12 23:19:22.474,0.99902,0.99915,1.69,1.13
2013.05.12 23:19:22.653,0.99902,0.99915,1.50,1.13
2013.05.12 23:19:23.147,0.99901,0.99916,1.50,2.63
2013.05.12 23:19:23.689,0.99904,0.99919,1.50,1.69
2013.05.12 23:19:24.854,0.99904,0.99917,1.50,1.50
2013.05.12 23:19:25.334,0.99903,0.99916,1.50,2.63
2013.05.12 23:19:25.754,0.99904,0.99917,1.50,1.50
2013.05.12 23:19:25.933,0.99904,0.99919,1.50,1.50
2013.05.12 23:19:26.355,0.99903,0.99919,2.25,2.25
2013.05.12 23:19:27.493,0.99903,0.99918,1.50,2.25
2013.05.12 23:19:27.914,0.99905,0.9992,1.50,1.50
2013.05.12 23:19:28.424,0.99906,0.9992,1.50,1.50
2013.05.12 23:19:28.973,0.99906,0.99921,1.50,3.00
2013.05.12 23:19:30.493,0.99906,0.99922,1.50,1.50
2013.05.12 23:19:31.033,0.99907,0.99922,1.50,1.50
2013.05.12 23:19:31.734,0.99907,0.99922,1.50,1.50
2013.05.12 23:19:35.045,0.99907,0.99922,1.50,2.25
2013.05.12 23:19:35.244,0.99907,0.99922,1.50,2.25
2013.05.12 23:19:35.305,0.99906,0.99917,1.50,3.53
2013.05.12 23:19:35.424,0.99904,0.99916,1.13,1.50
2013.05.12 23:19:35.484,0.99903,0.99918,2.82,1.13
2013.05.12 23:19:35.665,0.99903,0.99915,1.69,2.25
2013.05.12 23:19:35.726,0.99903,0.99917,1.69,2.25
2013.05.12 23:19:35.905,0.99904,0.99916,1.50,1.13
2013.05.12 23:19:36.084,0.99906,0.99915,1.50,1.50
2013.05.12 23:19:36.204,0.99903,0.99916,1.88,1.28
2013.05.12 23:19:36.869,0.99903,0.99916,1.88,1.28
2013.05.12 23:19:36.942,0.99896,0.9991,2.25,1.50
2013.05.12 23:19:37.064,0.99895,0.99906,1.50,2.25
2013.05.12 23:19:37.184,0.99891,0.99906,1.13,3.00
2013.05.12 23:19:37.244,0.9989,0.99901,1.50,1.50
2013.05.12 23:19:37.425,0.99888,0.99903,1.50,2.25
2013.05.12 23:19:37.604,0.99883,0.999,3.19,1.50
2013.05.12 23:19:37.664,0.99883,0.99898,1.69,2.25
2013.05.12 23:19:38.204,0.99881,0.99895,1.13,3.00
2013.05.12 23:19:38.324,0.99881,0.99895,1.13,3.00
2013.05.12 23:19:38.443,0.99881,0.99897,1.13,3.75
2013.05.12 23:19:38.683,0.9988,0.99896,1.88,1.50
2013.05.12 23:19:39.208,0.99881,0.99895,1.13,1.50
2013.05.12 23:19:40.113,0.99879,0.99895,1.88,1.50
2013.05.12 23:19:40.624,0.99879,0.99895,1.88,1.50
2013.05.12 23:19:41.083,0.99879,0.99895,1.88,1.50
2013.05.12 23:19:41.633,0.9988,0.99895,1.50,1.50
2013.05.12 23:19:43.773,0.99879,0.99897,2.82,1.50
2013.05.12 23:19:44.314,0.99881,0.99899,1.50,3.75
2013.05.12 23:19:44.674,0.99881,0.99895,1.50,1.50
2013.05.12 23:19:44.854,0.99881,0.99895,1.50,1.50
2013.05.12 23:19:44.974,0.99879,0.99898,3.57,1.50
2013.05.12 23:19:45.394,0.99881,0.99899,1.69,1.50
2013.05.12 23:19:45.734,0.99883,0.99899,1.50,1.50
2013.05.12 23:19:46.995,0.99883,0.99899,1.50,1.50
2013.05.12 23:19:51.356,0.99884,0.99901,1.88,1.69
2013.05.12 23:19:52.894,0.99884,0.99902,1.69,3.19
2013.05.12 23:19:59.153,0.99884,0.99899,1.88,1.50
2013.05.12 23:19:59.574,0.99882,0.99897,1.50,1.50
2013.05.12 23:19:59.884,0.99882,0.99898,2.63,2.25
2013.05.12 23:20:00.423,0.99882,0.99898,2.63,2.25
2013.05.12 23:20:00.784,0.99882,0.99899,1.13,1.32
2013.05.12 23:20:01.025,0.99883,0.99899,2.25,2.07
2013.05.12 23:20:01.684,0.99883,0.99898,1.50,1.50
2013.05.12 23:20:01.904,0.99882,0.99898,1.50,1.50
2013.05.12 23:20:02.023,0.99881,0.99895,2.25,1.50
2013.05.12 23:20:02.534,0.99881,0.99895,1.50,2.25
2013.05.12 23:20:03.043,0.99878,0.99893,3.19,1.50
2013.05.12 23:20:03.164,0.99877,0.99893,3.94,2.25
2013.05.12 23:20:03.664,0.99876,0.99891,1.32,1.50
2013.05.12 23:20:04.647,0.99872,0.99888,1.50,6.38
2013.05.12 23:20:04.720,0.99871,0.99882,1.50,1.50
2013.05.12 23:20:06.293,0.9987,0.99882,1.50,1.50
2013.05.12 23:20:06.594,0.9987,0.99882,1.50,1.50
2013.05.12 23:20:07.285,0.99869,0.99882,1.69,2.25
2013.05.12 23:20:07.464,0.99869,0.99882,1.69,2.25
2013.05.12 23:20:08.933,0.99868,0.99882,1.69,2.25
2013.05.12 23:20:09.443,0.99868,0.99882,1.69,2.25
2013.05.12 23:20:09.623,0.99868,0.99882,1.69,2.25
2013.05.12 23:20:10.124,0.99868,0.99882,1.69,2.25
2013.05.12 23:20:10.484,0.99871,0.99882,1.50,1.50
2013.05.12 23:20:10.843,0.99871,0.99882,1.50,1.50
2013.05.12 23:20:14.344,0.9987,0.99882,1.50,1.50
2013.05.12 23:20:16.543,0.9987,0.99882,1.50,1.50
2013.05.12 23:20:16.815,0.99877,0.99888,1.88,1.69
2013.05.12 23:20:18.244,0.99877,0.99887,1.50,1.50
2013.05.12 23:20:18.974,0.99877,0.99887,1.50,1.50
2013.05.12 23:20:21.230,0.99873,0.99887,1.50,2.25
2013.05.12 23:20:23.664,0.99873,0.99887,1.50,2.25
2013.05.12 23:20:23.845,0.99874,0.99887,1.50,3.00
2013.05.12 23:20:24.416,0.99874,0.99887,1.50,3.00
2013.05.12 23:20:24.815,0.99873,0.99887,1.50,2.25
2013.05.12 23:20:25.374,0.99873,0.99887,2.25,3.00
2013.05.12 23:20:25.915,0.99873,0.99887,2.25,3.00
2013.05.12 23:20:26.975,0.99873,0.99886,1.50,1.13
2013.05.12 23:20:27.034,0.99873,0.99882,1.50,1.50
2013.05.12 23:20:27.215,0.99871,0.99882,1.50,1.50
2013.05.12 23:20:27.407,0.99871,0.99882,1.50,1.50
2013.05.12 23:20:31.894,0.99873,0.99882,1.50,1.50
2013.05.12 23:20:33.905,0.99874,0.99882,1.50,1.50
2013.05.12 23:20:34.465,0.99875,0.99882,1.50,1.50
2013.05.12 23:20:34.526,0.99876,0.99887,1.50,3.19
2013.05.12 23:20:35.065,0.99878,0.99887,1.50,1.50
2013.05.12 23:20:35.125,0.99879,0.99891,1.50,2.44
2013.05.12 23:20:35.486,0.99879,0.99892,1.50,1.69
2013.05.12 23:20:35.606,0.99881,0.99892,1.50,1.69
2013.05.12 23:20:35.845,0.9988,0.99896,2.25,2.82
2013.05.12 23:20:35.905,0.9988,0.99896,3.00,2.07
2013.05.12 23:20:36.426,0.99878,0.99896,3.00,2.82
2013.05.12 23:20:36.485,0.99878,0.99895,2.25,1.50
2013.05.12 23:20:36.605,0.99877,0.99894,1.50,1.50
2013.05.12 23:20:37.105,0.99877,0.99893,1.50,1.50
2013.05.12 23:20:37.285,0.99875,0.99886,1.32,1.50
2013.05.12 23:20:37.405,0.99874,0.99886,1.58,1.50
2013.05.12 23:20:37.585,0.99874,0.99886,1.58,1.88
2013.05.12 23:20:38.125,0.99872,0.99886,1.65,1.50
2013.05.12 23:20:39.785,0.99872,0.99886,2.03,1.50
2013.05.12 23:20:39.905,0.99872,0.9989,2.40,1.50
2013.05.12 23:20:40.145,0.99872,0.99889,1.50,1.50
2013.05.12 23:20:40.265,0.99872,0.99889,1.88,1.50
2013.05.12 23:20:40.825,0.99872,0.99887,1.88,1.50
2013.05.12 23:20:41.245,0.99872,0.99889,1.50,1.50
2013.05.12 23:20:41.764,0.99873,0.99889,2.25,1.50
2013.05.12 23:20:42.847,0.99873,0.99889,2.25,1.50
2013.05.12 23:20:43.385,0.99873,0.99889,2.25,3.38
2013.05.12 23:20:45.005,0.99873,0.99889,2.25,1.50
2013.05.12 23:20:45.064,0.99873,0.99889,2.63,1.50
2013.05.12 23:20:45.305,0.99873,0.9989,1.50,1.50
2013.05.12 23:20:45.905,0.99872,0.9989,1.88,1.50
2013.05.12 23:20:46.265,0.99872,0.99886,2.07,1.50
2013.05.12 23:20:46.646,0.99871,0.99885,1.50,1.50
2013.05.12 23:20:47.184,0.9987,0.99884,1.50,1.50
2013.05.12 23:20:47.244,0.9987,0.99884,1.50,1.50
2013.05.12 23:20:47.820,0.9987,0.99884,1.50,1.50
2013.05.12 23:20:50.057,0.99868,0.99882,1.65,1.50
2013.05.12 23:20:52.190,0.99868,0.99882,1.65,1.50
2013.05.12 23:20:52.495,0.99868,0.99882,1.65,1.50
2013.05.12 23:20:53.054,0.99869,0.99883,1.58,1.50
2013.05.12 23:20:53.174,0.99871,0.99883,1.50,1.50
2013.05.12 23:20:53.724,0.9987,0.99882,1.50,1.50
2013.05.12 23:20:55.505,0.9987,0.99882,1.50,1.50
2013.05.12 23:20:56.214,0.99868,0.99882,1.65,1.50
2013.05.12 23:20:56.614,0.99869,0.99882,1.58,1.50
2013.05.12 23:20:56.914,0.99867,0.99882,1.28,1.50
2013.05.12 23:20:57.497,0.99866,0.99881,2.03,1.50
2013.05.12 23:20:58.715,0.99867,0.99881,1.28,1.50
2013.05.12 23:20:58.835,0.99867,0.99881,1.28,1.50
2013.05.12 23:20:59.215,0.99866,0.9988,1.28,2.25
2013.05.12 23:20:59.275,0.99864,0.99879,1.20,1.50
2013.05.12 23:20:59.334,0.99864,0.99879,1.13,1.50
2013.05.12 23:20:59.394,0.99863,0.99879,1.69,1.50
2013.05.12 23:21:00.004,0.99864,0.9988,1.50,3.94
2013.05.12 23:21:00.065,0.99862,0.9988,1.88,3.94
2013.05.12 23:21:00.425,0.99864,0.9988,1.50,4.69
2013.05.12 23:21:00.665,0.99862,0.99877,1.50,2.25
2013.05.12 23:21:01.459,0.99862,0.99874,1.50,1.50
2013.05.12 23:21:02.285,0.99861,0.99873,1.50,1.50
2013.05.12 23:21:03.984,0.99857,0.99873,2.82,2.25
2013.05.12 23:21:04.045,0.99857,0.99871,1.69,1.50
2013.05.12 23:21:05.074,0.99857,0.99872,1.88,3.00
2013.05.12 23:21:05.235,0.99857,0.99872,1.88,2.25
2013.05.12 23:21:05.355,0.99857,0.99872,1.88,3.00
2013.05.12 23:21:06.224,0.99857,0.99872,1.88,3.00
2013.05.12 23:21:07.615,0.99854,0.99872,2.07,3.00
2013.05.12 23:21:07.936,0.99854,0.99872,2.63,3.19
2013.05.12 23:21:07.997,0.99854,0.99871,2.63,2.44
2013.05.12 23:21:08.114,0.99854,0.9987,2.25,1.50
2013.05.12 23:21:09.524,0.99854,0.99869,1.50,1.50
2013.05.12 23:21:10.345,0.99854,0.99869,1.50,2.25
2013.05.12 23:21:10.405,0.99854,0.99869,1.50,2.25
2013.05.12 23:21:11.391,0.99854,0.99869,1.50,2.25
2013.05.12 23:21:11.454,0.9985,0.99869,3.19,2.25
2013.05.12 23:21:11.574,0.99851,0.99869,3.19,2.25
2013.05.12 23:21:14.466,0.99851,0.99869,2.44,2.25
2013.05.12 23:21:14.705,0.99851,0.99869,2.44,3.00
2013.05.12 23:21:14.945,0.99854,0.99869,1.88,2.25
2013.05.12 23:21:15.365,0.99853,0.99869,1.50,2.25
2013.05.12 23:21:15.914,0.99851,0.99868,2.44,1.50
2013.05.12 23:21:17.024,0.99851,0.99868,2.44,1.50
2013.05.12 23:21:17.207,0.99851,0.99868,2.44,1.50
2013.05.12 23:21:17.386,0.99854,0.99869,1.50,1.50
2013.05.12 23:21:17.925,0.99854,0.99869,1.50,2.25
2013.05.12 23:21:18.464,0.99854,0.99869,1.50,2.25
2013.05.12 23:21:19.164,0.99854,0.99869,1.50,2.25
2013.05.12 23:21:19.346,0.99853,0.99869,1.50,2.25
2013.05.12 23:21:19.766,0.99853,0.99869,1.50,1.50
2013.05.12 23:21:20.191,0.99852,0.99869,1.50,1.50
2013.05.12 23:21:20.315,0.99853,0.99869,1.50,1.50
2013.05.12 23:21:23.235,0.99853,0.99868,1.50,1.13
2013.05.12 23:21:23.793,0.99852,0.99869,1.50,1.50
2013.05.12 23:21:25.284,0.99852,0.99869,1.50,1.50
2013.05.12 23:21:25.615,0.99851,0.99869,2.25,2.25
2013.05.12 23:21:25.675,0.99851,0.99864,1.50,1.50
2013.05.12 23:21:25.856,0.99854,0.99868,1.88,2.25
2013.05.12 23:21:26.396,0.99854,0.99869,1.50,2.25
2013.05.12 23:21:26.704,0.99854,0.99869,1.50,2.25
2013.05.12 23:21:27.066,0.9985,0.99865,2.25,2.25
2013.05.12 23:21:27.606,0.99854,0.99866,1.50,1.50
2013.05.12 23:21:27.786,0.99852,0.99865,1.50,1.50
2013.05.12 23:21:27.905,0.99851,0.99865,1.50,1.50
2013.05.12 23:21:28.085,0.99848,0.99864,1.50,1.13
2013.05.12 23:21:28.266,0.99849,0.99864,1.50,1.13
2013.05.12 23:21:28.825,0.99847,0.99862,1.50,1.50
2013.05.12 23:21:30.336,0.9985,0.99862,1.50,1.50
2013.05.12 23:21:31.065,0.99846,0.99862,1.50,1.50
2013.05.12 23:21:31.246,0.9985,0.99862,1.50,1.50
2013.05.12 23:21:31.605,0.9985,0.99865,1.50,3.00
2013.05.12 23:21:31.664,0.9985,0.99865,1.50,2.25
2013.05.12 23:21:32.095,0.99848,0.99865,1.50,1.50
2013.05.12 23:21:32.216,0.99846,0.99866,3.00,4.69
2013.05.12 23:21:32.335,0.99848,0.99863,1.50,1.50
2013.05.12 23:21:33.096,0.99848,0.99863,1.50,1.50
2013.05.12 23:21:33.964,0.99846,0.99863,2.25,1.50
2013.05.12 23:21:34.085,0.9985,0.99866,1.50,5.44
2013.05.12 23:21:34.206,0.9985,0.99866,1.50,3.19
2013.05.12 23:21:34.384,0.9985,0.99866,1.50,1.69
2013.05.12 23:21:34.445,0.99852,0.99868,1.50,1.69
2013.05.12 23:21:34.865,0.99852,0.99869,1.50,1.69
2013.05.12 23:21:35.467,0.99852,0.99868,1.50,1.69
2013.05.12 23:21:35.538,0.99852,0.9987,1.50,4.69
2013.05.12 23:21:36.145,0.99852,0.9987,1.50,3.94
2013.05.12 23:21:36.705,0.99852,0.99869,1.50,1.69
2013.05.12 23:21:39.595,0.99852,0.99867,1.50,1.50
2013.05.12 23:21:42.945,0.99852,0.99869,1.50,1.69
2013.05.12 23:21:43.005,0.99852,0.9987,1.50,3.94
2013.05.12 23:21:43.507,0.99852,0.9987,1.50,3.94
2013.05.12 23:21:44.065,0.99852,0.9987,1.50,4.69
2013.05.12 23:21:44.786,0.9985,0.99868,1.50,1.13
2013.05.12 23:21:44.845,0.99849,0.99868,2.25,1.13
2013.05.12 23:21:45.327,0.99853,0.99869,1.50,2.07
2013.05.12 23:21:45.865,0.99853,0.99869,1.50,2.07
2013.05.12 23:21:47.525,0.99853,0.99868,1.50,1.69
2013.05.12 23:21:48.065,0.99854,0.99868,1.50,1.50
2013.05.12 23:21:48.625,0.99851,0.99866,3.75,1.50
2013.05.12 23:21:49.036,0.99851,0.99868,3.00,1.50
2013.05.12 23:21:49.335,0.99852,0.99868,1.50,1.50
2013.05.12 23:21:49.934,0.99851,0.9987,2.25,3.94
2013.05.12 23:21:50.235,0.99852,0.99868,1.50,1.50
2013.05.12 23:21:50.474,0.99854,0.9987,1.50,3.00
2013.05.12 23:21:50.775,0.99855,0.9987,1.50,1.50
2013.05.12 23:21:51.155,0.99856,0.99872,2.25,1.50
2013.05.12 23:21:51.475,0.9986,0.99875,1.50,2.07
2013.05.12 23:21:52.015,0.9986,0.99876,1.50,2.44
2013.05.12 23:21:53.688,0.9986,0.99876,5.25,1.69
2013.05.12 23:21:53.994,0.99862,0.99879,2.25,3.57
2013.05.12 23:21:56.145,0.99862,0.99876,3.00,1.50
2013.05.12 23:21:56.684,0.99862,0.99876,2.25,1.50
2013.05.12 23:21:57.205,0.99861,0.99877,3.00,2.25
2013.05.12 23:21:57.764,0.99862,0.99876,2.25,1.50
2013.05.12 23:21:58.274,0.99862,0.99879,2.25,2.07
2013.05.12 23:21:58.831,0.99862,0.99878,3.75,1.50
2013.05.12 23:21:59.876,0.99863,0.99878,1.50,1.13
2013.05.12 23:22:00.175,0.99866,0.99881,2.25,1.69
2013.05.12 23:22:00.714,0.99866,0.9988,3.19,1.50
2013.05.12 23:22:01.074,0.99866,0.99882,3.19,1.50
2013.05.12 23:22:01.135,0.99866,0.99882,3.19,1.50
2013.05.12 23:22:01.255,0.99866,0.99882,3.19,1.50
2013.05.12 23:22:01.435,0.99864,0.99881,1.69,3.00
2013.05.12 23:22:01.615,0.99863,0.99881,2.44,3.00
2013.05.12 23:22:01.735,0.99864,0.99879,1.69,1.50
2013.05.12 23:22:01.975,0.99865,0.99881,1.50,3.00
2013.05.12 23:22:02.035,0.99866,0.99881,1.13,3.00
2013.05.12 23:22:02.576,0.99865,0.9988,1.69,3.00
2013.05.12 23:22:03.146,0.99863,0.9988,3.19,3.75
2013.05.12 23:22:03.544,0.99863,0.9988,2.44,3.00
2013.05.12 23:22:03.610,0.99863,0.9988,3.19,3.75
2013.05.12 23:22:04.175,0.99863,0.99879,1.69,1.50
2013.05.12 23:22:04.715,0.99863,0.99878,2.44,1.50
2013.05.12 23:22:05.054,0.99863,0.99878,1.50,1.50
2013.05.12 23:22:08.785,0.99861,0.99878,3.19,1.50
2013.05.12 23:22:09.516,0.99863,0.99878,1.50,1.50
2013.05.12 23:22:10.064,0.99861,0.99878,3.19,1.50
2013.05.12 23:22:10.615,0.99861,0.99875,3.94,1.50
2013.05.12 23:22:10.853,0.99861,0.99875,3.94,2.25
2013.05.12 23:22:11.156,0.99856,0.99866,1.69,2.63
2013.05.12 23:22:11.336,0.99851,0.99867,3.19,1.50
2013.05.12 23:22:11.875,0.99851,0.99868,2.44,1.50
2013.05.12 23:22:12.295,0.99851,0.99868,1.69,1.50
2013.05.12 23:22:16.945,0.99854,0.99871,1.50,3.94
2013.05.12 23:22:17.066,0.99858,0.99871,1.50,1.69
2013.05.12 23:22:17.185,0.99858,0.99874,1.50,2.44
2013.05.12 23:22:17.364,0.99861,0.99875,2.25,1.50
2013.05.12 23:22:17.846,0.99858,0.99874,2.44,1.50
2013.05.12 23:22:17.905,0.99857,0.99871,1.69,1.50
2013.05.12 23:22:17.965,0.99854,0.99871,1.50,1.50
2013.05.12 23:22:18.324,0.99853,0.99868,2.44,1.50
2013.05.12 23:22:19.177,0.99854,0.99868,1.50,1.50
2013.05.12 23:22:19.295,0.99865,0.99871,1.50,1.50
2013.05.12 23:22:19.415,0.99865,0.99875,1.50,1.50
2013.05.12 23:22:19.475,0.99861,0.99876,2.25,1.69
2013.05.12 23:22:19.976,0.9986,0.99877,6.19,1.50
2013.05.12 23:22:21.805,0.99861,0.99876,1.69,1.50
2013.05.12 23:22:22.996,0.99861,0.99876,1.69,1.50
2013.05.12 23:22:25.415,0.99861,0.99874,1.69,1.50
2013.05.12 23:22:25.535,0.9986,0.99877,3.75,2.63
2013.05.12 23:22:26.076,0.99858,0.9987,1.69,1.50
2013.05.12 23:22:26.255,0.99854,0.9987,1.50,1.50
2013.05.12 23:22:26.764,0.99856,0.99871,2.25,1.50
2013.05.12 23:22:26.825,0.99856,0.9987,2.25,1.50
2013.05.12 23:22:27.367,0.99856,0.99873,3.75,1.50
2013.05.12 23:22:27.915,0.99854,0.9987,1.69,2.25
2013.05.12 23:22:28.477,0.99856,0.99872,2.25,1.50
2013.05.12 23:22:29.015,0.99856,0.99872,3.38,1.50
2013.05.12 23:22:31.005,0.99856,0.99872,4.13,1.50
2013.05.12 23:22:31.306,0.99861,0.99873,1.50,1.50
2013.05.12 23:22:31.366,0.99861,0.99873,1.50,1.50
2013.05.12 23:22:31.426,0.99861,0.99876,2.25,3.19
2013.05.12 23:22:31.545,0.99866,0.99876,2.25,1.69
2013.05.12 23:22:31.665,0.99866,0.99877,2.25,1.69
2013.05.12 23:22:31.724,0.99866,0.9988,2.25,1.69
2013.05.12 23:22:32.025,0.99866,0.99881,2.25,1.50
2013.05.12 23:22:32.385,0.99866,0.99882,3.00,2.44
2013.05.12 23:22:33.438,0.99866,0.99882,3.00,2.25
2013.05.12 23:22:35.395,0.99866,0.99882,3.00,2.25
2013.05.12 23:22:35.526,0.99866,0.99882,3.00,2.25
2013.05.12 23:22:36.178,0.99866,0.9988,2.25,1.50
2013.05.12 23:22:36.415,0.99863,0.99879,2.44,2.25
2013.05.12 23:22:36.475,0.99862,0.99879,1.69,2.25
2013.05.12 23:22:36.654,0.99863,0.99879,2.44,2.25
2013.05.12 23:22:37.135,0.99862,0.99878,1.50,1.50
2013.05.12 23:22:37.695,0.99861,0.99878,3.00,1.50
2013.05.12 23:22:37.875,0.99863,0.99879,1.50,2.25
2013.05.12 23:22:38.535,0.99862,0.99879,1.50,2.25
2013.05.12 23:22:39.055,0.99861,0.99876,3.00,1.50
2013.05.12 23:22:39.175,0.99862,0.99876,1.13,1.50
2013.05.12 23:22:39.235,0.99865,0.99876,2.25,1.50
2013.05.12 23:22:39.475,0.99865,0.9988,2.25,1.50
2013.05.12 23:22:39.655,0.99865,0.9988,2.25,1.50
2013.05.12 23:22:40.015,0.99864,0.9988,1.69,1.50
2013.05.12 23:22:40.385,0.99864,0.99877,1.50,1.50
2013.05.12 23:22:41.665,0.99863,0.99876,1.50,1.50
2013.05.12 23:22:41.725,0.99869,0.9988,1.13,1.50
2013.05.12 23:22:41.785,0.99875,0.9988,1.50,1.50
2013.05.12 23:22:42.025,0.99876,0.99886,1.50,3.19
2013.05.12 23:22:42.145,0.99867,0.99884,2.25,1.69
2013.05.12 23:22:42.265,0.99867,0.99883,1.50,1.69
2013.05.12 23:22:42.325,0.99867,0.99883,1.50,2.44
2013.05.12 23:22:42.392,0.99864,0.99882,1.32,3.00
2013.05.12 23:22:42.815,0.99866,0.99879,1.50,1.50
2013.05.12 23:22:43.475,0.99866,0.9988,1.50,1.50
2013.05.12 23:22:43.857,0.99864,0.99879,1.69,1.50
2013.05.12 23:22:44.480,0.99866,0.99881,1.50,3.00
2013.05.12 23:22:44.648,0.99867,0.99881,1.50,2.25
2013.05.12 23:22:44.766,0.99875,0.99885,2.25,1.69
2013.05.12 23:22:44.946,0.99875,0.99887,2.25,1.69
2013.05.12 23:22:45.006,0.99878,0.99888,1.50,2.44
2013.05.12 23:22:45.065,0.99878,0.99888,1.50,1.50
2013.05.12 23:22:45.185,0.99878,0.99892,1.50,2.82
2013.05.12 23:22:45.615,0.99878,0.99892,2.25,1.69
2013.05.12 23:22:46.145,0.9988,0.99894,1.50,1.69
2013.05.12 23:22:46.646,0.9988,0.99894,1.50,1.69
2013.05.12 23:22:47.606,0.9988,0.99895,1.50,1.69
2013.05.12 23:22:48.025,0.99881,0.99894,1.50,1.50
2013.05.12 23:22:48.086,0.99881,0.99894,1.50,1.50
2013.05.12 23:22:48.387,0.9988,0.99893,1.50,1.50
2013.05.12 23:22:48.906,0.99879,0.99892,1.50,1.50
2013.05.12 23:22:49.586,0.9988,0.99892,1.50,1.50
2013.05.12 23:22:50.165,0.99877,0.9989,1.50,1.50
2013.05.12 23:22:50.225,0.99875,0.9989,1.69,1.50
2013.05.12 23:22:50.404,0.99874,0.9989,1.50,1.50
2013.05.12 23:22:51.199,0.99873,0.99889,2.25,1.50
2013.05.12 23:22:51.385,0.99873,0.99889,2.25,1.50
2013.05.12 23:22:51.565,0.99873,0.99889,2.25,1.50
2013.05.12 23:22:51.685,0.99873,0.99887,1.50,1.50
2013.05.12 23:22:52.045,0.99873,0.99887,1.50,1.50
2013.05.12 23:22:52.965,0.99872,0.9989,2.25,1.50
2013.05.12 23:22:53.385,0.99877,0.99892,2.25,1.50
2013.05.12 23:22:53.808,0.99878,0.99895,1.50,2.25
2013.05.12 23:22:54.305,0.99878,0.99895,1.50,2.25
2013.05.12 23:22:54.425,0.99877,0.99895,3.00,2.25
2013.05.12 23:22:54.605,0.99878,0.99895,1.50,2.25
2013.05.12 23:22:55.025,0.99877,0.99895,3.00,2.25
2013.05.12 23:22:55.384,0.9988,0.99895,1.50,1.50
2013.05.12 23:22:55.905,0.99881,0.99895,1.50,1.50
2013.05.12 23:22:59.424,0.99881,0.99895,1.50,1.50
2013.05.12 23:22:59.608,0.99881,0.99895,1.50,1.50
2013.05.12 23:23:04.655,0.99881,0.99895,1.50,1.50
2013.05.12 23:23:06.805,0.99881,0.99896,1.50,1.50
2013.05.12 23:23:06.925,0.99882,0.99899,1.13,2.44
2013.05.12 23:23:06.986,0.99884,0.99901,1.50,1.69
2013.05.12 23:23:07.284,0.99883,0.99901,2.25,2.44
2013.05.12 23:23:07.345,0.99885,0.99902,1.13,1.50
2013.05.12 23:23:07.705,0.99887,0.99903,3.00,1.69
2013.05.12 23:23:08.234,0.99888,0.99903,1.50,1.69
2013.05.12 23:23:10.015,0.99888,0.99903,1.50,1.50
2013.05.12 23:23:10.316,0.99891,0.99907,2.03,2.44
2013.05.12 23:23:10.375,0.99892,0.99907,2.03,1.50
2013.05.12 23:23:10.495,0.99891,0.99907,3.75,1.50
2013.05.12 23:23:10.615,0.9989,0.99908,3.94,2.25
2013.05.12 23:23:10.795,0.99891,0.99908,3.00,1.50
2013.05.12 23:23:11.335,0.99893,0.99907,1.50,1.50
2013.05.12 23:23:11.851,0.99893,0.99907,1.50,1.50
2013.05.12 23:23:12.366,0.99893,0.99906,1.50,1.50
2013.05.12 23:23:12.875,0.99891,0.99909,4.69,1.50
2013.05.12 23:23:13.415,0.99892,0.99909,1.69,2.25
2013.05.12 23:23:14.345,0.99893,0.99907,1.50,1.50
2013.05.12 23:23:14.895,0.99891,0.99906,1.50,1.50
2013.05.12 23:23:16.017,0.99891,0.99907,2.25,1.50
2013.05.12 23:23:16.075,0.99891,0.99907,2.25,1.50
2013.05.12 23:23:16.196,0.99894,0.99907,1.50,1.50
2013.05.12 23:23:16.615,0.99894,0.9991,1.69,3.00
2013.05.12 23:23:16.975,0.99897,0.99912,1.50,1.50
2013.05.12 23:23:17.096,0.99897,0.9991,2.25,1.50
2013.05.12 23:23:17.456,0.99894,0.99908,2.44,1.50
2013.05.12 23:23:17.575,0.99894,0.99908,1.69,1.50
2013.05.12 23:23:18.115,0.99895,0.99909,1.69,1.50
2013.05.12 23:23:18.706,0.99895,0.99909,1.69,1.50
2013.05.12 23:23:19.225,0.99895,0.99908,1.69,1.50
2013.05.12 23:23:19.345,0.99895,0.99909,1.69,1.50
2013.05.12 23:23:20.425,0.99895,0.99909,1.69,2.25
2013.05.12 23:23:20.545,0.99895,0.99909,1.69,1.50
2013.05.12 23:23:20.786,0.99897,0.9991,1.50,2.25
2013.05.12 23:23:20.965,0.99898,0.99912,1.50,1.50
2013.05.12 23:23:22.155,0.99898,0.99913,1.50,1.50
2013.05.12 23:23:22.215,0.99897,0.99913,1.50,1.50
2013.05.12 23:23:22.275,0.99897,0.9991,1.50,1.50
2013.05.12 23:23:22.617,0.99896,0.9991,1.50,1.50
2013.05.12 23:23:23.046,0.99896,0.9991,1.50,2.25
2013.05.12 23:23:23.165,0.99896,0.99911,2.25,1.50
2013.05.12 23:23:23.285,0.99897,0.99911,1.50,1.50
2013.05.12 23:23:23.345,0.99899,0.99911,1.50,1.50
2013.05.12 23:23:23.905,0.99897,0.99911,2.25,1.50
2013.05.12 23:23:26.035,0.99898,0.99911,1.50,1.50
2013.05.12 23:23:29.266,0.99898,0.99911,1.50,1.50
2013.05.12 23:23:30.425,0.99897,0.99911,2.25,1.50
2013.05.12 23:23:31.050,0.99898,0.99912,1.50,1.50
2013.05.12 23:23:31.566,0.99899,0.99912,1.50,2.25
2013.05.12 23:23:32.076,0.99899,0.99912,1.50,2.25
2013.05.12 23:23:36.037,0.99899,0.99911,1.50,1.50
2013.05.12 23:23:39.096,0.99894,0.9991,3.19,1.50
2013.05.12 23:23:39.455,0.99887,0.99903,2.44,2.25
2013.05.12 23:23:39.515,0.99887,0.99903,2.44,2.25
2013.05.12 23:23:39.635,0.99885,0.99901,5.44,1.50
2013.05.12 23:23:39.755,0.99885,0.99899,2.44,1.50
2013.05.12 23:23:40.115,0.99883,0.99899,1.69,1.50
2013.05.12 23:23:41.029,0.99884,0.99895,1.69,1.50
2013.05.12 23:23:41.565,0.99884,0.99897,2.44,1.50
2013.05.12 23:23:41.935,0.99884,0.99896,1.69,1.50
2013.05.12 23:23:42.475,0.99882,0.99897,1.50,1.50
2013.05.12 23:23:43.910,0.99884,0.99897,3.19,1.50
2013.05.12 23:23:44.158,0.99884,0.99899,2.25,1.50
2013.05.12 23:23:45.207,0.99884,0.99896,1.50,1.50
2013.05.12 23:23:45.396,0.99882,0.99896,1.69,1.50
2013.05.12 23:23:46.004,0.9988,0.99896,3.94,1.50
2013.05.12 23:23:46.258,0.99881,0.99896,1.50,1.50
2013.05.12 23:23:46.647,0.99881,0.99896,1.50,1.50
2013.05.12 23:23:47.325,0.99881,0.99896,1.50,1.50
2013.05.12 23:23:47.856,0.9988,0.99896,3.19,1.50
2013.05.12 23:23:48.218,0.99873,0.99885,1.69,2.25
2013.05.12 23:23:48.516,0.99868,0.9988,1.69,1.50
2013.05.12 23:23:48.815,0.99869,0.99885,1.69,2.25
2013.05.12 23:23:49.959,0.9987,0.99886,1.50,4.13
2013.05.12 23:23:50.135,0.99869,0.99882,2.25,1.50
2013.05.12 23:23:50.316,0.99866,0.99881,1.50,1.50
2013.05.12 23:23:50.675,0.99869,0.99881,1.50,2.25
2013.05.12 23:23:51.215,0.99868,0.99884,2.25,2.25
2013.05.12 23:23:51.526,0.99872,0.99884,1.50,1.50
2013.05.12 23:23:52.005,0.99871,0.99885,1.50,1.69
2013.05.12 23:23:52.485,0.99871,0.99886,1.50,1.50
2013.05.12 23:23:53.016,0.99872,0.99886,1.50,1.50
2013.05.12 23:23:53.555,0.99872,0.99886,1.50,2.25
2013.05.12 23:23:53.915,0.9987,0.99878,2.25,1.50
2013.05.12 23:23:54.095,0.9987,0.99875,1.50,1.50
2013.05.12 23:23:54.155,0.99868,0.99875,1.50,1.50
2013.05.12 23:23:54.215,0.99865,0.99879,2.44,1.13
2013.05.12 23:23:54.275,0.99864,0.99879,1.50,1.69
2013.05.12 23:23:54.636,0.99865,0.9988,3.75,1.50
2013.05.12 23:23:55.287,0.99868,0.9988,1.50,1.50
2013.05.12 23:23:55.358,0.99868,0.99879,1.50,1.50
2013.05.12 23:23:55.610,0.99867,0.9988,1.50,3.00
2013.05.12 23:23:56.115,0.99867,0.99879,1.50,1.50
2013.05.12 23:23:57.507,0.99866,0.9988,1.50,3.00
2013.05.12 23:23:58.505,0.99866,0.99879,1.50,1.50
2013.05.12 23:23:58.805,0.99866,0.99879,1.50,1.50
2013.05.12 23:23:59.325,0.99866,0.99879,1.50,1.50
2013.05.12 23:24:00.135,0.99867,0.99881,1.50,1.50
2013.05.12 23:24:00.736,0.99867,0.99883,1.50,3.19
2013.05.12 23:24:01.016,0.99867,0.99883,1.50,2.44
2013.05.12 23:24:01.375,0.99867,0.99883,1.50,3.19
2013.05.12 23:24:01.926,0.99867,0.9988,1.50,2.25
2013.05.12 23:24:02.465,0.99867,0.99879,1.50,1.50
2013.05.12 23:24:03.808,0.99869,0.9988,1.50,3.00
2013.05.12 23:24:04.106,0.99876,0.99886,1.50,2.25
2013.05.12 23:24:04.225,0.99875,0.9989,1.50,1.50
2013.05.12 23:24:04.345,0.99875,0.99892,2.25,3.94
2013.05.12 23:24:04.405,0.99876,0.99894,1.50,3.00
2013.05.12 23:24:04.945,0.99876,0.99893,2.25,1.50
2013.05.12 23:24:05.185,0.99876,0.99893,2.25,2.25
2013.05.12 23:24:05.615,0.99876,0.9989,1.50,3.00
2013.05.12 23:24:06.015,0.99876,0.99889,1.50,1.50
2013.05.12 23:24:06.570,0.99876,0.99888,1.50,1.50
2013.05.12 23:24:07.157,0.99876,0.99888,1.50,1.50
2013.05.12 23:24:07.337,0.99871,0.99882,1.50,1.50
2013.05.12 23:24:07.636,0.99868,0.99881,2.44,1.50
2013.05.12 23:24:08.055,0.99869,0.99885,1.50,2.82
2013.05.12 23:24:08.115,0.99869,0.99885,1.50,1.69
2013.05.12 23:24:08.655,0.99871,0.99887,1.50,2.25
2013.05.12 23:24:17.295,0.99871,0.99887,1.50,2.25
2013.05.12 23:24:18.256,0.99873,0.99887,1.50,1.50
2013.05.12 23:24:18.796,0.99873,0.99887,1.50,1.50
2013.05.12 23:24:19.771,0.99874,0.99887,1.50,1.50
2013.05.12 23:24:23.295,0.99872,0.99887,1.50,1.50
2013.05.12 23:24:23.795,0.99871,0.99886,1.50,1.50
2013.05.12 23:24:24.335,0.99869,0.99884,1.50,1.50
2013.05.12 23:24:24.695,0.9987,0.99885,3.00,1.50
2013.05.12 23:24:24.755,0.9987,0.99885,3.00,1.50
2013.05.12 23:24:25.297,0.9987,0.99883,1.50,1.50
2013.05.12 23:24:25.835,0.99869,0.99883,1.50,2.25
2013.05.12 23:24:27.025,0.99867,0.99882,1.50,1.50
2013.05.12 23:24:29.625,0.99867,0.99882,1.50,2.25
2013.05.12 23:24:30.307,0.99867,0.99882,1.50,2.25
2013.05.12 23:24:31.617,0.99867,0.99882,1.50,1.50
2013.05.12 23:24:32.505,0.99867,0.99882,1.50,2.25
2013.05.12 23:24:33.055,0.99867,0.99882,1.50,1.50
2013.05.12 23:24:33.175,0.99867,0.99882,1.50,2.25
2013.05.12 23:24:33.355,0.99866,0.99882,1.69,4.50
2013.05.12 23:24:33.535,0.99867,0.99882,1.50,4.50
2013.05.12 23:24:33.835,0.99864,0.99879,1.69,1.50
2013.05.12 23:24:34.075,0.99862,0.99878,1.69,1.50
2013.05.12 23:24:34.195,0.99861,0.99878,3.75,1.50
2013.05.12 23:24:34.255,0.99861,0.99878,3.00,2.25
2013.05.12 23:24:34.556,0.9986,0.99875,1.50,3.00
2013.05.12 23:24:34.736,0.9986,0.99875,1.50,3.00
2013.05.12 23:24:34.801,0.9986,0.99875,1.50,3.00
2013.05.12 23:24:35.365,0.9986,0.99875,1.50,3.00
2013.05.12 23:24:36.705,0.9986,0.99875,1.50,3.00
2013.05.12 23:24:37.545,0.9986,0.99875,4.50,2.25
2013.05.12 23:24:37.665,0.99861,0.99875,1.50,1.50
2013.05.12 23:24:38.085,0.99863,0.99879,1.69,2.25
2013.05.12 23:24:38.326,0.99863,0.99879,2.44,1.50
2013.05.12 23:24:40.666,0.99861,0.99876,1.69,1.50
2013.05.12 23:24:40.725,0.99861,0.99876,1.69,1.50
2013.05.12 23:24:41.265,0.99861,0.99876,1.69,1.13
2013.05.12 23:24:41.577,0.99861,0.99877,1.69,1.50
2013.05.12 23:24:41.635,0.99861,0.99877,1.69,1.50
2013.05.12 23:24:41.760,0.99861,0.99877,1.69,1.50
2013.05.12 23:24:42.305,0.9986,0.99878,3.94,1.50
2013.05.12 23:24:42.365,0.99862,0.9988,1.69,2.25
2013.05.12 23:24:43.440,0.99863,0.99878,1.69,2.25
2013.05.12 23:24:43.955,0.99865,0.99878,1.50,1.50
2013.05.12 23:24:46.405,0.99865,0.99879,1.50,1.50
2013.05.12 23:24:48.155,0.99865,0.9988,1.50,1.50
2013.05.12 23:24:54.295,0.99865,0.9988,1.50,1.50
2013.05.12 23:25:08.045,0.99865,0.9988,1.50,1.50
2013.05.12 23:25:08.345,0.99865,0.9988,1.69,1.50
2013.05.12 23:25:09.885,0.99865,0.9988,1.69,1.50
2013.05.12 23:25:10.245,0.99865,0.9988,1.69,1.50
2013.05.12 23:25:13.426,0.99865,0.9988,1.69,1.50
2013.05.12 23:25:21.668,0.99866,0.99881,1.50,3.00
2013.05.12 23:25:21.785,0.99866,0.9988,1.50,1.50
2013.05.12 23:25:23.649,0.99866,0.9988,1.50,1.50
2013.05.12 23:25:24.956,0.99866,0.9988,1.50,1.50
2013.05.12 23:25:28.205,0.99866,0.99878,1.50,1.50
2013.05.12 23:25:29.126,0.99866,0.99879,1.50,1.50
2013.05.12 23:25:31.545,0.99866,0.99879,1.69,1.50
2013.05.12 23:25:37.245,0.99862,0.99878,1.69,1.50
2013.05.12 23:25:44.766,0.99864,0.9988,1.69,1.50
2013.05.12 23:25:44.945,0.99864,0.9988,1.69,1.50
2013.05.12 23:25:45.066,0.99867,0.9988,1.50,1.50
2013.05.12 23:25:45.186,0.99867,0.99884,2.25,1.50
2013.05.12 23:25:45.305,0.99871,0.99884,1.50,1.50
2013.05.12 23:25:46.175,0.99871,0.99887,1.50,2.25
2013.05.12 23:25:46.715,0.99871,0.99887,1.50,3.00
2013.05.12 23:25:46.976,0.99871,0.99887,2.25,3.00
2013.05.12 23:25:47.155,0.99871,0.99887,2.25,3.00
2013.05.12 23:25:47.975,0.99871,0.99887,1.50,2.25
2013.05.12 23:25:48.155,0.99872,0.99887,1.50,1.50
2013.05.12 23:25:48.768,0.99872,0.99887,1.50,1.50
2013.05.12 23:25:49.305,0.99872,0.99887,1.50,1.50
2013.05.12 23:25:50.006,0.99872,0.99887,1.50,2.25
2013.05.12 23:25:51.515,0.99872,0.99887,1.50,2.25
2013.05.12 23:25:51.705,0.99872,0.99887,1.50,2.25
2013.05.12 23:25:52.258,0.99872,0.99887,1.50,2.25
2013.05.12 23:25:55.946,0.99873,0.99887,1.13,1.50
2013.05.12 23:25:56.246,0.99876,0.99889,2.44,1.50
2013.05.12 23:25:56.685,0.99878,0.99892,1.50,1.50
2013.05.12 23:25:57.387,0.99878,0.99892,1.50,2.25
2013.05.12 23:25:58.705,0.99878,0.99892,1.50,2.25
2013.05.12 23:26:02.502,0.99877,0.99889,1.50,1.13
2013.05.12 23:26:02.747,0.99871,0.99885,1.13,3.90
2013.05.12 23:26:02.807,0.99868,0.99876,2.25,2.82
2013.05.12 23:26:03.106,0.99861,0.99876,1.69,2.25
2013.05.12 23:26:03.346,0.9986,0.99876,1.69,3.00
2013.05.12 23:26:03.778,0.99858,0.99872,1.69,1.50
2013.05.12 23:26:04.495,0.99856,0.99873,2.44,1.50
2013.05.12 23:26:05.975,0.99856,0.99867,2.25,1.50
2013.05.12 23:26:06.097,0.99856,0.99867,2.25,3.38
2013.05.12 23:26:06.155,0.99852,0.99861,1.50,1.50
2013.05.12 23:26:06.516,0.9985,0.99861,1.50,1.50
2013.05.12 23:26:06.575,0.99851,0.99867,1.50,1.69
2013.05.12 23:26:07.085,0.99851,0.99869,1.50,3.19
2013.05.12 23:26:07.205,0.99851,0.99869,2.25,3.19
2013.05.12 23:26:13.385,0.99854,0.9987,1.50,3.94
2013.05.12 23:26:13.505,0.99853,0.9987,1.50,4.69
2013.05.12 23:26:14.077,0.99853,0.9987,1.50,4.69
2013.05.12 23:26:14.786,0.99853,0.99869,1.50,2.44
2013.05.12 23:26:15.986,0.99854,0.9987,1.50,6.19
2013.05.12 23:26:16.045,0.99854,0.9987,1.50,3.94
2013.05.12 23:26:16.595,0.99854,0.9987,1.50,4.69
2013.05.12 23:26:17.590,0.99854,0.9987,1.50,4.69
2013.05.12 23:26:17.660,0.99853,0.9987,1.50,3.94
2013.05.12 23:26:18.865,0.9985,0.9987,3.75,3.19
2013.05.12 23:26:18.925,0.9985,0.99869,2.25,2.44
2013.05.12 23:26:19.226,0.9985,0.99868,1.50,1.69
2013.05.12 23:26:19.675,0.99849,0.99868,1.50,1.69
2013.05.12 23:26:20.196,0.99849,0.99867,1.88,1.50
2013.05.12 23:26:20.555,0.9985,0.99868,1.50,1.69
2013.05.12 23:26:20.675,0.99852,0.99869,1.50,1.69
2013.05.12 23:26:24.277,0.99852,0.99868,1.69,1.50
2013.05.12 23:26:26.035,0.99849,0.99861,2.44,1.50
2013.05.12 23:26:26.096,0.99846,0.99861,1.69,1.50
2013.05.12 23:26:26.645,0.99846,0.99861,1.69,2.25
2013.05.12 23:26:27.145,0.99846,0.99861,1.69,2.25
2013.05.12 23:26:28.415,0.99846,0.9986,1.69,1.50
2013.05.12 23:26:28.795,0.99846,0.9986,1.50,2.25
2013.05.12 23:26:29.157,0.99843,0.9986,2.07,1.50
2013.05.12 23:26:29.395,0.99843,0.9986,2.07,2.25
2013.05.12 23:26:29.455,0.99843,0.99859,1.32,1.50
2013.05.12 23:26:29.576,0.9984,0.99851,1.69,1.50
2013.05.12 23:26:30.125,0.99837,0.9985,1.50,1.50
2013.05.12 23:26:30.425,0.99838,0.99856,5.25,2.82
2013.05.12 23:26:30.485,0.99841,0.99855,1.50,1.69
2013.05.12 23:26:31.575,0.99841,0.99857,1.50,1.69
2013.05.12 23:26:32.905,0.99843,0.99853,1.50,1.50
2013.05.12 23:26:33.025,0.99838,0.9985,3.00,1.50
2013.05.12 23:26:33.085,0.99838,0.9985,2.25,1.50
2013.05.12 23:26:33.205,0.99836,0.9985,1.50,1.50
2013.05.12 23:26:36.105,0.99836,0.9985,1.50,1.69
2013.05.12 23:26:36.645,0.99836,0.9985,1.50,1.69
2013.05.12 23:26:37.265,0.99836,0.99852,1.50,1.69
2013.05.12 23:26:37.806,0.9984,0.99852,1.50,1.50
2013.05.12 23:26:39.293,0.99841,0.99854,1.69,1.50
2013.05.12 23:26:41.695,0.9984,0.99855,3.19,1.50
2013.05.12 23:26:42.235,0.9984,0.99858,3.94,1.69
2013.05.12 23:26:42.905,0.99845,0.99859,1.50,2.44
2013.05.12 23:26:43.206,0.99846,0.9986,1.13,3.19
2013.05.12 23:26:43.586,0.99843,0.9986,1.50,4.69
2013.05.12 23:26:46.545,0.99843,0.99859,1.50,1.32
2013.05.12 23:26:47.585,0.99843,0.99858,1.50,1.69
2013.05.12 23:26:47.768,0.99843,0.99858,1.50,1.69
2013.05.12 23:26:48.836,0.99841,0.99856,2.63,1.50
2013.05.12 23:26:49.207,0.99842,0.99856,1.50,1.50
2013.05.12 23:26:50.766,0.99841,0.99856,2.63,1.50
2013.05.12 23:26:50.885,0.99841,0.99855,1.88,1.50
2013.05.12 23:26:51.427,0.99838,0.99853,1.50,1.50
2013.05.12 23:26:51.605,0.99838,0.99853,1.50,1.50
2013.05.12 23:26:51.905,0.99838,0.99853,1.50,3.00
2013.05.12 23:26:52.435,0.99837,0.99853,1.13,3.00
2013.05.12 23:26:53.975,0.99837,0.99853,1.88,3.19
2013.05.12 23:27:01.027,0.99837,0.9985,1.88,1.50
2013.05.12 23:27:01.146,0.99837,0.99847,1.88,1.50
2013.05.12 23:27:01.205,0.99837,0.99847,1.50,1.50
2013.05.12 23:27:01.386,0.99834,0.99847,1.50,1.50
2013.05.12 23:27:01.625,0.99833,0.99847,1.50,2.44
2013.05.12 23:27:01.687,0.99831,0.99846,2.63,2.44
2013.05.12 23:27:01.806,0.99831,0.99845,2.25,2.25
2013.05.12 23:27:03.206,0.99829,0.99845,2.25,3.00
2013.05.12 23:27:03.745,0.9983,0.99845,1.50,2.25
2013.05.12 23:27:05.276,0.9983,0.99845,1.50,3.19
2013.05.12 23:27:05.635,0.99827,0.99843,1.50,2.44
2013.05.12 23:27:06.185,0.99827,0.9984,1.13,1.50
2013.05.12 23:27:06.546,0.99822,0.99836,2.48,3.00
2013.05.12 23:27:06.905,0.99816,0.99831,1.50,1.50
2013.05.12 23:27:06.965,0.99815,0.99831,2.25,1.50
2013.05.12 23:27:07.515,0.99815,0.99831,1.50,4.50
2013.05.12 23:27:08.025,0.99815,0.99831,1.50,3.00
2013.05.12 23:27:08.515,0.99815,0.99831,2.25,3.00
2013.05.12 23:27:09.510,0.99815,0.99829,1.50,2.25
2013.05.12 23:27:10.565,0.99815,0.99829,1.50,1.50
2013.05.12 23:27:10.866,0.99814,0.99829,1.50,2.25
2013.05.12 23:27:11.695,0.99814,0.99827,1.50,1.88
2013.05.12 23:27:11.996,0.99812,0.99827,1.88,1.13
2013.05.12 23:27:12.545,0.99812,0.99826,1.13,2.25
2013.05.12 23:27:12.606,0.99812,0.99826,1.13,2.25
2013.05.12 23:27:13.249,0.99812,0.99826,1.13,2.25
2013.05.12 23:27:13.837,0.99811,0.99826,1.88,1.50
2013.05.12 23:27:14.378,0.99811,0.99826,1.13,1.50
2013.05.12 23:27:14.825,0.9981,0.99826,4.13,1.50
2013.05.12 23:27:15.365,0.99807,0.99822,1.88,2.07
2013.05.12 23:27:19.845,0.99807,0.99822,1.13,1.50
2013.05.12 23:27:19.905,0.99806,0.99822,1.13,1.50
2013.05.12 23:27:20.086,0.99802,0.99816,2.25,1.13
2013.05.12 23:27:20.415,0.99804,0.99817,1.50,2.25
2013.05.12 23:27:20.537,0.99807,0.9982,1.50,1.69
2013.05.12 23:27:20.836,0.99808,0.99822,1.50,2.44
2013.05.12 23:27:22.286,0.99807,0.99823,1.88,2.07
2013.05.12 23:27:22.345,0.99807,0.99822,1.88,1.50
2013.05.12 23:27:22.716,0.998,0.99816,2.25,2.25
2013.05.12 23:27:23.075,0.99803,0.99816,2.25,2.25
2013.05.12 23:27:23.615,0.99803,0.99816,1.50,1.50
2013.05.12 23:27:26.705,0.99802,0.99816,1.50,2.25
2013.05.12 23:27:27.215,0.99803,0.99816,1.50,2.25
2013.05.12 23:27:28.375,0.99801,0.99816,2.25,2.25
2013.05.12 23:27:28.436,0.99801,0.99816,2.25,2.25
2013.05.12 23:27:28.735,0.99801,0.99814,2.25,1.50
2013.05.12 23:27:29.278,0.99801,0.99814,1.50,1.50
2013.05.12 23:27:29.515,0.998,0.99814,1.50,1.50
2013.05.12 23:27:30.696,0.99801,0.99815,1.50,1.50
2013.05.12 23:27:31.055,0.99801,0.99816,2.25,3.00
2013.05.12 23:27:31.496,0.99802,0.99816,1.50,1.50
2013.05.12 23:27:32.035,0.99802,0.99816,1.50,2.25
2013.05.12 23:27:32.095,0.99802,0.99816,1.50,2.25
2013.05.12 23:27:32.675,0.99802,0.99816,1.50,2.25
2013.05.12 23:27:33.035,0.99802,0.99816,1.50,2.25
2013.05.12 23:27:34.821,0.99801,0.99816,1.50,2.25
2013.05.12 23:27:35.370,0.998,0.99816,2.25,3.00
2013.05.12 23:27:35.905,0.998,0.99814,1.50,1.69
2013.05.12 23:27:35.965,0.998,0.99814,1.50,1.69
2013.05.12 23:27:36.765,0.998,0.99814,1.50,1.69
2013.05.12 23:27:37.957,0.998,0.99815,1.50,2.44
2013.05.12 23:27:38.495,0.998,0.99812,1.50,1.50
2013.05.12 23:27:40.186,0.99799,0.99812,1.50,1.50
2013.05.12 23:27:50.655,0.998,0.99814,1.50,1.13
2013.05.12 23:27:50.715,0.998,0.99815,1.88,1.69
2013.05.12 23:27:50.835,0.99801,0.99816,1.50,1.69
2013.05.12 23:27:51.375,0.99799,0.99814,1.50,1.88
2013.05.12 23:27:52.715,0.99798,0.99813,1.50,1.50
2013.05.12 23:27:56.747,0.99801,0.99814,2.25,1.13
2013.05.12 23:27:57.045,0.998,0.99814,1.50,1.13
2013.05.12 23:27:57.616,0.99801,0.99814,1.50,1.32
2013.05.12 23:27:59.456,0.998,0.99815,1.50,2.07
2013.05.12 23:27:59.635,0.998,0.99815,1.50,2.07
2013.05.12 23:28:00.145,0.998,0.99815,1.50,2.07
2013.05.12 23:28:03.005,0.99801,0.99815,1.50,1.32
2013.05.12 23:28:03.246,0.998,0.99816,1.88,3.19
2013.05.12 23:28:03.365,0.99801,0.9982,3.00,3.94
2013.05.12 23:28:03.426,0.99801,0.9982,3.00,3.94
2013.05.12 23:28:03.936,0.99801,0.99819,3.00,2.07
2013.05.12 23:28:05.125,0.99801,0.99819,2.25,2.07
2013.05.12 23:28:05.276,0.99801,0.99819,2.25,2.82
2013.05.12 23:28:06.845,0.99801,0.99819,2.25,2.82
2013.05.12 23:28:07.157,0.99801,0.99819,3.00,2.63
2013.05.12 23:28:07.459,0.99804,0.99819,1.50,2.63
2013.05.12 23:28:07.517,0.99815,0.99821,1.50,1.50
2013.05.12 23:28:07.635,0.99815,0.99824,1.50,1.69
2013.05.12 23:28:07.815,0.99809,0.99827,1.50,2.44
2013.05.12 23:28:07.875,0.99808,0.99827,2.44,2.25
2013.05.12 23:28:08.177,0.99811,0.99827,1.50,3.19
2013.05.12 23:28:08.236,0.99811,0.99827,1.50,2.44
2013.05.12 23:28:08.908,0.99811,0.99827,4.13,1.69
2013.05.12 23:28:09.446,0.99811,0.99826,3.00,2.25
2013.05.12 23:28:09.845,0.99811,0.99827,3.75,1.69
2013.05.12 23:28:10.205,0.99815,0.99827,1.50,1.50
2013.05.12 23:28:10.445,0.99817,0.99832,1.13,1.50
2013.05.12 23:28:10.686,0.9982,0.99832,1.50,1.50
2013.05.12 23:28:10.866,0.9982,0.99834,1.88,3.19
2013.05.12 23:28:11.046,0.99817,0.99834,1.50,1.50
2013.05.12 23:28:11.425,0.99816,0.99832,2.07,1.50
2013.05.12 23:28:11.575,0.99816,0.99832,2.07,1.50
2013.05.12 23:28:12.636,0.99817,0.99832,1.13,1.50
2013.05.12 23:28:12.995,0.99817,0.99831,1.13,1.50
2013.05.12 23:28:18.905,0.99815,0.99831,2.63,3.00
2013.05.12 23:28:19.086,0.99811,0.99828,3.38,2.25
2013.05.12 23:28:19.145,0.99811,0.99827,2.63,1.50
2013.05.12 23:28:19.326,0.99809,0.99825,2.44,3.75
2013.05.12 23:28:19.875,0.9981,0.99824,1.50,1.50
2013.05.12 23:28:20.395,0.99809,0.99822,1.50,1.50
2013.05.12 23:28:24.275,0.99811,0.99825,1.50,3.00
2013.05.12 23:28:24.455,0.9981,0.99824,1.50,1.50
2013.05.12 23:28:25.475,0.99809,0.99825,1.50,2.25
2013.05.12 23:28:25.655,0.9981,0.99825,2.25,2.25
2013.05.12 23:28:28.285,0.99809,0.99824,2.25,1.50
2013.05.12 23:28:30.516,0.99809,0.99824,2.25,1.69
2013.05.12 23:28:30.575,0.99813,0.99825,1.50,3.00
2013.05.12 23:28:30.696,0.99814,0.99825,1.50,1.50
2013.05.12 23:28:30.876,0.99816,0.99829,2.63,2.44
2013.05.12 23:28:31.475,0.99817,0.99831,1.13,2.25
2013.05.12 23:28:31.535,0.99817,0.99831,1.13,1.50
2013.05.12 23:28:31.715,0.99817,0.99831,1.88,1.50
2013.05.12 23:28:32.102,0.99819,0.99834,1.50,2.44
2013.05.12 23:28:33.085,0.99817,0.99834,2.25,3.94
2013.05.12 23:28:34.605,0.99818,0.99832,1.50,1.50
2013.05.12 23:28:35.146,0.99818,0.9983,1.50,2.25
2013.05.12 23:28:36.596,0.99818,0.99834,1.50,2.44
2013.05.12 23:28:37.115,0.9982,0.99834,1.50,1.50
2013.05.12 23:28:42.315,0.9982,0.99834,1.50,1.50
2013.05.12 23:28:51.595,0.99821,0.99835,1.50,2.25
2013.05.12 23:28:53.315,0.99821,0.99835,1.50,2.25
2013.05.12 23:28:53.615,0.99823,0.99835,3.75,1.50
2013.05.12 23:28:54.142,0.99824,0.99835,1.50,1.50
2013.05.12 23:28:54.657,0.99824,0.99835,1.50,1.50
2013.05.12 23:28:55.015,0.99822,0.99835,1.88,1.50
2013.05.12 23:28:55.196,0.99822,0.99838,1.88,1.50
2013.05.12 23:28:55.376,0.99824,0.9984,1.50,3.94
2013.05.12 23:28:55.496,0.99826,0.9984,1.13,3.94
2013.05.12 23:28:55.800,0.99829,0.99843,2.25,1.69
2013.05.12 23:28:56.045,0.99831,0.99846,1.50,2.44
2013.05.12 23:28:56.228,0.99832,0.99846,1.50,1.69
2013.05.12 23:28:56.406,0.99831,0.99846,3.00,1.69
2013.05.12 23:28:56.465,0.99832,0.99847,1.50,1.69
2013.05.12 23:28:56.586,0.99833,0.99849,1.50,1.50
2013.05.12 23:28:57.135,0.99834,0.99849,1.50,1.50
2013.05.12 23:28:57.920,0.99834,0.9985,2.25,2.25
2013.05.12 23:28:58.498,0.99834,0.9985,2.25,2.25
2013.05.12 23:28:59.240,0.99834,0.9985,2.25,2.25
2013.05.12 23:28:59.775,0.99834,0.9985,2.25,2.25
2013.05.12 23:29:00.322,0.99834,0.9985,2.25,2.25
2013.05.12 23:29:01.856,0.99834,0.9985,2.25,3.00
2013.05.12 23:29:01.915,0.99834,0.9985,1.50,3.00
2013.05.12 23:29:02.035,0.99834,0.99849,2.25,1.50
2013.05.12 23:29:02.845,0.99834,0.99849,2.25,1.50
2013.05.12 23:29:04.435,0.99834,0.99849,2.25,1.50
2013.05.12 23:29:05.765,0.99834,0.9985,2.25,2.25
2013.05.12 23:29:06.477,0.99836,0.99849,1.50,1.50
2013.05.12 23:29:06.995,0.99835,0.99849,1.50,1.50
2013.05.12 23:29:11.676,0.99835,0.99849,1.50,1.50
2013.05.12 23:29:17.776,0.99835,0.99849,1.50,1.50
2013.05.12 23:29:18.495,0.99835,0.99849,1.50,1.50
2013.05.12 23:29:19.052,0.99834,0.99849,2.25,1.50
2013.05.12 23:29:19.655,0.99835,0.99849,1.50,1.50
2013.05.12 23:29:25.406,0.99835,0.99849,1.50,1.50
2013.05.12 23:29:25.645,0.99835,0.9985,1.50,1.69
2013.05.12 23:29:25.705,0.99841,0.99853,1.50,2.44
2013.05.12 23:29:25.886,0.99841,0.99854,1.88,1.69
2013.05.12 23:29:26.005,0.99841,0.99855,3.38,1.50
2013.05.12 23:29:26.578,0.99841,0.99856,4.13,1.13
2013.05.12 23:29:27.906,0.99841,0.99856,3.38,1.88
2013.05.12 23:29:28.025,0.99841,0.99856,3.75,1.13
2013.05.12 23:29:28.566,0.99841,0.99856,4.50,1.13
2013.05.12 23:29:33.407,0.99841,0.99857,3.75,1.13
2013.05.12 23:29:33.586,0.99841,0.99858,3.75,1.69
2013.05.12 23:29:34.236,0.99841,0.99858,3.75,1.50
2013.05.12 23:29:35.336,0.99841,0.99858,3.75,1.50
2013.05.12 23:29:35.976,0.99841,0.99858,3.75,1.50
2013.05.12 23:29:36.096,0.99842,0.99859,2.25,1.69
2013.05.12 23:29:36.415,0.99845,0.99859,1.50,1.69
2013.05.12 23:29:36.946,0.99845,0.99859,1.50,1.69
2013.05.12 23:29:41.875,0.99845,0.99859,1.50,1.50
2013.05.12 23:29:44.236,0.99844,0.99859,1.50,1.50
2013.05.12 23:29:47.448,0.99844,0.99859,1.50,1.50
2013.05.12 23:29:47.626,0.99844,0.99859,1.50,1.50
2013.05.12 23:29:47.865,0.99844,0.99859,1.50,1.50
2013.05.12 23:29:48.105,0.99844,0.99859,1.50,1.50
2013.05.12 23:29:48.225,0.99844,0.99859,1.50,1.50
2013.05.12 23:29:49.476,0.99844,0.99859,1.50,1.50
2013.05.12 23:29:49.596,0.99843,0.99859,2.25,1.50
2013.05.12 23:29:50.116,0.99843,0.99859,3.75,1.50
2013.05.12 23:29:50.546,0.99842,0.99859,1.50,1.50
2013.05.12 23:29:51.269,0.99844,0.99859,1.50,1.50
2013.05.12 23:29:51.826,0.99844,0.99859,1.50,1.50
2013.05.12 23:29:52.467,0.99842,0.99859,1.50,1.50
2013.05.12 23:29:52.607,0.99842,0.99856,2.25,1.50
2013.05.12 23:29:53.145,0.99842,0.99856,1.50,1.50
2013.05.12 23:29:53.696,0.99843,0.99856,1.50,1.50
2013.05.12 23:29:55.958,0.99842,0.99856,1.50,3.00
2013.05.12 23:29:56.196,0.99839,0.99855,2.44,1.50
2013.05.12 23:29:56.255,0.9984,0.99855,1.50,1.50
2013.05.12 23:29:57.886,0.9984,0.99854,1.50,1.50
2013.05.12 23:29:58.709,0.9984,0.99855,1.50,1.50
2013.05.12 23:29:58.886,0.9984,0.99856,1.50,1.50
2013.05.12 23:29:58.946,0.9984,0.99857,1.50,2.25
2013.05.12 23:29:59.368,0.99841,0.99857,2.25,1.69
2013.05.12 23:29:59.427,0.99842,0.99857,2.25,1.69
2013.05.12 23:29:59.965,0.99845,0.99857,1.50,1.69
2013.05.12 23:30:00.585,0.99842,0.99857,1.50,2.44
2013.05.12 23:30:01.387,0.99842,0.99856,1.50,1.50
2013.05.12 23:30:02.526,0.99839,0.99856,1.69,1.50
2013.05.12 23:30:02.656,0.99839,0.99856,1.69,1.50
2013.05.12 23:30:05.946,0.99839,0.99857,2.44,2.25
2013.05.12 23:30:06.125,0.9984,0.99856,1.69,1.50
2013.05.12 23:30:07.476,0.99839,0.99856,1.69,1.50
2013.05.12 23:30:07.536,0.99839,0.99853,1.69,2.25
2013.05.12 23:30:07.656,0.99838,0.99853,1.50,2.25
2013.05.12 23:30:07.715,0.99836,0.99853,2.07,2.25
2013.05.12 23:30:07.835,0.99835,0.99853,1.50,2.44
2013.05.12 23:30:07.955,0.99835,0.99853,1.50,2.44
2013.05.12 23:30:10.577,0.99835,0.99852,1.50,1.50
2013.05.12 23:30:10.636,0.99835,0.99852,1.50,1.50
2013.05.12 23:30:10.995,0.99837,0.99852,1.50,1.50
2013.05.12 23:30:12.926,0.99837,0.99854,2.63,1.50
2013.05.12 23:30:13.167,0.99839,0.99855,1.50,1.69
2013.05.12 23:30:13.226,0.99838,0.99855,1.50,1.69
2013.05.12 23:30:13.346,0.99839,0.99855,1.50,1.69
2013.05.12 23:30:13.880,0.99839,0.99855,3.00,1.69
2013.05.12 23:30:14.998,0.99839,0.99855,4.50,1.69
2013.05.12 23:30:17.355,0.99839,0.99855,1.50,1.50
2013.05.12 23:30:17.905,0.99837,0.99855,1.32,1.50
2013.05.12 23:30:18.026,0.99837,0.99853,1.69,2.25
2013.05.12 23:30:19.316,0.99835,0.99853,1.69,3.75
2013.05.12 23:30:19.845,0.99835,0.99853,1.69,3.75
2013.05.12 23:30:21.415,0.99834,0.99853,1.69,3.00
2013.05.12 23:30:21.535,0.99835,0.99853,1.69,3.75
2013.05.12 23:30:22.757,0.99835,0.99851,1.69,2.25
2013.05.12 23:30:22.996,0.99837,0.99852,1.13,1.50
2013.05.12 23:30:23.176,0.99837,0.99851,1.13,1.50
2013.05.12 23:30:23.916,0.99837,0.99853,1.13,2.25
2013.05.12 23:30:24.396,0.99837,0.99853,1.88,1.50
2013.05.12 23:30:26.424,0.99837,0.99853,2.07,1.50
2013.05.12 23:30:26.647,0.99842,0.99855,1.50,3.00
2013.05.12 23:30:26.766,0.99842,0.99855,2.25,2.25
2013.05.12 23:30:26.826,0.99843,0.99855,1.13,1.50
2013.05.12 23:30:26.887,0.99845,0.99859,2.63,1.69
2013.05.12 23:30:27.986,0.99847,0.9986,1.88,2.25
2013.05.12 23:30:29.075,0.99847,0.9986,1.50,1.50
2013.05.12 23:30:29.376,0.99848,0.99863,1.50,2.44
2013.05.12 23:30:29.496,0.99848,0.99863,1.50,2.44
2013.05.12 23:30:30.026,0.99849,0.99863,1.50,2.25
2013.05.12 23:30:32.557,0.99849,0.99861,1.50,1.50
2013.05.12 23:30:33.096,0.99849,0.9986,1.50,1.50
2013.05.12 23:30:35.415,0.99847,0.99861,1.13,1.50
2013.05.12 23:30:35.919,0.99848,0.99861,1.50,1.50
2013.05.12 23:30:36.996,0.99849,0.99862,1.50,1.50
2013.05.12 23:30:37.315,0.99849,0.99863,1.50,1.50
2013.05.12 23:30:38.255,0.99849,0.99863,1.50,1.50
2013.05.12 23:30:42.186,0.99848,0.99863,1.50,2.25
2013.05.12 23:30:42.725,0.99848,0.99863,1.50,2.25
2013.05.12 23:30:44.046,0.99848,0.99863,1.50,1.50
2013.05.12 23:30:45.546,0.9985,0.99866,1.88,1.88
2013.05.12 23:30:47.200,0.9985,0.99863,2.25,1.50
2013.05.12 23:30:47.665,0.99848,0.99863,3.00,1.50
2013.05.12 23:30:47.725,0.99848,0.99863,3.00,1.50
2013.05.12 23:30:47.848,0.9985,0.99863,1.50,1.50
2013.05.12 23:30:48.606,0.9985,0.99863,1.50,1.50
2013.05.12 23:30:48.846,0.99849,0.99863,2.25,1.50
2013.05.12 23:30:49.386,0.99849,0.99863,1.50,1.50
2013.05.12 23:30:50.295,0.9985,0.99863,1.50,1.50
2013.05.12 23:30:50.539,0.99849,0.99863,1.50,1.50
2013.05.12 23:30:51.046,0.99849,0.99863,4.50,1.50
2013.05.12 23:30:58.416,0.9985,0.99864,1.50,1.50
2013.05.12 23:30:58.476,0.9985,0.99865,1.50,1.50
2013.05.12 23:30:58.536,0.99853,0.99865,1.50,1.50
2013.05.12 23:30:58.897,0.99856,0.99869,1.88,1.69
2013.05.12 23:30:59.016,0.99855,0.99871,3.75,1.50
2013.05.12 23:30:59.438,0.99858,0.99873,3.00,1.69
2013.05.12 23:30:59.976,0.99858,0.99873,3.00,1.69
2013.05.12 23:31:00.376,0.99858,0.99873,3.75,1.69
2013.05.12 23:31:00.557,0.99858,0.99873,3.75,1.50
2013.05.12 23:31:01.619,0.99861,0.99874,1.50,1.88
2013.05.12 23:31:01.856,0.99862,0.99877,2.63,1.69
2013.05.12 23:31:01.917,0.99862,0.99879,2.63,1.69
2013.05.12 23:31:01.976,0.99863,0.9988,1.50,2.44
2013.05.12 23:31:02.156,0.99865,0.99881,1.50,3.94
2013.05.12 23:31:02.576,0.99871,0.99881,1.88,1.69
2013.05.12 23:31:02.755,0.99871,0.99887,2.63,2.44
2013.05.12 23:31:02.935,0.99871,0.99884,2.63,1.13
2013.05.12 23:31:03.488,0.99871,0.99883,1.88,1.88
2013.05.12 23:31:04.027,0.99871,0.99881,1.69,1.50
2013.05.12 23:31:04.535,0.99871,0.99882,1.69,1.50
2013.05.12 23:31:05.275,0.99871,0.99882,2.25,1.50
2013.05.12 23:31:05.456,0.99868,0.99882,1.50,1.50
2013.05.12 23:31:05.935,0.99866,0.99879,1.13,1.50
2013.05.12 23:31:06.499,0.99865,0.99879,1.88,1.50
2013.05.12 23:31:07.035,0.99867,0.99879,1.13,1.50
2013.05.12 23:31:07.595,0.99867,0.99879,1.13,1.50
2013.05.12 23:31:10.035,0.99867,0.99879,1.13,1.50
2013.05.12 23:31:10.347,0.99867,0.99879,1.13,1.50
2013.05.12 23:31:10.765,0.99865,0.99879,1.50,1.50
2013.05.12 23:31:11.126,0.99861,0.99875,2.25,1.50
2013.05.12 23:31:11.246,0.9986,0.99875,1.50,1.50
2013.05.12 23:31:11.486,0.99858,0.9987,2.44,1.50
2013.05.12 23:31:11.786,0.99856,0.9987,1.69,1.50
2013.05.12 23:31:13.576,0.99856,0.9987,1.69,2.25
2013.05.12 23:31:13.816,0.99856,0.99872,3.00,2.25
2013.05.12 23:31:13.876,0.99857,0.99872,2.25,2.25
2013.05.12 23:31:14.211,0.99859,0.99872,1.50,2.25
2013.05.12 23:31:15.288,0.99859,0.99873,2.25,1.50
2013.05.12 23:31:15.810,0.9986,0.99873,1.50,1.50
2013.05.12 23:31:16.777,0.99857,0.9987,1.50,2.25
2013.05.12 23:31:16.837,0.99857,0.9987,1.50,3.00
2013.05.12 23:31:16.958,0.99856,0.99869,1.50,2.25
2013.05.12 23:31:17.136,0.99851,0.99865,2.25,2.25
2013.05.12 23:31:17.196,0.99853,0.99865,1.50,2.25
2013.05.12 23:31:17.317,0.99853,0.99865,1.50,1.50
2013.05.12 23:31:18.257,0.99853,0.99865,1.50,1.50
2013.05.12 23:31:18.596,0.9985,0.99868,4.88,1.50
2013.05.12 23:31:18.776,0.99852,0.9987,1.50,3.19
2013.05.12 23:31:19.315,0.99851,0.99869,2.63,1.50
2013.05.12 23:31:20.405,0.99851,0.9987,2.63,2.44
2013.05.12 23:31:21.166,0.99852,0.99869,1.50,1.50
2013.05.12 23:31:21.685,0.99854,0.9987,1.50,2.44
2013.05.12 23:31:22.106,0.99854,0.9987,2.25,1.69
2013.05.12 23:31:24.177,0.99857,0.99871,1.50,4.69
2013.05.12 23:31:24.357,0.99858,0.99871,1.50,5.82
2013.05.12 23:31:24.916,0.99858,0.9987,1.50,1.69
2013.05.12 23:31:25.455,0.99859,0.99872,1.50,2.82
2013.05.12 23:31:26.839,0.99857,0.99871,1.88,1.32
2013.05.12 23:31:27.195,0.99857,0.99871,1.88,1.32
2013.05.12 23:31:28.375,0.99856,0.99867,1.13,1.50
2013.05.12 23:31:28.876,0.99857,0.99867,1.13,1.50
2013.05.12 23:31:29.244,0.99857,0.99867,1.88,1.50
2013.05.12 23:31:29.785,0.99857,0.99867,2.63,1.50
2013.05.12 23:31:31.865,0.99857,0.99867,1.13,1.50
2013.05.12 23:31:32.167,0.99857,0.99867,1.13,1.50
2013.05.12 23:31:32.615,0.99857,0.99867,1.13,1.50
2013.05.12 23:31:33.179,0.99857,0.99867,1.13,1.50
2013.05.12 23:31:35.914,0.99857,0.99867,1.13,1.50
2013.05.12 23:31:42.776,0.99857,0.99867,1.50,1.50
2013.05.12 23:31:43.196,0.99858,0.99868,1.50,1.50
2013.05.12 23:31:50.146,0.99856,0.99867,1.13,1.50
2013.05.12 23:31:50.466,0.99856,0.99867,1.88,1.50
2013.05.12 23:31:52.004,0.99856,0.99867,1.13,1.50
2013.05.12 23:31:52.246,0.99857,0.99867,1.13,1.50
2013.05.12 23:31:54.946,0.99855,0.99867,1.69,1.50
2013.05.12 23:31:55.006,0.99855,0.99867,1.50,1.50
2013.05.12 23:31:55.065,0.99853,0.99867,2.44,1.50
2013.05.12 23:31:55.246,0.99852,0.99865,1.69,1.50
2013.05.12 23:31:55.487,0.99852,0.99867,1.50,1.50
2013.05.12 23:31:55.856,0.99852,0.99869,1.50,2.44
2013.05.12 23:31:56.317,0.99851,0.99867,2.63,1.50
2013.05.12 23:31:56.736,0.99851,0.99868,3.38,1.69
2013.05.12 23:31:56.856,0.99851,0.99868,1.50,2.44
2013.05.12 23:31:56.916,0.99851,0.99868,2.25,2.44
2013.05.12 23:31:57.456,0.99854,0.99868,2.25,1.50
2013.05.12 23:31:57.980,0.99854,0.99868,1.50,1.50
2013.05.12 23:31:59.366,0.99853,0.99868,1.50,1.50
2013.05.12 23:31:59.425,0.99854,0.99868,1.50,1.50
2013.05.12 23:32:00.156,0.99853,0.99868,1.50,1.50
2013.05.12 23:32:00.276,0.99853,0.99868,2.25,1.50
2013.05.12 23:32:00.757,0.99853,0.99868,1.50,2.25
2013.05.12 23:32:01.117,0.99849,0.99862,1.50,2.25
2013.05.12 23:32:02.045,0.99849,0.99864,1.50,2.25
2013.05.12 23:32:05.456,0.9985,0.99864,1.50,2.25
2013.05.12 23:32:05.897,0.99847,0.99862,3.94,1.50
2013.05.12 23:32:06.206,0.99841,0.99847,1.69,1.50
2013.05.12 23:32:06.326,0.99836,0.99847,2.44,1.50
2013.05.12 23:32:06.866,0.99834,0.99847,3.00,1.50
2013.05.12 23:32:07.687,0.99835,0.99847,1.50,1.50
2013.05.12 23:32:07.866,0.99834,0.99847,2.25,1.50
2013.05.12 23:32:08.507,0.99834,0.99847,2.25,1.50
2013.05.12 23:32:10.386,0.99834,0.99847,2.25,2.25
2013.05.12 23:32:11.936,0.99834,0.99847,2.25,1.50
2013.05.12 23:32:13.345,0.99834,0.99847,1.50,2.25
2013.05.12 23:32:13.706,0.99831,0.99845,1.13,2.25
2013.05.12 23:32:14.506,0.9983,0.99843,1.50,2.25
2013.05.12 23:32:14.806,0.99829,0.99842,1.50,1.50
2013.05.12 23:32:17.536,0.99828,0.99841,1.50,1.50
2013.05.12 23:32:23.306,0.99827,0.99841,1.13,1.50
2013.05.12 23:32:26.820,0.99826,0.99841,1.88,1.50
2013.05.12 23:32:29.455,0.99825,0.9984,1.13,1.50
2013.05.12 23:32:29.696,0.99823,0.99837,2.25,2.25
2013.05.12 23:32:30.246,0.99824,0.99837,1.50,2.25
2013.05.12 23:32:31.114,0.99824,0.99837,1.50,2.25
2013.05.12 23:32:34.295,0.99824,0.99837,1.50,2.25
2013.05.12 23:32:40.126,0.99822,0.99837,1.50,2.25
2013.05.12 23:32:40.665,0.99823,0.99837,1.50,2.25
2013.05.12 23:32:41.586,0.99823,0.99837,1.50,2.25
2013.05.12 23:32:41.826,0.99823,0.99837,1.50,2.25
2013.05.12 23:32:42.635,0.99823,0.99837,1.50,2.25
2013.05.12 23:32:42.755,0.99823,0.99837,1.50,2.25
2013.05.12 23:32:46.285,0.99823,0.99837,1.50,2.25
2013.05.12 23:32:51.497,0.99822,0.99837,1.50,2.25
2013.05.12 23:32:51.806,0.99823,0.99837,1.50,2.25
2013.05.12 23:32:54.836,0.99823,0.99837,1.50,2.25
2013.05.12 23:32:55.016,0.99822,0.99837,1.50,2.25
2013.05.12 23:32:55.795,0.99822,0.99837,1.50,2.25
2013.05.12 23:33:00.326,0.99822,0.99837,1.50,2.25
2013.05.12 23:33:00.466,0.99822,0.99837,1.50,2.25
2013.05.12 23:33:01.021,0.99821,0.99837,2.25,2.25
2013.05.12 23:33:01.523,0.99822,0.99837,1.50,2.25
2013.05.12 23:33:02.886,0.99823,0.99837,1.50,2.25
2013.05.12 23:33:07.674,0.99822,0.99837,1.50,2.25
2013.05.12 23:33:07.976,0.9982,0.99836,1.50,2.63
2013.05.12 23:33:08.096,0.99819,0.99832,1.50,2.25
2013.05.12 23:33:08.216,0.99817,0.9983,1.13,1.50
2013.05.12 23:33:08.536,0.99817,0.9983,1.13,1.50
2013.05.12 23:33:08.716,0.99815,0.9983,1.13,2.25
2013.05.12 23:33:09.806,0.99815,0.9983,1.88,2.25
2013.05.12 23:33:09.986,0.99813,0.99828,2.44,2.25
2013.05.12 23:33:10.166,0.99812,0.99828,1.13,3.00
2013.05.12 23:33:10.757,0.99811,0.99828,1.88,3.00
2013.05.12 23:33:11.854,0.99811,0.99828,1.88,3.00
2013.05.12 23:33:11.916,0.99813,0.99828,1.50,3.00
2013.05.12 23:33:12.287,0.99815,0.9983,1.13,1.50
2013.05.12 23:33:12.406,0.99815,0.9983,1.13,1.50
2013.05.12 23:33:12.466,0.99815,0.9983,1.13,1.50
2013.05.12 23:33:13.705,0.99815,0.9983,1.13,1.50
2013.05.12 23:33:14.206,0.99815,0.9983,1.13,1.50
2013.05.12 23:33:14.805,0.99815,0.9983,1.13,1.50
2013.05.12 23:33:16.586,0.99816,0.9983,1.13,1.50
2013.05.12 23:33:17.205,0.99816,0.9983,1.13,1.50
2013.05.12 23:33:17.445,0.99815,0.9983,1.88,1.50
2013.05.12 23:33:23.016,0.99815,0.9983,1.13,1.50
2013.05.12 23:33:23.195,0.99815,0.9983,1.88,1.50
2013.05.12 23:33:28.046,0.99815,0.9983,1.88,1.50
2013.05.12 23:33:28.106,0.99815,0.9983,1.88,1.50
2013.05.12 23:33:28.466,0.99813,0.99831,2.07,5.25
2013.05.12 23:33:28.526,0.99813,0.99827,1.50,2.25
2013.05.12 23:33:28.956,0.9981,0.99822,1.50,1.50
2013.05.12 23:33:29.196,0.99807,0.99822,1.69,2.25
2013.05.12 23:33:29.916,0.99808,0.99822,1.50,2.25
2013.05.12 23:33:30.919,0.99807,0.99822,1.88,2.25
2013.05.12 23:33:32.177,0.99807,0.99822,1.13,2.25
2013.05.12 23:33:32.356,0.99806,0.99818,1.13,1.13
2013.05.12 23:33:32.416,0.99803,0.99818,3.94,1.13
2013.05.12 23:33:32.776,0.99803,0.99821,1.88,1.69
2013.05.12 23:33:33.136,0.99803,0.99821,2.63,1.69
2013.05.12 23:33:33.256,0.99803,0.99821,1.88,1.69
2013.05.12 23:33:33.436,0.99803,0.99817,1.50,2.25
2013.05.12 23:33:33.556,0.99802,0.99817,1.13,2.25
2013.05.12 23:33:33.856,0.99805,0.99821,1.13,1.69
2013.05.12 23:33:34.836,0.99805,0.99822,1.13,3.00
2013.05.12 23:33:35.477,0.99805,0.99822,1.13,3.00
2013.05.12 23:33:36.253,0.99803,0.99822,4.88,3.75
2013.05.12 23:33:36.378,0.99805,0.99822,1.13,3.00
2013.05.12 23:33:36.495,0.99805,0.99822,1.13,3.00
2013.05.12 23:33:36.616,0.99806,0.99822,1.13,2.25
2013.05.12 23:33:36.976,0.99814,0.99828,1.13,2.25
2013.05.12 23:33:37.516,0.99814,0.99831,4.32,1.50
2013.05.12 23:33:37.816,0.99813,0.99828,1.69,1.50
2013.05.12 23:33:38.357,0.99813,0.99828,2.44,1.50
2013.05.12 23:33:39.616,0.99815,0.99828,1.50,1.50
2013.05.12 23:33:40.136,0.99815,0.99828,1.50,1.50
2013.05.12 23:33:41.996,0.99813,0.99828,1.50,1.50
2013.05.12 23:33:42.538,0.99815,0.99828,1.50,2.25
2013.05.12 23:33:42.776,0.99815,0.99831,1.13,2.44
2013.05.12 23:33:42.899,0.99817,0.99831,1.13,1.69
2013.05.12 23:33:43.137,0.99817,0.99831,1.13,1.69
2013.05.12 23:33:44.136,0.99817,0.99831,1.50,1.69
2013.05.12 23:33:44.866,0.99817,0.99831,1.50,1.69
2013.05.12 23:33:48.021,0.99817,0.99831,1.88,1.50
2013.05.12 23:33:48.837,0.99818,0.99832,1.50,1.50
2013.05.12 23:33:49.396,0.9982,0.99833,1.50,3.00
2013.05.12 23:33:50.614,0.99821,0.99833,1.50,3.00
2013.05.12 23:33:52.456,0.99818,0.99833,1.50,2.25
2013.05.12 23:33:52.697,0.99824,0.99833,1.50,1.50
2013.05.12 23:33:52.816,0.99823,0.99837,3.53,2.44
2013.05.12 23:33:53.176,0.99821,0.99837,2.25,2.44
2013.05.12 23:33:53.356,0.99821,0.99837,1.50,2.44
2013.05.12 23:33:53.905,0.9982,0.99837,4.32,2.44
2013.05.12 23:33:54.886,0.9982,0.99837,4.32,2.44
2013.05.12 23:33:55.426,0.9982,0.99837,2.82,1.69
2013.05.12 23:34:00.466,0.99823,0.99837,1.50,4.50
2013.05.12 23:34:00.946,0.99823,0.99833,1.50,1.50
2013.05.12 23:34:01.786,0.9982,0.99833,2.25,1.50
2013.05.12 23:34:06.337,0.9982,0.99833,1.50,1.50
2013.05.12 23:34:06.518,0.9982,0.99833,1.50,1.50
2013.05.12 23:34:07.056,0.99818,0.99832,1.69,1.50
2013.05.12 23:34:07.837,0.99818,0.99833,1.69,3.00
2013.05.12 23:34:08.450,0.99818,0.99833,1.50,2.25
2013.05.12 23:34:08.957,0.99818,0.99833,1.50,3.00
2013.05.12 23:34:09.527,0.99818,0.99833,1.50,3.00
2013.05.12 23:34:11.676,0.99818,0.99833,1.50,2.25
2013.05.12 23:34:11.826,0.9982,0.99833,1.50,2.25
2013.05.12 23:34:12.378,0.9982,0.99833,1.50,2.25
2013.05.12 23:34:13.036,0.9982,0.99833,1.50,2.25
2013.05.12 23:34:13.756,0.9982,0.99833,1.50,2.25
2013.05.12 23:34:13.876,0.9982,0.99832,1.50,1.50
2013.05.12 23:34:14.416,0.99817,0.99833,2.63,1.50
2013.05.12 23:34:14.956,0.99817,0.99832,1.50,1.50
2013.05.12 23:34:15.760,0.99817,0.99832,1.50,1.50
2013.05.12 23:34:17.966,0.9982,0.99832,1.50,1.50
2013.05.12 23:34:18.086,0.99821,0.99833,1.50,1.50
2013.05.12 23:34:18.146,0.99821,0.99833,1.50,1.50
2013.05.12 23:34:18.326,0.99822,0.99836,1.13,1.50
2013.05.12 23:34:18.386,0.99821,0.99836,1.88,1.50
2013.05.12 23:34:18.916,0.99822,0.99837,1.13,3.94
2013.05.12 23:34:20.167,0.99822,0.99836,1.13,1.50
2013.05.12 23:34:21.242,0.99823,0.99837,1.50,3.19
2013.05.12 23:34:21.306,0.99822,0.99837,1.13,2.44
2013.05.12 23:34:21.839,0.99822,0.99837,1.13,3.00
2013.05.12 23:34:23.196,0.99822,0.99837,1.13,3.00
2013.05.12 23:34:25.756,0.99822,0.99837,1.13,3.00
2013.05.12 23:34:26.448,0.99821,0.99837,1.88,2.25
2013.05.12 23:34:26.566,0.99822,0.99837,1.13,3.00
2013.05.12 23:34:26.686,0.99822,0.99837,1.13,3.00
2013.05.12 23:34:26.926,0.99822,0.99837,1.88,2.25
2013.05.12 23:34:27.047,0.99822,0.99837,1.88,3.00
2013.05.12 23:34:27.106,0.99821,0.99836,1.88,1.50
2013.05.12 23:34:27.286,0.99824,0.99837,1.50,2.25
2013.05.12 23:34:27.846,0.99824,0.99837,1.50,2.25
2013.05.12 23:34:28.363,0.99822,0.99837,1.13,2.25
2013.05.12 23:34:29.457,0.99821,0.99835,1.13,1.50
2013.05.12 23:34:29.517,0.99821,0.99836,1.13,1.50
2013.05.12 23:34:30.897,0.99821,0.99836,1.13,1.50
2013.05.12 23:34:31.076,0.99821,0.99837,1.88,3.00
2013.05.12 23:34:32.214,0.99822,0.99837,1.13,3.00
2013.05.12 23:34:32.926,0.99821,0.99837,1.13,3.00
2013.05.12 23:34:33.106,0.99822,0.99837,1.13,3.00
2013.05.12 23:34:34.336,0.99822,0.99835,1.13,1.50
2013.05.12 23:34:35.096,0.99822,0.99836,1.13,1.50
2013.05.12 23:34:35.636,0.99821,0.99835,1.13,1.50
2013.05.12 23:34:39.056,0.99822,0.99839,1.50,2.63
2013.05.12 23:34:39.117,0.99824,0.99839,1.50,1.50
2013.05.12 23:34:39.366,0.99824,0.99839,1.50,1.50
2013.05.12 23:34:44.836,0.99821,0.99838,1.69,2.25
2013.05.12 23:34:44.896,0.99821,0.99838,1.69,2.25
2013.05.12 23:34:45.076,0.99824,0.99838,1.69,1.50
2013.05.12 23:34:45.618,0.99823,0.99839,2.44,1.50
2013.05.12 23:34:46.117,0.99823,0.99838,2.44,1.50
2013.05.12 23:34:46.636,0.99823,0.99838,2.44,1.50
2013.05.12 23:34:50.526,0.99821,0.99838,1.13,2.25
2013.05.12 23:34:50.646,0.99823,0.99838,1.69,2.25
2013.05.12 23:34:51.441,0.99821,0.99838,1.13,2.25
2013.05.12 23:34:51.686,0.99823,0.99838,2.25,1.50
2013.05.12 23:34:55.066,0.99823,0.99838,1.50,1.50
2013.05.12 23:34:55.126,0.99823,0.99841,2.25,4.13
2013.05.12 23:34:55.438,0.99825,0.99841,2.25,2.25
2013.05.12 23:34:55.506,0.99825,0.99841,2.25,2.25
2013.05.12 23:34:55.806,0.99825,0.99841,2.25,2.25
2013.05.12 23:34:56.266,0.99825,0.99841,2.44,3.00
2013.05.12 23:34:56.806,0.99826,0.99841,1.50,3.00
2013.05.12 23:34:59.306,0.99826,0.99841,1.50,3.00
2013.05.12 23:35:01.039,0.99825,0.99841,1.69,3.00
2013.05.12 23:35:01.216,0.99824,0.99841,1.69,2.25
2013.05.12 23:35:01.516,0.99826,0.9984,2.07,1.50
2013.05.12 23:35:01.996,0.99822,0.9984,1.69,3.00
2013.05.12 23:35:02.176,0.99824,0.9984,1.69,3.75
2013.05.12 23:35:04.856,0.99824,0.99839,1.69,1.50
2013.05.12 23:35:19.217,0.99827,0.9984,1.50,2.25
2013.05.12 23:35:22.596,0.99826,0.9984,1.50,3.00
2013.05.12 23:35:23.321,0.99824,0.9984,1.69,3.75
2013.05.12 23:35:24.286,0.99823,0.9984,1.69,4.50
2013.05.12 23:35:24.837,0.99823,0.9984,1.69,3.75
2013.05.12 23:35:24.956,0.99823,0.9984,1.69,3.00
2013.05.12 23:35:25.076,0.99823,0.99839,1.69,1.50
2013.05.12 23:35:26.081,0.99823,0.9984,1.69,3.75
2013.05.12 23:35:26.568,0.99823,0.9984,1.69,3.75
2013.05.12 23:35:26.746,0.99821,0.9984,2.07,3.00
2013.05.12 23:35:27.286,0.99823,0.99839,1.69,1.50
2013.05.12 23:35:27.346,0.99823,0.99839,1.69,1.50
2013.05.12 23:35:27.896,0.99822,0.99837,1.32,1.50
2013.05.12 23:35:28.416,0.99824,0.9984,1.69,3.75
2013.05.12 23:35:28.476,0.99824,0.9984,1.69,3.75
2013.05.12 23:35:28.596,0.99825,0.9984,1.50,3.75
2013.05.12 23:35:29.906,0.99825,0.99839,1.50,1.13
2013.05.12 23:35:30.267,0.99821,0.99837,1.69,3.00
2013.05.12 23:35:31.316,0.99821,0.99836,1.69,1.88
2013.05.12 23:35:31.837,0.99821,0.99836,1.69,1.88
2013.05.12 23:35:32.176,0.9983,0.99837,1.50,1.88
2013.05.12 23:35:32.237,0.99833,0.99842,2.63,1.50
2013.05.12 23:35:32.476,0.99833,0.99844,1.50,1.50
2013.05.12 23:35:32.536,0.99831,0.99847,1.50,2.25
2013.05.12 23:35:32.597,0.9983,0.99847,1.69,1.50
2013.05.12 23:35:32.836,0.9983,0.99846,1.88,1.50
2013.05.12 23:35:33.136,0.99828,0.99843,2.44,3.75
2013.05.12 23:35:33.256,0.99827,0.9984,2.44,1.50
2013.05.12 23:35:33.796,0.99828,0.99841,2.82,1.50
2013.05.12 23:35:34.037,0.99831,0.99846,1.13,1.50
2013.05.12 23:35:34.617,0.99831,0.99847,1.32,3.75
2013.05.12 23:35:35.226,0.99831,0.99847,1.32,3.75
2013.05.12 23:35:36.057,0.99828,0.99842,1.69,1.50
2013.05.12 23:35:36.117,0.99827,0.99842,2.82,1.50
2013.05.12 23:35:36.177,0.99829,0.99842,1.69,2.25
2013.05.12 23:35:36.416,0.99827,0.99842,1.32,2.25
2013.05.12 23:35:36.716,0.99826,0.99845,2.44,2.25
2013.05.12 23:35:36.836,0.99827,0.99843,2.07,1.50
2013.05.12 23:35:37.518,0.99833,0.99848,3.38,1.69
2013.05.12 23:35:37.592,0.99835,0.99848,1.13,1.50
2013.05.12 23:35:38.127,0.99835,0.99848,1.88,1.50
2013.05.12 23:35:38.970,0.99837,0.99851,1.88,1.50
2013.05.12 23:35:39.276,0.99838,0.99851,2.63,1.50
2013.05.12 23:35:39.396,0.99838,0.99853,2.25,1.50
2013.05.12 23:35:39.456,0.99838,0.99854,2.25,1.50
2013.05.12 23:35:39.520,0.99838,0.99854,2.25,2.63
2013.05.12 23:35:39.636,0.99837,0.99854,1.13,1.88
2013.05.12 23:35:40.156,0.99837,0.99854,1.13,2.63
2013.05.12 23:35:40.522,0.99834,0.9985,1.69,3.75
2013.05.12 23:35:41.419,0.99834,0.9985,1.69,3.75
2013.05.12 23:35:41.777,0.99842,0.99853,3.00,2.63
2013.05.12 23:35:41.837,0.99846,0.99857,1.13,1.69
2013.05.12 23:35:41.956,0.99846,0.9986,1.13,1.69
2013.05.12 23:35:42.136,0.99847,0.9986,1.13,2.25
2013.05.12 23:35:42.317,0.99841,0.99856,2.07,1.50
2013.05.12 23:35:42.436,0.99841,0.99856,2.07,1.50
2013.05.12 23:35:42.497,0.99841,0.99855,1.32,1.50
2013.05.12 23:35:42.556,0.9984,0.99855,1.32,1.50
2013.05.12 23:35:43.107,0.99836,0.99854,3.19,2.25
2013.05.12 23:35:43.296,0.99838,0.99852,2.44,1.50
2013.05.12 23:35:43.656,0.99841,0.99855,1.13,2.25
2013.05.12 23:35:45.497,0.99841,0.99855,1.13,2.25
2013.05.12 23:35:46.035,0.99841,0.99855,1.32,2.25
2013.05.12 23:35:47.406,0.99838,0.99855,2.44,2.25
2013.05.12 23:35:48.382,0.99838,0.99855,1.69,2.25
2013.05.12 23:35:48.578,0.99838,0.99855,2.44,2.25
2013.05.12 23:35:50.807,0.99838,0.99854,1.69,1.50
2013.05.12 23:35:51.357,0.99838,0.99854,2.44,1.50
2013.05.12 23:35:52.535,0.99843,0.99859,3.38,1.50
2013.05.12 23:35:52.836,0.99844,0.99859,1.13,1.50
2013.05.12 23:35:53.377,0.99843,0.99859,3.38,1.50
2013.05.12 23:35:54.506,0.99844,0.9986,2.07,1.50
2013.05.12 23:35:56.088,0.99845,0.9986,1.69,1.50
2013.05.12 23:35:57.777,0.99845,0.9986,1.69,1.50
2013.05.12 23:36:02.576,0.99846,0.9986,1.50,1.50
2013.05.12 23:36:02.636,0.99845,0.9986,1.69,1.50
2013.05.12 23:36:04.177,0.99844,0.9986,2.44,1.50
2013.05.12 23:36:04.791,0.99847,0.99861,1.50,1.50
2013.05.12 23:36:05.717,0.99845,0.9986,1.69,2.25
2013.05.12 23:36:05.837,0.99845,0.9986,1.69,2.25
2013.05.12 23:36:06.256,0.99843,0.9986,3.00,1.50
2013.05.12 23:36:06.316,0.99844,0.9986,1.50,1.50
2013.05.12 23:36:07.736,0.99841,0.99856,1.69,1.50
2013.05.12 23:36:07.797,0.99844,0.99856,1.50,2.25
2013.05.12 23:36:08.036,0.99843,0.99856,1.50,3.00
2013.05.12 23:36:08.576,0.99843,0.99857,1.69,1.50
2013.05.12 23:36:08.816,0.99839,0.99855,1.69,1.50
2013.05.12 23:36:10.161,0.99838,0.99854,3.57,1.50
2013.05.12 23:36:10.516,0.99836,0.9985,1.69,2.25
2013.05.12 23:36:10.576,0.99835,0.9985,1.69,2.25
2013.05.12 23:36:11.059,0.99838,0.99854,1.69,2.25
2013.05.12 23:36:11.179,0.99838,0.99853,3.19,1.50
2013.05.12 23:36:11.711,0.99839,0.99855,2.44,1.50
2013.05.12 23:36:12.307,0.9984,0.99854,1.69,1.50
2013.05.12 23:36:12.926,0.9984,0.99857,1.69,2.25
2013.05.12 23:36:13.286,0.99845,0.99859,1.69,1.50
2013.05.12 23:36:17.086,0.99845,0.99861,1.88,1.50
2013.05.12 23:36:17.646,0.99847,0.99861,1.50,1.50
2013.05.12 23:36:18.086,0.99844,0.99857,1.50,1.50
2013.05.12 23:36:18.781,0.99841,0.99857,1.69,2.25
2013.05.12 23:36:19.366,0.99842,0.99857,1.32,1.50
2013.05.12 23:36:19.426,0.99846,0.99857,4.95,1.50
2013.05.12 23:36:19.487,0.99853,0.99863,2.63,2.25
2013.05.12 23:36:19.607,0.99856,0.99866,2.25,2.25
2013.05.12 23:36:19.846,0.99858,0.99872,1.50,1.50
2013.05.12 23:36:20.387,0.9986,0.99877,3.00,2.07
2013.05.12 23:36:20.686,0.9986,0.99876,3.94,1.50
2013.05.12 23:36:22.432,0.9986,0.99876,2.44,1.50
2013.05.12 23:36:22.497,0.9986,0.99876,2.44,1.50
2013.05.12 23:36:22.657,0.9986,0.99876,3.19,1.50
2013.05.12 23:36:22.776,0.9986,0.99876,3.19,1.50
2013.05.12 23:36:23.077,0.9986,0.99876,3.19,1.50
2013.05.12 23:36:23.397,0.9986,0.99876,2.44,1.50
2013.05.12 23:36:25.676,0.9986,0.99876,2.25,1.50
2013.05.12 23:36:26.236,0.9986,0.99877,2.25,1.88
2013.05.12 23:36:27.670,0.9986,0.99877,2.25,1.88
2013.05.12 23:36:28.387,0.9986,0.99877,1.50,1.88
2013.05.12 23:36:28.956,0.9986,0.99876,2.25,1.50
2013.05.12 23:36:29.097,0.9986,0.99876,3.00,1.50
2013.05.12 23:36:29.277,0.99863,0.99878,1.50,1.88
2013.05.12 23:36:29.838,0.99863,0.99878,1.50,1.13
2013.05.12 23:36:29.967,0.9986,0.99876,1.69,1.50
2013.05.12 23:36:30.087,0.99858,0.99876,3.19,3.00
2013.05.12 23:36:30.386,0.99855,0.99873,1.69,2.25
2013.05.12 23:36:30.807,0.99854,0.99872,3.19,1.50
2013.05.12 23:36:31.716,0.99855,0.99873,1.69,2.25
2013.05.12 23:36:31.776,0.99858,0.99874,1.50,2.25
2013.05.12 23:36:32.326,0.99858,0.99875,2.25,2.25
2013.05.12 23:36:32.806,0.99858,0.99875,2.25,1.50
2013.05.12 23:36:33.948,0.99858,0.99875,3.19,1.50
2013.05.12 23:36:34.457,0.9986,0.99876,1.69,2.25
2013.05.12 23:36:35.006,0.9986,0.99876,1.69,1.50
2013.05.12 23:36:35.380,0.9986,0.99872,1.69,1.50
2013.05.12 23:36:36.167,0.9986,0.99872,1.50,1.50
2013.05.12 23:36:37.846,0.99857,0.99871,1.69,2.25
2013.05.12 23:36:38.027,0.99854,0.99871,1.32,2.25
2013.05.12 23:36:38.086,0.99854,0.99871,1.32,3.75
2013.05.12 23:36:38.146,0.99854,0.99871,2.07,3.00
2013.05.12 23:36:40.276,0.99857,0.99871,1.50,1.50
2013.05.12 23:36:40.946,0.99857,0.99874,1.69,3.00
2013.05.12 23:36:46.967,0.99857,0.99874,1.69,3.00
2013.05.12 23:36:47.206,0.99857,0.99873,1.69,2.25
2013.05.12 23:36:48.066,0.99857,0.99873,1.69,2.25
2013.05.12 23:36:55.416,0.99857,0.99873,1.69,2.25
2013.05.12 23:36:55.476,0.99856,0.99868,1.69,1.50
2013.05.12 23:36:55.836,0.99854,0.99871,1.69,1.50
2013.05.12 23:36:55.896,0.99854,0.9987,2.44,1.50
2013.05.12 23:36:56.560,0.99857,0.99872,1.69,3.00
2013.05.12 23:37:01.486,0.99857,0.99872,1.69,3.00
2013.05.12 23:37:01.906,0.99854,0.99868,1.69,1.50
2013.05.12 23:37:01.966,0.99854,0.99871,1.69,1.50
2013.05.12 23:37:02.516,0.99854,0.99872,3.57,4.50
2013.05.12 23:37:04.916,0.99856,0.99871,1.50,1.50
2013.05.12 23:37:05.037,0.99864,0.99872,1.13,2.25
2013.05.12 23:37:05.157,0.99864,0.9988,1.50,1.50
2013.05.12 23:37:05.696,0.99865,0.9988,1.69,1.50
2013.05.12 23:37:06.236,0.99866,0.99881,1.50,1.50
2013.05.12 23:37:06.536,0.99867,0.99882,1.50,1.50
2013.05.12 23:37:08.166,0.99863,0.99878,1.32,1.50
2013.05.12 23:37:10.406,0.99863,0.99879,2.07,2.25
2013.05.12 23:37:11.561,0.99863,0.99879,2.07,2.25
2013.05.12 23:37:11.687,0.99861,0.99879,1.69,2.25
2013.05.12 23:37:11.866,0.99862,0.99878,1.69,1.50
2013.05.12 23:37:12.388,0.99862,0.99878,1.50,1.50
2013.05.12 23:37:14.930,0.99863,0.99878,1.50,1.50
2013.05.12 23:37:14.997,0.99864,0.99878,1.88,1.50
2013.05.12 23:37:15.176,0.99864,0.99881,1.88,2.25
2013.05.12 23:37:16.295,0.99864,0.99881,2.25,2.25
2013.05.12 23:37:16.876,0.99864,0.99881,2.63,2.25
2013.05.12 23:37:17.386,0.99861,0.99879,2.44,1.50
2013.05.12 23:37:21.686,0.99861,0.99879,2.44,1.50
2013.05.12 23:37:25.965,0.9986,0.99877,1.69,1.50
2013.05.12 23:37:31.686,0.9986,0.99879,1.50,2.44
2013.05.12 23:37:31.807,0.9986,0.99877,1.50,1.50
2013.05.12 23:37:31.865,0.99859,0.99878,1.69,1.69
2013.05.12 23:37:31.985,0.9986,0.99877,1.50,1.50
2013.05.12 23:37:33.635,0.9986,0.99879,1.50,3.19
2013.05.12 23:37:34.060,0.9986,0.99877,1.69,1.50
2013.05.12 23:37:44.986,0.9986,0.99877,1.69,1.50
2013.05.12 23:37:45.935,0.9986,0.99877,1.69,1.50
2013.05.12 23:37:46.986,0.9986,0.99877,1.69,1.50
2013.05.12 23:37:47.660,0.99861,0.99879,1.69,2.25
2013.05.12 23:37:49.515,0.99863,0.99879,1.50,3.00
2013.05.12 23:37:49.636,0.99865,0.99881,1.50,3.75
2013.05.12 23:37:49.695,0.99865,0.99881,1.50,3.75
2013.05.12 23:37:49.815,0.99865,0.99881,4.88,3.00
2013.05.12 23:37:50.175,0.9987,0.99886,2.25,1.50
2013.05.12 23:37:50.295,0.99872,0.99886,1.50,1.50
2013.05.12 23:37:51.296,0.99871,0.99886,1.50,1.50
2013.05.12 23:37:51.855,0.99872,0.99886,1.50,1.50
2013.05.12 23:37:52.405,0.99872,0.99887,1.50,1.50
2013.05.12 23:37:52.585,0.99871,0.99886,1.50,1.50
2013.05.12 23:37:52.645,0.9987,0.99886,2.25,1.50
2013.05.12 23:37:52.946,0.9987,0.99886,3.00,2.25
2013.05.12 23:37:53.006,0.9987,0.99886,2.25,2.25
2013.05.12 23:37:53.126,0.9987,0.99886,3.00,2.25
2013.05.12 23:37:53.828,0.9987,0.99886,3.00,2.25
2013.05.12 23:37:54.470,0.9987,0.99886,3.00,2.25
2013.05.12 23:37:54.785,0.9987,0.99886,3.00,2.25
2013.05.12 23:37:55.896,0.99873,0.99886,1.50,1.50
2013.05.12 23:37:56.135,0.99875,0.99892,3.00,2.44
2013.05.12 23:37:56.722,0.99875,0.99891,3.94,1.50
2013.05.12 23:37:56.966,0.99875,0.99889,2.44,1.50
2013.05.12 23:37:57.146,0.99873,0.99888,1.69,1.50
2013.05.12 23:37:57.205,0.99871,0.99888,1.69,1.50
2013.05.12 23:37:59.186,0.99872,0.99889,1.13,2.25
2013.05.12 23:37:59.245,0.99876,0.9989,1.13,1.50
2013.05.12 23:37:59.366,0.99885,0.99895,1.50,1.69
2013.05.12 23:37:59.426,0.99885,0.99897,1.50,1.69
2013.05.12 23:37:59.725,0.99887,0.99903,1.50,2.44
2013.05.12 23:37:59.785,0.99887,0.99903,2.25,2.44
2013.05.12 23:38:00.206,0.99887,0.99903,2.25,2.44
2013.05.12 23:38:02.306,0.99889,0.99904,1.50,1.88
2013.05.12 23:38:02.925,0.99888,0.99904,2.25,1.88
2013.05.12 23:38:07.105,0.99889,0.99905,1.50,1.88
2013.05.12 23:38:10.406,0.99888,0.99905,1.50,1.88
2013.05.12 23:38:10.706,0.99889,0.99905,1.50,1.88
2013.05.12 23:38:11.278,0.9989,0.99905,1.50,1.88
2013.05.12 23:38:11.736,0.99887,0.999,2.44,1.50
2013.05.12 23:38:12.360,0.99886,0.999,1.69,1.50
2013.05.12 23:38:13.536,0.99884,0.999,2.44,1.50
2013.05.12 23:38:14.773,0.99886,0.999,1.50,1.50
2013.05.12 23:38:15.086,0.99886,0.999,1.50,1.50
2013.05.12 23:38:16.985,0.99885,0.999,1.50,1.50
2013.05.12 23:38:17.676,0.99886,0.999,1.50,1.50
2013.05.12 23:38:21.186,0.99886,0.999,1.50,1.50
2013.05.12 23:38:22.785,0.99886,0.99901,1.50,3.00
2013.05.12 23:38:25.925,0.99887,0.99902,1.50,1.69
2013.05.12 23:38:27.100,0.99887,0.99903,1.50,3.94
2013.05.12 23:38:27.870,0.99886,0.99902,3.75,1.50
2013.05.12 23:38:28.415,0.99888,0.99902,1.50,1.50
2013.05.12 23:38:28.656,0.99887,0.99902,1.50,1.50
2013.05.12 23:38:28.715,0.99887,0.99902,1.50,1.50
2013.05.12 23:38:28.895,0.99886,0.99903,3.75,2.25
2013.05.12 23:38:28.956,0.99886,0.999,3.00,1.50
2013.05.12 23:38:29.318,0.99885,0.999,1.50,1.50
2013.05.12 23:38:29.387,0.99883,0.99897,1.69,1.50
2013.05.12 23:38:29.806,0.99881,0.99896,2.44,2.25
2013.05.12 23:38:30.165,0.99884,0.99896,1.50,1.50
2013.05.12 23:38:30.526,0.99885,0.99895,1.50,1.50
2013.05.12 23:38:30.585,0.99885,0.99895,1.50,1.50
2013.05.12 23:38:30.825,0.99881,0.99899,1.50,3.00
2013.05.12 23:38:31.366,0.99883,0.99899,1.50,1.50
2013.05.12 23:38:31.954,0.99883,0.99898,1.50,1.50
2013.05.12 23:38:32.495,0.99886,0.99901,2.25,2.25
2013.05.12 23:38:34.235,0.99886,0.99901,2.25,3.00
2013.05.12 23:38:36.085,0.99882,0.99897,1.50,1.50
2013.05.12 23:38:36.599,0.99881,0.99897,1.69,2.25
2013.05.12 23:38:38.926,0.99881,0.99897,1.50,1.50
2013.05.12 23:38:39.045,0.99882,0.99898,1.50,2.25
2013.05.12 23:38:40.445,0.99881,0.99897,2.25,1.50
2013.05.12 23:38:40.626,0.99881,0.99897,2.25,1.50
2013.05.12 23:38:45.356,0.99881,0.99897,1.50,1.50
2013.05.12 23:38:54.970,0.99881,0.99897,3.00,1.50
2013.05.12 23:38:58.895,0.99881,0.99896,3.00,1.50
2013.05.12 23:38:59.016,0.99881,0.99896,3.00,1.88
2013.05.12 23:38:59.255,0.9988,0.99895,1.50,2.25
2013.05.12 23:38:59.565,0.99879,0.99895,1.69,1.50
2013.05.12 23:39:01.570,0.99877,0.99892,1.50,1.50
2013.05.12 23:39:01.635,0.99876,0.99892,1.50,1.50
2013.05.12 23:39:01.756,0.99875,0.99891,3.94,1.50
2013.05.12 23:39:02.115,0.99875,0.9989,1.69,1.50
2013.05.12 23:39:02.235,0.99876,0.9989,1.50,1.50
2013.05.12 23:39:02.416,0.99879,0.99892,1.50,1.13
2013.05.12 23:39:02.957,0.9988,0.99893,1.50,1.50
2013.05.12 23:39:05.265,0.99878,0.99893,1.50,1.50
2013.05.12 23:39:05.445,0.99876,0.99893,3.19,1.50
2013.05.12 23:39:05.566,0.99876,0.99891,1.69,1.50
2013.05.12 23:39:11.835,0.99876,0.99891,1.69,1.50
2013.05.12 23:39:12.375,0.99873,0.99889,1.50,1.50
2013.05.12 23:39:13.985,0.99874,0.9989,1.50,1.50
2013.05.12 23:39:14.486,0.99874,0.9989,1.50,2.25
2013.05.12 23:39:15.225,0.99874,0.9989,1.50,2.25
2013.05.12 23:39:15.346,0.99874,0.9989,1.50,1.50
2013.05.12 23:39:18.925,0.99873,0.9989,1.69,1.50
2013.05.12 23:39:19.465,0.99873,0.99889,2.25,1.50
2013.05.12 23:39:19.745,0.99874,0.9989,1.50,1.50
2013.05.12 23:39:20.825,0.99874,0.9989,1.50,1.50
2013.05.12 23:39:24.146,0.99874,0.9989,3.00,1.50
2013.05.12 23:39:24.206,0.99875,0.9989,1.50,1.50
2013.05.12 23:39:24.945,0.99877,0.99891,1.88,1.50
2013.05.12 23:39:34.786,0.99877,0.99891,1.88,1.50
2013.05.12 23:39:35.341,0.99879,0.99891,2.25,1.50
2013.05.12 23:39:39.025,0.99879,0.99891,2.25,1.50
2013.05.12 23:39:41.026,0.99879,0.9989,1.50,1.50
2013.05.12 23:39:41.086,0.99879,0.99891,2.25,1.50
2013.05.12 23:39:47.550,0.99879,0.99891,1.50,1.50
2013.05.12 23:39:47.606,0.99876,0.9989,2.63,1.50
2013.05.12 23:39:47.725,0.99876,0.9989,2.63,1.50
2013.05.12 23:39:48.267,0.99877,0.9989,1.13,1.50
2013.05.12 23:39:49.676,0.99876,0.9989,2.63,1.50
2013.05.12 23:39:50.239,0.99877,0.9989,1.13,1.50
2013.05.12 23:39:50.827,0.99876,0.9989,2.63,1.50
2013.05.12 23:39:51.360,0.99877,0.99891,1.88,1.50
2013.05.12 23:39:52.885,0.99878,0.9989,1.50,1.50
2013.05.12 23:39:56.385,0.99879,0.9989,1.50,1.50
2013.05.12 23:39:58.989,0.99879,0.9989,1.50,1.50
2013.05.12 23:39:59.510,0.99877,0.9989,1.50,1.50
2013.05.12 23:39:59.906,0.99878,0.9989,1.50,1.50
2013.05.12 23:39:59.965,0.99878,0.9989,1.50,1.50
2013.05.12 23:40:00.325,0.99878,0.9989,2.25,1.50
2013.05.12 23:40:02.156,0.99879,0.9989,1.50,1.50
2013.05.12 23:40:07.566,0.99875,0.99886,1.50,1.50
2013.05.12 23:40:07.626,0.99875,0.99887,2.25,1.50
2013.05.12 23:40:08.166,0.9987,0.99884,1.88,1.50
2013.05.12 23:40:08.405,0.99871,0.99884,1.13,1.50
2013.05.12 23:40:09.117,0.99871,0.99884,1.13,1.50
2013.05.12 23:40:09.696,0.99871,0.99884,1.13,1.50
2013.05.12 23:40:10.273,0.99871,0.99884,1.13,1.50
2013.05.12 23:40:14.347,0.9987,0.99885,2.63,2.25
2013.05.12 23:40:14.531,0.9987,0.99885,2.63,2.25
2013.05.12 23:40:15.095,0.9987,0.99885,2.25,2.25
2013.05.12 23:40:16.585,0.9987,0.99883,2.25,1.50
2013.05.12 23:40:16.645,0.9987,0.99883,2.25,1.50
2013.05.12 23:40:17.219,0.99867,0.99882,2.44,1.50
2013.05.12 23:40:17.746,0.99868,0.99881,1.69,1.50
2013.05.12 23:40:18.426,0.99868,0.99881,1.69,1.50
2013.05.12 23:40:18.966,0.99868,0.99882,1.50,1.50
2013.05.12 23:40:19.265,0.99868,0.99882,1.50,1.50
2013.05.12 23:40:20.616,0.99866,0.99882,5.82,1.50
2013.05.12 23:40:20.976,0.99876,0.99887,1.50,1.50
2013.05.12 23:40:21.036,0.99876,0.99887,1.50,1.50
2013.05.12 23:40:21.215,0.99876,0.99889,1.50,1.50
2013.05.12 23:40:21.275,0.99876,0.99889,1.50,1.50
2013.05.12 23:40:21.395,0.99876,0.99889,2.25,1.50
2013.05.12 23:40:22.176,0.99876,0.99891,2.25,1.50
2013.05.12 23:40:22.236,0.99876,0.99891,3.00,1.50
2013.05.12 23:40:22.985,0.99876,0.99892,3.75,2.44
2013.05.12 23:40:23.165,0.99877,0.99892,1.50,1.69
2013.05.12 23:40:23.765,0.99879,0.99892,1.50,1.69
2013.05.12 23:40:29.455,0.99876,0.99892,3.00,1.50
2013.05.12 23:40:29.636,0.99876,0.99887,2.25,1.50
2013.05.12 23:40:29.696,0.99876,0.99887,2.25,1.50
2013.05.12 23:40:29.756,0.99876,0.99887,2.25,1.50
2013.05.12 23:40:30.126,0.99876,0.99888,2.25,3.19
2013.05.12 23:40:30.315,0.99871,0.99884,2.25,1.50
2013.05.12 23:40:30.377,0.99871,0.99884,1.50,3.00
2013.05.12 23:40:30.736,0.99868,0.99883,1.50,2.25
2013.05.12 23:40:32.045,0.99869,0.99883,1.50,2.25
2013.05.12 23:40:40.396,0.99869,0.99882,1.50,1.50
2013.05.12 23:40:40.635,0.99867,0.9988,1.50,1.50
2013.05.12 23:40:43.955,0.99868,0.99881,1.50,1.50
2013.05.12 23:40:44.076,0.99867,0.99882,1.50,1.50
2013.05.12 23:40:45.626,0.99866,0.99883,2.25,2.63
2013.05.12 23:40:46.192,0.99868,0.99882,1.50,1.50
2013.05.12 23:40:49.286,0.99867,0.99882,1.50,1.50
2013.05.12 23:40:51.945,0.99866,0.99882,1.50,1.50
2013.05.12 23:40:56.796,0.99865,0.99882,3.38,1.50
2013.05.12 23:40:56.915,0.99868,0.99882,1.50,1.50
2013.05.12 23:40:57.095,0.99876,0.99886,1.50,1.69
2013.05.12 23:40:57.635,0.9987,0.99885,1.50,1.50
2013.05.12 23:40:57.756,0.9987,0.99885,3.00,1.50
2013.05.12 23:40:58.378,0.99871,0.99885,1.50,1.50
2013.05.12 23:41:04.495,0.9987,0.99885,3.75,1.50
2013.05.12 23:41:04.996,0.9987,0.99885,3.00,1.50
2013.05.12 23:41:08.405,0.9987,0.99885,3.00,3.19
2013.05.12 23:41:08.525,0.9987,0.99885,2.25,3.94
2013.05.12 23:41:17.156,0.9987,0.99884,2.25,1.69
2013.05.12 23:41:17.395,0.9987,0.99884,2.25,2.44
2013.05.12 23:41:18.575,0.9987,0.99884,2.25,1.50
2013.05.12 23:41:19.426,0.9987,0.99884,2.25,2.25
2013.05.12 23:41:19.997,0.9987,0.99884,2.25,3.19
2013.05.12 23:41:22.275,0.9987,0.99884,2.25,2.44
2013.05.12 23:41:33.555,0.9987,0.99884,2.25,2.44
2013.05.12 23:41:34.406,0.99872,0.99884,1.13,1.69
2013.05.12 23:41:34.466,0.9987,0.99884,1.50,2.44
2013.05.12 23:41:34.526,0.9987,0.99884,1.50,1.69
2013.05.12 23:41:34.585,0.9987,0.99884,1.50,1.50
2013.05.12 23:41:38.295,0.99868,0.99883,2.25,1.13
2013.05.12 23:41:39.147,0.99867,0.99882,1.50,1.50
2013.05.12 23:41:40.415,0.99867,0.99882,1.50,1.50
2013.05.12 23:41:40.957,0.99866,0.99882,2.25,1.50
2013.05.12 23:41:41.246,0.99866,0.99882,3.00,1.50
2013.05.12 23:41:41.455,0.99866,0.99882,3.00,2.25
2013.05.12 23:41:42.066,0.99867,0.99882,1.50,1.50
2013.05.12 23:41:48.609,0.99866,0.99881,3.00,1.50
2013.05.12 23:41:49.353,0.99866,0.99881,3.00,1.50
2013.05.12 23:41:56.663,0.99866,0.99882,1.50,1.50
2013.05.12 23:41:56.789,0.99872,0.99884,1.50,3.19
2013.05.12 23:41:56.864,0.99876,0.99884,1.50,3.94
2013.05.12 23:41:57.057,0.99868,0.99882,2.44,1.50
2013.05.12 23:41:57.985,0.99868,0.99882,1.50,1.50
2013.05.12 23:41:59.706,0.99869,0.99882,1.50,1.50
2013.05.12 23:42:04.009,0.99869,0.99882,1.50,1.50
2013.05.12 23:42:04.316,0.99875,0.99883,1.50,1.13
2013.05.12 23:42:04.376,0.99875,0.99887,1.50,1.32
2013.05.12 23:42:04.437,0.99875,0.99887,1.50,1.69
2013.05.12 23:42:05.025,0.99875,0.99889,1.50,2.44
2013.05.12 23:42:06.075,0.99875,0.99889,2.25,1.69
2013.05.12 23:42:13.636,0.99875,0.99891,2.25,2.25
2013.05.12 23:42:13.756,0.99875,0.99891,2.25,2.25
2013.05.12 23:42:13.817,0.99878,0.99891,3.00,1.50
2013.05.12 23:42:13.877,0.99875,0.99891,3.00,2.25
2013.05.12 23:42:14.115,0.99875,0.99891,2.25,1.50
2013.05.12 23:42:14.176,0.99875,0.99891,2.25,1.50
2013.05.12 23:42:15.236,0.99875,0.99891,3.00,2.25
2013.05.12 23:42:15.840,0.99875,0.99889,2.25,1.50
2013.05.12 23:42:22.345,0.99875,0.99889,2.25,1.50
2013.05.12 23:42:26.405,0.99875,0.99889,2.25,1.50
2013.05.12 23:42:26.786,0.99875,0.99889,2.25,3.75
2013.05.12 23:42:28.165,0.99875,0.9989,2.25,2.25
2013.05.12 23:42:28.778,0.99871,0.99888,2.25,2.25
2013.05.12 23:42:29.648,0.99871,0.99888,2.25,2.25
2013.05.12 23:42:30.635,0.99871,0.99888,2.25,2.25
2013.05.12 23:42:30.696,0.99871,0.99888,2.25,2.25
2013.05.12 23:42:31.236,0.99871,0.99886,1.50,1.50
2013.05.12 23:42:31.537,0.99871,0.99884,1.50,1.88
2013.05.12 23:42:31.656,0.99867,0.99884,1.69,1.88
2013.05.12 23:42:31.837,0.99866,0.99882,1.69,1.50
2013.05.12 23:42:32.496,0.99866,0.99882,1.50,1.50
2013.05.12 23:42:34.335,0.99867,0.9988,1.50,1.50
2013.05.12 23:42:34.836,0.99866,0.99881,1.50,1.50
2013.05.12 23:42:43.178,0.99866,0.99882,2.25,1.50
2013.05.12 23:42:43.716,0.99867,0.99882,1.50,1.50
2013.05.12 23:42:44.415,0.99865,0.99882,3.00,1.50
2013.05.12 23:42:44.655,0.99865,0.99874,1.50,1.50
2013.05.12 23:42:44.895,0.99865,0.99874,1.50,1.50
2013.05.12 23:42:45.206,0.99861,0.99874,1.50,1.50
2013.05.12 23:42:45.266,0.99855,0.99874,5.07,1.50
2013.05.12 23:42:45.448,0.99855,0.99872,2.44,1.50
2013.05.12 23:42:45.986,0.99852,0.99869,3.19,1.50
2013.05.12 23:42:46.167,0.99851,0.99869,1.69,3.00
2013.05.12 23:42:46.226,0.9985,0.99866,2.44,1.50
2013.05.12 23:42:46.765,0.9985,0.99866,2.25,1.50
2013.05.12 23:42:47.126,0.9985,0.99867,3.00,1.50
2013.05.12 23:42:47.650,0.9985,0.99867,2.25,1.50
2013.05.12 23:42:47.721,0.9985,0.99868,3.75,2.44
2013.05.12 23:42:48.206,0.9985,0.99867,3.00,1.50
2013.05.12 23:42:48.916,0.9985,0.99867,3.94,1.50
2013.05.12 23:42:49.455,0.99851,0.99867,1.69,1.50
2013.05.12 23:42:50.016,0.9985,0.99867,3.19,1.50
2013.05.12 23:42:51.485,0.9985,0.99867,3.19,1.50
2013.05.12 23:42:53.376,0.99851,0.99866,1.50,1.50
2013.05.12 23:42:55.257,0.9985,0.99866,3.00,1.50
2013.05.12 23:42:55.956,0.9985,0.99866,1.50,1.50
2013.05.12 23:42:56.136,0.99852,0.9987,3.00,1.69
2013.05.12 23:42:56.255,0.99855,0.9987,2.25,1.50
2013.05.12 23:42:56.316,0.9986,0.99871,1.50,1.50
2013.05.12 23:42:56.726,0.99856,0.99872,2.25,1.13
2013.05.12 23:42:57.616,0.99854,0.9987,1.69,1.50
2013.05.12 23:42:57.796,0.99851,0.99867,1.69,1.50
2013.05.12 23:42:58.328,0.9985,0.99866,2.44,2.25
2013.05.12 23:42:58.449,0.9985,0.99863,1.69,1.50
2013.05.12 23:42:58.566,0.99849,0.99863,1.13,1.50
2013.05.12 23:42:59.686,0.99848,0.99863,3.19,1.50
2013.05.12 23:42:59.955,0.99848,0.99863,3.19,1.50
2013.05.12 23:43:01.555,0.99848,0.99864,3.57,1.50
2013.05.12 23:43:02.095,0.99848,0.99865,3.00,2.44
2013.05.12 23:43:02.626,0.99848,0.99865,3.00,3.19
2013.05.12 23:43:03.176,0.99848,0.99863,3.00,1.50
2013.05.12 23:43:05.832,0.99848,0.99863,3.75,1.50
2013.05.12 23:43:05.956,0.99848,0.99865,4.32,3.00
2013.05.12 23:43:06.023,0.99853,0.99866,2.25,1.50
2013.05.12 23:43:06.146,0.9985,0.99866,1.50,1.50
2013.05.12 23:43:06.685,0.99851,0.99867,2.25,1.50
2013.05.12 23:43:07.046,0.99851,0.99867,1.50,1.50
2013.05.12 23:43:07.165,0.99851,0.99869,1.50,2.44
2013.05.12 23:43:07.226,0.99851,0.99867,1.50,1.50
2013.05.12 23:43:07.545,0.99851,0.99867,1.50,1.50
2013.05.12 23:43:09.916,0.99849,0.99867,2.44,1.50
2013.05.12 23:43:10.156,0.9985,0.99869,1.50,2.44
2013.05.12 23:43:10.336,0.9985,0.99866,1.50,1.50
2013.05.12 23:43:12.325,0.99851,0.99867,1.50,1.50
2013.05.12 23:43:16.746,0.99851,0.99867,2.25,1.50
2013.05.12 23:43:17.326,0.9985,0.99868,1.50,2.44
2013.05.12 23:43:17.676,0.9985,0.99868,1.50,2.44
2013.05.12 23:43:18.187,0.9985,0.99868,1.50,2.44
2013.05.12 23:43:19.216,0.9985,0.99868,1.50,1.69
2013.05.12 23:43:22.031,0.9985,0.99868,2.44,3.00
2013.05.12 23:43:22.096,0.9985,0.99867,1.69,3.00
2013.05.12 23:43:22.216,0.99848,0.99867,2.82,3.00
2013.05.12 23:43:22.347,0.99852,0.99869,1.50,2.44
2013.05.12 23:43:22.409,0.99853,0.99869,1.50,2.44
2013.05.12 23:43:22.886,0.99863,0.99874,1.50,1.69
2013.05.12 23:43:23.416,0.99863,0.99875,1.50,1.88
2013.05.12 23:43:23.536,0.99863,0.99874,1.50,2.44
2013.05.12 23:43:23.596,0.99855,0.9987,1.32,1.50
2013.05.12 23:43:23.656,0.99855,0.9987,1.69,1.50
2013.05.12 23:43:24.136,0.99853,0.99871,2.82,1.50
2013.05.12 23:43:24.685,0.99853,0.99869,2.07,1.50
2013.05.12 23:43:25.035,0.99853,0.99869,2.82,1.50
2013.05.12 23:43:25.566,0.99852,0.99868,2.07,1.50
2013.05.12 23:43:26.246,0.99852,0.99868,1.32,1.50
2013.05.12 23:43:26.816,0.99851,0.99869,3.57,1.50
2013.05.12 23:43:30.546,0.99852,0.99869,1.69,1.50
2013.05.12 23:43:38.407,0.99853,0.99869,1.50,2.25
2013.05.12 23:43:38.482,0.99857,0.99872,2.25,1.50
2013.05.12 23:43:39.246,0.99857,0.99872,2.25,1.50
2013.05.12 23:43:41.162,0.99857,0.99872,2.25,1.50
2013.05.12 23:43:41.287,0.99858,0.99874,1.13,2.25
2013.05.12 23:43:41.837,0.99858,0.99872,2.07,1.50
2013.05.12 23:43:41.955,0.9986,0.99872,1.50,1.50
2013.05.12 23:43:42.466,0.9986,0.99872,1.50,1.50
2013.05.12 23:43:44.566,0.99857,0.99872,3.19,1.50
2013.05.12 23:43:45.106,0.99857,0.99872,2.25,1.50
2013.05.12 23:43:46.156,0.99857,0.99872,2.25,1.50
2013.05.12 23:43:47.726,0.99857,0.99872,2.25,1.50
2013.05.12 23:43:48.277,0.99857,0.99872,2.25,1.50
2013.05.12 23:43:48.935,0.99857,0.99872,2.25,1.50
2013.05.12 23:43:49.176,0.99854,0.9987,1.50,1.50
2013.05.12 23:43:49.476,0.99857,0.99872,2.25,2.25
2013.05.12 23:43:49.596,0.99857,0.99872,2.25,2.25
2013.05.12 23:43:50.166,0.99857,0.99872,2.25,2.25
2013.05.12 23:43:50.226,0.99857,0.99872,2.25,2.25
2013.05.12 23:43:51.936,0.99857,0.99872,2.25,2.25
2013.05.12 23:43:52.056,0.99863,0.99872,2.25,1.50
2013.05.12 23:43:52.296,0.99859,0.99873,1.50,1.50
2013.05.12 23:43:52.755,0.99858,0.9987,2.25,1.50
2013.05.12 23:43:53.176,0.99858,0.99872,1.50,1.50
2013.05.12 23:43:54.716,0.99858,0.99872,1.88,1.50
2013.05.12 23:43:55.017,0.99863,0.99875,2.25,1.50
2013.05.12 23:43:55.196,0.99863,0.99872,1.50,1.50
2013.05.12 23:43:55.256,0.99861,0.99872,1.13,1.50
2013.05.12 23:43:55.796,0.99859,0.99874,1.50,1.50
2013.05.12 23:43:56.356,0.99859,0.99871,1.50,1.50
2013.05.12 23:43:56.948,0.99859,0.99871,1.50,1.50
2013.05.12 23:44:00.567,0.99859,0.99871,1.50,1.50
2013.05.12 23:44:03.357,0.99858,0.99871,2.25,1.50
2013.05.12 23:44:03.875,0.99858,0.99871,2.25,1.50
2013.05.12 23:44:04.056,0.99858,0.99867,1.50,1.50
2013.05.12 23:44:04.117,0.99858,0.9987,2.25,1.50
2013.05.12 23:44:04.356,0.99857,0.99871,1.50,1.50
2013.05.12 23:44:04.777,0.99858,0.99872,1.50,3.19
2013.05.12 23:44:04.896,0.99858,0.99872,3.00,1.69
2013.05.12 23:44:07.957,0.99858,0.99868,3.00,1.13
2013.05.12 23:44:08.016,0.99858,0.99867,2.25,1.13
2013.05.12 23:44:08.077,0.99858,0.99866,2.25,1.13
2013.05.12 23:44:08.196,0.99851,0.99863,1.69,1.88
2013.05.12 23:44:08.377,0.99849,0.99863,1.50,2.63
2013.05.12 23:44:08.437,0.99849,0.99863,1.50,2.63
2013.05.12 23:44:12.446,0.99848,0.99863,2.25,1.50
2013.05.12 23:44:12.966,0.9985,0.99863,1.50,1.50
2013.05.12 23:44:15.719,0.99848,0.9986,2.25,2.25
2013.05.12 23:44:15.837,0.99845,0.99852,1.69,1.50
2013.05.12 23:44:16.136,0.9984,0.99852,1.69,2.25
2013.05.12 23:44:16.257,0.99838,0.99847,2.44,1.50
2013.05.12 23:44:16.556,0.99838,0.99852,1.50,2.25
2013.05.12 23:44:17.096,0.9984,0.99852,1.50,2.25
2013.05.12 23:44:18.426,0.99841,0.99852,1.50,2.25
2013.05.12 23:44:18.966,0.99841,0.99852,1.50,2.25
2013.05.12 23:44:19.326,0.99845,0.99858,1.50,1.50
2013.05.12 23:44:19.686,0.99848,0.99861,2.25,1.69
2013.05.12 23:44:19.806,0.99848,0.9986,2.25,1.50
2013.05.12 23:44:20.166,0.99848,0.99863,2.25,1.50
2013.05.12 23:44:20.286,0.99848,0.99863,2.25,1.50
2013.05.12 23:44:20.887,0.99848,0.99863,2.25,1.50
2013.05.12 23:44:21.816,0.99848,0.99863,2.25,1.50
2013.05.12 23:44:24.157,0.99848,0.9986,2.25,1.50
2013.05.12 23:44:24.396,0.99848,0.99855,2.25,1.50
2013.05.12 23:44:24.577,0.99843,0.99857,1.69,1.50
2013.05.12 23:44:25.116,0.99838,0.99854,3.94,1.50
2013.05.12 23:44:25.556,0.99839,0.99854,1.69,1.50
2013.05.12 23:44:27.596,0.99841,0.99854,1.50,1.50
2013.05.12 23:44:32.106,0.99841,0.99855,1.50,2.25
2013.05.12 23:44:32.617,0.99842,0.99854,1.50,1.50
2013.05.12 23:44:33.138,0.99842,0.99854,1.50,1.50
2013.05.12 23:44:34.166,0.9984,0.99854,1.13,1.50
2013.05.12 23:44:34.227,0.99838,0.99848,2.25,2.25
2013.05.12 23:44:34.347,0.99838,0.99848,1.50,2.25
2013.05.12 23:44:34.466,0.99838,0.99853,1.50,10.69
2013.05.12 23:44:34.527,0.99835,0.99852,1.50,10.69
2013.05.12 23:44:34.826,0.99841,0.99852,1.50,2.25
2013.05.12 23:44:35.367,0.99841,0.99852,1.50,1.50
2013.05.12 23:44:35.546,0.99841,0.99854,1.50,2.25
2013.05.12 23:44:36.096,0.99841,0.99854,1.50,2.25
2013.05.12 23:44:36.625,0.99841,0.99854,1.50,2.25
2013.05.12 23:44:43.257,0.99841,0.99854,1.50,2.25
2013.05.12 23:44:46.677,0.99841,0.99854,1.50,1.50
2013.05.12 23:44:46.796,0.99841,0.99854,1.50,1.50
2013.05.12 23:44:48.546,0.99841,0.99854,1.50,1.50
2013.05.12 23:44:51.006,0.99841,0.99854,1.50,1.50
2013.05.12 23:44:55.296,0.99841,0.99854,1.50,1.50
2013.05.12 23:44:55.416,0.99841,0.99854,1.50,1.50
2013.05.12 23:45:00.597,0.99841,0.99854,1.50,1.50
2013.05.12 23:45:01.316,0.99841,0.99854,1.50,1.50
2013.05.12 23:45:04.052,0.9984,0.99854,1.50,1.50
2013.05.12 23:45:07.146,0.99839,0.99854,1.50,2.44
2013.05.12 23:45:07.506,0.9984,0.99853,1.50,1.32
2013.05.12 23:45:07.686,0.9984,0.99854,1.50,1.69
2013.05.12 23:45:08.236,0.9984,0.99854,1.50,2.44
2013.05.12 23:45:09.606,0.9984,0.99854,1.50,2.44
2013.05.12 23:45:10.878,0.9984,0.99853,1.50,1.69
2013.05.12 23:45:18.916,0.99838,0.99853,2.25,1.50
2013.05.12 23:45:19.651,0.9984,0.99856,1.50,2.22
2013.05.12 23:45:20.596,0.99839,0.99854,1.50,1.50
2013.05.12 23:45:21.106,0.9984,0.99854,1.50,1.50
2013.05.12 23:45:22.226,0.99841,0.99854,1.50,1.50
2013.05.12 23:45:23.696,0.99843,0.99857,1.50,4.28
2013.05.12 23:45:24.236,0.9984,0.99856,2.25,1.50
2013.05.12 23:45:24.296,0.99841,0.99853,1.50,1.50
2013.05.12 23:45:24.656,0.9984,0.99856,1.50,2.18
2013.05.12 23:45:25.196,0.99841,0.99853,1.50,1.50
2013.05.12 23:45:26.660,0.99841,0.99854,1.50,1.50
2013.05.12 23:45:31.046,0.99839,0.99854,1.50,1.50
2013.05.12 23:45:31.353,0.99841,0.99854,1.50,1.50
2013.05.12 23:45:41.606,0.99841,0.99854,1.50,1.50
2013.05.12 23:45:42.313,0.99841,0.99854,1.50,1.69
2013.05.12 23:45:42.816,0.9984,0.99853,1.50,1.69
2013.05.12 23:45:43.056,0.99839,0.99853,1.50,3.00
2013.05.12 23:45:45.196,0.99837,0.99847,1.50,1.50
2013.05.12 23:45:45.256,0.99837,0.99847,1.50,1.50
2013.05.12 23:45:45.448,0.99834,0.99847,3.19,1.50
2013.05.12 23:45:45.567,0.99835,0.9985,1.50,1.50
2013.05.12 23:45:46.106,0.99838,0.99852,1.50,3.94
2013.05.12 23:45:49.756,0.99837,0.99852,1.50,3.00
2013.05.12 23:45:50.460,0.99837,0.99852,1.50,3.00
2013.05.12 23:45:52.447,0.99838,0.99852,1.50,3.00
2013.05.12 23:45:57.337,0.99838,0.99852,1.50,3.00
2013.05.12 23:46:01.236,0.99835,0.9985,1.50,1.69
2013.05.12 23:46:01.369,0.99835,0.99847,1.50,1.50
2013.05.12 23:46:01.709,0.99835,0.99847,1.50,1.50
2013.05.12 23:46:03.946,0.99835,0.99847,1.50,2.44
2013.05.12 23:46:04.066,0.9983,0.99843,1.69,1.69
2013.05.12 23:46:05.198,0.99828,0.99843,2.44,2.44
2013.05.12 23:46:05.856,0.99828,0.99843,3.19,2.44
2013.05.12 23:46:11.026,0.99828,0.99843,2.25,1.50
2013.05.12 23:46:11.446,0.99828,0.99843,2.25,1.50
2013.05.12 23:46:11.626,0.99828,0.99843,2.25,1.50
2013.05.12 23:46:12.031,0.99828,0.99839,1.50,1.69
2013.05.12 23:46:12.098,0.99821,0.99835,2.44,1.69
2013.05.12 23:46:12.156,0.99821,0.99835,2.44,1.69
2013.05.12 23:46:12.636,0.99822,0.99835,1.69,1.69
2013.05.12 23:46:13.816,0.99823,0.99834,1.50,1.69
2013.05.12 23:46:13.996,0.99824,0.99836,1.50,1.50
2013.05.12 23:46:14.056,0.99821,0.99836,1.13,1.50
2013.05.12 23:46:14.236,0.99821,0.99836,1.13,1.50
2013.05.12 23:46:24.136,0.99821,0.99837,1.88,1.50
2013.05.12 23:46:28.916,0.99822,0.99836,1.13,1.50
2013.05.12 23:46:35.116,0.99822,0.99836,1.13,1.50
2013.05.12 23:46:36.388,0.99823,0.99836,1.50,1.50
2013.05.12 23:46:36.957,0.99824,0.9984,1.50,3.38
2013.05.12 23:46:40.466,0.99823,0.99835,3.75,1.50
2013.05.12 23:46:40.996,0.99824,0.99839,1.88,1.50
2013.05.12 23:46:41.236,0.99824,0.9984,1.88,3.38
2013.05.12 23:46:44.897,0.99825,0.9984,1.50,4.13
2013.05.12 23:46:45.496,0.99825,0.9984,1.50,3.38
2013.05.12 23:46:46.056,0.99823,0.9984,3.75,3.38
2013.05.12 23:46:46.606,0.99824,0.9984,1.50,3.00
2013.05.12 23:46:48.944,0.99824,0.9984,2.25,3.00
2013.05.12 23:46:53.126,0.99823,0.99839,4.69,1.50
2013.05.12 23:46:53.666,0.99821,0.99836,2.44,1.50
2013.05.12 23:46:54.812,0.99822,0.99836,1.69,1.50
2013.05.12 23:46:58.146,0.99818,0.99834,4.69,2.25
2013.05.12 23:46:58.896,0.99818,0.99833,3.19,1.50
2013.05.12 23:46:59.480,0.99818,0.99833,3.19,1.50
2013.05.12 23:47:02.636,0.99818,0.99833,3.94,1.50
2013.05.12 23:47:03.186,0.99818,0.9983,2.44,1.50
2013.05.12 23:47:03.736,0.99818,0.9983,2.25,1.50
2013.05.12 23:47:03.916,0.99818,0.9983,1.50,1.50
2013.05.12 23:47:08.036,0.99818,0.9983,2.25,1.50
2013.05.12 23:47:08.456,0.99818,0.99834,1.50,2.44
2013.05.12 23:47:09.279,0.99818,0.99834,1.50,2.44
2013.05.12 23:47:10.916,0.99818,0.99834,1.50,2.44
2013.05.12 23:47:11.766,0.99818,0.99834,2.25,2.44
2013.05.12 23:47:18.636,0.99817,0.99834,3.00,2.25
2013.05.12 23:47:19.136,0.99818,0.99834,1.50,2.25
2013.05.12 23:47:21.876,0.99818,0.99833,2.25,2.44
2013.05.12 23:47:22.510,0.99818,0.99833,2.44,2.44
2013.05.12 23:47:28.697,0.99818,0.99833,2.25,2.44
2013.05.12 23:47:30.165,0.9982,0.99833,1.50,1.50
2013.05.12 23:47:31.045,0.9982,0.99833,1.50,1.50
2013.05.12 23:47:32.356,0.99821,0.99833,1.50,1.50
2013.05.12 23:47:32.886,0.9982,0.99833,1.50,1.50
2013.05.12 23:47:37.436,0.9982,0.99835,1.50,1.50
2013.05.12 23:47:42.516,0.99817,0.99834,3.75,1.69
2013.05.12 23:47:42.696,0.99818,0.99834,1.50,1.69
2013.05.12 23:47:43.251,0.99818,0.99834,1.50,1.69
2013.05.12 23:47:43.781,0.99818,0.99833,1.50,1.69
2013.05.12 23:47:44.136,0.99817,0.99833,3.75,2.44
2013.05.12 23:47:44.196,0.99817,0.99833,3.75,2.44
2013.05.12 23:47:44.316,0.99818,0.99833,1.50,2.44
2013.05.12 23:47:51.646,0.99817,0.99833,3.75,1.50
2013.05.12 23:47:52.391,0.99818,0.99833,1.50,1.50
2013.05.12 23:47:53.966,0.99818,0.99833,1.50,1.50
2013.05.12 23:47:54.326,0.99818,0.99833,1.50,1.50
2013.05.12 23:47:56.946,0.99818,0.99833,1.69,1.50
2013.05.12 23:47:57.007,0.99817,0.99832,2.25,1.50
2013.05.12 23:47:57.306,0.99817,0.99831,2.25,2.44
2013.05.12 23:48:01.226,0.99817,0.99832,2.25,2.82
2013.05.12 23:48:01.766,0.99817,0.99832,2.25,2.44
2013.05.12 23:48:03.156,0.99817,0.99832,2.25,2.44
2013.05.12 23:48:04.925,0.99817,0.99832,2.25,2.44
2013.05.12 23:48:05.226,0.99817,0.99832,2.25,2.44
2013.05.12 23:48:05.346,0.99817,0.99832,3.00,1.50
2013.05.12 23:48:05.406,0.99817,0.99832,3.00,1.50
2013.05.12 23:48:05.527,0.99824,0.99833,1.88,1.50
2013.05.12 23:48:05.653,0.99831,0.99843,3.00,1.95
2013.05.12 23:48:05.778,0.99833,0.99844,1.50,1.50
2013.05.12 23:48:06.137,0.99832,0.99841,1.50,1.69
2013.05.12 23:48:06.436,0.99828,0.99841,2.44,1.69
2013.05.12 23:48:06.496,0.99828,0.99841,1.50,1.69
2013.05.12 23:48:07.036,0.99827,0.99842,2.44,2.25
2013.05.12 23:48:07.576,0.99828,0.99843,2.25,2.25
2013.05.12 23:48:07.816,0.99826,0.99841,1.69,1.69
2013.05.12 23:48:08.198,0.9983,0.99842,1.50,2.25
2013.05.12 23:48:08.869,0.99829,0.99842,1.50,2.25
2013.05.12 23:48:09.106,0.99832,0.99844,2.25,1.69
2013.05.12 23:48:09.166,0.99832,0.99844,1.50,1.69
2013.05.12 23:48:09.407,0.99828,0.99841,1.69,1.50
2013.05.12 23:48:09.526,0.99827,0.99841,1.69,1.50
2013.05.12 23:48:09.586,0.99826,0.99841,1.69,2.44
2013.05.12 23:48:09.767,0.99825,0.99841,1.50,1.69
2013.05.12 23:48:09.946,0.99829,0.99841,1.50,1.69
2013.05.12 23:48:10.306,0.99829,0.99842,1.50,2.25
2013.05.12 23:48:12.075,0.99829,0.99842,1.50,2.25
2013.05.12 23:48:15.096,0.9983,0.99842,2.63,1.50
2013.05.12 23:48:15.456,0.99833,0.99846,2.25,3.75
2013.05.12 23:48:16.262,0.99833,0.99846,2.25,3.75
2013.05.12 23:48:18.666,0.99833,0.99846,2.25,1.50
2013.05.12 23:48:18.967,0.99835,0.99847,1.50,3.75
2013.05.12 23:48:19.062,0.99835,0.99845,1.50,1.50
2013.05.12 23:48:20.293,0.99835,0.99847,1.50,3.75
2013.05.12 23:48:20.607,0.99835,0.99842,1.50,1.50
2013.05.12 23:48:21.546,0.99835,0.99846,1.50,1.50
2013.05.12 23:48:22.238,0.99835,0.99846,1.50,1.50
2013.05.12 23:48:22.756,0.99835,0.99846,1.50,1.50
2013.05.12 23:48:23.506,0.99835,0.99847,1.50,2.63
2013.05.12 23:48:24.626,0.99835,0.99843,1.50,1.50
2013.05.12 23:48:25.166,0.99836,0.99848,1.50,1.88
2013.05.12 23:48:27.697,0.99836,0.99847,1.50,1.88
2013.05.12 23:48:27.996,0.99835,0.99847,2.63,1.50
2013.05.12 23:48:28.816,0.99837,0.99847,1.50,2.63
2013.05.12 23:48:29.176,0.99835,0.99844,1.88,1.50
2013.05.12 23:48:32.846,0.99835,0.99845,1.13,1.50
2013.05.12 23:48:33.208,0.99835,0.99845,1.13,1.50
2013.05.12 23:48:33.266,0.99835,0.99845,1.13,1.50
2013.05.12 23:48:34.306,0.99834,0.99845,1.88,1.50
2013.05.12 23:48:39.416,0.99834,0.99844,1.88,1.50
2013.05.12 23:48:41.926,0.99835,0.99843,1.13,1.50
2013.05.12 23:48:48.120,0.99833,0.99845,1.88,1.50
2013.05.12 23:48:48.299,0.99833,0.99845,1.50,1.50
2013.05.12 23:48:48.416,0.9983,0.99842,1.13,1.50
2013.05.12 23:48:48.597,0.99827,0.99842,1.32,1.50
2013.05.12 23:48:48.956,0.99827,0.99841,2.82,1.50
2013.05.12 23:48:49.496,0.99827,0.99841,3.57,1.50
2013.05.12 23:48:57.286,0.99827,0.99841,3.00,1.50
2013.05.12 23:48:58.567,0.99827,0.99841,3.94,1.50
2013.05.12 23:49:00.840,0.99827,0.99841,3.19,1.50
2013.05.12 23:49:01.316,0.99827,0.99841,2.25,1.50
2013.05.12 23:49:02.387,0.99827,0.99841,2.63,1.50
2013.05.12 23:49:06.336,0.99827,0.99842,2.63,1.50
2013.05.12 23:49:07.296,0.99827,0.99845,3.38,2.44
2013.05.12 23:49:10.697,0.99827,0.99845,3.38,2.44
2013.05.12 23:49:11.257,0.99828,0.99842,1.50,1.50
2013.05.12 23:49:11.436,0.99825,0.99841,2.44,1.50
2013.05.12 23:49:11.986,0.99825,0.99842,1.50,2.44
2013.05.12 23:49:15.866,0.99824,0.99842,2.25,2.44
2013.05.12 23:49:16.406,0.99823,0.99838,2.25,2.25
2013.05.12 23:49:19.746,0.99823,0.99838,2.25,2.63
2013.05.12 23:49:20.356,0.99823,0.99838,1.50,3.75
2013.05.12 23:49:20.536,0.9982,0.99838,2.44,4.32
2013.05.12 23:49:20.656,0.99817,0.99832,3.57,1.50
2013.05.12 23:49:20.836,0.99818,0.99832,1.69,1.50
2013.05.12 23:49:20.956,0.99818,0.99834,1.69,1.50
2013.05.12 23:49:21.466,0.99818,0.99834,1.69,1.50
2013.05.12 23:49:22.026,0.99817,0.99834,3.75,1.50
2013.05.12 23:49:22.546,0.99818,0.99834,1.50,1.50
2013.05.12 23:49:22.847,0.99818,0.99834,1.50,1.50
2013.05.12 23:49:23.392,0.99818,0.99834,1.50,1.50
2013.05.12 23:49:23.936,0.99818,0.99834,2.25,1.50
2013.05.12 23:49:26.384,0.99818,0.99834,1.50,1.50
2013.05.12 23:49:26.937,0.99818,0.99834,1.50,1.50
2013.05.12 23:49:27.456,0.9982,0.99834,1.50,1.50
2013.05.12 23:49:36.916,0.99823,0.99834,1.50,1.50
2013.05.12 23:49:39.357,0.99823,0.99834,1.50,1.50
2013.05.12 23:49:53.036,0.99819,0.99834,1.13,1.50
2013.05.12 23:49:53.157,0.99819,0.99834,1.13,1.50
2013.05.12 23:49:53.678,0.99819,0.99834,1.50,1.50
2013.05.12 23:49:54.456,0.99819,0.99834,1.50,1.50
2013.05.12 23:50:01.876,0.99818,0.99834,3.00,1.50
2013.05.12 23:50:02.066,0.99818,0.99834,3.00,1.50
2013.05.12 23:50:11.416,0.9982,0.99835,1.50,1.69
2013.05.12 23:50:12.169,0.9982,0.99833,1.50,1.50
2013.05.12 23:50:14.364,0.99819,0.99833,1.50,1.50
2013.05.12 23:50:14.817,0.99819,0.99835,2.25,1.69
2013.05.12 23:50:15.118,0.9982,0.99835,1.50,1.50
2013.05.12 23:50:15.177,0.99822,0.99835,1.50,1.50
2013.05.12 23:50:15.417,0.99822,0.99835,1.50,1.50
2013.05.12 23:50:15.926,0.9982,0.99835,1.50,1.50
2013.05.12 23:50:27.344,0.99819,0.99833,1.50,1.13
2013.05.12 23:50:51.047,0.99818,0.99831,1.50,1.50
2013.05.12 23:50:53.419,0.99818,0.99833,1.50,3.38
2013.05.12 23:50:53.536,0.99818,0.99833,1.50,2.25
2013.05.12 23:50:53.656,0.99818,0.99833,1.50,2.25
2013.05.12 23:50:55.367,0.99818,0.99833,1.50,2.25
2013.05.12 23:51:00.566,0.99818,0.99832,1.50,1.50
2013.05.12 23:51:08.107,0.99818,0.99833,1.50,3.00
2013.05.12 23:51:11.036,0.99818,0.99833,1.50,3.19
2013.05.12 23:51:13.387,0.99818,0.99833,1.50,3.57
2013.05.12 23:51:16.327,0.99818,0.99833,1.50,3.00
2013.05.12 23:51:18.786,0.99818,0.99833,1.50,3.38
2013.05.12 23:51:19.549,0.99818,0.99833,1.50,3.38
2013.05.12 23:51:20.495,0.99818,0.99832,1.50,1.50
2013.05.12 23:51:20.916,0.99818,0.99831,1.50,1.50
2013.05.12 23:51:22.386,0.99818,0.99832,1.50,2.25
2013.05.12 23:51:24.697,0.99819,0.99832,1.50,1.50
2013.05.12 23:51:38.566,0.99819,0.99832,1.50,1.50
2013.05.12 23:51:39.096,0.99819,0.99833,1.50,1.50
2013.05.12 23:51:40.156,0.99819,0.99829,1.50,1.13
2013.05.12 23:51:40.217,0.99816,0.99828,3.75,1.13
2013.05.12 23:51:40.457,0.99817,0.99827,1.50,1.13
2013.05.12 23:51:40.516,0.99817,0.99831,1.50,3.00
2013.05.12 23:51:40.937,0.99815,0.99828,1.50,1.13
2013.05.12 23:51:41.447,0.99816,0.99831,2.25,1.50
2013.05.12 23:51:46.663,0.99816,0.99831,2.25,1.50
2013.05.12 23:51:57.017,0.99816,0.99831,2.25,1.50
2013.05.12 23:52:02.847,0.99816,0.99831,2.25,1.50
2013.05.12 23:52:03.846,0.99816,0.99831,2.25,1.50
2013.05.12 23:52:04.086,0.99816,0.99831,2.25,1.50
2013.05.12 23:52:10.116,0.99816,0.99831,2.25,1.50
2013.05.12 23:52:10.647,0.99816,0.99827,2.25,1.88
2013.05.12 23:52:11.007,0.99813,0.99825,1.50,1.50
2013.05.12 23:52:11.565,0.99811,0.99825,1.13,1.50
2013.05.12 23:52:11.634,0.9981,0.99825,2.25,2.25
2013.05.12 23:52:11.822,0.9981,0.99819,2.25,1.50
2013.05.12 23:52:11.949,0.9981,0.99819,2.25,1.50
2013.05.12 23:52:12.738,0.9981,0.99824,2.25,3.00
2013.05.12 23:52:13.789,0.9981,0.99822,2.25,1.50
2013.05.12 23:52:13.969,0.9981,0.99819,2.25,1.50
2013.05.12 23:52:16.727,0.9981,0.99824,2.25,2.25
2013.05.12 23:52:17.278,0.99807,0.99816,1.69,1.50
2013.05.12 23:52:17.398,0.99807,0.99816,1.50,1.50
2013.05.12 23:52:17.958,0.99806,0.99816,1.50,1.50
2013.05.12 23:52:18.998,0.99806,0.99816,1.50,2.25
2013.05.12 23:52:20.258,0.99806,0.99816,1.69,1.50
2013.05.12 23:52:23.288,0.99806,0.99816,1.69,1.50
2013.05.12 23:52:24.638,0.99806,0.99818,1.69,2.63
2013.05.12 23:52:25.078,0.99805,0.99816,1.50,1.50
2013.05.12 23:52:25.207,0.99805,0.99816,1.50,1.50
2013.05.12 23:52:25.457,0.99805,0.99817,1.50,1.50
2013.05.12 23:52:25.999,0.99805,0.99816,1.50,1.50
2013.05.12 23:52:27.919,0.99805,0.99816,1.50,1.50
2013.05.12 23:52:28.168,0.99805,0.99816,1.69,1.50
2013.05.12 23:52:28.287,0.99807,0.99821,1.50,2.25
2013.05.12 23:52:28.347,0.99807,0.99821,5.25,1.50
2013.05.12 23:52:28.408,0.99807,0.99821,5.25,1.50
2013.05.12 23:52:29.768,0.99807,0.99821,3.00,2.25
2013.05.12 23:52:34.088,0.99807,0.99821,2.25,2.25
2013.05.12 23:52:34.608,0.99807,0.99821,2.25,2.25
2013.05.12 23:52:48.838,0.99807,0.99818,1.69,1.50
2013.05.12 23:52:49.399,0.99806,0.9982,2.44,1.50
2013.05.12 23:52:54.868,0.99806,0.9982,1.69,1.50
2013.05.12 23:52:54.928,0.99808,0.99821,1.50,1.50
2013.05.12 23:52:54.988,0.99808,0.9982,2.25,3.00
2013.05.12 23:52:55.048,0.99808,0.99821,1.50,1.50
2013.05.12 23:53:01.328,0.99809,0.99821,1.50,1.50
2013.05.12 23:53:01.859,0.99808,0.99822,2.25,1.50
2013.05.12 23:53:05.768,0.99807,0.99819,2.25,1.50
2013.05.12 23:53:06.128,0.99808,0.9982,2.25,1.50
2013.05.12 23:53:10.278,0.99808,0.9982,1.50,3.00
2013.05.12 23:53:10.638,0.99808,0.99821,2.25,2.25
2013.05.12 23:53:10.877,0.99808,0.99821,2.25,1.89
2013.05.12 23:53:11.463,0.99808,0.99821,1.50,1.50
2013.05.12 23:53:11.959,0.99807,0.99819,1.50,1.13
2013.05.12 23:53:12.498,0.99805,0.99818,1.69,1.13
2013.05.12 23:53:16.627,0.99805,0.99819,1.69,1.13
2013.05.12 23:53:17.188,0.99804,0.99817,1.69,2.25
2013.05.12 23:53:17.428,0.99802,0.99816,1.50,1.50
2013.05.12 23:53:18.400,0.99803,0.99818,1.50,1.82
2013.05.12 23:53:18.947,0.99804,0.99817,1.50,1.07
2013.05.12 23:53:19.501,0.99804,0.99818,1.50,1.82
2013.05.12 23:53:24.250,0.99804,0.99818,1.50,1.82
2013.05.12 23:53:28.669,0.99804,0.99818,1.50,1.50
2013.05.12 23:53:30.367,0.99804,0.99818,1.50,1.50
2013.05.12 23:53:30.548,0.99803,0.99816,2.44,1.50
2013.05.12 23:53:33.159,0.99802,0.99816,3.19,2.25
2013.05.12 23:53:33.578,0.99801,0.99816,1.69,2.25
2013.05.12 23:53:34.118,0.99801,0.99816,1.69,2.25
2013.05.12 23:53:38.418,0.99801,0.99815,3.94,1.50
2013.05.12 23:53:38.838,0.99806,0.99817,1.50,1.13
2013.05.12 23:53:39.364,0.99807,0.99817,1.50,1.13
2013.05.12 23:53:39.879,0.99807,0.99818,1.50,1.88
2013.05.12 23:53:40.639,0.99807,0.99818,1.50,1.13
2013.05.12 23:53:40.888,0.99812,0.99823,1.50,1.50
2013.05.12 23:53:40.951,0.99812,0.99823,1.50,1.50
2013.05.12 23:53:41.742,0.9981,0.99825,1.69,3.38
2013.05.12 23:53:41.899,0.99811,0.99825,1.50,2.63
2013.05.12 23:53:42.078,0.99811,0.99825,2.25,2.63
2013.05.12 23:53:44.059,0.99815,0.99827,1.50,1.50
2013.05.12 23:53:44.180,0.99815,0.9983,3.00,2.25
2013.05.12 23:53:44.299,0.99819,0.99833,1.50,2.25
2013.05.12 23:53:45.218,0.99819,0.99833,1.50,2.25
2013.05.12 23:53:45.748,0.99819,0.99833,1.50,1.50
2013.05.12 23:53:46.548,0.99819,0.99833,1.50,2.25
2013.05.12 23:53:52.012,0.99818,0.99832,1.69,1.50
2013.05.12 23:53:52.089,0.99818,0.99832,1.69,1.50
2013.05.12 23:53:53.108,0.99818,0.99832,1.69,1.50
2013.05.12 23:53:53.278,0.99818,0.9983,1.69,1.50
2013.05.12 23:53:53.608,0.99817,0.9983,1.69,1.50
2013.05.12 23:53:53.789,0.99824,0.99834,1.50,2.25
2013.05.12 23:53:53.850,0.99826,0.99835,1.50,1.50
2013.05.12 23:53:53.908,0.99826,0.99837,2.25,1.50
2013.05.12 23:53:53.969,0.99828,0.99838,1.50,1.50
2013.05.12 23:53:54.029,0.99829,0.9984,1.50,1.69
2013.05.12 23:53:54.088,0.99829,0.99844,2.25,2.25
2013.05.12 23:53:55.728,0.9983,0.99844,1.69,1.50
2013.05.12 23:53:57.738,0.9983,0.99844,1.69,1.50
2013.05.12 23:54:01.808,0.9983,0.99844,1.69,1.50
2013.05.12 23:54:02.168,0.99827,0.99839,3.19,2.25
2013.05.12 23:54:02.228,0.99826,0.99839,3.00,3.00
2013.05.12 23:54:02.288,0.99823,0.99836,1.69,1.50
2013.05.12 23:54:02.588,0.99823,0.99838,4.69,3.38
2013.05.12 23:54:02.986,0.99828,0.9984,1.50,2.25
2013.05.12 23:54:03.054,0.99831,0.99846,1.13,1.50
2013.05.12 23:54:03.179,0.99832,0.99846,1.88,1.50
2013.05.12 23:54:03.309,0.99832,0.99846,1.88,1.50
2013.05.12 23:54:07.838,0.99832,0.99846,2.07,2.25
2013.05.12 23:54:08.459,0.99832,0.99846,1.32,2.25
2013.05.12 23:54:08.888,0.9983,0.99846,3.57,2.25
2013.05.12 23:54:10.679,0.9983,0.99844,3.57,1.50
2013.05.12 23:54:10.738,0.9983,0.99844,3.19,1.50
2013.05.12 23:54:11.038,0.99827,0.99842,1.69,2.25
2013.05.12 23:54:11.579,0.99826,0.99842,4.69,3.00
2013.05.12 23:54:11.818,0.99831,0.99842,3.00,1.50
2013.05.12 23:54:12.178,0.99831,0.99844,2.44,1.50
2013.05.12 23:54:12.428,0.99831,0.99845,2.44,2.25
2013.05.12 23:54:12.686,0.99831,0.99845,2.44,2.25
2013.05.12 23:54:12.928,0.99831,0.99845,2.44,2.25
2013.05.12 23:54:13.108,0.99831,0.99843,2.44,1.50
2013.05.12 23:54:13.468,0.99829,0.99845,1.69,3.00
2013.05.12 23:54:13.768,0.9983,0.99844,2.44,2.25
2013.05.12 23:54:15.912,0.99829,0.99844,2.44,1.50
2013.05.12 23:54:19.318,0.99829,0.99843,1.69,1.50
2013.05.12 23:54:19.558,0.99826,0.99839,3.57,2.63
2013.05.12 23:54:19.798,0.99822,0.99837,1.99,1.13
2013.05.12 23:54:19.866,0.99822,0.99837,1.99,1.88
2013.05.12 23:54:20.508,0.99821,0.99835,1.43,3.00
2013.05.12 23:54:21.107,0.99821,0.99834,1.05,1.50
2013.05.12 23:54:21.649,0.99822,0.99834,1.05,1.50
2013.05.12 23:54:22.215,0.99822,0.99834,1.05,2.25
2013.05.12 23:54:22.728,0.99821,0.99835,1.05,3.75
2013.05.12 23:54:27.786,0.99818,0.99833,3.19,1.50
2013.05.12 23:54:29.371,0.99818,0.99832,2.44,1.50
2013.05.12 23:54:40.188,0.99818,0.99834,3.00,3.00
2013.05.12 23:54:40.488,0.99818,0.99833,3.75,1.50
2013.05.12 23:54:40.992,0.99818,0.99833,3.00,1.50
2013.05.12 23:54:41.558,0.99818,0.99833,3.75,1.50
2013.05.12 23:54:45.258,0.9982,0.99834,1.50,2.25
2013.05.12 23:54:45.797,0.99818,0.99832,3.00,1.50
2013.05.12 23:54:46.077,0.99818,0.99832,3.00,1.50
2013.05.12 23:54:48.127,0.99818,0.99833,3.00,1.50
2013.05.12 23:54:48.679,0.99818,0.99833,2.25,1.50
2013.05.12 23:54:50.068,0.99818,0.99833,2.25,1.50
2013.05.12 23:54:50.858,0.9982,0.99834,1.50,3.00
2013.05.12 23:54:51.100,0.99828,0.99839,1.50,2.44
2013.05.12 23:54:51.158,0.99828,0.99839,1.50,2.07
2013.05.12 23:54:51.219,0.99826,0.9984,1.50,1.50
2013.05.12 23:54:51.338,0.99825,0.99842,2.25,2.25
2013.05.12 23:54:51.647,0.99824,0.99842,2.44,2.25
2013.05.12 23:54:51.768,0.99821,0.99833,3.94,2.25
2013.05.12 23:54:51.948,0.9982,0.99832,1.69,1.50
2013.05.12 23:54:52.368,0.99819,0.99834,2.44,1.50
2013.05.12 23:54:53.168,0.99824,0.99835,2.25,1.50
2013.05.12 23:54:53.480,0.99827,0.99842,1.50,1.50
2013.05.12 23:54:54.419,0.99827,0.99841,1.50,1.50
2013.05.12 23:54:55.290,0.99827,0.99841,1.50,2.25
2013.05.12 23:55:02.191,0.99827,0.99841,1.50,1.50
2013.05.12 23:55:02.447,0.99828,0.99842,1.50,1.50
2013.05.12 23:55:02.510,0.99829,0.99842,2.25,1.50
2013.05.12 23:55:04.698,0.99829,0.99843,3.00,1.50
2013.05.12 23:55:04.818,0.99829,0.99843,3.00,1.50
2013.05.12 23:55:04.938,0.99829,0.99843,3.00,1.50
2013.05.12 23:55:05.238,0.99833,0.99846,2.25,2.25
2013.05.12 23:55:05.739,0.99833,0.99848,2.25,1.50
2013.05.12 23:55:05.859,0.99833,0.99848,2.25,2.25
2013.05.12 23:55:07.590,0.99833,0.99848,2.25,2.25
2013.05.12 23:55:09.368,0.99836,0.9985,1.50,2.25
2013.05.12 23:55:09.428,0.99837,0.99851,1.13,1.69
2013.05.12 23:55:10.006,0.99839,0.99853,2.25,2.25
2013.05.12 23:55:11.366,0.9984,0.99853,1.50,2.25
2013.05.12 23:55:11.799,0.99844,0.99855,1.50,2.25
2013.05.12 23:55:12.519,0.99844,0.99854,2.03,1.50
2013.05.12 23:55:12.579,0.99845,0.99858,1.28,2.44
2013.05.12 23:55:12.759,0.99846,0.99859,1.28,2.63
2013.05.12 23:55:12.879,0.99845,0.99861,2.78,2.25
2013.05.12 23:55:13.058,0.99849,0.99862,1.50,2.25
2013.05.12 23:55:13.569,0.99849,0.99862,2.25,2.25
2013.05.12 23:55:14.368,0.99849,0.99862,2.25,2.25
2013.05.12 23:55:15.379,0.99849,0.99861,2.25,1.50
2013.05.12 23:55:15.558,0.99845,0.99856,1.13,1.50
2013.05.12 23:55:15.619,0.99842,0.99856,1.69,1.50
2013.05.12 23:55:15.679,0.99842,0.99855,1.69,1.50
2013.05.12 23:55:16.237,0.99841,0.99856,1.50,3.75
2013.05.12 23:55:16.919,0.99839,0.99854,1.69,1.50
2013.05.12 23:55:17.474,0.99838,0.99853,1.32,1.50
2013.05.12 23:55:18.079,0.99838,0.99853,1.32,1.50
2013.05.12 23:55:18.779,0.99838,0.99853,1.32,1.50
2013.05.12 23:55:19.307,0.99837,0.99853,2.82,1.50
2013.05.12 23:55:23.379,0.99838,0.99854,1.69,4.50
2013.05.12 23:55:23.919,0.99838,0.99854,1.69,4.50
2013.05.12 23:55:27.371,0.99845,0.99854,1.50,3.75
2013.05.12 23:55:27.439,0.99847,0.99854,1.13,1.50
2013.05.12 23:55:27.558,0.99848,0.99857,1.50,1.69
2013.05.12 23:55:27.859,0.99848,0.99862,2.25,1.50
2013.05.12 23:55:28.278,0.99848,0.99863,2.25,2.25
2013.05.12 23:55:29.098,0.99848,0.99863,3.00,2.25
2013.05.12 23:55:30.063,0.99848,0.99862,3.00,1.50
2013.05.12 23:55:30.428,0.99848,0.99862,3.00,1.50
2013.05.12 23:55:30.728,0.99848,0.9986,1.50,1.50
2013.05.12 23:55:31.278,0.99848,0.99862,1.50,2.25
2013.05.12 23:55:32.225,0.99848,0.99862,2.25,1.50
2013.05.12 23:55:32.529,0.99853,0.99865,2.25,3.75
2013.05.12 23:55:32.589,0.99853,0.99865,2.25,1.50
2013.05.12 23:55:32.649,0.99853,0.99863,1.50,1.50
2013.05.12 23:55:32.888,0.99853,0.99863,1.50,1.50
2013.05.12 23:55:33.069,0.9985,0.99863,1.50,2.25
2013.05.12 23:55:33.308,0.99849,0.9986,3.00,1.50
2013.05.12 23:55:33.490,0.99845,0.99861,3.19,2.25
2013.05.12 23:55:33.668,0.99848,0.99861,1.69,2.25
2013.05.12 23:55:34.048,0.99854,0.99862,1.50,1.50
2013.05.12 23:55:34.168,0.99854,0.99864,1.50,2.25
2013.05.12 23:55:36.238,0.99849,0.99863,3.94,1.50
2013.05.12 23:55:36.929,0.9985,0.99862,1.69,1.50
2013.05.12 23:55:37.049,0.99854,0.99867,1.50,2.25
2013.05.12 23:55:41.620,0.99854,0.99865,1.50,1.50
2013.05.12 23:55:42.098,0.9985,0.99864,2.25,1.50
2013.05.12 23:55:43.060,0.99854,0.99864,1.50,1.50
2013.05.12 23:55:43.969,0.99854,0.99864,2.25,1.50
2013.05.12 23:55:44.048,0.99855,0.99867,1.50,1.50
2013.05.12 23:55:44.110,0.99855,0.99867,1.50,1.50
2013.05.12 23:55:44.349,0.99859,0.9987,2.25,1.50
2013.05.12 23:55:44.469,0.99859,0.99871,3.00,1.50
2013.05.12 23:55:44.528,0.99864,0.99871,1.50,1.50
2013.05.12 23:55:44.588,0.99864,0.99875,1.50,2.25
2013.05.12 23:55:46.249,0.9986,0.99875,1.50,2.25
2013.05.12 23:55:46.308,0.9986,0.99872,1.50,1.50
2013.05.12 23:55:47.028,0.99863,0.99874,1.50,1.50
2013.05.12 23:55:47.268,0.99859,0.99875,1.50,4.50
2013.05.12 23:55:47.329,0.99859,0.99874,1.50,1.50
2013.05.12 23:55:47.448,0.99858,0.99871,2.44,1.50
2013.05.12 23:55:47.988,0.99858,0.99872,3.94,1.50
2013.05.12 23:55:51.158,0.99858,0.99873,3.94,2.25
2013.05.12 23:55:51.348,0.99858,0.99875,3.94,3.00
2013.05.12 23:55:51.409,0.99862,0.99875,1.50,3.00
2013.05.12 23:55:51.649,0.99868,0.99876,1.50,1.69
2013.05.12 23:55:51.769,0.99863,0.99875,3.38,1.50
2013.05.12 23:55:52.308,0.99863,0.99875,2.25,1.50
2013.05.12 23:55:52.860,0.99863,0.99875,2.25,1.50
2013.05.12 23:56:00.888,0.99862,0.99875,1.50,2.25
2013.05.12 23:56:01.638,0.99861,0.99875,3.00,2.25
2013.05.12 23:56:01.698,0.99861,0.99875,2.25,2.25
2013.05.12 23:56:06.169,0.99861,0.99875,1.50,2.63
2013.05.12 23:56:06.228,0.99862,0.99875,1.50,2.63
2013.05.12 23:56:06.348,0.99864,0.99876,1.13,3.00
2013.05.12 23:56:06.408,0.99866,0.99876,2.25,1.50
2013.05.12 23:56:06.649,0.99863,0.99874,1.50,1.50
2013.05.12 23:56:10.438,0.99863,0.99874,1.50,1.50
2013.05.12 23:56:12.258,0.99861,0.99875,2.25,1.50
2013.05.12 23:56:18.099,0.99861,0.99875,1.50,1.50
2013.05.12 23:56:18.279,0.99861,0.9987,1.50,1.50
2013.05.12 23:56:18.399,0.99858,0.9987,1.69,2.25
2013.05.12 23:56:18.959,0.99856,0.99871,2.25,3.75
2013.05.12 23:56:19.508,0.99858,0.99867,1.50,1.50
2013.05.12 23:56:19.688,0.99854,0.99866,1.69,1.50
2013.05.12 23:56:23.339,0.99854,0.99866,1.69,2.25
2013.05.12 23:56:23.643,0.99856,0.99869,3.00,1.50
2013.05.12 23:56:24.299,0.99856,0.9987,3.00,1.50
2013.05.12 23:56:25.928,0.99856,0.9987,2.25,1.50
2013.05.12 23:56:28.400,0.99856,0.9987,2.25,1.50
2013.05.12 23:56:28.768,0.99852,0.99865,1.69,2.25
2013.05.12 23:56:29.379,0.99852,0.99864,1.69,1.88
2013.05.12 23:56:29.498,0.99851,0.99863,2.44,1.50
2013.05.12 23:56:33.663,0.99851,0.99862,1.69,2.25
2013.05.12 23:56:36.758,0.9985,0.9986,1.50,1.50
2013.05.12 23:56:37.334,0.99849,0.9986,1.50,1.50
2013.05.12 23:56:37.898,0.99848,0.99859,1.50,1.50
2013.05.12 23:56:38.548,0.99848,0.99859,1.50,1.50
2013.05.12 23:56:39.409,0.99847,0.99855,1.50,2.25
2013.05.12 23:56:39.470,0.99846,0.99855,1.50,2.63
2013.05.12 23:56:39.589,0.99844,0.99854,1.62,1.50
2013.05.12 23:56:39.649,0.99842,0.99855,1.69,4.13
2013.05.12 23:56:40.428,0.9984,0.99855,4.69,1.50
2013.05.12 23:56:40.938,0.99842,0.99855,1.50,1.50
2013.05.12 23:56:51.219,0.99841,0.99854,1.50,1.50
2013.05.12 23:56:51.398,0.9984,0.99853,1.69,1.50
2013.05.12 23:56:51.759,0.99837,0.9985,2.89,1.50
2013.05.12 23:56:51.818,0.99837,0.9985,1.69,1.50
2013.05.12 23:56:51.999,0.99836,0.9985,3.19,1.50
2013.05.12 23:56:52.179,0.99836,0.99848,2.44,1.50
2013.05.12 23:56:52.238,0.99836,0.99846,2.25,1.69
2013.05.12 23:56:52.298,0.99832,0.99845,2.44,3.00
2013.05.12 23:56:52.361,0.99832,0.99844,1.69,1.13
2013.05.12 23:56:52.599,0.99828,0.99842,3.19,1.50
2013.05.12 23:56:52.721,0.99827,0.99841,1.50,1.50
2013.05.12 23:56:53.918,0.99826,0.99841,3.00,1.50
2013.05.12 23:56:54.218,0.9983,0.99843,1.50,1.50
2013.05.12 23:57:00.498,0.9983,0.99844,3.00,1.50
2013.05.12 23:57:00.622,0.99832,0.99845,1.50,2.25
2013.05.12 23:57:00.748,0.9983,0.99845,3.75,2.25
2013.05.12 23:57:01.109,0.9983,0.99845,2.25,2.25
2013.05.12 23:57:01.169,0.9983,0.99845,3.00,2.25
2013.05.12 23:57:03.471,0.9983,0.99843,2.25,1.50
2013.05.12 23:57:03.898,0.99827,0.99841,3.00,1.50
2013.05.12 23:57:05.578,0.99827,0.99841,2.25,2.25
2013.05.12 23:57:06.808,0.99827,0.9984,3.00,1.50
2013.05.12 23:57:10.341,0.99827,0.9984,1.50,1.50
2013.05.12 23:57:17.123,0.99827,0.9984,2.25,1.50
2013.05.12 23:57:25.209,0.99827,0.99841,2.25,1.50
2013.05.12 23:57:25.688,0.99827,0.9984,1.50,1.50
2013.05.12 23:57:25.808,0.99827,0.99842,2.25,1.50
2013.05.12 23:57:30.498,0.99827,0.99842,2.25,1.50
2013.05.12 23:57:30.858,0.99827,0.99842,1.50,1.50
2013.05.12 23:57:38.978,0.99827,0.99842,2.25,1.69
2013.05.12 23:57:43.409,0.99827,0.99842,2.25,1.69
2013.05.12 23:57:48.988,0.99827,0.99842,2.25,1.69
2013.05.12 23:57:49.169,0.9983,0.99843,3.00,1.69
2013.05.12 23:57:49.589,0.99834,0.99846,1.50,1.50
2013.05.12 23:57:49.709,0.99834,0.99849,3.00,1.69
2013.05.12 23:57:50.008,0.99836,0.99852,3.75,2.44
2013.05.12 23:57:51.099,0.99838,0.99851,1.50,1.50
2013.05.12 23:57:51.218,0.99838,0.99853,2.25,1.69
2013.05.12 23:57:51.579,0.9984,0.99853,2.44,1.50
2013.05.12 23:57:51.698,0.9984,0.99853,2.82,1.50
2013.05.12 23:57:52.598,0.9984,0.99853,2.44,2.25
2013.05.12 23:57:52.779,0.9984,0.99852,2.44,1.50
2013.05.12 23:57:52.898,0.9984,0.99852,1.69,1.50
2013.05.12 23:57:53.408,0.9984,0.99852,1.69,1.50
2013.05.12 23:57:57.360,0.9984,0.99853,2.25,1.50
2013.05.12 23:57:58.418,0.9984,0.99853,3.00,1.50
2013.05.12 23:57:58.938,0.99841,0.99853,1.50,1.50
2013.05.12 23:58:00.401,0.9984,0.99853,2.25,2.25
2013.05.12 23:58:01.528,0.9984,0.99853,2.25,2.25
2013.05.12 23:58:03.385,0.9984,0.99853,2.25,1.69
2013.05.12 23:58:03.990,0.99838,0.99853,1.69,2.25
2013.05.12 23:58:04.168,0.99837,0.99852,2.25,1.50
2013.05.12 23:58:04.668,0.99834,0.9985,3.19,2.25
2013.05.12 23:58:04.968,0.99834,0.99849,1.69,1.13
2013.05.12 23:58:05.028,0.99834,0.99849,1.69,1.88
2013.05.12 23:58:05.708,0.99834,0.99849,1.69,1.13
2013.05.12 23:58:06.447,0.99833,0.9985,4.32,4.13
2013.05.12 23:58:09.758,0.99833,0.99848,3.57,1.13
2013.05.12 23:58:10.328,0.99833,0.99848,3.57,1.13
2013.05.12 23:58:10.449,0.99833,0.99849,3.57,1.13
2013.05.12 23:58:12.148,0.99833,0.99849,4.32,1.88
2013.05.12 23:58:14.221,0.99833,0.99848,3.57,1.13
2013.05.12 23:58:14.747,0.99833,0.99849,3.57,1.88
2013.05.12 23:58:15.860,0.99835,0.99848,1.50,1.13
2013.05.12 23:58:16.099,0.99837,0.9985,1.50,1.50
2013.05.12 23:58:16.339,0.99837,0.99851,1.50,1.50
2013.05.12 23:58:19.919,0.99837,0.99851,1.50,1.50
2013.05.12 23:58:20.158,0.99837,0.99851,4.50,1.50
2013.05.12 23:58:20.558,0.99837,0.99851,4.50,1.50
2013.05.12 23:58:21.498,0.99838,0.99851,1.50,1.50
2013.05.12 23:58:22.020,0.99837,0.99851,3.00,1.50
2013.05.12 23:58:22.761,0.99838,0.99851,2.25,1.50
2013.05.12 23:58:23.102,0.99838,0.99851,2.25,1.50
2013.05.12 23:58:23.169,0.99839,0.99851,4.50,1.50
2013.05.12 23:58:23.409,0.9984,0.99851,1.50,1.50
2013.05.12 23:58:23.708,0.99841,0.99856,2.25,2.25
2013.05.12 23:58:23.949,0.99841,0.99856,2.25,1.50
2013.05.12 23:58:24.500,0.99842,0.99856,1.50,1.50
2013.05.12 23:58:25.169,0.99842,0.99856,1.50,2.25
2013.05.12 23:58:25.589,0.9984,0.99855,3.00,3.00
2013.05.12 23:58:26.109,0.99842,0.99855,1.50,1.50
2013.05.12 23:58:27.878,0.9984,0.99855,3.19,1.50
2013.05.12 23:58:28.608,0.9984,0.99855,3.94,1.50
2013.05.12 23:58:31.868,0.9984,0.99854,3.19,1.50
2013.05.12 23:58:38.689,0.9984,0.99855,3.00,1.50
2013.05.12 23:58:42.629,0.99838,0.99851,2.44,1.50
2013.05.12 23:58:43.379,0.99838,0.9985,2.25,1.50
2013.05.12 23:58:43.618,0.99836,0.99849,1.50,1.50
2013.05.12 23:58:44.159,0.99831,0.99846,2.25,1.50
2013.05.12 23:58:45.409,0.99831,0.99846,2.25,1.50
2013.05.12 23:58:48.658,0.99832,0.99846,1.50,1.50
2013.05.12 23:58:58.211,0.99832,0.99845,1.50,1.50
2013.05.12 23:58:58.329,0.99834,0.99846,2.25,1.50
2013.05.12 23:58:58.629,0.99834,0.99846,1.50,1.50
2013.05.12 23:58:59.168,0.99833,0.99845,1.50,1.50
2013.05.12 23:59:04.179,0.99833,0.99845,1.50,2.25
2013.05.12 23:59:08.788,0.99833,0.99845,1.50,1.50
2013.05.12 23:59:10.458,0.99831,0.99845,1.50,2.25
2013.05.12 23:59:10.518,0.99831,0.99845,1.50,2.25
2013.05.12 23:59:10.938,0.99831,0.99845,1.50,2.25
2013.05.12 23:59:12.788,0.99831,0.99845,1.50,2.25
2013.05.12 23:59:19.508,0.99831,0.99845,1.50,1.50
2013.05.12 23:59:34.209,0.99834,0.99845,1.50,1.50
2013.05.12 23:59:34.749,0.99833,0.99845,1.50,1.50
2013.05.12 23:59:37.109,0.99833,0.99844,1.50,1.50
2013.05.12 23:59:37.663,0.99833,0.99845,1.50,1.50
2013.05.12 23:59:46.859,0.99835,0.99847,1.50,2.82
2013.05.12 23:59:47.043,0.99836,0.9985,1.50,3.75
2013.05.12 23:59:47.168,0.99836,0.9985,3.75,3.75
2013.05.12 23:59:48.495,0.99838,0.9985,1.50,3.75
2013.05.12 23:59:48.858,0.99836,0.9985,1.50,3.75
2013.05.12 23:59:50.310,0.99836,0.9985,1.50,3.75
2013.05.12 23:59:50.833,0.99836,0.9985,1.50,3.75
2013.05.12 23:59:51.413,0.99836,0.99849,1.50,1.13
2013.05.12 23:59:52.138,0.99836,0.99849,2.25,1.13
2013.05.12 23:59:52.318,0.99836,0.9985,2.25,3.00
2013.05.12 23:59:52.828,0.99838,0.99852,1.50,1.50
2013.05.12 23:59:56.681,0.99838,0.9985,1.50,1.50
2013.05.12 23:59:56.979,0.99836,0.99847,2.25,1.50
2013.05.12 23:59:57.099,0.99832,0.99845,3.19,2.25
2013.05.12 23:59:57.638,0.99832,0.99845,1.50,1.50
2013.05.12 23:59:57.698,0.99834,0.99846,1.50,3.19
2013.05.12 23:59:57.939,0.99836,0.99849,1.50,1.88
2013.05.12 23:59:58.479,0.99834,0.99849,3.00,1.13
2013.05.12 23:59:59.060,0.99834,0.99849,2.25,1.13
