2013.08.14 17:00:00.126,0.91374,0.91386,1.13,2.63
2013.08.14 17:00:00.825,0.9138,0.91386,2.25,1.88
2013.08.14 17:00:01.126,0.91387,0.91397,1.88,1.50
2013.08.14 17:00:01.245,0.91387,0.91399,2.25,4.88
2013.08.14 17:00:01.784,0.91387,0.91399,2.25,1.13
2013.08.14 17:00:04.198,0.91386,0.91398,1.88,3.00
2013.08.14 17:00:04.868,0.91385,0.91397,1.50,2.25
2013.08.14 17:00:06.716,0.91385,0.91397,1.88,2.25
2013.08.14 17:00:07.026,0.91389,0.91398,2.25,1.88
2013.08.14 17:00:07.084,0.9139,0.91399,1.50,1.69
2013.08.14 17:00:07.268,0.9139,0.914,1.88,1.13
2013.08.14 17:00:07.627,0.91385,0.91397,1.13,4.50
2013.08.14 17:00:07.865,0.91384,0.91395,1.50,1.88
2013.08.14 17:00:09.434,0.91384,0.91395,2.25,1.13
2013.08.14 17:00:15.414,0.91385,0.91395,1.50,1.88
2013.08.14 17:00:16.283,0.91382,0.91394,1.88,2.63
2013.08.14 17:00:16.345,0.91382,0.91394,1.88,3.38
2013.08.14 17:00:16.405,0.91381,0.9139,2.07,1.13
2013.08.14 17:00:16.525,0.91377,0.91387,3.00,1.88
2013.08.14 17:00:16.584,0.91376,0.91387,1.13,1.88
2013.08.14 17:00:16.645,0.91375,0.91387,2.63,3.00
2013.08.14 17:00:17.184,0.91373,0.91385,2.07,1.50
2013.08.14 17:00:20.514,0.91374,0.91386,1.13,1.50
2013.08.14 17:00:22.897,0.91374,0.91386,1.13,2.25
2013.08.14 17:00:25.026,0.91374,0.91385,1.88,2.25
2013.08.14 17:00:25.508,0.91374,0.91386,1.88,2.25
2013.08.14 17:00:27.225,0.91374,0.91386,1.13,2.25
2013.08.14 17:00:27.412,0.91373,0.91385,3.00,1.13
2013.08.14 17:00:27.625,0.91374,0.91386,1.13,2.25
2013.08.14 17:00:28.136,0.91374,0.91386,1.13,2.25
2013.08.14 17:00:31.135,0.91376,0.91386,1.13,2.25
2013.08.14 17:00:31.314,0.91376,0.91387,1.88,1.88
2013.08.14 17:00:32.194,0.91376,0.91387,1.88,1.88
2013.08.14 17:00:32.734,0.91376,0.91387,1.88,1.13
2013.08.14 17:00:37.025,0.91376,0.91388,3.00,2.63
2013.08.14 17:00:39.015,0.91378,0.91388,1.13,1.88
2013.08.14 17:00:39.135,0.9138,0.91388,1.50,1.13
2013.08.14 17:00:39.374,0.91384,0.91394,2.25,1.88
2013.08.14 17:00:39.555,0.91385,0.91397,1.13,3.19
2013.08.14 17:00:40.185,0.91384,0.91397,1.13,3.19
2013.08.14 17:00:40.304,0.91383,0.91395,1.50,1.88
2013.08.14 17:00:40.844,0.91382,0.91393,2.25,1.13
2013.08.14 17:00:41.205,0.91381,0.91392,1.13,1.88
2013.08.14 17:00:41.565,0.91376,0.91387,1.13,1.13
2013.08.14 17:00:42.104,0.91378,0.91389,2.25,1.88
2013.08.14 17:00:42.173,0.91379,0.9139,1.13,1.88
2013.08.14 17:00:42.236,0.9138,0.91392,1.13,3.57
2013.08.14 17:00:42.774,0.91379,0.91391,2.63,1.69
2013.08.14 17:00:44.635,0.91379,0.91392,2.25,2.07
2013.08.14 17:00:44.936,0.91379,0.91389,2.25,1.50
2013.08.14 17:00:45.056,0.91378,0.91389,1.50,1.88
2013.08.14 17:00:45.188,0.91377,0.91388,1.88,1.13
2013.08.14 17:00:45.306,0.91377,0.91387,1.13,1.50
2013.08.14 17:00:45.824,0.91375,0.91387,1.13,2.25
2013.08.14 17:00:47.074,0.91375,0.91387,1.13,2.63
2013.08.14 17:00:47.666,0.91375,0.91387,1.13,2.25
2013.08.14 17:00:51.614,0.91375,0.91387,1.88,2.63
2013.08.14 17:00:56.566,0.91375,0.91387,1.88,1.88
2013.08.14 17:00:56.924,0.91377,0.91387,2.63,1.13
2013.08.14 17:00:57.344,0.91379,0.9139,1.50,3.19
2013.08.14 17:01:02.074,0.91379,0.91389,1.50,1.88
2013.08.14 17:01:03.145,0.91379,0.9139,3.38,1.13
2013.08.14 17:01:03.684,0.9138,0.91392,1.88,1.88
2013.08.14 17:01:04.226,0.91382,0.91392,1.13,1.13
2013.08.14 17:01:04.764,0.91382,0.91393,1.13,1.13
2013.08.14 17:01:08.416,0.91382,0.91394,2.63,1.13
2013.08.14 17:01:08.655,0.91384,0.91395,1.50,1.13
2013.08.14 17:01:09.314,0.91383,0.91395,3.75,1.13
2013.08.14 17:01:09.975,0.91382,0.91394,3.75,1.13
2013.08.14 17:01:12.244,0.91383,0.91395,1.50,2.63
2013.08.14 17:01:12.784,0.91384,0.91396,1.50,1.13
2013.08.14 17:01:13.334,0.91384,0.91396,2.25,1.13
2013.08.14 17:01:13.394,0.91385,0.91397,2.25,3.38
2013.08.14 17:01:13.694,0.91385,0.91397,2.25,1.13
2013.08.14 17:01:13.994,0.91383,0.91395,1.88,1.88
2013.08.14 17:01:14.534,0.91382,0.91394,3.75,1.13
2013.08.14 17:01:15.505,0.91383,0.91395,3.00,1.88
2013.08.14 17:01:17.763,0.91384,0.91396,2.25,1.13
2013.08.14 17:01:23.039,0.91384,0.91396,2.25,1.13
2013.08.14 17:01:23.824,0.91385,0.91396,2.25,1.13
2013.08.14 17:01:28.774,0.91385,0.91396,2.25,1.13
2013.08.14 17:01:29.305,0.91385,0.91396,1.50,1.13
2013.08.14 17:01:29.833,0.91385,0.91396,1.50,1.13
2013.08.14 17:01:31.045,0.91385,0.91396,2.25,1.13
2013.08.14 17:01:31.594,0.91385,0.91396,1.50,1.13
2013.08.14 17:01:32.224,0.91385,0.91396,2.25,1.13
2013.08.14 17:01:32.764,0.91385,0.91396,2.25,1.13
2013.08.14 17:01:33.934,0.91385,0.91396,1.50,1.13
2013.08.14 17:01:34.474,0.91386,0.91397,1.50,1.88
2013.08.14 17:01:35.016,0.91385,0.91397,3.38,1.88
2013.08.14 17:01:35.904,0.91386,0.91398,2.63,2.82
2013.08.14 17:01:36.414,0.91386,0.91398,1.13,4.32
2013.08.14 17:01:38.039,0.91386,0.91398,1.88,3.19
2013.08.14 17:01:38.475,0.91389,0.91399,1.50,1.13
2013.08.14 17:01:38.534,0.91389,0.914,1.50,1.13
2013.08.14 17:01:38.714,0.91392,0.91402,1.13,1.13
2013.08.14 17:01:38.964,0.9139,0.91402,1.13,3.38
2013.08.14 17:01:39.084,0.91387,0.91398,1.69,1.50
2013.08.14 17:01:39.444,0.91386,0.91398,2.44,3.38
2013.08.14 17:01:40.165,0.91385,0.91396,1.13,1.50
2013.08.14 17:01:40.615,0.91385,0.91396,1.88,2.25
2013.08.14 17:01:40.675,0.91385,0.91395,1.13,1.50
2013.08.14 17:01:41.214,0.91385,0.91395,1.13,1.50
2013.08.14 17:01:43.184,0.91387,0.91396,1.13,1.50
2013.08.14 17:01:43.244,0.91387,0.91398,1.88,3.38
2013.08.14 17:01:43.484,0.91385,0.91397,2.63,1.13
2013.08.14 17:01:43.999,0.91384,0.91396,1.13,1.50
2013.08.14 17:01:46.854,0.91385,0.91396,1.13,1.50
2013.08.14 17:01:47.397,0.91385,0.91396,1.13,1.50
2013.08.14 17:01:49.857,0.91386,0.91396,1.13,1.50
2013.08.14 17:02:02.214,0.91384,0.91396,1.88,2.63
2013.08.14 17:02:09.144,0.91385,0.91397,1.88,3.19
2013.08.14 17:02:09.564,0.91385,0.91396,1.13,1.69
2013.08.14 17:02:10.164,0.91385,0.91396,1.13,1.69
2013.08.14 17:02:19.674,0.91385,0.91395,1.13,1.50
2013.08.14 17:02:20.224,0.91385,0.91394,1.13,1.50
2013.08.14 17:02:22.104,0.91385,0.91394,1.13,1.50
2013.08.14 17:02:22.674,0.91386,0.91395,1.13,1.69
2013.08.14 17:02:23.215,0.91386,0.91395,2.25,1.69
2013.08.14 17:02:23.396,0.91386,0.91397,3.00,1.69
2013.08.14 17:02:24.535,0.91386,0.91396,1.13,1.50
2013.08.14 17:02:25.066,0.91386,0.91395,1.13,2.25
2013.08.14 17:02:26.054,0.91386,0.91394,1.13,1.50
2013.08.14 17:02:26.174,0.91387,0.91396,1.50,1.50
2013.08.14 17:02:26.534,0.91385,0.91397,1.88,3.19
2013.08.14 17:02:27.264,0.91385,0.91393,1.13,1.50
2013.08.14 17:02:27.774,0.91385,0.91393,1.13,1.50
2013.08.14 17:02:28.319,0.91385,0.91393,1.13,1.50
2013.08.14 17:02:30.656,0.91386,0.91395,1.88,1.69
2013.08.14 17:02:31.015,0.91385,0.91396,2.63,1.69
2013.08.14 17:02:31.074,0.91385,0.91395,1.88,1.69
2013.08.14 17:02:31.585,0.91385,0.91393,1.13,1.50
2013.08.14 17:02:35.254,0.91385,0.91393,1.13,1.50
2013.08.14 17:02:35.794,0.91385,0.91393,1.13,1.50
2013.08.14 17:02:47.415,0.91384,0.91393,1.13,1.50
2013.08.14 17:03:01.874,0.91382,0.91393,1.88,1.50
2013.08.14 17:03:02.494,0.91382,0.91393,1.88,1.50
2013.08.14 17:03:11.095,0.91382,0.91393,1.88,1.50
2013.08.14 17:03:31.155,0.91383,0.91393,1.50,1.50
2013.08.14 17:03:31.279,0.91385,0.91394,1.13,1.32
2013.08.14 17:03:31.526,0.91387,0.91397,1.50,2.07
2013.08.14 17:03:31.715,0.91385,0.91397,2.63,3.19
2013.08.14 17:03:31.834,0.91385,0.91393,1.88,1.50
2013.08.14 17:03:32.375,0.91384,0.91393,1.88,1.50
2013.08.14 17:03:32.994,0.91384,0.91394,1.88,1.50
2013.08.14 17:03:33.717,0.91386,0.91394,1.13,1.50
2013.08.14 17:03:33.897,0.91386,0.91397,1.13,2.82
2013.08.14 17:03:34.206,0.91384,0.91394,1.13,1.50
2013.08.14 17:03:34.744,0.91383,0.91394,1.13,1.50
2013.08.14 17:03:37.694,0.91383,0.91394,1.88,2.25
2013.08.14 17:03:38.296,0.91384,0.91394,1.13,1.50
2013.08.14 17:03:43.715,0.91383,0.9139,1.50,1.13
2013.08.14 17:03:44.017,0.91378,0.91385,1.50,1.50
2013.08.14 17:03:44.075,0.91376,0.91383,1.50,1.50
2013.08.14 17:03:44.135,0.91373,0.91383,1.88,1.50
2013.08.14 17:03:47.154,0.91372,0.91384,1.88,1.50
2013.08.14 17:03:47.215,0.91377,0.91385,1.50,2.44
2013.08.14 17:03:47.395,0.91378,0.91388,1.88,1.32
2013.08.14 17:03:47.574,0.91379,0.9139,1.13,1.13
2013.08.14 17:03:47.755,0.91381,0.9139,1.13,1.13
2013.08.14 17:03:48.174,0.91382,0.91391,1.13,2.25
2013.08.14 17:03:48.355,0.91388,0.91397,1.13,1.50
2013.08.14 17:03:48.895,0.91387,0.91398,1.88,1.50
2013.08.14 17:03:51.634,0.91387,0.91397,1.13,1.50
2013.08.14 17:03:54.454,0.91388,0.91397,1.13,1.50
2013.08.14 17:04:06.216,0.91387,0.91397,1.13,1.50
2013.08.14 17:04:06.994,0.91388,0.91398,1.13,1.69
2013.08.14 17:04:15.324,0.91388,0.91397,1.50,1.69
2013.08.14 17:04:18.924,0.91388,0.91398,1.88,2.44
2013.08.14 17:04:19.644,0.91388,0.91398,1.13,2.44
2013.08.14 17:04:20.065,0.91383,0.91394,1.13,1.50
2013.08.14 17:04:20.604,0.91382,0.91393,3.38,1.50
2013.08.14 17:04:21.115,0.91382,0.91393,3.38,1.50
2013.08.14 17:04:21.604,0.91382,0.91393,3.38,1.50
2013.08.14 17:04:22.034,0.91382,0.91393,3.38,1.50
2013.08.14 17:04:22.774,0.91382,0.91393,3.38,1.50
2013.08.14 17:04:52.204,0.91382,0.91393,2.63,1.50
2013.08.14 17:05:20.316,0.91383,0.91395,1.13,1.32
2013.08.14 17:05:36.324,0.91383,0.91396,1.13,2.63
2013.08.14 17:05:55.584,0.91382,0.91395,1.88,1.88
2013.08.14 17:06:01.930,0.91382,0.91396,1.88,1.88
2013.08.14 17:06:02.434,0.91383,0.91395,1.13,1.13
2013.08.14 17:06:02.564,0.91383,0.91394,1.13,1.50
2013.08.14 17:06:03.104,0.91385,0.91394,1.13,1.50
2013.08.14 17:06:16.875,0.91386,0.91393,1.13,1.50
2013.08.14 17:06:17.057,0.91383,0.91393,1.88,1.50
2013.08.14 17:06:17.595,0.91382,0.91393,2.63,1.50
2013.08.14 17:06:18.144,0.91382,0.91393,2.63,1.50
2013.08.14 17:06:26.315,0.91384,0.91395,1.13,1.88
2013.08.14 17:06:26.375,0.91386,0.91395,1.13,1.88
2013.08.14 17:06:26.435,0.91386,0.91395,1.13,2.63
2013.08.14 17:06:26.555,0.91386,0.91396,1.13,1.88
2013.08.14 17:06:26.736,0.91385,0.91394,1.13,1.50
2013.08.14 17:06:26.855,0.91386,0.91393,1.50,1.50
2013.08.14 17:06:27.765,0.91382,0.91393,3.57,1.50
2013.08.14 17:06:28.285,0.91382,0.91393,3.57,1.50
2013.08.14 17:06:33.885,0.91386,0.91394,1.13,1.13
2013.08.14 17:06:33.944,0.91386,0.91394,1.13,1.13
2013.08.14 17:06:34.065,0.91386,0.91397,1.13,1.13
2013.08.14 17:06:34.124,0.91386,0.91397,1.13,1.13
2013.08.14 17:06:34.247,0.91386,0.91393,1.13,1.50
2013.08.14 17:06:34.544,0.91383,0.91393,2.44,1.50
2013.08.14 17:06:48.645,0.91383,0.91393,1.13,1.50
2013.08.14 17:06:54.336,0.91382,0.91393,2.63,1.50
2013.08.14 17:06:54.875,0.91383,0.91393,1.13,1.50
2013.08.14 17:07:04.072,0.91383,0.91393,1.13,1.50
2013.08.14 17:07:05.794,0.91383,0.91393,1.13,1.50
2013.08.14 17:07:13.135,0.91383,0.91393,1.13,1.50
2013.08.14 17:07:13.663,0.91383,0.91393,1.13,1.50
2013.08.14 17:07:14.325,0.91384,0.91393,1.13,1.50
2013.08.14 17:07:15.645,0.91384,0.91393,1.13,1.50
2013.08.14 17:07:21.594,0.91382,0.91393,1.88,1.50
2013.08.14 17:07:27.155,0.91381,0.91393,3.75,1.50
2013.08.14 17:07:28.034,0.91381,0.91393,2.25,1.88
2013.08.14 17:07:28.575,0.91382,0.91393,1.50,1.88
2013.08.14 17:07:31.125,0.91382,0.91393,1.88,1.50
2013.08.14 17:07:39.256,0.91382,0.91393,1.13,1.50
2013.08.14 17:07:50.185,0.91381,0.91393,1.50,2.63
2013.08.14 17:07:58.735,0.9138,0.91392,3.75,1.88
2013.08.14 17:07:59.036,0.9138,0.91387,1.50,1.32
2013.08.14 17:07:59.217,0.91377,0.91383,1.13,1.50
2013.08.14 17:07:59.275,0.91375,0.91383,1.13,1.50
2013.08.14 17:07:59.825,0.91375,0.91383,1.13,1.50
2013.08.14 17:08:00.336,0.91373,0.91383,1.88,1.50
2013.08.14 17:08:00.935,0.91373,0.91383,1.88,1.50
2013.08.14 17:08:05.085,0.91373,0.91383,1.88,1.50
2013.08.14 17:08:40.115,0.91373,0.91384,2.63,2.25
2013.08.14 17:08:40.877,0.91373,0.91383,1.88,1.50
2013.08.14 17:08:46.365,0.91375,0.91383,1.13,1.50
2013.08.14 17:08:47.665,0.91374,0.91382,1.13,1.13
2013.08.14 17:08:50.825,0.91373,0.91382,1.13,1.13
2013.08.14 17:08:56.885,0.9137,0.91382,4.13,3.00
2013.08.14 17:08:57.395,0.91369,0.91378,1.88,1.50
2013.08.14 17:08:57.935,0.91369,0.91378,1.88,1.50
2013.08.14 17:08:59.536,0.91369,0.91379,2.63,1.50
2013.08.14 17:08:59.775,0.91369,0.91381,2.63,3.19
2013.08.14 17:09:05.814,0.9137,0.91382,2.63,4.13
2013.08.14 17:09:05.875,0.9137,0.91382,2.63,4.13
2013.08.14 17:09:08.525,0.91371,0.91382,1.13,3.38
2013.08.14 17:09:09.072,0.91371,0.91382,1.13,3.38
2013.08.14 17:09:09.594,0.91371,0.91382,1.13,3.38
2013.08.14 17:09:19.247,0.91371,0.91382,1.13,3.38
2013.08.14 17:09:20.549,0.91371,0.91382,1.13,3.57
2013.08.14 17:09:21.265,0.91371,0.91382,1.13,3.57
2013.08.14 17:09:29.518,0.91372,0.91382,1.88,2.82
2013.08.14 17:09:50.564,0.91371,0.91382,1.88,3.94
2013.08.14 17:09:56.645,0.91371,0.91382,1.88,3.19
2013.08.14 17:09:59.314,0.91371,0.91382,1.88,2.07
2013.08.14 17:09:59.965,0.91373,0.91382,1.13,2.07
2013.08.14 17:10:00.085,0.91374,0.91383,3.38,3.19
2013.08.14 17:10:00.146,0.91378,0.91383,1.13,1.88
2013.08.14 17:10:00.445,0.91378,0.91387,1.50,3.00
2013.08.14 17:10:00.565,0.91378,0.91388,1.50,2.07
2013.08.14 17:10:01.226,0.91379,0.91389,1.50,1.69
2013.08.14 17:10:01.345,0.9138,0.91391,2.63,1.69
2013.08.14 17:10:01.585,0.91383,0.91392,1.13,1.13
2013.08.14 17:10:02.097,0.91383,0.91395,2.63,1.69
2013.08.14 17:10:04.189,0.91383,0.91396,3.38,3.19
2013.08.14 17:10:06.127,0.91385,0.91396,1.13,3.19
2013.08.14 17:10:06.187,0.91385,0.91396,1.13,2.44
2013.08.14 17:10:06.365,0.91386,0.91396,2.25,1.69
2013.08.14 17:10:06.425,0.91384,0.91396,1.88,2.44
2013.08.14 17:10:06.549,0.91385,0.91395,2.63,1.50
2013.08.14 17:10:06.617,0.91384,0.91395,1.13,1.50
2013.08.14 17:10:07.127,0.91384,0.91396,1.88,2.44
2013.08.14 17:10:08.595,0.91384,0.91396,1.13,3.19
2013.08.14 17:10:09.206,0.91384,0.91396,1.13,3.57
2013.08.14 17:10:18.176,0.91384,0.91396,1.88,2.82
2013.08.14 17:10:18.896,0.91384,0.91396,2.63,2.82
2013.08.14 17:10:20.085,0.91384,0.91396,1.88,3.57
2013.08.14 17:10:20.206,0.91384,0.91395,1.13,1.50
2013.08.14 17:10:26.235,0.91384,0.91396,1.88,1.88
2013.08.14 17:10:29.995,0.91384,0.91396,1.13,3.57
2013.08.14 17:10:30.490,0.91383,0.91393,1.13,1.69
2013.08.14 17:10:30.974,0.91382,0.9139,1.50,1.69
2013.08.14 17:10:31.052,0.91377,0.91387,1.50,1.69
2013.08.14 17:10:31.119,0.91377,0.91386,1.50,1.50
2013.08.14 17:10:31.366,0.91374,0.91386,1.13,1.50
2013.08.14 17:10:35.967,0.91376,0.91387,1.88,3.57
2013.08.14 17:10:36.325,0.91376,0.91387,2.63,2.07
2013.08.14 17:10:40.655,0.91377,0.91387,1.13,1.32
2013.08.14 17:10:42.045,0.91376,0.91387,1.88,1.13
2013.08.14 17:10:42.585,0.91378,0.91388,1.13,2.07
2013.08.14 17:10:43.125,0.91379,0.91389,1.50,2.44
2013.08.14 17:10:43.545,0.91377,0.91387,1.13,1.13
2013.08.14 17:10:45.035,0.91377,0.91387,1.13,2.63
2013.08.14 17:10:46.575,0.91375,0.91386,1.88,1.50
2013.08.14 17:10:47.135,0.91374,0.91386,1.88,2.25
2013.08.14 17:10:48.075,0.91374,0.91386,1.88,1.50
2013.08.14 17:10:48.885,0.91374,0.91386,1.88,1.88
2013.08.14 17:10:49.165,0.91374,0.91386,1.88,1.13
2013.08.14 17:10:49.705,0.91376,0.91386,1.50,1.88
2013.08.14 17:10:58.598,0.91376,0.91386,1.50,1.32
2013.08.14 17:11:03.125,0.91376,0.91386,1.50,2.07
2013.08.14 17:11:04.555,0.91376,0.91386,1.50,1.32
2013.08.14 17:11:11.965,0.91376,0.91385,1.50,1.50
2013.08.14 17:11:27.777,0.91376,0.91383,1.50,1.50
2013.08.14 17:11:28.137,0.9137,0.9138,1.50,1.13
2013.08.14 17:11:28.256,0.91369,0.9138,1.50,2.82
2013.08.14 17:11:28.918,0.91368,0.9138,2.25,5.07
2013.08.14 17:11:29.355,0.91368,0.9138,3.00,2.82
2013.08.14 17:11:29.416,0.91368,0.91379,3.00,1.32
2013.08.14 17:11:29.791,0.91368,0.9138,3.38,2.82
2013.08.14 17:11:31.111,0.91368,0.91379,2.25,1.32
2013.08.14 17:11:38.815,0.91369,0.91379,2.25,1.13
2013.08.14 17:11:38.995,0.9137,0.91381,1.50,1.32
2013.08.14 17:11:39.175,0.91371,0.91381,1.50,1.32
2013.08.14 17:11:39.535,0.91371,0.91382,1.50,1.32
2013.08.14 17:11:40.080,0.91372,0.91383,1.88,1.69
2013.08.14 17:11:40.625,0.91371,0.91382,1.88,2.63
2013.08.14 17:11:46.225,0.91371,0.91382,1.88,3.94
2013.08.14 17:11:46.806,0.91371,0.91381,1.88,2.25
2013.08.14 17:11:52.085,0.9137,0.9138,1.88,1.69
2013.08.14 17:11:52.695,0.91369,0.9138,3.38,1.69
2013.08.14 17:11:54.295,0.91369,0.91379,3.38,1.50
2013.08.14 17:11:54.776,0.91369,0.91378,1.50,1.88
2013.08.14 17:11:55.195,0.91365,0.91377,3.00,2.44
2013.08.14 17:11:55.735,0.91365,0.91375,1.50,1.13
2013.08.14 17:11:59.285,0.91365,0.91375,1.50,3.38
2013.08.14 17:11:59.826,0.91365,0.91375,1.50,2.63
2013.08.14 17:12:03.175,0.91365,0.91375,1.50,1.88
2013.08.14 17:12:04.295,0.91365,0.91375,1.50,1.88
2013.08.14 17:12:10.515,0.91365,0.91376,1.88,1.69
2013.08.14 17:12:25.656,0.91368,0.91378,1.50,2.07
2013.08.14 17:12:26.015,0.9137,0.9138,1.50,2.07
2013.08.14 17:12:28.145,0.91369,0.91379,1.50,1.69
2013.08.14 17:12:28.385,0.91366,0.91379,2.63,4.13
2013.08.14 17:12:30.667,0.91366,0.91377,1.50,2.44
2013.08.14 17:12:42.225,0.91366,0.91377,1.50,1.69
2013.08.14 17:12:42.526,0.91369,0.91379,1.13,3.19
2013.08.14 17:12:42.766,0.91372,0.91382,1.88,1.88
2013.08.14 17:12:48.235,0.91372,0.91381,1.88,2.44
2013.08.14 17:12:48.356,0.9137,0.9138,1.50,1.50
2013.08.14 17:12:48.416,0.91369,0.91379,2.25,1.13
2013.08.14 17:12:48.476,0.91369,0.91379,1.50,2.63
2013.08.14 17:12:49.796,0.91369,0.91379,2.25,1.69
2013.08.14 17:12:49.916,0.91371,0.9138,1.13,1.50
2013.08.14 17:12:50.096,0.91371,0.91383,2.25,2.07
2013.08.14 17:12:50.455,0.91372,0.91384,2.25,1.88
2013.08.14 17:12:50.976,0.91373,0.91385,1.50,1.88
2013.08.14 17:12:51.397,0.91373,0.91385,2.25,1.88
2013.08.14 17:12:55.056,0.91374,0.91385,1.50,2.63
2013.08.14 17:13:06.177,0.91374,0.91385,1.50,1.88
2013.08.14 17:13:06.718,0.91374,0.91385,1.50,2.63
2013.08.14 17:13:08.879,0.91374,0.91385,1.50,1.88
2013.08.14 17:13:10.568,0.91374,0.91385,2.25,1.13
2013.08.14 17:13:19.279,0.91374,0.9138,1.50,1.88
2013.08.14 17:13:19.638,0.91373,0.91378,1.50,1.69
2013.08.14 17:13:19.878,0.91368,0.91377,1.50,1.13
2013.08.14 17:13:20.117,0.91366,0.91377,2.63,1.88
2013.08.14 17:13:20.656,0.91366,0.91377,1.50,2.25
2013.08.14 17:13:21.257,0.91366,0.91377,2.25,1.50
2013.08.14 17:13:21.861,0.91367,0.91378,1.13,2.82
2013.08.14 17:13:22.647,0.91367,0.91378,1.13,2.07
2013.08.14 17:13:23.587,0.91367,0.91378,1.88,2.07
2013.08.14 17:13:24.195,0.91367,0.91378,1.13,2.07
2013.08.14 17:13:25.328,0.91367,0.91378,2.63,1.32
2013.08.14 17:13:25.627,0.91369,0.91382,3.00,5.07
2013.08.14 17:13:25.867,0.9137,0.91382,1.88,3.38
2013.08.14 17:13:25.987,0.91371,0.91383,1.88,1.32
2013.08.14 17:13:36.200,0.91371,0.9138,2.63,1.13
2013.08.14 17:13:36.558,0.91368,0.91376,1.50,1.69
2013.08.14 17:13:36.678,0.91365,0.91376,1.88,1.69
2013.08.14 17:13:36.977,0.91363,0.91375,2.63,1.88
2013.08.14 17:13:37.478,0.91363,0.91375,1.88,1.88
2013.08.14 17:13:39.787,0.91363,0.91375,1.88,2.63
2013.08.14 17:13:43.887,0.91363,0.91375,1.88,2.44
2013.08.14 17:13:44.605,0.91363,0.91375,1.88,3.19
2013.08.14 17:13:47.147,0.91363,0.91375,3.00,3.19
2013.08.14 17:13:47.207,0.91366,0.91376,1.13,1.50
2013.08.14 17:13:47.330,0.91366,0.91377,1.88,1.13
2013.08.14 17:13:47.447,0.91368,0.91379,1.50,2.07
2013.08.14 17:13:47.866,0.91369,0.91381,2.63,1.50
2013.08.14 17:13:48.407,0.91369,0.91381,2.63,1.88
2013.08.14 17:13:49.897,0.91369,0.91381,2.63,2.63
2013.08.14 17:13:49.963,0.91369,0.91381,2.63,2.63
2013.08.14 17:13:50.298,0.91369,0.91379,1.50,1.88
2013.08.14 17:13:50.657,0.91366,0.91376,1.88,1.13
2013.08.14 17:13:50.717,0.91366,0.91376,1.50,1.13
2013.08.14 17:13:50.777,0.91366,0.91375,1.50,1.50
2013.08.14 17:13:50.837,0.91363,0.91375,1.13,1.88
2013.08.14 17:13:51.507,0.91363,0.91375,1.88,1.88
2013.08.14 17:13:52.047,0.91363,0.91374,1.13,1.50
2013.08.14 17:13:52.639,0.91363,0.91375,1.88,2.63
2013.08.14 17:13:54.019,0.91363,0.91375,1.88,3.38
2013.08.14 17:13:58.877,0.91363,0.91375,2.25,4.32
2013.08.14 17:13:59.057,0.91366,0.91377,1.13,2.63
2013.08.14 17:13:59.297,0.91364,0.91375,1.13,2.44
2013.08.14 17:14:00.209,0.91364,0.91375,1.13,2.44
2013.08.14 17:14:03.137,0.91363,0.91374,1.88,1.50
2013.08.14 17:14:03.890,0.91366,0.91375,1.13,2.82
2013.08.14 17:14:04.008,0.91366,0.91377,1.50,2.44
2013.08.14 17:14:04.393,0.91364,0.91374,1.88,1.50
2013.08.14 17:14:04.817,0.91363,0.9137,1.50,1.13
2013.08.14 17:14:05.177,0.91356,0.91368,1.88,2.82
2013.08.14 17:14:05.477,0.91354,0.91366,1.88,2.82
2013.08.14 17:14:05.657,0.91353,0.91366,1.88,3.57
2013.08.14 17:14:06.197,0.91353,0.91365,2.63,1.32
2013.08.14 17:14:08.608,0.91353,0.91365,2.25,2.07
2013.08.14 17:14:09.217,0.91353,0.91365,2.25,1.69
2013.08.14 17:14:10.337,0.91353,0.91365,3.00,2.82
2013.08.14 17:14:11.887,0.91353,0.91365,2.63,1.69
2013.08.14 17:14:33.607,0.91355,0.91367,2.25,2.25
2013.08.14 17:14:33.667,0.91356,0.91367,1.88,1.88
2013.08.14 17:14:33.967,0.91358,0.91368,1.50,1.50
2013.08.14 17:14:34.387,0.91359,0.91371,1.50,1.50
2013.08.14 17:14:35.280,0.91359,0.91371,1.50,1.50
2013.08.14 17:14:35.398,0.91361,0.91372,1.50,3.00
2013.08.14 17:14:35.757,0.91362,0.91373,1.50,1.50
2013.08.14 17:14:36.117,0.91362,0.91375,2.25,2.63
2013.08.14 17:14:42.787,0.91362,0.91374,3.75,2.25
2013.08.14 17:14:43.439,0.91362,0.91374,3.75,1.50
2013.08.14 17:14:45.527,0.91362,0.91374,3.75,2.25
2013.08.14 17:14:46.047,0.91362,0.91374,2.25,3.00
2013.08.14 17:14:46.347,0.91357,0.91368,1.50,1.50
2013.08.14 17:14:46.587,0.91356,0.91366,2.25,2.25
2013.08.14 17:14:46.947,0.91353,0.91366,2.25,2.63
2013.08.14 17:14:50.757,0.91353,0.91365,3.38,1.50
2013.08.14 17:14:52.327,0.91353,0.91365,4.13,1.50
2013.08.14 17:14:52.830,0.91353,0.91365,4.13,1.50
2013.08.14 17:14:53.377,0.91353,0.91365,3.38,1.50
2013.08.14 17:14:57.238,0.91353,0.91366,3.38,3.00
2013.08.14 17:15:02.137,0.91354,0.91366,1.50,2.25
2013.08.14 17:15:02.272,0.91354,0.91366,1.13,2.25
2013.08.14 17:15:02.339,0.91354,0.91366,1.88,2.25
2013.08.14 17:15:03.807,0.91353,0.91366,4.13,2.25
2013.08.14 17:15:05.977,0.91353,0.91366,4.13,1.50
2013.08.14 17:15:07.497,0.91354,0.91366,1.50,1.50
2013.08.14 17:15:10.767,0.91354,0.91367,1.50,4.50
2013.08.14 17:15:11.307,0.91355,0.91368,1.88,2.07
2013.08.14 17:15:11.857,0.91356,0.91368,1.50,1.32
2013.08.14 17:15:11.977,0.91358,0.9137,1.50,2.82
2013.08.14 17:15:12.528,0.91358,0.9137,1.50,1.88
2013.08.14 17:15:14.027,0.91359,0.91371,2.25,1.50
2013.08.14 17:15:14.087,0.9136,0.91372,3.00,1.50
2013.08.14 17:15:14.328,0.91362,0.91374,2.25,1.50
2013.08.14 17:15:14.867,0.91362,0.91374,1.50,2.25
2013.08.14 17:15:15.418,0.91362,0.91375,2.25,2.63
2013.08.14 17:15:18.037,0.91362,0.91374,3.75,1.50
2013.08.14 17:15:18.577,0.91363,0.91375,1.50,2.63
2013.08.14 17:15:23.517,0.91362,0.91375,3.75,3.38
2013.08.14 17:15:24.620,0.91362,0.91375,3.00,3.38
2013.08.14 17:15:25.157,0.91362,0.91373,2.25,1.88
2013.08.14 17:15:25.717,0.91362,0.91373,2.25,1.88
2013.08.14 17:15:27.431,0.91359,0.91369,2.25,1.13
2013.08.14 17:15:27.788,0.91356,0.91367,3.00,1.13
2013.08.14 17:15:28.207,0.91354,0.91367,2.63,1.88
2013.08.14 17:15:28.867,0.91355,0.91367,1.13,1.88
2013.08.14 17:15:29.409,0.91356,0.91368,3.38,1.13
2013.08.14 17:15:36.647,0.91356,0.91367,2.25,1.13
2013.08.14 17:15:37.158,0.91359,0.91369,1.50,2.25
2013.08.14 17:15:37.337,0.91359,0.91371,2.63,1.50
2013.08.14 17:15:37.397,0.91359,0.91371,2.63,3.00
2013.08.14 17:15:37.697,0.91359,0.91371,2.63,1.50
2013.08.14 17:15:38.247,0.91359,0.91371,2.63,1.50
2013.08.14 17:15:39.300,0.91358,0.9137,2.63,2.25
2013.08.14 17:15:39.657,0.91357,0.91369,1.50,3.75
2013.08.14 17:15:39.777,0.91356,0.91367,1.50,2.63
2013.08.14 17:15:39.898,0.91354,0.91367,1.32,2.63
2013.08.14 17:15:42.307,0.91354,0.91367,1.50,3.00
2013.08.14 17:15:43.287,0.91353,0.91366,3.38,1.50
2013.08.14 17:15:43.848,0.91353,0.91365,3.38,1.50
2013.08.14 17:15:46.169,0.91354,0.91365,1.50,1.50
2013.08.14 17:15:47.847,0.91353,0.91365,3.38,1.50
2013.08.14 17:15:52.998,0.91354,0.91366,1.88,2.25
2013.08.14 17:15:54.767,0.91354,0.91366,1.88,3.00
2013.08.14 17:15:57.187,0.91354,0.91366,1.88,2.25
2013.08.14 17:15:58.887,0.91354,0.91366,1.88,2.44
2013.08.14 17:15:59.067,0.91353,0.91364,1.50,1.13
2013.08.14 17:15:59.427,0.91348,0.9136,2.44,1.13
2013.08.14 17:15:59.728,0.91349,0.91361,1.13,3.38
2013.08.14 17:16:00.258,0.91351,0.91361,1.13,2.25
2013.08.14 17:16:00.817,0.91351,0.91362,1.88,1.50
2013.08.14 17:16:01.328,0.91351,0.91362,1.88,1.50
2013.08.14 17:16:05.997,0.91352,0.91364,2.25,2.63
2013.08.14 17:16:06.537,0.91352,0.91363,2.25,1.13
2013.08.14 17:16:07.047,0.91352,0.91364,3.00,2.63
2013.08.14 17:16:14.017,0.91352,0.91364,4.50,1.50
2013.08.14 17:16:20.997,0.91353,0.91365,1.50,1.88
2013.08.14 17:16:21.568,0.91353,0.91366,3.00,1.88
2013.08.14 17:16:27.750,0.91352,0.91365,3.75,2.63
2013.08.14 17:16:28.053,0.91352,0.91361,1.50,1.13
2013.08.14 17:16:28.297,0.91348,0.91358,1.50,1.50
2013.08.14 17:16:28.538,0.91346,0.91357,2.25,1.13
2013.08.14 17:16:28.658,0.91343,0.91357,3.57,3.00
2013.08.14 17:16:29.034,0.91345,0.91356,1.50,1.50
2013.08.14 17:16:29.578,0.91346,0.91356,2.25,1.50
2013.08.14 17:16:29.890,0.91342,0.91354,1.39,1.88
2013.08.14 17:16:29.948,0.91343,0.91355,1.58,1.50
2013.08.14 17:16:30.307,0.91342,0.91352,1.77,1.13
2013.08.14 17:16:30.487,0.91343,0.91355,1.50,2.63
2013.08.14 17:16:31.018,0.91343,0.91356,2.25,2.63
2013.08.14 17:16:31.577,0.91344,0.91356,2.63,1.50
2013.08.14 17:16:31.637,0.91344,0.91357,1.88,3.57
2013.08.14 17:16:31.998,0.91345,0.91357,1.88,1.32
2013.08.14 17:16:35.077,0.91346,0.91358,3.38,1.88
2013.08.14 17:16:35.688,0.91347,0.91357,1.50,1.13
2013.08.14 17:16:36.048,0.91338,0.91346,1.50,1.13
2013.08.14 17:16:36.170,0.91333,0.91344,1.88,1.13
2013.08.14 17:16:36.749,0.91333,0.91342,1.13,1.13
2013.08.14 17:16:37.260,0.91331,0.91342,2.07,1.13
2013.08.14 17:16:37.497,0.91331,0.91342,1.88,1.13
2013.08.14 17:16:38.457,0.91332,0.91344,1.13,2.63
2013.08.14 17:16:38.697,0.91333,0.91345,1.13,1.88
2013.08.14 17:16:39.229,0.91333,0.91345,1.88,1.88
2013.08.14 17:16:39.299,0.91333,0.91345,1.88,1.88
2013.08.14 17:16:39.837,0.91332,0.91342,1.13,1.13
2013.08.14 17:16:40.400,0.91331,0.91342,2.63,1.13
2013.08.14 17:16:41.577,0.91332,0.91342,1.13,1.13
2013.08.14 17:16:53.917,0.91331,0.91342,2.63,1.13
2013.08.14 17:16:59.360,0.91332,0.91342,1.13,1.13
2013.08.14 17:16:59.869,0.91332,0.91342,1.13,1.13
2013.08.14 17:17:01.682,0.91332,0.91342,1.13,1.13
2013.08.14 17:17:20.177,0.91332,0.91342,1.13,2.25
2013.08.14 17:17:35.789,0.9133,0.91341,3.38,1.13
2013.08.14 17:17:36.375,0.91331,0.91341,1.13,1.13
2013.08.14 17:17:37.461,0.9133,0.9134,1.88,1.50
2013.08.14 17:17:37.698,0.91329,0.91339,1.13,3.00
2013.08.14 17:17:37.759,0.91326,0.91337,1.50,1.50
2013.08.14 17:17:37.999,0.91325,0.91336,2.82,2.25
2013.08.14 17:17:38.358,0.91325,0.91333,2.07,1.50
2013.08.14 17:17:38.728,0.91325,0.91335,1.69,3.75
2013.08.14 17:17:39.499,0.91325,0.91336,1.69,2.63
2013.08.14 17:17:50.389,0.91326,0.91336,2.25,2.63
2013.08.14 17:17:56.267,0.91325,0.91336,1.69,1.88
2013.08.14 17:18:00.109,0.91327,0.91336,1.20,1.88
2013.08.14 17:18:00.468,0.9133,0.91337,2.63,1.50
2013.08.14 17:18:00.527,0.91331,0.9134,1.13,1.50
2013.08.14 17:18:00.648,0.91331,0.91342,1.13,3.00
2013.08.14 17:18:01.179,0.9133,0.91342,3.00,3.38
2013.08.14 17:18:02.308,0.91331,0.91342,1.13,2.25
2013.08.14 17:18:04.582,0.91331,0.91342,1.88,1.50
2013.08.14 17:18:08.527,0.91331,0.91342,1.88,2.25
2013.08.14 17:18:11.058,0.9133,0.91341,4.13,1.13
2013.08.14 17:18:12.918,0.91331,0.91342,1.13,3.00
2013.08.14 17:18:13.484,0.91331,0.91341,1.13,1.13
2013.08.14 17:18:14.136,0.91331,0.91342,1.88,2.25
2013.08.14 17:18:14.648,0.91332,0.91342,1.13,2.25
2013.08.14 17:18:24.558,0.91332,0.91342,1.13,2.25
2013.08.14 17:18:26.367,0.91332,0.91342,1.32,1.50
2013.08.14 17:18:26.728,0.91334,0.91347,2.07,3.00
2013.08.14 17:18:27.587,0.91335,0.91347,1.13,3.75
2013.08.14 17:18:32.437,0.91335,0.91346,1.13,1.50
2013.08.14 17:18:33.007,0.91334,0.91346,2.07,1.50
2013.08.14 17:18:38.682,0.91334,0.91347,2.82,3.75
2013.08.14 17:18:38.749,0.91337,0.91347,1.20,3.75
2013.08.14 17:18:39.110,0.9134,0.91349,5.07,1.50
2013.08.14 17:18:39.349,0.91343,0.91353,1.69,3.00
2013.08.14 17:18:40.007,0.91343,0.91354,2.07,1.50
2013.08.14 17:18:42.091,0.91343,0.91356,3.57,1.88
2013.08.14 17:19:00.157,0.91344,0.91355,2.25,2.63
2013.08.14 17:19:01.008,0.91345,0.91355,1.50,1.88
2013.08.14 17:19:01.887,0.91346,0.91356,2.40,1.88
2013.08.14 17:19:01.948,0.91349,0.91357,1.50,1.88
2013.08.14 17:19:02.068,0.91351,0.9136,1.13,1.13
2013.08.14 17:19:02.248,0.91353,0.91363,1.13,1.50
2013.08.14 17:19:02.308,0.91353,0.91365,4.32,1.13
2013.08.14 17:19:12.197,0.91353,0.91365,5.07,1.88
2013.08.14 17:19:22.407,0.91355,0.91366,1.69,1.13
2013.08.14 17:19:25.667,0.91355,0.91365,1.69,1.88
2013.08.14 17:19:25.790,0.91353,0.91362,1.88,1.13
2013.08.14 17:19:26.857,0.91353,0.91362,1.88,1.13
2013.08.14 17:19:26.978,0.91353,0.91365,1.88,1.88
2013.08.14 17:19:27.039,0.91355,0.91365,1.50,1.13
2013.08.14 17:19:27.099,0.91355,0.91366,1.50,1.13
2013.08.14 17:19:27.735,0.91355,0.91366,1.50,1.13
2013.08.14 17:19:38.327,0.91356,0.91366,1.50,1.13
2013.08.14 17:19:38.447,0.91358,0.91367,1.50,1.13
2013.08.14 17:19:38.689,0.91362,0.9137,2.25,1.13
2013.08.14 17:19:38.928,0.91364,0.91373,1.50,1.50
2013.08.14 17:19:38.988,0.91364,0.91375,1.50,1.13
2013.08.14 17:19:39.048,0.91366,0.91375,1.50,1.13
2013.08.14 17:19:39.768,0.91366,0.91375,1.50,1.13
2013.08.14 17:19:50.147,0.91366,0.91376,2.25,1.13
2013.08.14 17:19:54.328,0.91367,0.91377,1.50,1.13
2013.08.14 17:19:54.639,0.91373,0.91381,1.50,1.13
2013.08.14 17:19:54.972,0.91374,0.91383,1.50,1.50
2013.08.14 17:19:58.667,0.91374,0.91385,2.25,1.13
2013.08.14 17:19:59.218,0.91374,0.91385,1.69,1.88
2013.08.14 17:19:59.458,0.9137,0.91381,3.38,1.13
2013.08.14 17:19:59.518,0.9137,0.91379,2.63,1.13
2013.08.14 17:19:59.878,0.91368,0.91379,1.50,3.00
2013.08.14 17:20:02.718,0.91367,0.91377,1.50,1.88
2013.08.14 17:20:04.387,0.91366,0.91377,1.69,1.88
2013.08.14 17:20:05.206,0.91367,0.91377,1.50,1.88
2013.08.14 17:20:05.747,0.91367,0.91377,1.50,1.88
2013.08.14 17:20:07.488,0.91366,0.91377,2.25,1.88
2013.08.14 17:20:08.027,0.91366,0.91377,1.50,2.63
2013.08.14 17:20:08.661,0.91366,0.91377,1.50,2.63
2013.08.14 17:20:09.199,0.91366,0.91377,3.00,1.88
2013.08.14 17:20:12.068,0.91366,0.91377,2.44,1.13
2013.08.14 17:20:12.579,0.91369,0.91379,1.50,2.63
2013.08.14 17:20:14.198,0.91369,0.91379,1.50,2.25
2013.08.14 17:20:14.883,0.91369,0.91379,2.25,1.50
2013.08.14 17:20:15.199,0.91372,0.91384,3.19,2.63
2013.08.14 17:20:15.557,0.91375,0.91387,2.25,2.63
2013.08.14 17:20:16.217,0.91375,0.91387,2.25,1.88
2013.08.14 17:20:16.718,0.91375,0.91387,1.50,1.88
2013.08.14 17:20:17.267,0.91375,0.91387,2.25,1.88
2013.08.14 17:20:38.317,0.91379,0.91388,1.50,1.13
2013.08.14 17:20:38.438,0.9138,0.91389,1.50,1.50
2013.08.14 17:20:38.617,0.91381,0.91391,1.50,1.88
2013.08.14 17:20:39.159,0.91381,0.91391,1.50,1.13
2013.08.14 17:20:39.538,0.91381,0.91391,1.50,1.13
2013.08.14 17:20:42.337,0.91381,0.91392,3.38,1.88
2013.08.14 17:20:43.428,0.91381,0.9139,2.25,1.13
2013.08.14 17:20:43.488,0.9138,0.91388,1.50,1.50
2013.08.14 17:20:43.548,0.91377,0.91386,3.00,1.13
2013.08.14 17:20:44.099,0.91375,0.91387,3.75,2.63
2013.08.14 17:20:45.477,0.91375,0.91386,3.75,1.13
2013.08.14 17:20:49.717,0.91375,0.91387,5.25,3.38
2013.08.14 17:20:50.448,0.91377,0.91386,1.50,1.13
2013.08.14 17:20:59.188,0.91375,0.91386,1.69,1.13
2013.08.14 17:21:02.198,0.91375,0.91385,1.69,1.13
2013.08.14 17:21:03.619,0.91375,0.91387,2.44,3.38
2013.08.14 17:21:04.159,0.91376,0.91385,1.50,1.13
2013.08.14 17:21:06.348,0.91374,0.91384,3.00,1.50
2013.08.14 17:21:06.708,0.9137,0.91378,1.50,1.13
2013.08.14 17:21:07.068,0.91367,0.91376,1.50,1.13
2013.08.14 17:21:07.437,0.91364,0.91376,2.07,1.13
2013.08.14 17:21:08.310,0.91364,0.91376,1.69,1.88
2013.08.14 17:21:08.848,0.91364,0.91374,1.69,1.13
2013.08.14 17:21:09.888,0.91364,0.91376,2.44,1.13
2013.08.14 17:21:10.688,0.91364,0.91376,2.44,1.13
2013.08.14 17:21:14.290,0.91365,0.91377,2.07,2.63
2013.08.14 17:21:15.197,0.91365,0.91377,2.07,2.63
2013.08.14 17:21:16.258,0.91365,0.91377,1.32,2.63
2013.08.14 17:21:16.820,0.91364,0.91376,2.82,1.13
2013.08.14 17:21:17.758,0.91364,0.91376,2.25,1.13
2013.08.14 17:21:19.708,0.91364,0.91375,1.50,1.13
2013.08.14 17:21:20.797,0.91364,0.91374,1.50,1.13
2013.08.14 17:21:21.358,0.91364,0.91375,1.50,1.13
2013.08.14 17:21:23.107,0.91364,0.91376,2.25,1.88
2013.08.14 17:21:25.787,0.91364,0.91375,2.25,1.13
2013.08.14 17:21:25.847,0.91365,0.91376,2.25,1.13
2013.08.14 17:21:26.388,0.91364,0.91376,2.25,1.13
2013.08.14 17:21:28.231,0.91364,0.91376,1.69,1.88
2013.08.14 17:21:39.608,0.91363,0.91375,3.57,1.13
2013.08.14 17:21:42.128,0.91363,0.91375,2.82,1.13
2013.08.14 17:21:42.667,0.91363,0.91375,2.44,1.13
2013.08.14 17:21:48.423,0.91363,0.91375,2.82,1.13
2013.08.14 17:22:04.278,0.91364,0.91377,2.82,2.63
2013.08.14 17:22:04.817,0.91365,0.91377,1.13,1.13
2013.08.14 17:22:06.048,0.91365,0.91377,1.88,1.88
2013.08.14 17:22:17.248,0.91365,0.91377,2.82,1.13
2013.08.14 17:22:17.607,0.91365,0.91376,1.32,1.50
2013.08.14 17:22:26.357,0.91365,0.91376,1.50,1.13
2013.08.14 17:22:59.328,0.91364,0.91376,2.82,1.13
2013.08.14 17:22:59.928,0.91364,0.91376,2.82,1.13
2013.08.14 17:23:02.797,0.91365,0.91377,1.88,1.88
2013.08.14 17:23:03.307,0.91366,0.91378,2.25,3.00
2013.08.14 17:23:03.851,0.91365,0.91377,3.38,1.13
2013.08.14 17:23:04.387,0.91364,0.91376,2.07,1.13
2013.08.14 17:23:11.641,0.91365,0.91377,2.07,1.88
2013.08.14 17:23:13.217,0.91365,0.91377,1.32,1.88
2013.08.14 17:23:13.758,0.91364,0.91375,1.69,1.13
2013.08.14 17:23:16.651,0.91364,0.91376,3.57,1.88
2013.08.14 17:23:17.798,0.91365,0.91377,2.07,1.88
2013.08.14 17:23:18.447,0.91365,0.91377,2.07,1.13
2013.08.14 17:23:20.077,0.91365,0.91377,1.69,2.63
2013.08.14 17:23:33.687,0.91365,0.91377,1.88,1.88
2013.08.14 17:23:41.378,0.91365,0.91377,1.32,1.88
2013.08.14 17:23:42.065,0.91366,0.91378,1.13,4.50
2013.08.14 17:23:44.878,0.91367,0.91378,1.13,1.88
2013.08.14 17:23:45.238,0.91369,0.9138,1.50,1.13
2013.08.14 17:23:45.838,0.91369,0.9138,2.25,1.13
2013.08.14 17:23:46.550,0.9137,0.91381,1.13,1.50
2013.08.14 17:23:48.557,0.9137,0.91381,1.88,1.50
2013.08.14 17:23:51.520,0.91371,0.91382,2.63,1.13
2013.08.14 17:23:51.638,0.91372,0.91382,1.88,1.13
2013.08.14 17:23:51.938,0.91372,0.91384,3.75,1.13
2013.08.14 17:23:52.478,0.91373,0.91385,3.00,1.13
2013.08.14 17:23:58.568,0.91374,0.91386,2.25,1.88
2013.08.14 17:24:06.219,0.91374,0.91385,1.50,1.88
2013.08.14 17:24:19.008,0.91374,0.91385,1.50,1.13
2013.08.14 17:24:27.070,0.91374,0.91385,1.50,1.88
2013.08.14 17:24:39.578,0.91373,0.91384,2.25,1.13
2013.08.14 17:24:39.818,0.91375,0.91385,2.25,1.13
2013.08.14 17:24:40.418,0.91375,0.91385,1.50,1.13
2013.08.14 17:24:42.748,0.91375,0.91385,2.25,1.13
2013.08.14 17:24:43.288,0.91375,0.91385,1.50,1.13
2013.08.14 17:25:26.512,0.91373,0.91384,1.13,1.50
2013.08.14 17:25:27.114,0.91372,0.91384,3.57,1.13
2013.08.14 17:25:27.997,0.91373,0.91384,1.50,1.13
2013.08.14 17:25:28.502,0.91373,0.91385,2.25,1.88
2013.08.14 17:25:37.230,0.91373,0.91385,1.50,1.88
2013.08.14 17:25:37.789,0.91373,0.91385,2.25,1.88
2013.08.14 17:25:39.794,0.91373,0.91385,2.63,1.88
2013.08.14 17:25:41.688,0.91374,0.91385,1.50,1.13
2013.08.14 17:25:41.808,0.91375,0.91386,1.50,1.88
2013.08.14 17:25:43.347,0.91374,0.91385,2.25,1.13
2013.08.14 17:25:43.897,0.91375,0.91386,1.50,1.88
2013.08.14 17:25:45.398,0.91374,0.91385,2.25,1.13
2013.08.14 17:25:45.937,0.91375,0.91386,1.50,1.88
2013.08.14 17:25:49.477,0.91374,0.91385,2.25,1.13
2013.08.14 17:25:49.778,0.91374,0.91385,1.50,1.13
2013.08.14 17:25:51.008,0.91374,0.91386,3.00,1.13
2013.08.14 17:25:58.087,0.91374,0.91385,3.00,1.13
2013.08.14 17:26:12.597,0.91374,0.91386,3.00,1.88
2013.08.14 17:26:18.688,0.91374,0.91385,1.50,1.13
2013.08.14 17:26:30.238,0.91373,0.91385,1.88,1.88
2013.08.14 17:26:30.748,0.91373,0.91385,1.13,2.63
2013.08.14 17:26:36.357,0.91373,0.91385,2.63,4.13
2013.08.14 17:26:36.908,0.91373,0.91385,1.13,1.88
2013.08.14 17:26:39.940,0.91373,0.91385,1.13,1.88
2013.08.14 17:26:40.468,0.91373,0.91384,1.13,1.50
2013.08.14 17:26:52.518,0.91373,0.91385,2.25,1.13
2013.08.14 17:26:53.057,0.91373,0.91385,2.63,1.13
2013.08.14 17:27:36.609,0.91375,0.91386,1.13,1.13
2013.08.14 17:27:37.148,0.91375,0.91385,1.50,1.13
2013.08.14 17:27:39.408,0.91376,0.91385,1.13,1.13
2013.08.14 17:27:39.948,0.91375,0.91385,1.50,1.13
2013.08.14 17:28:36.268,0.91373,0.9138,2.63,1.50
2013.08.14 17:28:36.569,0.91373,0.91383,2.63,1.50
2013.08.14 17:28:36.689,0.91368,0.91378,1.88,1.13
2013.08.14 17:28:36.749,0.91366,0.91378,1.88,2.07
2013.08.14 17:28:36.809,0.91364,0.91376,2.25,1.88
2013.08.14 17:28:36.988,0.91363,0.91375,1.13,1.13
2013.08.14 17:28:37.048,0.91363,0.91375,1.13,1.88
2013.08.14 17:28:37.589,0.91363,0.91375,1.50,1.88
2013.08.14 17:28:38.129,0.91363,0.91375,1.50,1.13
2013.08.14 17:28:40.492,0.91364,0.91374,1.50,1.13
2013.08.14 17:28:41.279,0.91364,0.91375,1.50,1.13
2013.08.14 17:28:41.818,0.91364,0.91374,1.50,1.13
2013.08.14 17:28:42.591,0.91364,0.91374,1.50,1.13
2013.08.14 17:28:43.118,0.91364,0.91375,1.50,1.13
2013.08.14 17:28:45.809,0.91364,0.91375,1.50,1.88
2013.08.14 17:28:46.338,0.91364,0.91375,1.50,1.13
2013.08.14 17:28:46.908,0.91364,0.91375,1.50,1.88
2013.08.14 17:28:47.628,0.91364,0.91375,1.50,1.13
2013.08.14 17:28:48.478,0.91364,0.91375,1.50,1.88
2013.08.14 17:28:48.928,0.91364,0.91375,2.25,1.13
2013.08.14 17:28:49.229,0.91371,0.91381,1.50,2.25
2013.08.14 17:28:49.348,0.91372,0.91382,1.50,1.13
2013.08.14 17:28:49.529,0.91372,0.91384,2.63,2.25
2013.08.14 17:28:50.052,0.91372,0.91385,2.63,2.63
2013.08.14 17:28:52.166,0.91373,0.91385,2.25,1.88
2013.08.14 17:28:52.690,0.91373,0.91385,2.25,1.13
2013.08.14 17:28:55.139,0.91374,0.91385,1.50,1.88
2013.08.14 17:29:00.598,0.91373,0.91385,1.88,1.88
2013.08.14 17:29:01.150,0.91373,0.91382,1.13,1.50
2013.08.14 17:29:01.688,0.91372,0.91383,1.13,2.63
2013.08.14 17:29:02.048,0.91373,0.91384,1.50,2.63
2013.08.14 17:29:03.169,0.91373,0.91384,1.50,1.13
2013.08.14 17:29:03.708,0.91373,0.91384,1.13,2.25
2013.08.14 17:29:04.879,0.91372,0.91383,2.25,1.13
2013.08.14 17:29:05.419,0.91372,0.91382,1.50,1.13
2013.08.14 17:29:05.720,0.91369,0.91378,1.50,1.50
2013.08.14 17:29:05.780,0.91368,0.91378,1.50,1.50
2013.08.14 17:29:05.842,0.91367,0.91377,1.50,1.50
2013.08.14 17:29:05.900,0.91364,0.91378,3.38,3.00
2013.08.14 17:29:06.079,0.91365,0.91378,1.88,3.38
2013.08.14 17:29:06.618,0.91366,0.91378,1.50,1.13
2013.08.14 17:29:07.168,0.91365,0.91378,1.88,2.63
2013.08.14 17:29:12.279,0.91366,0.91378,2.25,2.63
2013.08.14 17:29:13.318,0.91366,0.91378,1.50,3.38
2013.08.14 17:29:16.133,0.91366,0.91378,1.50,2.63
2013.08.14 17:29:17.188,0.91367,0.91378,1.50,1.88
2013.08.14 17:29:17.430,0.9137,0.91378,1.50,1.13
2013.08.14 17:29:17.549,0.91369,0.91382,2.25,3.00
2013.08.14 17:29:17.669,0.9137,0.91382,1.13,1.88
2013.08.14 17:29:18.208,0.91372,0.91383,1.88,1.13
2013.08.14 17:29:18.810,0.91372,0.91383,1.88,1.13
2013.08.14 17:29:19.589,0.91372,0.91385,1.88,2.63
2013.08.14 17:29:23.119,0.91373,0.91384,1.50,1.50
2013.08.14 17:29:23.668,0.91372,0.91382,1.50,1.13
2013.08.14 17:29:38.339,0.91371,0.91382,2.63,1.88
2013.08.14 17:29:38.761,0.91369,0.91381,3.00,1.13
2013.08.14 17:29:38.939,0.91368,0.9138,3.19,1.50
2013.08.14 17:29:39.479,0.91367,0.91379,1.50,1.50
2013.08.14 17:29:40.019,0.91368,0.91379,1.50,2.63
2013.08.14 17:29:42.970,0.91368,0.91379,1.50,2.25
2013.08.14 17:29:44.199,0.91369,0.91379,2.25,1.50
2013.08.14 17:29:44.439,0.91369,0.91381,3.00,1.50
2013.08.14 17:29:45.558,0.9137,0.91382,1.50,1.88
2013.08.14 17:29:55.600,0.9137,0.91382,2.25,1.88
2013.08.14 17:29:56.139,0.9137,0.91382,1.50,3.00
2013.08.14 17:29:58.478,0.91369,0.91382,3.19,3.75
2013.08.14 17:29:58.539,0.91369,0.91381,1.69,1.50
2013.08.14 17:29:59.088,0.91368,0.9138,3.19,2.25
2013.08.14 17:30:00.823,0.91368,0.9138,1.50,3.38
2013.08.14 17:30:01.432,0.91366,0.91373,2.44,1.88
2013.08.14 17:30:01.790,0.91359,0.91368,2.25,1.50
2013.08.14 17:30:01.909,0.91357,0.91367,1.50,1.88
2013.08.14 17:30:02.208,0.91352,0.91365,4.32,1.13
2013.08.14 17:30:02.839,0.91352,0.91365,3.57,1.88
2013.08.14 17:30:03.350,0.91353,0.91365,2.25,1.13
2013.08.14 17:30:05.249,0.91354,0.91366,1.50,2.25
2013.08.14 17:30:05.788,0.91354,0.91365,1.50,1.13
2013.08.14 17:30:08.119,0.91356,0.91365,1.65,1.13
2013.08.14 17:30:08.239,0.91357,0.91367,1.58,3.00
2013.08.14 17:30:08.358,0.91357,0.91367,2.63,1.50
2013.08.14 17:30:08.541,0.91358,0.9137,1.50,2.63
2013.08.14 17:30:09.438,0.91358,0.9137,1.88,2.63
2013.08.14 17:30:09.679,0.91357,0.91368,1.50,1.50
2013.08.14 17:30:09.920,0.91354,0.91366,1.88,1.13
2013.08.14 17:30:10.578,0.91355,0.91367,1.88,1.88
2013.08.14 17:30:10.938,0.91355,0.91366,1.13,1.50
2013.08.14 17:30:11.768,0.91353,0.91365,3.57,1.13
2013.08.14 17:30:12.008,0.91353,0.91365,2.44,1.13
2013.08.14 17:30:12.599,0.91353,0.91365,1.69,1.13
2013.08.14 17:30:20.898,0.91353,0.91365,1.88,1.88
2013.08.14 17:30:33.098,0.91354,0.91366,2.63,1.13
2013.08.14 17:30:36.818,0.91355,0.91367,1.88,3.38
2013.08.14 17:30:37.485,0.91355,0.91367,2.63,1.88
2013.08.14 17:30:39.929,0.91356,0.91367,2.25,1.13
2013.08.14 17:30:40.468,0.91357,0.91368,1.13,1.13
2013.08.14 17:30:41.349,0.91357,0.91368,1.88,1.13
2013.08.14 17:30:43.412,0.91358,0.9137,1.88,4.32
2013.08.14 17:30:43.529,0.91359,0.9137,1.50,2.07
2013.08.14 17:30:43.950,0.91361,0.91372,2.63,1.88
2013.08.14 17:30:44.008,0.91362,0.91372,1.13,1.13
2013.08.14 17:30:45.008,0.91362,0.91372,1.13,1.13
2013.08.14 17:30:45.308,0.9136,0.91372,2.63,2.82
2013.08.14 17:30:46.228,0.9136,0.91371,2.63,1.50
2013.08.14 17:30:46.739,0.9136,0.91371,2.63,1.50
2013.08.14 17:30:47.798,0.9136,0.91371,3.38,1.50
2013.08.14 17:30:48.384,0.9136,0.91371,2.63,1.50
2013.08.14 17:30:49.052,0.9136,0.91371,1.88,3.00
2013.08.14 17:30:49.169,0.91358,0.9137,2.63,1.13
2013.08.14 17:30:49.229,0.91358,0.91368,1.88,1.13
2013.08.14 17:30:49.588,0.91356,0.91368,1.13,3.00
2013.08.14 17:30:50.128,0.91356,0.91368,1.13,4.13
2013.08.14 17:30:50.668,0.91356,0.91368,2.63,2.25
2013.08.14 17:30:50.734,0.91357,0.91368,1.50,1.50
2013.08.14 17:30:55.140,0.91355,0.91367,3.38,1.13
2013.08.14 17:30:55.679,0.91355,0.91367,1.13,2.63
2013.08.14 17:31:07.608,0.91355,0.91367,1.13,4.13
2013.08.14 17:31:09.511,0.91355,0.91361,1.13,1.50
2013.08.14 17:31:09.569,0.91353,0.91361,1.50,1.50
2013.08.14 17:31:09.749,0.91353,0.91358,2.25,1.13
2013.08.14 17:31:10.109,0.91347,0.91358,1.88,1.13
2013.08.14 17:31:10.169,0.91347,0.91358,1.88,1.88
2013.08.14 17:31:10.649,0.91346,0.91358,1.88,1.88
2013.08.14 17:31:10.948,0.91343,0.91354,1.88,1.13
2013.08.14 17:31:11.526,0.91342,0.91354,1.32,2.63
2013.08.14 17:31:12.139,0.91343,0.91354,1.88,1.88
2013.08.14 17:31:12.668,0.91343,0.91354,2.63,1.13
2013.08.14 17:31:13.179,0.91343,0.91354,2.63,1.13
2013.08.14 17:31:25.589,0.91346,0.91355,1.50,1.88
2013.08.14 17:31:28.838,0.91345,0.91355,2.25,1.88
2013.08.14 17:31:29.318,0.91343,0.91354,2.63,1.13
2013.08.14 17:31:29.379,0.91343,0.91352,1.88,1.50
2013.08.14 17:31:29.739,0.91343,0.91354,1.50,2.63
2013.08.14 17:31:31.178,0.91343,0.91354,1.50,1.13
2013.08.14 17:31:31.358,0.91342,0.91354,4.69,1.88
2013.08.14 17:31:31.898,0.91343,0.91354,1.50,1.13
2013.08.14 17:31:35.369,0.91344,0.91355,3.00,1.13
2013.08.14 17:31:35.898,0.91344,0.91356,3.00,1.88
2013.08.14 17:31:36.401,0.91344,0.91355,2.25,1.88
2013.08.14 17:31:37.169,0.91344,0.91354,2.25,1.13
2013.08.14 17:31:37.350,0.91342,0.91349,2.25,1.13
2013.08.14 17:31:37.410,0.91342,0.91347,1.50,1.50
2013.08.14 17:31:37.469,0.91335,0.91343,1.69,1.88
2013.08.14 17:31:37.650,0.91332,0.91342,1.95,1.50
2013.08.14 17:31:37.890,0.91332,0.91344,3.75,2.63
2013.08.14 17:31:38.428,0.91334,0.91346,1.88,2.07
2013.08.14 17:31:38.970,0.91335,0.91347,1.50,2.63
2013.08.14 17:31:39.688,0.91335,0.91347,2.63,1.88
2013.08.14 17:31:41.743,0.91341,0.91351,1.50,2.25
2013.08.14 17:31:41.810,0.91341,0.91351,1.88,1.50
2013.08.14 17:31:41.990,0.91343,0.91353,1.50,1.13
2013.08.14 17:31:42.048,0.91343,0.91354,1.50,1.13
2013.08.14 17:31:42.289,0.91344,0.91356,1.50,1.13
2013.08.14 17:31:42.828,0.91344,0.91355,1.50,1.13
2013.08.14 17:31:45.059,0.91344,0.91354,1.50,1.13
2013.08.14 17:31:45.608,0.91344,0.91354,1.50,1.13
2013.08.14 17:31:46.491,0.91343,0.91354,2.25,1.13
2013.08.14 17:31:50.769,0.91343,0.91354,1.69,2.63
2013.08.14 17:31:51.308,0.91342,0.91354,3.19,1.88
2013.08.14 17:31:52.933,0.91342,0.91354,2.44,1.88
2013.08.14 17:31:53.479,0.91345,0.91357,3.00,2.63
2013.08.14 17:31:54.018,0.91345,0.91357,2.25,1.88
2013.08.14 17:31:54.758,0.91345,0.91357,2.25,1.88
2013.08.14 17:32:01.410,0.91346,0.91357,1.69,1.13
2013.08.14 17:32:01.654,0.91351,0.91359,1.13,1.88
2013.08.14 17:32:01.961,0.91354,0.91365,1.50,1.13
2013.08.14 17:32:02.139,0.91355,0.91365,2.44,1.13
2013.08.14 17:32:02.679,0.91356,0.91367,1.50,1.88
2013.08.14 17:32:03.229,0.91357,0.91367,1.50,1.88
2013.08.14 17:32:03.590,0.91356,0.91366,1.50,1.13
2013.08.14 17:32:04.009,0.91356,0.91365,1.50,1.13
2013.08.14 17:32:08.109,0.91356,0.91365,1.50,1.13
2013.08.14 17:32:09.639,0.91354,0.9136,3.00,1.50
2013.08.14 17:32:09.761,0.91356,0.91365,1.50,1.88
2013.08.14 17:32:09.884,0.91354,0.91362,1.50,1.20
2013.08.14 17:32:09.951,0.91353,0.91359,1.50,1.13
2013.08.14 17:32:10.251,0.9135,0.91358,1.50,1.13
2013.08.14 17:32:11.928,0.91351,0.9136,2.25,1.13
2013.08.14 17:32:12.048,0.91352,0.91363,2.25,3.00
2013.08.14 17:32:12.349,0.91355,0.91364,1.50,1.50
2013.08.14 17:32:12.889,0.91355,0.91367,2.25,2.63
2013.08.14 17:32:13.398,0.91355,0.91367,2.25,2.63
2013.08.14 17:32:13.948,0.91355,0.91367,3.00,2.63
2013.08.14 17:32:24.039,0.91356,0.91367,1.50,1.88
2013.08.14 17:32:25.420,0.91355,0.91367,2.25,2.63
2013.08.14 17:32:27.908,0.91355,0.91367,2.25,2.63
2013.08.14 17:32:29.998,0.91355,0.91367,2.25,2.63
2013.08.14 17:32:30.529,0.91355,0.91367,3.00,2.63
2013.08.14 17:32:31.058,0.91355,0.91367,2.25,2.63
2013.08.14 17:32:32.071,0.91355,0.91367,3.00,2.63
2013.08.14 17:32:32.809,0.91355,0.91367,2.25,2.63
2013.08.14 17:32:35.330,0.91355,0.91367,3.75,2.63
2013.08.14 17:32:35.729,0.91358,0.91367,1.50,2.63
2013.08.14 17:32:37.428,0.91357,0.91367,1.50,2.63
2013.08.14 17:32:40.798,0.91353,0.91365,2.44,1.13
2013.08.14 17:32:40.979,0.91353,0.91361,1.69,2.25
2013.08.14 17:32:41.539,0.91352,0.91359,3.19,1.50
2013.08.14 17:32:42.749,0.91353,0.91364,2.44,1.13
2013.08.14 17:32:43.109,0.91353,0.91363,2.44,1.50
2013.08.14 17:32:43.470,0.91347,0.91359,2.44,1.88
2013.08.14 17:32:43.589,0.91346,0.91358,2.44,2.25
2013.08.14 17:32:44.123,0.91346,0.91357,1.32,1.50
2013.08.14 17:32:44.198,0.91346,0.91358,2.82,1.50
2013.08.14 17:32:44.701,0.91345,0.91357,2.07,1.50
2013.08.14 17:32:44.880,0.91344,0.91354,2.44,1.88
2013.08.14 17:32:45.241,0.91341,0.91348,1.50,1.50
2013.08.14 17:32:45.300,0.91336,0.91346,2.25,1.13
2013.08.14 17:32:45.779,0.91338,0.91347,1.50,1.13
2013.08.14 17:32:46.139,0.9134,0.91347,1.50,1.13
2013.08.14 17:32:46.918,0.91339,0.91347,1.50,1.50
2013.08.14 17:32:50.442,0.91338,0.91346,1.50,1.13
2013.08.14 17:32:50.559,0.91339,0.91347,1.50,3.00
2013.08.14 17:32:51.570,0.91338,0.91347,1.50,1.88
2013.08.14 17:32:52.149,0.91337,0.91347,2.25,1.88
2013.08.14 17:32:59.778,0.91336,0.91346,1.50,1.50
2013.08.14 17:33:00.318,0.91336,0.91346,1.50,1.50
2013.08.14 17:33:06.660,0.91338,0.91347,1.50,1.13
2013.08.14 17:33:06.840,0.91341,0.91351,1.50,1.13
2013.08.14 17:33:07.020,0.91342,0.91354,2.44,1.88
2013.08.14 17:33:07.139,0.91343,0.91354,2.25,1.13
2013.08.14 17:33:07.679,0.91345,0.91356,1.50,2.25
2013.08.14 17:33:08.244,0.91345,0.91356,1.50,2.25
2013.08.14 17:33:10.568,0.91345,0.91355,1.50,1.13
2013.08.14 17:33:11.000,0.91343,0.91354,1.50,1.13
2013.08.14 17:33:19.492,0.91343,0.91354,1.69,1.13
2013.08.14 17:33:19.999,0.91344,0.91355,1.50,1.13
2013.08.14 17:33:20.643,0.91344,0.91355,1.50,1.13
2013.08.14 17:33:26.389,0.91344,0.91356,2.82,1.13
2013.08.14 17:33:26.873,0.91347,0.91357,1.13,1.13
2013.08.14 17:33:27.658,0.91347,0.91357,1.13,1.13
2013.08.14 17:33:28.199,0.9135,0.9136,1.13,1.88
2013.08.14 17:33:28.319,0.91352,0.91364,1.50,2.25
2013.08.14 17:33:28.498,0.91352,0.91364,1.88,1.88
2013.08.14 17:33:29.188,0.91352,0.91363,1.13,1.13
2013.08.14 17:33:30.728,0.91351,0.91361,2.07,1.13
2013.08.14 17:33:31.029,0.91348,0.91359,2.82,1.50
2013.08.14 17:33:31.568,0.91347,0.91358,1.13,1.88
2013.08.14 17:33:31.811,0.91346,0.91355,1.69,1.13
2013.08.14 17:33:31.930,0.91343,0.91355,2.82,1.13
2013.08.14 17:33:32.296,0.91343,0.91355,2.07,1.13
2013.08.14 17:33:32.372,0.91342,0.91355,3.57,1.88
2013.08.14 17:33:32.691,0.9134,0.91348,2.07,1.13
2013.08.14 17:33:32.930,0.91336,0.91347,1.32,1.13
2013.08.14 17:33:35.739,0.91335,0.91347,1.13,2.25
2013.08.14 17:33:36.399,0.91335,0.91347,1.13,2.25
2013.08.14 17:33:37.249,0.91335,0.91347,1.32,1.50
2013.08.14 17:33:39.009,0.91336,0.91347,2.07,1.13
2013.08.14 17:33:42.769,0.91335,0.91347,2.25,2.63
2013.08.14 17:33:42.889,0.91335,0.91344,1.50,1.13
2013.08.14 17:33:43.250,0.91332,0.91341,1.50,1.13
2013.08.14 17:33:43.799,0.91332,0.91342,1.13,1.13
2013.08.14 17:33:45.969,0.91334,0.91346,1.13,2.63
2013.08.14 17:33:46.527,0.91333,0.91345,4.13,1.88
2013.08.14 17:33:46.930,0.91335,0.91347,1.88,1.88
2013.08.14 17:33:47.291,0.91342,0.9135,1.50,1.50
2013.08.14 17:33:47.469,0.91342,0.91351,3.00,1.50
2013.08.14 17:33:47.529,0.91342,0.91354,3.75,1.13
2013.08.14 17:33:48.069,0.91343,0.91355,1.13,1.13
2013.08.14 17:33:54.060,0.91343,0.91355,1.88,2.78
2013.08.14 17:33:54.419,0.91341,0.9135,1.50,1.88
2013.08.14 17:33:54.600,0.91338,0.91349,1.50,1.88
2013.08.14 17:33:54.719,0.91337,0.91348,2.25,1.50
2013.08.14 17:33:54.839,0.91335,0.91347,2.25,1.50
2013.08.14 17:33:55.398,0.91334,0.91347,2.25,2.25
2013.08.14 17:33:56.990,0.91334,0.91347,2.25,3.00
2013.08.14 17:34:00.588,0.91334,0.91346,1.50,1.88
2013.08.14 17:34:02.088,0.91333,0.91345,2.63,1.88
2013.08.14 17:34:02.666,0.91333,0.91345,2.63,2.63
2013.08.14 17:34:02.743,0.9133,0.91339,2.82,1.50
2013.08.14 17:34:02.811,0.91329,0.91339,1.50,1.13
2013.08.14 17:34:02.871,0.91328,0.91339,1.50,1.28
2013.08.14 17:34:02.939,0.91327,0.91338,1.32,1.28
2013.08.14 17:34:03.749,0.91326,0.91338,2.63,1.50
2013.08.14 17:34:05.020,0.91325,0.91337,1.88,1.13
2013.08.14 17:34:05.799,0.91325,0.91337,1.13,1.50
2013.08.14 17:34:08.441,0.91324,0.91335,1.50,1.13
2013.08.14 17:34:08.990,0.91324,0.91335,1.50,1.13
2013.08.14 17:34:09.399,0.91325,0.91335,1.50,1.13
2013.08.14 17:34:09.701,0.91327,0.91338,1.88,1.13
2013.08.14 17:34:09.939,0.91326,0.91336,2.25,1.13
2013.08.14 17:34:10.479,0.91326,0.91338,2.25,4.13
2013.08.14 17:34:10.980,0.91326,0.91338,2.25,3.38
2013.08.14 17:34:11.489,0.91327,0.91338,1.13,3.00
2013.08.14 17:34:12.019,0.91327,0.91338,1.13,3.75
2013.08.14 17:34:15.529,0.91325,0.91337,1.50,1.50
2013.08.14 17:34:16.069,0.91326,0.91337,1.13,1.13
2013.08.14 17:34:16.748,0.91325,0.91337,1.13,2.25
2013.08.14 17:34:17.606,0.91324,0.91336,1.50,2.63
2013.08.14 17:34:17.931,0.91323,0.91335,1.32,1.13
2013.08.14 17:34:17.989,0.91323,0.91335,1.32,1.50
2013.08.14 17:34:18.529,0.91325,0.91336,1.50,1.13
2013.08.14 17:34:19.089,0.91324,0.91336,1.50,1.88
2013.08.14 17:34:19.818,0.91323,0.91335,3.00,1.13
2013.08.14 17:34:20.179,0.91322,0.91334,1.13,2.63
2013.08.14 17:34:20.481,0.91321,0.91333,1.69,2.25
2013.08.14 17:34:21.020,0.91321,0.91332,2.25,1.13
2013.08.14 17:34:21.501,0.9132,0.91331,1.50,1.88
2013.08.14 17:34:21.860,0.9132,0.91328,1.50,1.13
2013.08.14 17:34:22.160,0.91317,0.91328,1.88,2.63
2013.08.14 17:34:22.398,0.91316,0.91328,1.13,3.75
2013.08.14 17:34:25.700,0.91317,0.91328,1.50,3.00
2013.08.14 17:34:26.209,0.91317,0.91328,1.13,1.13
2013.08.14 17:34:26.768,0.91317,0.91329,1.13,3.75
2013.08.14 17:34:27.312,0.91318,0.91329,1.88,2.63
2013.08.14 17:34:27.838,0.91318,0.9133,1.88,3.00
2013.08.14 17:34:28.138,0.91319,0.91331,1.13,1.50
2013.08.14 17:34:29.824,0.9132,0.91332,1.13,1.13
2013.08.14 17:34:30.090,0.91319,0.91332,3.75,1.13
2013.08.14 17:34:30.212,0.91317,0.91328,2.44,1.50
2013.08.14 17:34:30.332,0.91317,0.91327,1.50,1.50
2013.08.14 17:34:30.450,0.91317,0.91328,1.50,3.75
2013.08.14 17:34:30.629,0.91315,0.91327,1.70,1.13
2013.08.14 17:34:30.830,0.91315,0.91327,1.20,1.13
2013.08.14 17:34:31.139,0.91317,0.91328,1.13,2.63
2013.08.14 17:34:31.678,0.91317,0.91328,1.13,1.88
2013.08.14 17:34:32.919,0.91315,0.91328,2.95,4.50
2013.08.14 17:34:33.468,0.91315,0.91327,3.58,1.50
2013.08.14 17:34:34.899,0.91315,0.91326,3.20,1.13
2013.08.14 17:34:35.149,0.91316,0.91326,1.50,1.13
2013.08.14 17:34:35.929,0.91315,0.91327,2.58,1.50
2013.08.14 17:34:36.478,0.91315,0.91327,3.70,1.88
2013.08.14 17:34:37.165,0.91315,0.91327,2.70,1.88
2013.08.14 17:34:37.469,0.91317,0.91328,1.13,2.63
2013.08.14 17:34:38.010,0.91316,0.91327,1.13,2.25
2013.08.14 17:34:38.549,0.91315,0.91326,1.70,1.50
2013.08.14 17:34:38.609,0.91315,0.91325,1.20,1.50
2013.08.14 17:34:38.969,0.91315,0.91317,0.20,2.25
2013.08.14 17:34:39.748,0.91315,0.91317,0.20,1.13
2013.08.14 17:34:40.319,0.91315,0.91318,0.20,2.25
2013.08.14 17:34:40.919,0.91315,0.91321,0.20,1.69
2013.08.14 17:34:41.039,0.91315,0.91324,1.20,1.13
2013.08.14 17:34:41.159,0.91315,0.91327,2.20,2.82
2013.08.14 17:34:41.398,0.91315,0.91327,2.95,2.82
2013.08.14 17:34:41.940,0.91315,0.91327,2.95,2.07
2013.08.14 17:34:42.059,0.91315,0.91327,3.45,2.07
2013.08.14 17:34:42.119,0.91316,0.91327,2.25,1.32
2013.08.14 17:34:42.471,0.91319,0.91327,1.50,1.32
2013.08.14 17:34:43.189,0.91318,0.91327,1.50,1.13
2013.08.14 17:34:43.549,0.91318,0.91327,1.50,1.88
2013.08.14 17:34:44.109,0.91317,0.91327,1.50,1.88
2013.08.14 17:34:44.668,0.91317,0.91327,1.50,1.13
2013.08.14 17:34:45.109,0.91317,0.91327,1.50,1.88
2013.08.14 17:34:49.729,0.91317,0.91326,1.50,1.13
2013.08.14 17:34:51.283,0.91318,0.91328,1.50,2.63
2013.08.14 17:34:59.159,0.91318,0.91327,1.50,1.13
2013.08.14 17:35:01.391,0.91317,0.91327,1.13,1.13
2013.08.14 17:35:01.811,0.91315,0.91325,1.20,1.88
2013.08.14 17:35:02.411,0.91315,0.91325,0.20,1.13
2013.08.14 17:35:02.928,0.91315,0.91325,0.20,1.88
2013.08.14 17:35:03.579,0.91315,0.91325,0.20,1.88
2013.08.14 17:35:05.060,0.91315,0.91325,0.20,1.88
2013.08.14 17:35:05.700,0.91315,0.91325,0.20,1.88
2013.08.14 17:35:07.471,0.91315,0.91326,1.95,1.13
2013.08.14 17:35:08.009,0.91316,0.91327,2.25,1.13
2013.08.14 17:35:08.939,0.91317,0.91327,1.50,1.13
2013.08.14 17:35:11.500,0.91316,0.91325,2.25,1.13
2013.08.14 17:35:11.859,0.91315,0.91319,0.20,1.13
2013.08.14 17:35:11.979,0.91315,0.91321,0.20,1.88
2013.08.14 17:35:12.519,0.91315,0.91323,0.20,1.50
2013.08.14 17:35:13.041,0.91315,0.91323,1.95,1.50
2013.08.14 17:35:14.409,0.91315,0.91321,1.20,1.50
2013.08.14 17:35:14.950,0.91315,0.91322,0.20,2.07
2013.08.14 17:35:15.310,0.91315,0.9132,0.20,1.88
2013.08.14 17:35:15.849,0.91315,0.91319,0.20,1.13
2013.08.14 17:35:17.259,0.91315,0.91318,0.20,1.50
2013.08.14 17:35:17.619,0.91315,0.91316,0.20,1.50
2013.08.14 17:35:21.229,0.91315,0.91317,0.20,2.44
2013.08.14 17:35:22.051,0.91315,0.91317,0.20,1.32
2013.08.14 17:35:23.409,0.91315,0.91317,0.20,1.50
2013.08.14 17:35:24.259,0.91315,0.91317,0.20,1.13
2013.08.14 17:35:24.619,0.91315,0.91321,0.20,1.13
2013.08.14 17:35:25.669,0.91315,0.91323,0.20,1.13
2013.08.14 17:35:26.208,0.91315,0.91326,1.20,1.13
2013.08.14 17:35:26.738,0.91315,0.91325,1.20,1.13
2013.08.14 17:35:28.389,0.91315,0.91326,3.95,1.13
2013.08.14 17:35:29.769,0.91317,0.91326,2.25,1.13
2013.08.14 17:35:38.580,0.91317,0.91328,2.25,1.88
2013.08.14 17:35:40.589,0.91317,0.91328,2.25,1.88
2013.08.14 17:35:40.950,0.91318,0.91329,2.63,2.25
2013.08.14 17:35:41.069,0.91321,0.91331,1.88,1.50
2013.08.14 17:35:41.311,0.91324,0.91336,1.50,1.13
2013.08.14 17:35:41.370,0.91325,0.91337,1.50,1.88
2013.08.14 17:35:41.430,0.91324,0.91334,1.50,1.88
2013.08.14 17:35:41.959,0.91323,0.91334,1.88,1.88
2013.08.14 17:35:42.770,0.91323,0.91334,2.63,1.88
2013.08.14 17:35:44.319,0.91325,0.91334,1.13,1.88
2013.08.14 17:35:47.329,0.91324,0.91333,1.13,1.13
2013.08.14 17:35:47.740,0.91323,0.91332,1.13,1.88
2013.08.14 17:35:48.040,0.91319,0.9133,2.25,2.63
2013.08.14 17:35:48.219,0.91318,0.91329,2.07,1.13
2013.08.14 17:35:48.828,0.91318,0.91329,1.32,1.13
2013.08.14 17:35:52.969,0.91316,0.91328,2.25,2.25
2013.08.14 17:35:53.089,0.91315,0.91327,1.70,1.88
2013.08.14 17:35:53.599,0.91315,0.91325,0.20,1.13
2013.08.14 17:35:58.288,0.91315,0.91328,3.95,4.13
2013.08.14 17:35:58.349,0.91315,0.91327,3.95,1.13
2013.08.14 17:35:58.842,0.9132,0.91328,1.50,1.88
2013.08.14 17:35:59.199,0.91322,0.9133,1.50,2.07
2013.08.14 17:35:59.319,0.91322,0.91332,1.50,1.50
2013.08.14 17:35:59.443,0.91324,0.91334,2.25,2.07
2013.08.14 17:35:59.750,0.91327,0.91337,1.50,1.13
2013.08.14 17:35:59.809,0.91329,0.91337,1.50,1.13
2013.08.14 17:36:00.354,0.9133,0.91338,1.50,2.44
2013.08.14 17:36:00.791,0.9133,0.91337,1.50,1.13
2013.08.14 17:36:01.030,0.91327,0.91337,1.50,1.88
2013.08.14 17:36:04.519,0.91327,0.91337,1.50,1.88
2013.08.14 17:36:06.559,0.91328,0.91337,1.50,1.88
2013.08.14 17:36:08.089,0.91328,0.91337,1.50,1.88
2013.08.14 17:36:10.300,0.91328,0.91337,1.50,1.88
2013.08.14 17:36:11.419,0.91327,0.91337,1.50,1.88
2013.08.14 17:36:16.729,0.91328,0.91337,1.50,1.13
2013.08.14 17:36:18.789,0.91328,0.91337,1.50,1.13
2013.08.14 17:36:32.450,0.91329,0.91338,1.50,1.13
2013.08.14 17:36:33.027,0.9133,0.91339,1.50,1.88
2013.08.14 17:36:33.790,0.9133,0.91339,1.50,1.88
2013.08.14 17:36:34.512,0.9133,0.91338,1.50,1.13
2013.08.14 17:36:35.051,0.9133,0.91338,1.50,1.13
2013.08.14 17:36:35.829,0.9133,0.91338,1.50,1.13
2013.08.14 17:36:36.659,0.9133,0.91339,1.50,1.50
2013.08.14 17:36:36.779,0.91332,0.91341,1.50,1.13
2013.08.14 17:36:37.319,0.91333,0.91343,1.50,2.07
2013.08.14 17:36:37.559,0.91335,0.91347,2.25,1.13
2013.08.14 17:36:37.679,0.91335,0.91345,2.25,1.50
2013.08.14 17:36:38.219,0.91334,0.91344,2.25,1.88
2013.08.14 17:36:39.249,0.91333,0.91342,1.88,2.25
2013.08.14 17:36:39.310,0.91333,0.91342,1.50,2.25
2013.08.14 17:36:40.209,0.91331,0.91341,1.50,1.50
2013.08.14 17:36:40.513,0.91331,0.91341,1.50,2.63
2013.08.14 17:36:41.759,0.9133,0.91339,2.25,1.88
2013.08.14 17:36:41.939,0.91328,0.91339,2.63,1.88
2013.08.14 17:36:49.699,0.91329,0.91339,1.50,1.13
2013.08.14 17:36:50.119,0.91331,0.91343,2.25,1.32
2013.08.14 17:36:50.479,0.91335,0.91347,2.25,2.07
2013.08.14 17:36:50.839,0.91335,0.91347,3.75,2.07
2013.08.14 17:36:52.543,0.91337,0.91347,1.50,2.07
2013.08.14 17:36:53.049,0.91337,0.91347,1.50,1.32
2013.08.14 17:37:11.030,0.91337,0.91348,2.25,1.88
2013.08.14 17:37:22.959,0.91335,0.91347,2.25,2.63
2013.08.14 17:37:23.479,0.91335,0.91347,2.25,2.63
2013.08.14 17:37:24.039,0.91335,0.91347,2.25,2.63
2013.08.14 17:37:24.787,0.91335,0.91347,2.25,2.63
2013.08.14 17:37:27.970,0.91333,0.91343,2.25,1.13
2013.08.14 17:37:28.031,0.91333,0.91342,1.50,2.25
2013.08.14 17:37:28.209,0.9133,0.91342,1.88,3.00
2013.08.14 17:37:28.269,0.9133,0.91342,1.13,3.00
2013.08.14 17:37:28.389,0.91328,0.9134,1.50,1.88
2013.08.14 17:37:28.929,0.91326,0.91338,1.88,1.88
2013.08.14 17:37:29.452,0.91325,0.91337,2.82,1.13
2013.08.14 17:37:29.749,0.91327,0.91338,1.13,1.50
2013.08.14 17:37:30.111,0.91331,0.91342,1.88,1.50
2013.08.14 17:37:30.289,0.91332,0.91344,3.00,1.88
2013.08.14 17:37:31.649,0.91333,0.91345,3.75,1.13
2013.08.14 17:37:32.203,0.91335,0.91346,1.50,1.13
2013.08.14 17:37:32.750,0.91334,0.91344,1.50,1.13
2013.08.14 17:37:33.281,0.91334,0.91344,1.50,1.13
2013.08.14 17:37:34.179,0.91334,0.91346,3.00,1.13
2013.08.14 17:37:34.690,0.91335,0.91347,1.50,1.88
2013.08.14 17:37:57.839,0.91335,0.91347,2.25,1.88
2013.08.14 17:37:58.656,0.91335,0.91347,2.25,1.88
2013.08.14 17:37:59.659,0.91336,0.91348,1.88,3.00
2013.08.14 17:37:59.720,0.91339,0.91348,1.50,2.25
2013.08.14 17:38:00.020,0.91341,0.91351,1.50,1.13
2013.08.14 17:38:00.199,0.91342,0.91353,1.50,1.88
2013.08.14 17:38:01.652,0.91342,0.91353,1.50,1.88
2013.08.14 17:38:03.115,0.91343,0.91353,1.13,1.50
2013.08.14 17:38:04.870,0.91343,0.91352,1.13,1.50
2013.08.14 17:38:04.989,0.91341,0.9135,1.50,1.13
2013.08.14 17:38:05.229,0.91339,0.91351,2.63,2.63
2013.08.14 17:38:05.769,0.9134,0.91352,1.88,1.88
2013.08.14 17:38:06.309,0.91341,0.91352,3.75,1.13
2013.08.14 17:38:09.099,0.91341,0.91352,2.25,1.13
2013.08.14 17:38:10.649,0.91341,0.91352,3.75,1.13
2013.08.14 17:38:11.209,0.91341,0.91352,3.00,1.13
2013.08.14 17:38:14.919,0.91341,0.91351,1.50,2.63
2013.08.14 17:38:15.400,0.91337,0.91349,1.88,1.88
2013.08.14 17:38:15.459,0.91336,0.91348,3.38,1.88
2013.08.14 17:38:17.249,0.91336,0.91348,1.88,2.63
2013.08.14 17:38:17.811,0.91335,0.91346,1.50,1.13
2013.08.14 17:38:18.319,0.91334,0.91346,1.88,1.13
2013.08.14 17:38:19.349,0.91334,0.91346,1.50,1.13
2013.08.14 17:38:19.901,0.91334,0.91346,1.50,1.13
2013.08.14 17:38:22.119,0.91335,0.91346,1.50,1.13
2013.08.14 17:38:23.619,0.91334,0.91346,3.38,1.13
2013.08.14 17:38:26.420,0.91336,0.91347,1.88,1.13
2013.08.14 17:38:26.659,0.91335,0.91347,1.88,1.88
2013.08.14 17:38:26.840,0.91334,0.91346,1.50,1.13
2013.08.14 17:38:27.141,0.91333,0.91344,1.88,1.13
2013.08.14 17:38:27.679,0.9133,0.91343,2.25,2.63
2013.08.14 17:38:27.800,0.9133,0.91342,2.25,1.88
2013.08.14 17:38:27.979,0.91328,0.9134,3.57,1.50
2013.08.14 17:38:28.160,0.91328,0.91339,1.69,1.50
2013.08.14 17:38:28.339,0.91327,0.91338,1.13,1.50
2013.08.14 17:38:28.879,0.91325,0.91337,2.63,1.13
2013.08.14 17:38:38.991,0.91326,0.91337,1.50,1.13
2013.08.14 17:38:39.550,0.91326,0.91337,1.50,1.13
2013.08.14 17:38:56.919,0.91325,0.91337,1.32,2.63
2013.08.14 17:38:57.459,0.91324,0.91336,1.88,1.50
2013.08.14 17:39:00.609,0.91324,0.91336,1.88,2.25
2013.08.14 17:39:01.149,0.91324,0.91336,1.88,2.63
2013.08.14 17:39:05.069,0.91323,0.91334,2.82,1.50
2013.08.14 17:39:05.381,0.91319,0.91326,1.13,1.50
2013.08.14 17:39:05.500,0.9132,0.91329,1.88,1.69
2013.08.14 17:39:05.560,0.9132,0.91332,2.63,1.50
2013.08.14 17:39:05.619,0.9132,0.91329,1.88,1.50
2013.08.14 17:39:06.159,0.91321,0.91333,2.63,2.25
2013.08.14 17:39:06.459,0.91323,0.91334,1.13,1.88
2013.08.14 17:39:11.249,0.91323,0.91334,3.57,1.13
2013.08.14 17:39:11.789,0.91324,0.91336,4.13,1.13
2013.08.14 17:39:12.029,0.91325,0.91337,1.88,1.88
2013.08.14 17:39:12.389,0.91326,0.91338,2.25,1.88
2013.08.14 17:39:13.029,0.91326,0.91338,1.88,2.63
2013.08.14 17:39:13.269,0.91325,0.91336,1.50,1.13
2013.08.14 17:39:13.949,0.91324,0.91336,2.07,1.88
2013.08.14 17:39:16.039,0.91325,0.91336,1.13,1.50
2013.08.14 17:39:16.579,0.91325,0.91337,2.63,2.63
2013.08.14 17:39:17.099,0.91326,0.91337,1.13,1.50
2013.08.14 17:39:17.974,0.91326,0.91337,1.13,1.50
2013.08.14 17:39:18.780,0.91326,0.91338,1.88,1.88
2013.08.14 17:39:19.316,0.91327,0.91338,1.13,1.50
2013.08.14 17:39:24.069,0.91326,0.91337,1.50,1.88
2013.08.14 17:39:25.420,0.91326,0.91337,1.50,1.88
2013.08.14 17:39:25.959,0.91326,0.91337,2.25,1.88
2013.08.14 17:39:27.299,0.91326,0.91338,3.00,3.38
2013.08.14 17:39:28.670,0.91326,0.91338,2.25,2.63
2013.08.14 17:39:29.268,0.91326,0.91337,1.50,1.88
2013.08.14 17:39:31.729,0.91326,0.91337,1.50,2.63
2013.08.14 17:39:34.129,0.91325,0.91335,1.50,1.50
2013.08.14 17:39:34.690,0.91324,0.91335,1.32,1.50
2013.08.14 17:39:36.970,0.91324,0.91336,2.07,1.88
2013.08.14 17:39:37.509,0.91325,0.91337,3.38,2.63
2013.08.14 17:39:38.920,0.91326,0.91337,1.50,1.50
2013.08.14 17:39:39.500,0.91326,0.91337,1.50,1.50
2013.08.14 17:39:39.560,0.91326,0.91338,1.50,2.63
2013.08.14 17:39:39.619,0.91326,0.91338,1.50,2.63
2013.08.14 17:39:40.875,0.91328,0.91338,1.13,2.63
2013.08.14 17:39:41.184,0.91333,0.91342,2.25,1.50
2013.08.14 17:39:41.640,0.91336,0.91346,1.13,1.50
2013.08.14 17:39:42.179,0.91336,0.91347,1.13,1.50
2013.08.14 17:39:42.600,0.91337,0.91347,1.13,1.50
2013.08.14 17:39:43.532,0.91336,0.91348,2.63,2.63
2013.08.14 17:39:45.052,0.91337,0.91348,1.50,2.63
2013.08.14 17:39:45.529,0.91336,0.91347,1.13,1.50
2013.08.14 17:39:46.069,0.91336,0.91348,1.88,2.63
2013.08.14 17:39:46.580,0.91336,0.91347,1.13,1.50
2013.08.14 17:39:47.119,0.91336,0.91348,1.13,2.63
2013.08.14 17:39:47.659,0.91336,0.91347,1.88,1.50
2013.08.14 17:39:48.703,0.91336,0.91347,1.13,1.50
2013.08.14 17:39:49.539,0.91336,0.91348,2.63,1.88
2013.08.14 17:39:50.449,0.91337,0.91348,1.50,1.88
2013.08.14 17:39:50.810,0.91336,0.91344,1.88,1.50
2013.08.14 17:39:50.930,0.91331,0.91342,2.07,1.88
2013.08.14 17:39:51.110,0.91329,0.91339,3.19,1.50
2013.08.14 17:39:51.170,0.91328,0.91338,2.07,1.50
2013.08.14 17:39:51.290,0.91327,0.91337,1.50,1.88
2013.08.14 17:39:51.470,0.91324,0.91336,2.44,1.88
2013.08.14 17:39:53.589,0.91323,0.91334,2.07,1.13
2013.08.14 17:39:54.449,0.91323,0.91335,2.82,1.13
2013.08.14 17:39:57.609,0.91322,0.91334,2.82,1.88
2013.08.14 17:40:12.689,0.91323,0.91333,1.13,1.13
2013.08.14 17:40:12.929,0.91319,0.9133,1.69,1.13
2013.08.14 17:40:13.050,0.91319,0.91329,1.69,1.50
2013.08.14 17:40:13.413,0.91318,0.91328,1.13,1.13
2013.08.14 17:40:22.669,0.91317,0.91328,1.69,1.50
2013.08.14 17:40:22.730,0.91316,0.91324,2.25,1.50
2013.08.14 17:40:22.910,0.91318,0.91327,1.13,2.25
2013.08.14 17:40:22.970,0.91318,0.91327,1.13,1.88
2013.08.14 17:40:23.269,0.91319,0.91327,1.50,1.13
2013.08.14 17:40:23.810,0.9132,0.91328,1.50,1.88
2013.08.14 17:40:24.170,0.91324,0.91334,1.50,1.13
2013.08.14 17:40:24.291,0.91325,0.91337,1.50,1.88
2013.08.14 17:40:24.850,0.91327,0.91337,1.50,1.13
2013.08.14 17:40:27.069,0.91328,0.91338,1.50,1.88
2013.08.14 17:40:28.010,0.91329,0.91338,2.25,1.88
2013.08.14 17:40:28.311,0.91334,0.91347,1.50,1.88
2013.08.14 17:40:28.611,0.91337,0.91347,1.50,1.13
2013.08.14 17:40:29.111,0.91337,0.91347,1.50,1.13
2013.08.14 17:40:29.350,0.91333,0.91342,3.38,1.13
2013.08.14 17:40:29.410,0.91332,0.91342,2.07,1.13
2013.08.14 17:40:29.710,0.9133,0.91341,1.69,1.13
2013.08.14 17:40:29.829,0.91329,0.91341,2.25,1.13
2013.08.14 17:40:30.189,0.91328,0.9134,2.07,2.63
2013.08.14 17:40:32.209,0.91328,0.9134,2.63,1.88
2013.08.14 17:40:32.970,0.91328,0.9134,2.63,1.88
2013.08.14 17:40:39.053,0.91329,0.9134,3.00,1.13
2013.08.14 17:40:39.170,0.91331,0.9134,1.50,1.13
2013.08.14 17:40:39.230,0.91331,0.9134,1.50,1.13
2013.08.14 17:40:39.471,0.91332,0.91344,2.82,1.13
2013.08.14 17:40:39.529,0.91332,0.91344,2.82,1.13
2013.08.14 17:40:39.889,0.91337,0.91345,1.50,1.13
2013.08.14 17:40:40.411,0.91337,0.91347,1.50,1.13
2013.08.14 17:40:41.000,0.91337,0.91347,1.50,1.13
2013.08.14 17:40:41.540,0.91337,0.91347,1.50,1.13
2013.08.14 17:40:43.482,0.91337,0.91347,1.50,1.13
2013.08.14 17:40:45.810,0.91337,0.91347,2.25,1.13
2013.08.14 17:40:46.360,0.91337,0.91347,2.25,1.13
2013.08.14 17:40:54.340,0.91337,0.91347,1.50,1.13
2013.08.14 17:40:54.879,0.91337,0.91347,2.25,1.13
2013.08.14 17:40:55.192,0.91335,0.91347,2.25,1.88
2013.08.14 17:40:55.551,0.91332,0.91341,1.88,1.50
2013.08.14 17:40:56.289,0.91328,0.9134,3.19,1.13
2013.08.14 17:40:56.411,0.91331,0.91341,1.50,1.88
2013.08.14 17:40:57.060,0.91331,0.91342,2.25,1.88
2013.08.14 17:40:57.361,0.91333,0.91343,2.63,1.13
2013.08.14 17:40:57.909,0.91333,0.91343,1.88,1.13
2013.08.14 17:41:03.241,0.91333,0.91343,1.13,1.13
2013.08.14 17:41:04.192,0.91333,0.91345,2.63,1.13
2013.08.14 17:41:04.309,0.91334,0.91345,1.50,1.13
2013.08.14 17:41:05.549,0.91333,0.91344,1.13,1.13
2013.08.14 17:41:10.739,0.91334,0.91346,1.50,1.13
2013.08.14 17:41:15.879,0.91335,0.91347,1.50,2.63
2013.08.14 17:41:16.299,0.91336,0.91348,2.63,1.88
2013.08.14 17:41:16.660,0.91338,0.91348,1.13,1.50
2013.08.14 17:41:17.020,0.91343,0.91353,1.13,1.13
2013.08.14 17:41:17.079,0.91343,0.91355,1.69,2.63
2013.08.14 17:41:17.619,0.91343,0.91356,3.19,1.13
2013.08.14 17:41:18.519,0.91344,0.91356,1.50,1.13
2013.08.14 17:41:20.030,0.91344,0.91356,1.50,1.13
2013.08.14 17:41:20.091,0.91343,0.91353,2.44,1.50
2013.08.14 17:41:20.151,0.91343,0.91353,1.32,1.88
2013.08.14 17:41:26.932,0.91342,0.91352,1.13,1.13
2013.08.14 17:41:30.040,0.91342,0.91352,1.13,1.13
2013.08.14 17:41:30.649,0.91342,0.91352,1.13,1.13
2013.08.14 17:41:31.201,0.91341,0.91353,2.25,3.38
2013.08.14 17:41:31.745,0.91341,0.91352,2.07,1.13
2013.08.14 17:41:34.942,0.91339,0.9135,1.69,1.13
2013.08.14 17:41:35.239,0.91336,0.91348,1.50,1.88
2013.08.14 17:41:35.740,0.91334,0.91346,2.07,1.50
2013.08.14 17:41:37.700,0.91335,0.91346,1.32,1.50
2013.08.14 17:41:38.250,0.91335,0.91346,1.32,1.50
2013.08.14 17:41:38.829,0.91335,0.91346,1.32,1.50
2013.08.14 17:41:38.949,0.91333,0.91346,1.50,3.00
2013.08.14 17:41:39.010,0.91333,0.91341,1.13,1.50
2013.08.14 17:41:39.250,0.91329,0.91341,1.88,2.63
2013.08.14 17:41:39.309,0.91328,0.91339,2.82,1.88
2013.08.14 17:41:39.670,0.91326,0.91339,2.63,1.50
2013.08.14 17:41:40.260,0.91326,0.91337,1.50,1.13
2013.08.14 17:41:42.119,0.91326,0.91337,1.50,1.13
2013.08.14 17:41:42.779,0.91326,0.91337,1.50,1.13
2013.08.14 17:41:49.139,0.91326,0.91337,1.50,1.88
2013.08.14 17:41:49.679,0.91325,0.91337,3.00,1.88
2013.08.14 17:41:51.299,0.91325,0.91336,1.50,1.13
2013.08.14 17:41:57.027,0.91324,0.91336,2.44,1.13
2013.08.14 17:41:57.149,0.91323,0.91335,6.57,1.50
2013.08.14 17:41:57.450,0.91324,0.91335,1.13,1.50
2013.08.14 17:41:57.690,0.91324,0.91335,2.25,1.50
2013.08.14 17:41:58.240,0.91325,0.91337,1.50,1.88
2013.08.14 17:41:58.299,0.91325,0.91337,2.25,1.13
2013.08.14 17:41:58.660,0.91329,0.91338,1.50,1.88
2013.08.14 17:41:59.199,0.91328,0.91338,1.50,2.63
2013.08.14 17:41:59.919,0.91328,0.91338,1.50,1.13
2013.08.14 17:42:00.609,0.91326,0.91338,3.38,1.13
2013.08.14 17:42:03.131,0.91327,0.91338,1.50,1.13
2013.08.14 17:42:03.490,0.91333,0.91342,1.13,1.88
2013.08.14 17:42:03.912,0.91335,0.91347,1.50,1.13
2013.08.14 17:42:05.291,0.91335,0.91347,2.25,1.13
2013.08.14 17:42:05.872,0.91335,0.91347,2.25,1.13
2013.08.14 17:42:06.373,0.91335,0.91347,2.25,1.13
2013.08.14 17:42:06.930,0.91335,0.91347,2.25,1.13
2013.08.14 17:42:08.030,0.91335,0.91347,2.25,1.13
2013.08.14 17:42:08.539,0.91335,0.91347,2.25,1.13
2013.08.14 17:42:08.920,0.91335,0.91344,2.25,1.13
2013.08.14 17:42:08.981,0.91335,0.91344,1.50,1.50
2013.08.14 17:42:09.099,0.91333,0.91343,1.50,1.13
2013.08.14 17:42:09.643,0.91331,0.91341,1.88,1.50
2013.08.14 17:42:10.011,0.91332,0.91343,2.63,1.13
2013.08.14 17:42:10.309,0.91334,0.91344,1.50,1.13
2013.08.14 17:42:11.293,0.91334,0.91344,1.50,1.88
2013.08.14 17:42:11.360,0.91334,0.91344,1.50,2.25
2013.08.14 17:42:11.540,0.91331,0.91338,1.69,1.50
2013.08.14 17:42:11.721,0.91326,0.91337,2.44,1.88
2013.08.14 17:42:11.960,0.91325,0.91337,3.38,1.88
2013.08.14 17:42:13.899,0.91326,0.91337,1.50,1.13
2013.08.14 17:42:14.909,0.91326,0.91338,2.25,3.00
2013.08.14 17:42:16.589,0.91326,0.91338,3.57,1.88
2013.08.14 17:42:17.540,0.91326,0.91338,2.82,3.00
2013.08.14 17:42:33.231,0.91325,0.91337,1.50,2.63
2013.08.14 17:42:33.350,0.91324,0.91336,2.07,1.13
2013.08.14 17:42:34.016,0.91324,0.91336,2.07,1.13
2013.08.14 17:42:35.090,0.91324,0.91336,2.07,1.13
2013.08.14 17:42:36.279,0.91324,0.91336,1.32,1.88
2013.08.14 17:42:36.402,0.91324,0.91336,2.07,1.13
2013.08.14 17:42:36.579,0.91324,0.91335,1.32,1.50
2013.08.14 17:42:36.942,0.91324,0.91332,1.32,1.88
2013.08.14 17:42:37.300,0.91318,0.91327,2.25,1.88
2013.08.14 17:42:37.694,0.91317,0.91328,1.50,3.00
2013.08.14 17:42:37.820,0.91316,0.91328,1.13,3.00
2013.08.14 17:42:46.302,0.91316,0.91327,1.50,1.88
2013.08.14 17:42:46.360,0.91317,0.91327,1.13,1.88
2013.08.14 17:42:46.540,0.91322,0.9133,1.32,1.50
2013.08.14 17:42:46.780,0.91322,0.91334,1.69,2.63
2013.08.14 17:42:47.329,0.91323,0.91336,1.69,1.88
2013.08.14 17:42:50.390,0.91324,0.91336,1.50,1.88
2013.08.14 17:42:50.929,0.91324,0.91336,1.50,1.88
2013.08.14 17:42:51.549,0.91324,0.91336,1.50,1.88
2013.08.14 17:43:02.579,0.91324,0.91336,2.44,1.88
2013.08.14 17:43:24.756,0.91325,0.91337,1.69,2.63
2013.08.14 17:43:25.917,0.91329,0.91337,1.50,1.13
2013.08.14 17:43:26.041,0.91331,0.9134,1.50,2.25
2013.08.14 17:43:26.280,0.91332,0.91342,2.44,1.50
2013.08.14 17:43:26.340,0.91333,0.91344,1.32,2.25
2013.08.14 17:43:26.819,0.91334,0.91346,2.63,1.13
2013.08.14 17:43:27.719,0.91335,0.91347,1.88,1.88
2013.08.14 17:43:29.940,0.91335,0.91347,2.63,2.25
2013.08.14 17:43:31.030,0.91336,0.91347,1.13,1.50
2013.08.14 17:43:37.509,0.91336,0.91348,1.88,2.25
2013.08.14 17:43:38.060,0.91336,0.91348,1.13,3.00
2013.08.14 17:43:57.129,0.91335,0.91347,2.82,1.88
2013.08.14 17:43:57.649,0.91335,0.91348,3.57,2.25
2013.08.14 17:43:57.710,0.91337,0.91348,4.58,1.50
2013.08.14 17:43:57.770,0.91339,0.9135,1.13,3.00
2013.08.14 17:43:57.950,0.91342,0.9135,1.13,2.25
2013.08.14 17:43:58.189,0.91343,0.91355,2.44,1.13
2013.08.14 17:43:58.731,0.91343,0.91356,2.82,1.88
2013.08.14 17:44:01.040,0.91344,0.91356,1.69,1.13
2013.08.14 17:44:01.719,0.91344,0.91356,1.69,1.13
2013.08.14 17:44:03.439,0.91344,0.91356,1.69,2.63
2013.08.14 17:44:04.399,0.91343,0.91355,2.82,1.88
2013.08.14 17:44:05.727,0.91343,0.91355,2.82,1.13
2013.08.14 17:44:08.779,0.91343,0.91355,2.44,1.88
2013.08.14 17:44:14.320,0.91342,0.91354,3.94,1.13
2013.08.14 17:44:14.620,0.91338,0.91348,1.32,1.13
2013.08.14 17:44:15.160,0.91337,0.91348,1.69,1.13
2013.08.14 17:44:16.410,0.91336,0.91348,3.57,1.13
2013.08.14 17:44:17.117,0.91336,0.91348,4.32,1.13
2013.08.14 17:44:17.660,0.91336,0.91348,2.44,1.50
2013.08.14 17:44:19.119,0.91336,0.91348,2.44,2.25
2013.08.14 17:44:21.389,0.91336,0.91348,1.50,3.00
2013.08.14 17:44:24.319,0.91335,0.91347,2.63,2.63
2013.08.14 17:44:26.780,0.91336,0.91348,1.69,3.38
2013.08.14 17:44:27.380,0.91335,0.91347,3.57,3.38
2013.08.14 17:44:27.887,0.91335,0.91346,2.82,2.25
2013.08.14 17:44:28.251,0.91333,0.91344,3.19,1.13
2013.08.14 17:44:29.230,0.91334,0.91344,1.69,1.50
2013.08.14 17:44:45.561,0.91334,0.91346,2.25,1.88
2013.08.14 17:44:46.120,0.91336,0.91346,1.50,1.88
2013.08.14 17:44:46.721,0.91336,0.91346,1.50,1.88
2013.08.14 17:44:50.780,0.91335,0.91346,1.50,1.88
2013.08.14 17:44:51.384,0.91335,0.91345,1.50,1.13
2013.08.14 17:44:51.450,0.91333,0.91345,2.82,1.88
2013.08.14 17:44:52.320,0.91333,0.91345,2.82,1.13
2013.08.14 17:44:57.721,0.91333,0.91345,2.82,1.88
2013.08.14 17:44:59.290,0.91333,0.91345,2.82,1.13
2013.08.14 17:45:00.910,0.91333,0.91345,2.82,1.88
2013.08.14 17:45:02.222,0.91333,0.91341,1.69,1.50
2013.08.14 17:45:02.341,0.9133,0.91341,1.69,1.88
2013.08.14 17:45:02.401,0.9133,0.91338,1.69,1.88
2013.08.14 17:45:02.581,0.91328,0.91337,1.50,1.13
2013.08.14 17:45:02.881,0.91324,0.91336,1.69,1.13
2013.08.14 17:45:02.941,0.91323,0.91333,2.44,1.13
2013.08.14 17:45:03.120,0.91322,0.91333,2.44,1.13
2013.08.14 17:45:03.181,0.91323,0.91333,1.50,1.88
2013.08.14 17:45:03.541,0.91322,0.91328,1.50,1.50
2013.08.14 17:45:03.722,0.91318,0.91327,1.50,1.13
2013.08.14 17:45:03.901,0.91316,0.91327,3.19,1.13
2013.08.14 17:45:04.440,0.91316,0.91328,2.44,1.50
2013.08.14 17:45:05.658,0.91316,0.91328,2.25,1.50
2013.08.14 17:45:07.461,0.91317,0.91327,1.50,1.88
2013.08.14 17:45:07.971,0.91317,0.91327,1.50,1.13
2013.08.14 17:45:08.582,0.91317,0.91328,2.63,1.13
2013.08.14 17:45:08.761,0.91322,0.91329,1.50,1.13
2013.08.14 17:45:08.881,0.91322,0.91333,1.50,3.00
2013.08.14 17:45:09.420,0.91322,0.91333,2.25,1.50
2013.08.14 17:45:14.300,0.91322,0.91333,2.25,2.25
2013.08.14 17:45:14.480,0.9132,0.91331,2.44,1.13
2013.08.14 17:45:14.726,0.9132,0.91328,2.44,1.13
2013.08.14 17:45:15.790,0.91318,0.91328,2.25,1.13
2013.08.14 17:45:16.271,0.91317,0.91327,3.00,1.13
2013.08.14 17:45:17.760,0.91317,0.91328,1.50,2.25
2013.08.14 17:45:20.911,0.91317,0.91328,1.50,3.00
2013.08.14 17:45:22.080,0.91319,0.91328,1.50,2.25
2013.08.14 17:45:22.440,0.91321,0.91332,1.50,1.13
2013.08.14 17:45:22.500,0.91321,0.91332,1.50,1.13
2013.08.14 17:45:22.560,0.91322,0.91333,1.50,1.50
2013.08.14 17:45:23.110,0.91323,0.91335,1.50,1.50
2013.08.14 17:45:27.780,0.91322,0.91333,1.50,1.50
2013.08.14 17:45:28.090,0.91319,0.91328,1.50,1.13
2013.08.14 17:45:29.290,0.91319,0.91328,2.25,1.50
2013.08.14 17:45:32.790,0.91318,0.91328,2.25,1.50
2013.08.14 17:45:33.531,0.91317,0.91328,2.25,1.50
2013.08.14 17:45:38.020,0.91318,0.91329,1.50,3.00
2013.08.14 17:45:40.500,0.91319,0.91329,1.50,3.00
2013.08.14 17:45:41.231,0.91317,0.91328,1.50,1.50
2013.08.14 17:45:41.772,0.91317,0.91326,1.50,1.50
2013.08.14 17:45:42.316,0.91317,0.91327,1.50,3.00
2013.08.14 17:45:49.763,0.91316,0.91326,1.50,1.13
2013.08.14 17:45:49.942,0.91315,0.91322,0.20,1.50
2013.08.14 17:45:50.063,0.91315,0.91322,0.20,1.88
2013.08.14 17:45:50.541,0.91315,0.91317,0.20,1.88
2013.08.14 17:45:53.010,0.91315,0.91316,0.20,4.50
2013.08.14 17:45:53.311,0.91315,0.91316,0.20,10.13
2013.08.14 17:45:53.374,0.91298,0.91307,1.88,1.05
2013.08.14 17:45:53.492,0.91298,0.91307,1.50,1.05
2013.08.14 17:45:54.032,0.91296,0.91307,1.50,2.55
2013.08.14 17:45:54.523,0.91293,0.91305,2.82,1.88
2013.08.14 17:45:54.701,0.91295,0.91307,1.32,3.38
2013.08.14 17:45:55.240,0.91297,0.91307,2.70,1.50
2013.08.14 17:45:55.601,0.91299,0.91312,2.25,1.88
2013.08.14 17:45:55.841,0.91301,0.91313,2.25,1.88
2013.08.14 17:45:55.901,0.91301,0.91313,2.25,1.88
2013.08.14 17:45:56.080,0.91301,0.9131,1.50,1.13
2013.08.14 17:45:56.262,0.91296,0.91308,2.44,1.88
2013.08.14 17:45:56.562,0.91295,0.91306,1.13,2.25
2013.08.14 17:45:57.109,0.91295,0.91305,1.13,1.50
2013.08.14 17:45:57.630,0.91295,0.91305,1.13,1.50
2013.08.14 17:45:58.410,0.91294,0.91305,1.13,1.50
2013.08.14 17:45:58.960,0.91294,0.91306,1.88,2.63
2013.08.14 17:46:00.570,0.91295,0.91307,2.63,4.13
2013.08.14 17:46:01.110,0.91295,0.91307,3.38,2.63
2013.08.14 17:46:01.650,0.91295,0.91307,3.38,1.50
2013.08.14 17:46:02.030,0.91296,0.91308,2.63,1.88
2013.08.14 17:46:02.570,0.91299,0.91311,1.50,1.88
2013.08.14 17:46:04.100,0.91298,0.91311,3.00,1.13
2013.08.14 17:46:04.460,0.91296,0.91308,1.32,3.38
2013.08.14 17:46:05.250,0.91297,0.91308,1.13,3.38
2013.08.14 17:46:05.792,0.91297,0.91308,1.13,1.88
2013.08.14 17:46:07.550,0.91295,0.91307,1.32,1.50
2013.08.14 17:46:07.801,0.91292,0.91304,4.69,3.00
2013.08.14 17:46:08.340,0.91292,0.91304,2.44,2.63
2013.08.14 17:46:09.020,0.91292,0.91304,2.07,2.63
2013.08.14 17:46:10.050,0.91293,0.91304,1.32,1.50
2013.08.14 17:46:13.300,0.91292,0.91304,2.07,2.63
2013.08.14 17:46:15.081,0.91293,0.91304,1.13,1.50
2013.08.14 17:46:16.249,0.91292,0.91304,2.07,1.88
2013.08.14 17:46:17.152,0.91292,0.91304,3.19,1.88
2013.08.14 17:46:18.310,0.91293,0.91305,1.88,1.88
2013.08.14 17:46:18.792,0.91292,0.91304,1.88,1.13
2013.08.14 17:46:25.461,0.91292,0.91304,2.25,1.88
2013.08.14 17:46:26.500,0.91292,0.91304,1.88,1.13
2013.08.14 17:46:27.582,0.91294,0.91305,2.44,2.25
2013.08.14 17:46:27.892,0.913,0.91306,1.50,1.50
2013.08.14 17:46:28.071,0.91301,0.91311,1.13,1.50
2013.08.14 17:46:28.251,0.91302,0.91313,1.13,1.88
2013.08.14 17:46:28.802,0.91302,0.91313,1.13,1.13
2013.08.14 17:46:29.520,0.91302,0.91314,1.50,2.25
2013.08.14 17:46:30.060,0.91302,0.91313,1.88,1.13
2013.08.14 17:46:30.660,0.91302,0.91313,1.88,1.13
2013.08.14 17:46:31.200,0.91302,0.91314,1.88,2.63
2013.08.14 17:46:31.620,0.91302,0.91313,1.13,1.13
2013.08.14 17:46:31.981,0.91298,0.9131,1.32,3.38
2013.08.14 17:46:32.530,0.91298,0.91309,1.69,1.13
2013.08.14 17:46:38.261,0.91299,0.91309,1.50,1.13
2013.08.14 17:46:38.500,0.91302,0.91312,2.07,1.88
2013.08.14 17:46:38.561,0.91302,0.91313,2.07,1.13
2013.08.14 17:46:39.090,0.91302,0.91313,1.32,1.13
2013.08.14 17:46:40.330,0.91302,0.91313,1.32,1.13
2013.08.14 17:46:41.270,0.91302,0.91313,2.07,1.13
2013.08.14 17:46:41.710,0.91302,0.91314,2.07,1.88
2013.08.14 17:46:42.960,0.91303,0.91315,1.88,2.63
2013.08.14 17:46:43.520,0.91303,0.91315,1.50,1.13
2013.08.14 17:46:43.882,0.91303,0.91315,1.50,1.13
2013.08.14 17:46:44.420,0.91303,0.91315,1.88,1.88
2013.08.14 17:46:44.780,0.91303,0.91315,1.50,1.88
2013.08.14 17:46:44.840,0.91303,0.91315,1.88,1.88
2013.08.14 17:46:45.080,0.91302,0.91314,3.57,1.13
2013.08.14 17:46:47.160,0.91303,0.91314,1.13,1.50
2013.08.14 17:46:51.840,0.91303,0.91311,1.13,1.50
2013.08.14 17:46:52.141,0.91294,0.91304,1.50,1.50
2013.08.14 17:46:52.204,0.91293,0.91304,1.32,1.50
2013.08.14 17:46:54.821,0.91293,0.91305,1.32,1.88
2013.08.14 17:46:54.941,0.91293,0.91303,1.32,1.13
2013.08.14 17:46:55.300,0.9129,0.91301,1.88,2.25
2013.08.14 17:46:56.821,0.91291,0.91301,1.13,2.25
2013.08.14 17:47:03.910,0.9129,0.91299,1.13,1.50
2013.08.14 17:47:04.883,0.91291,0.913,1.13,2.25
2013.08.14 17:47:05.420,0.9129,0.913,1.50,1.88
2013.08.14 17:47:09.512,0.91291,0.913,1.13,2.25
2013.08.14 17:47:09.931,0.91288,0.913,3.00,2.82
2013.08.14 17:47:10.050,0.91288,0.91299,3.00,1.13
2013.08.14 17:47:10.410,0.91288,0.913,1.88,1.88
2013.08.14 17:47:14.159,0.91289,0.91299,1.13,1.50
2013.08.14 17:47:14.340,0.91287,0.91297,1.50,1.13
2013.08.14 17:47:14.399,0.91285,0.91297,2.25,1.13
2013.08.14 17:47:14.520,0.91284,0.91296,1.88,1.13
2013.08.14 17:47:18.059,0.91284,0.91296,1.13,3.38
2013.08.14 17:47:22.100,0.91287,0.91296,1.13,3.38
2013.08.14 17:47:22.460,0.91285,0.91296,1.50,1.13
2013.08.14 17:47:22.520,0.91286,0.91298,1.88,1.88
2013.08.14 17:47:23.131,0.91286,0.91298,1.50,1.50
2013.08.14 17:47:23.708,0.91286,0.91298,2.63,1.88
2013.08.14 17:47:24.010,0.91285,0.91296,1.13,1.50
2013.08.14 17:47:30.969,0.91286,0.91298,1.88,4.50
2013.08.14 17:47:31.642,0.91286,0.91298,2.25,2.25
2013.08.14 17:47:32.000,0.91289,0.91302,1.13,3.00
2013.08.14 17:47:32.510,0.9129,0.913,2.25,1.13
2013.08.14 17:47:34.769,0.91291,0.91302,1.50,2.63
2013.08.14 17:47:35.499,0.9129,0.91299,2.25,1.13
2013.08.14 17:47:37.720,0.91291,0.913,1.13,2.25
2013.08.14 17:47:38.240,0.91291,0.91301,1.13,2.25
2013.08.14 17:47:38.779,0.91289,0.913,2.25,1.13
2013.08.14 17:47:39.520,0.9129,0.91298,1.13,1.50
2013.08.14 17:47:39.820,0.91284,0.91293,1.50,1.88
2013.08.14 17:47:39.941,0.9128,0.91292,1.13,2.25
2013.08.14 17:47:40.634,0.91282,0.91292,1.50,2.25
2013.08.14 17:47:40.820,0.91284,0.91292,1.88,1.50
2013.08.14 17:47:41.060,0.91286,0.91296,1.88,1.50
2013.08.14 17:47:42.880,0.91286,0.91295,2.63,1.13
2013.08.14 17:47:43.240,0.91282,0.91292,1.13,1.50
2013.08.14 17:47:46.051,0.91281,0.91292,1.88,2.25
2013.08.14 17:47:48.384,0.91281,0.9129,2.63,1.50
2013.08.14 17:47:48.690,0.91279,0.91288,2.44,1.50
2013.08.14 17:47:49.660,0.91278,0.91286,2.25,1.50
2013.08.14 17:47:49.779,0.91276,0.91285,2.44,1.50
2013.08.14 17:47:50.200,0.91274,0.91283,2.07,1.50
2013.08.14 17:47:50.561,0.91273,0.91283,1.50,1.13
2013.08.14 17:47:50.620,0.91272,0.91283,2.63,1.88
2013.08.14 17:47:51.930,0.91272,0.91283,3.38,1.88
2013.08.14 17:47:52.240,0.91272,0.91283,2.63,1.88
2013.08.14 17:47:52.300,0.91272,0.91283,2.63,2.63
2013.08.14 17:47:52.600,0.91274,0.91286,2.82,1.88
2013.08.14 17:47:53.227,0.91275,0.91286,2.44,1.13
2013.08.14 17:47:53.899,0.91275,0.91286,2.82,1.50
2013.08.14 17:47:54.441,0.91275,0.91286,2.07,1.50
2013.08.14 17:47:58.341,0.91274,0.91284,2.44,1.50
2013.08.14 17:47:58.520,0.91273,0.91283,1.50,1.13
2013.08.14 17:47:59.057,0.91272,0.91283,2.25,1.50
2013.08.14 17:48:03.950,0.91272,0.91284,3.00,2.25
2013.08.14 17:48:04.010,0.91273,0.91284,2.44,1.13
2013.08.14 17:48:04.745,0.91273,0.91285,3.19,1.13
2013.08.14 17:48:05.920,0.91275,0.91285,1.50,1.13
2013.08.14 17:48:07.030,0.91277,0.91287,1.13,1.13
2013.08.14 17:48:08.459,0.91276,0.91286,2.25,1.13
2013.08.14 17:48:09.000,0.91275,0.91286,1.50,1.88
2013.08.14 17:48:09.559,0.91276,0.91286,2.63,1.13
2013.08.14 17:48:09.863,0.91279,0.9129,1.50,1.88
2013.08.14 17:48:10.410,0.91281,0.91291,1.32,1.13
2013.08.14 17:48:10.710,0.91281,0.91292,1.32,1.88
2013.08.14 17:48:10.829,0.91281,0.91292,1.32,1.88
2013.08.14 17:48:11.370,0.91281,0.91292,1.32,2.63
2013.08.14 17:48:11.699,0.91281,0.91292,1.32,2.63
2013.08.14 17:48:15.261,0.91281,0.91291,2.63,1.13
2013.08.14 17:48:16.781,0.91281,0.91292,1.88,2.63
2013.08.14 17:48:22.239,0.91281,0.91292,6.19,1.50
2013.08.14 17:48:22.360,0.91283,0.91293,1.69,1.88
2013.08.14 17:48:22.540,0.91284,0.91295,2.25,1.13
2013.08.14 17:48:22.780,0.91287,0.91298,4.50,3.00
2013.08.14 17:48:23.082,0.91291,0.91299,1.50,1.13
2013.08.14 17:48:23.440,0.91292,0.91303,1.88,2.63
2013.08.14 17:48:23.740,0.91297,0.91305,2.25,1.88
2013.08.14 17:48:24.041,0.91297,0.91307,4.50,1.13
2013.08.14 17:48:24.219,0.91297,0.91308,4.50,2.25
2013.08.14 17:48:24.760,0.91298,0.91308,1.50,1.50
2013.08.14 17:48:25.000,0.91298,0.91308,1.50,1.50
2013.08.14 17:48:25.311,0.91298,0.91305,1.50,1.50
2013.08.14 17:48:26.530,0.91298,0.91305,1.13,1.50
2013.08.14 17:48:26.830,0.91293,0.913,1.69,1.13
2013.08.14 17:48:27.010,0.91289,0.913,2.63,1.88
2013.08.14 17:48:27.130,0.91288,0.91299,1.13,2.63
2013.08.14 17:48:27.309,0.91288,0.91298,1.13,1.50
2013.08.14 17:48:27.849,0.91285,0.91297,1.50,1.88
2013.08.14 17:48:29.721,0.91287,0.91297,1.13,2.63
2013.08.14 17:48:30.620,0.91284,0.91296,5.25,2.63
2013.08.14 17:48:31.160,0.91284,0.91296,5.25,2.63
2013.08.14 17:48:32.539,0.91285,0.91296,1.13,1.13
2013.08.14 17:48:34.820,0.91286,0.91297,1.13,1.88
2013.08.14 17:48:35.180,0.91293,0.91304,1.88,1.13
2013.08.14 17:48:35.480,0.91295,0.91306,1.88,1.32
2013.08.14 17:48:35.600,0.91295,0.91307,3.00,1.13
2013.08.14 17:48:36.151,0.91296,0.91308,2.63,1.50
2013.08.14 17:48:36.339,0.91296,0.91308,2.25,2.25
2013.08.14 17:48:39.221,0.91295,0.91306,2.25,1.13
2013.08.14 17:48:39.779,0.91294,0.91306,3.00,1.88
2013.08.14 17:48:41.969,0.91295,0.91306,3.00,1.13
2013.08.14 17:48:44.778,0.91295,0.91307,5.63,1.88
2013.08.14 17:48:45.821,0.91295,0.91306,3.75,1.13
2013.08.14 17:48:46.329,0.91295,0.91306,3.75,1.13
2013.08.14 17:48:47.930,0.91294,0.91306,2.25,2.63
2013.08.14 17:48:48.457,0.91294,0.91305,1.13,1.88
2013.08.14 17:48:51.870,0.91294,0.91306,4.13,1.88
2013.08.14 17:48:52.230,0.91294,0.91306,4.88,2.63
2013.08.14 17:49:03.010,0.91295,0.91306,1.13,1.88
2013.08.14 17:49:03.790,0.91295,0.91307,3.38,1.88
2013.08.14 17:49:04.091,0.91302,0.91312,2.63,1.50
2013.08.14 17:49:04.210,0.91302,0.91313,3.38,1.88
2013.08.14 17:49:04.630,0.91303,0.91315,1.13,2.07
2013.08.14 17:49:05.789,0.91302,0.91315,4.50,1.88
2013.08.14 17:49:06.300,0.91303,0.91316,2.63,1.13
2013.08.14 17:49:06.923,0.91304,0.91316,1.13,1.13
2013.08.14 17:49:07.520,0.91303,0.91316,3.38,1.13
2013.08.14 17:49:08.220,0.91304,0.91316,1.50,1.13
2013.08.14 17:49:21.519,0.91303,0.91315,1.88,1.88
2013.08.14 17:49:22.210,0.91305,0.91315,1.50,1.13
2013.08.14 17:49:22.330,0.91306,0.91315,1.13,1.13
2013.08.14 17:49:22.691,0.91308,0.91317,1.50,1.13
2013.08.14 17:49:23.230,0.91309,0.91317,1.50,1.13
2013.08.14 17:49:24.670,0.91307,0.91317,4.88,1.13
2013.08.14 17:49:25.230,0.91309,0.91317,1.50,1.13
2013.08.14 17:49:28.560,0.91309,0.91317,1.50,1.13
2013.08.14 17:49:29.550,0.91307,0.91318,3.00,3.75
2013.08.14 17:49:30.090,0.91308,0.91317,2.25,1.88
2013.08.14 17:49:30.640,0.91307,0.91318,1.13,3.75
2013.08.14 17:49:34.810,0.91306,0.91317,3.00,1.50
2013.08.14 17:49:35.121,0.91306,0.91318,3.00,3.75
2013.08.14 17:49:35.731,0.91307,0.91318,1.50,3.75
2013.08.14 17:49:41.872,0.91307,0.91317,3.00,1.50
2013.08.14 17:49:42.430,0.91308,0.91317,2.25,1.13
2013.08.14 17:49:46.550,0.91308,0.91317,2.25,1.13
2013.08.14 17:50:00.550,0.91308,0.91318,1.88,3.00
2013.08.14 17:50:00.733,0.91309,0.91319,1.50,1.88
2013.08.14 17:50:00.851,0.91311,0.91321,3.75,1.32
2013.08.14 17:50:01.092,0.91314,0.91325,1.50,1.13
2013.08.14 17:50:01.519,0.91315,0.91327,1.88,1.32
2013.08.14 17:50:04.522,0.91315,0.91327,2.63,1.32
2013.08.14 17:50:04.710,0.91317,0.91328,1.13,2.07
2013.08.14 17:50:05.010,0.91316,0.91328,1.50,3.75
2013.08.14 17:50:05.550,0.91315,0.91327,3.38,1.88
2013.08.14 17:50:07.551,0.91315,0.91326,1.50,1.13
2013.08.14 17:50:10.141,0.91314,0.91326,1.88,1.13
2013.08.14 17:50:10.202,0.91314,0.91326,1.50,1.13
2013.08.14 17:50:10.324,0.91313,0.91322,1.69,1.13
2013.08.14 17:50:10.861,0.91311,0.91323,1.13,1.58
2013.08.14 17:50:10.981,0.91309,0.9132,2.07,1.50
2013.08.14 17:50:11.040,0.91309,0.9132,1.69,1.88
2013.08.14 17:50:11.520,0.91307,0.91318,2.25,1.50
2013.08.14 17:50:15.570,0.91307,0.91318,1.88,1.13
2013.08.14 17:50:15.870,0.91311,0.91322,1.13,1.13
2013.08.14 17:50:18.951,0.9131,0.9132,2.63,1.50
2013.08.14 17:50:19.130,0.91308,0.9132,2.63,1.88
2013.08.14 17:50:19.660,0.91307,0.91319,4.32,1.50
2013.08.14 17:50:19.840,0.91306,0.91318,4.13,1.50
2013.08.14 17:50:20.079,0.91306,0.91318,2.63,1.13
2013.08.14 17:50:22.060,0.91307,0.91318,1.13,1.13
2013.08.14 17:50:22.621,0.91306,0.91318,3.38,1.50
2013.08.14 17:50:23.149,0.91306,0.91318,1.88,2.25
2013.08.14 17:50:23.660,0.91306,0.91318,1.88,3.38
2013.08.14 17:50:24.679,0.91306,0.91318,1.88,3.75
2013.08.14 17:50:30.879,0.91306,0.91318,3.38,2.25
2013.08.14 17:50:31.290,0.91306,0.91318,3.38,1.88
2013.08.14 17:50:31.821,0.91306,0.91318,3.38,2.25
2013.08.14 17:50:37.100,0.91306,0.91318,3.38,1.88
2013.08.14 17:50:45.130,0.91307,0.91318,1.13,1.88
2013.08.14 17:50:47.741,0.91306,0.91318,4.50,1.88
2013.08.14 17:50:47.860,0.91307,0.91318,1.13,1.88
2013.08.14 17:50:47.920,0.91308,0.91319,1.50,1.50
2013.08.14 17:50:48.040,0.91309,0.91321,1.13,3.38
2013.08.14 17:50:48.350,0.91309,0.91321,1.13,2.25
2013.08.14 17:50:48.410,0.91309,0.91321,1.13,2.63
2013.08.14 17:50:49.067,0.91309,0.9132,1.88,1.50
2013.08.14 17:50:49.880,0.9131,0.9132,1.13,1.50
2013.08.14 17:50:50.000,0.9131,0.91322,1.88,2.25
2013.08.14 17:50:50.060,0.9131,0.91322,1.50,2.63
2013.08.14 17:50:50.121,0.91311,0.91322,1.13,1.13
2013.08.14 17:50:50.660,0.9131,0.91322,2.25,1.88
2013.08.14 17:50:51.020,0.91309,0.9132,1.88,1.50
2013.08.14 17:50:51.591,0.91309,0.91319,1.50,1.13
2013.08.14 17:50:52.030,0.9131,0.9132,1.50,1.50
2013.08.14 17:50:52.150,0.9131,0.91322,1.13,2.25
2013.08.14 17:50:52.690,0.91313,0.91324,1.50,1.88
2013.08.14 17:50:52.811,0.91314,0.91326,1.13,1.88
2013.08.14 17:50:53.265,0.91313,0.91325,1.50,2.63
2013.08.14 17:50:53.811,0.91312,0.91323,1.13,2.63
2013.08.14 17:50:54.920,0.9131,0.91322,3.38,4.13
2013.08.14 17:50:55.162,0.91309,0.91319,1.50,1.13
2013.08.14 17:50:55.460,0.91307,0.91318,1.32,1.13
2013.08.14 17:50:55.580,0.91307,0.91318,1.32,1.13
2013.08.14 17:50:56.350,0.91306,0.91318,2.82,1.13
2013.08.14 17:50:56.931,0.91308,0.91318,1.13,1.13
2013.08.14 17:51:00.560,0.91306,0.91318,3.57,1.50
2013.08.14 17:51:04.530,0.91307,0.91318,1.13,1.13
2013.08.14 17:51:07.426,0.91306,0.91318,2.25,1.50
2013.08.14 17:51:09.520,0.91306,0.91318,3.38,1.88
2013.08.14 17:51:09.580,0.91306,0.91318,3.38,1.88
2013.08.14 17:51:12.685,0.91306,0.91318,2.63,2.63
2013.08.14 17:51:16.410,0.91306,0.91318,1.88,3.00
2013.08.14 17:51:17.551,0.91306,0.91317,1.88,1.50
2013.08.14 17:51:18.940,0.91306,0.91317,1.13,1.50
2013.08.14 17:51:19.649,0.91306,0.91318,1.88,3.38
2013.08.14 17:51:21.571,0.91306,0.91318,1.88,3.75
2013.08.14 17:51:21.920,0.91307,0.91318,1.13,3.75
2013.08.14 17:51:22.221,0.91312,0.91319,1.88,1.13
2013.08.14 17:51:22.522,0.91315,0.91327,1.88,1.88
2013.08.14 17:51:23.060,0.91316,0.91328,1.13,2.44
2013.08.14 17:51:23.601,0.91315,0.91327,1.13,1.13
2013.08.14 17:51:23.911,0.91315,0.91327,1.13,1.13
2013.08.14 17:51:24.530,0.91314,0.91327,1.13,1.50
2013.08.14 17:51:25.210,0.91314,0.91326,1.13,2.63
2013.08.14 17:51:25.750,0.91313,0.91325,1.88,1.88
2013.08.14 17:51:26.592,0.91313,0.91325,1.13,2.63
2013.08.14 17:51:26.654,0.91313,0.91325,1.13,3.38
2013.08.14 17:51:26.960,0.91309,0.91322,3.57,3.00
2013.08.14 17:51:27.605,0.91309,0.91321,2.63,1.50
2013.08.14 17:51:29.230,0.9131,0.91321,1.13,2.25
2013.08.14 17:51:34.560,0.9131,0.91321,1.13,1.50
2013.08.14 17:51:35.152,0.91309,0.9132,2.25,1.88
2013.08.14 17:51:37.230,0.91309,0.91321,4.13,1.88
2013.08.14 17:51:37.711,0.91312,0.91323,1.13,1.13
2013.08.14 17:51:38.440,0.91312,0.91324,1.88,1.13
2013.08.14 17:51:38.620,0.91312,0.91325,3.00,1.88
2013.08.14 17:51:39.131,0.91313,0.91325,1.13,1.88
2013.08.14 17:51:40.590,0.91313,0.91325,2.63,1.13
2013.08.14 17:51:42.270,0.91313,0.91323,1.88,1.50
2013.08.14 17:51:44.363,0.91312,0.91323,3.19,1.50
2013.08.14 17:51:44.721,0.91307,0.91314,2.25,1.13
2013.08.14 17:51:45.081,0.91301,0.91308,1.50,2.63
2013.08.14 17:51:45.632,0.91299,0.91304,1.50,1.50
2013.08.14 17:51:45.751,0.91293,0.91303,1.88,1.50
2013.08.14 17:51:45.870,0.91294,0.91308,1.50,2.63
2013.08.14 17:51:46.052,0.91298,0.91308,1.13,3.38
2013.08.14 17:51:46.293,0.91301,0.9131,1.50,1.50
2013.08.14 17:51:46.356,0.91299,0.9131,1.13,1.50
2013.08.14 17:51:46.912,0.913,0.91311,1.13,3.00
2013.08.14 17:51:49.580,0.91301,0.91311,1.13,1.50
2013.08.14 17:51:50.920,0.91301,0.91311,1.13,1.50
2013.08.14 17:51:51.350,0.91303,0.91312,1.88,1.50
2013.08.14 17:51:51.650,0.91303,0.91313,1.88,1.88
2013.08.14 17:51:52.011,0.91306,0.91313,1.13,1.50
2013.08.14 17:51:52.570,0.91306,0.91314,1.13,1.50
2013.08.14 17:51:53.774,0.91306,0.91318,1.88,1.88
2013.08.14 17:51:53.892,0.91308,0.91319,1.50,1.50
2013.08.14 17:51:54.010,0.91309,0.91321,1.13,2.25
2013.08.14 17:51:54.251,0.91309,0.91319,1.13,1.50
2013.08.14 17:51:54.310,0.91308,0.91319,2.82,1.50
2013.08.14 17:51:54.611,0.91307,0.91317,1.88,1.50
2013.08.14 17:51:55.191,0.91307,0.91318,1.13,1.50
2013.08.14 17:51:55.730,0.91308,0.91318,1.13,1.88
2013.08.14 17:52:00.082,0.91307,0.91317,1.88,1.50
2013.08.14 17:52:00.620,0.91307,0.91318,2.63,1.50
2013.08.14 17:52:01.040,0.91307,0.91317,1.88,1.50
2013.08.14 17:52:01.560,0.91307,0.91318,1.88,2.63
2013.08.14 17:52:01.862,0.91307,0.91315,1.13,1.50
2013.08.14 17:52:02.102,0.91304,0.91313,1.32,1.50
2013.08.14 17:52:02.581,0.91306,0.91315,1.13,2.25
2013.08.14 17:52:04.471,0.91306,0.91312,1.13,1.50
2013.08.14 17:52:04.592,0.91303,0.91313,3.38,1.13
2013.08.14 17:52:04.651,0.91304,0.91315,1.32,1.88
2013.08.14 17:52:04.711,0.91307,0.91315,1.50,1.50
2013.08.14 17:52:04.771,0.91308,0.91318,1.13,1.50
2013.08.14 17:52:05.314,0.91307,0.91319,2.63,1.13
2013.08.14 17:52:05.850,0.91308,0.91319,1.13,1.13
2013.08.14 17:52:07.391,0.91308,0.91318,1.13,1.13
2013.08.14 17:52:07.691,0.91307,0.91316,1.13,1.50
2013.08.14 17:52:07.810,0.91307,0.91317,1.13,1.50
2013.08.14 17:52:08.350,0.91306,0.91318,2.63,2.25
2013.08.14 17:52:13.365,0.91306,0.91318,1.88,3.00
2013.08.14 17:52:13.672,0.91303,0.91315,1.13,1.13
2013.08.14 17:52:13.970,0.91306,0.91317,1.13,3.19
2013.08.14 17:52:14.510,0.91306,0.91318,1.88,3.00
2013.08.14 17:52:16.400,0.91306,0.91313,1.13,1.13
2013.08.14 17:52:16.520,0.91303,0.91313,1.88,1.13
2013.08.14 17:52:17.760,0.91303,0.91313,2.07,1.13
2013.08.14 17:52:19.300,0.91303,0.91313,2.07,1.13
2013.08.14 17:52:20.170,0.91303,0.91314,2.07,1.13
2013.08.14 17:52:20.230,0.91303,0.91315,2.07,1.50
2013.08.14 17:52:20.590,0.91305,0.91317,1.13,2.25
2013.08.14 17:52:21.202,0.91305,0.91318,1.13,4.50
2013.08.14 17:52:21.996,0.91305,0.91317,1.13,1.50
2013.08.14 17:52:23.121,0.91305,0.91316,1.13,1.13
2013.08.14 17:52:23.554,0.91304,0.91313,1.13,1.13
2013.08.14 17:52:24.100,0.91303,0.91313,1.13,1.13
2013.08.14 17:52:26.610,0.91303,0.91313,1.13,1.13
2013.08.14 17:52:33.700,0.91303,0.91315,1.32,3.75
2013.08.14 17:52:33.882,0.91304,0.91316,1.32,2.25
2013.08.14 17:52:34.120,0.91306,0.91318,1.13,3.00
2013.08.14 17:52:36.162,0.91306,0.91318,1.88,3.00
2013.08.14 17:52:43.320,0.91306,0.91318,2.82,3.00
2013.08.14 17:52:43.959,0.91307,0.91318,1.69,2.25
2013.08.14 17:52:44.141,0.9131,0.9132,1.50,1.88
2013.08.14 17:52:44.380,0.91311,0.91321,1.50,2.25
2013.08.14 17:52:44.441,0.91312,0.91323,1.32,1.88
2013.08.14 17:52:44.980,0.91312,0.91324,3.19,1.88
2013.08.14 17:52:45.411,0.91312,0.91323,2.44,1.50
2013.08.14 17:52:45.832,0.91312,0.91321,2.07,1.50
2013.08.14 17:52:46.071,0.91312,0.91323,1.69,1.50
2013.08.14 17:52:46.310,0.91312,0.91321,1.32,1.50
2013.08.14 17:52:46.980,0.91312,0.91318,1.13,1.50
2013.08.14 17:52:47.161,0.91309,0.91317,2.44,1.50
2013.08.14 17:52:47.528,0.91303,0.91313,5.07,1.50
2013.08.14 17:52:48.511,0.91303,0.91312,3.94,1.50
2013.08.14 17:52:48.570,0.91302,0.91311,2.07,1.50
2013.08.14 17:52:49.110,0.913,0.91311,1.69,1.88
2013.08.14 17:52:50.310,0.91302,0.91312,1.13,3.00
2013.08.14 17:52:50.491,0.91303,0.91312,2.07,1.50
2013.08.14 17:52:55.600,0.91302,0.91312,2.07,2.25
2013.08.14 17:52:57.460,0.91302,0.91312,3.94,1.50
2013.08.14 17:52:58.000,0.91303,0.91313,2.07,1.50
2013.08.14 17:53:17.092,0.91305,0.91313,1.50,1.50
2013.08.14 17:53:17.331,0.91307,0.91315,1.69,1.13
2013.08.14 17:53:17.571,0.91306,0.91313,1.69,1.50
2013.08.14 17:53:18.820,0.91304,0.91313,2.44,1.50
2013.08.14 17:53:23.750,0.91303,0.91312,1.88,1.50
2013.08.14 17:53:24.290,0.91302,0.91312,1.88,2.25
2013.08.14 17:53:25.845,0.91302,0.91311,2.63,1.50
2013.08.14 17:53:25.900,0.91307,0.91315,1.13,1.50
2013.08.14 17:53:25.961,0.91307,0.91315,1.50,1.13
2013.08.14 17:53:26.140,0.91307,0.91317,2.44,1.50
2013.08.14 17:53:26.662,0.91307,0.91318,2.82,1.50
2013.08.14 17:53:28.210,0.91307,0.91312,1.32,1.13
2013.08.14 17:53:28.451,0.91302,0.91311,2.82,1.50
2013.08.14 17:53:31.881,0.91302,0.91312,2.25,1.88
2013.08.14 17:53:32.001,0.91307,0.91315,1.13,2.63
2013.08.14 17:53:32.180,0.91307,0.91318,1.13,1.88
2013.08.14 17:53:33.320,0.91307,0.91317,1.13,1.13
2013.08.14 17:53:33.892,0.91306,0.91317,2.07,1.13
2013.08.14 17:53:34.430,0.91305,0.91317,3.57,2.63
2013.08.14 17:53:37.911,0.91305,0.91313,3.57,1.13
2013.08.14 17:53:38.390,0.91303,0.91312,1.13,1.13
2013.08.14 17:53:38.921,0.91303,0.91314,2.63,2.25
2013.08.14 17:53:38.981,0.91307,0.91315,1.88,1.88
2013.08.14 17:53:39.100,0.91307,0.91317,2.25,2.25
2013.08.14 17:53:39.280,0.91308,0.91319,1.13,1.50
2013.08.14 17:53:39.851,0.91307,0.91318,1.88,1.13
2013.08.14 17:54:08.575,0.91308,0.91317,1.69,1.13
2013.08.14 17:54:09.060,0.91304,0.91316,3.57,1.13
2013.08.14 17:54:10.060,0.91305,0.91317,1.32,4.13
2013.08.14 17:54:10.240,0.91305,0.91316,1.32,1.50
2013.08.14 17:54:27.600,0.91305,0.91316,1.50,1.13
2013.08.14 17:54:27.997,0.91309,0.91316,1.50,1.13
2013.08.14 17:54:28.083,0.91313,0.91322,3.19,1.50
2013.08.14 17:54:28.262,0.91315,0.91324,1.13,1.50
2013.08.14 17:54:28.461,0.91315,0.91327,1.13,2.25
2013.08.14 17:54:29.001,0.91316,0.91328,1.13,3.38
2013.08.14 17:54:29.611,0.91316,0.91327,1.13,1.50
2013.08.14 17:54:29.850,0.91314,0.91327,1.32,2.63
2013.08.14 17:54:30.073,0.91314,0.91326,1.32,1.50
2013.08.14 17:54:30.580,0.91314,0.91327,1.32,2.63
2013.08.14 17:54:30.880,0.91315,0.91326,1.13,1.50
2013.08.14 17:54:31.420,0.91315,0.91326,1.88,1.50
2013.08.14 17:54:32.502,0.91315,0.91324,1.13,1.50
2013.08.14 17:54:32.682,0.91313,0.91324,1.32,2.63
2013.08.14 17:54:32.801,0.91312,0.91322,2.07,1.88
2013.08.14 17:54:33.970,0.91312,0.91322,2.07,3.38
2013.08.14 17:54:34.331,0.91311,0.91322,2.07,1.88
2013.08.14 17:54:34.882,0.91312,0.9132,1.13,1.50
2013.08.14 17:54:35.960,0.91312,0.91323,2.25,1.50
2013.08.14 17:54:36.081,0.91313,0.91325,1.88,3.38
2013.08.14 17:54:36.261,0.91314,0.91324,1.13,1.50
2013.08.14 17:54:36.380,0.91314,0.91327,1.13,3.38
2013.08.14 17:54:37.160,0.91315,0.91327,1.13,2.25
2013.08.14 17:54:37.760,0.91315,0.91327,1.13,1.50
2013.08.14 17:54:38.310,0.91316,0.91328,1.32,3.38
2013.08.14 17:54:40.331,0.91316,0.91327,1.32,1.50
2013.08.14 17:54:47.482,0.91316,0.91327,1.32,1.50
2013.08.14 17:54:48.500,0.91316,0.91327,1.32,1.50
2013.08.14 17:54:51.731,0.91316,0.91327,2.07,1.50
2013.08.14 17:54:52.091,0.91323,0.9133,2.82,1.50
2013.08.14 17:54:52.631,0.91323,0.91333,3.57,1.50
2013.08.14 17:54:52.871,0.91323,0.91335,4.32,1.13
2013.08.14 17:54:53.427,0.91323,0.91335,4.32,1.88
2013.08.14 17:54:54.860,0.91323,0.91334,2.44,1.88
2013.08.14 17:54:55.460,0.91322,0.91332,1.13,1.13
2013.08.14 17:54:55.581,0.91321,0.9133,2.07,1.13
2013.08.14 17:54:55.701,0.91321,0.91329,1.69,1.88
2013.08.14 17:54:55.880,0.91318,0.91328,1.69,1.13
2013.08.14 17:54:56.182,0.91317,0.91328,1.69,2.25
2013.08.14 17:54:57.291,0.91314,0.91326,2.07,1.88
2013.08.14 17:55:01.720,0.91315,0.91326,1.32,2.25
2013.08.14 17:55:23.120,0.91314,0.91326,2.07,1.13
2013.08.14 17:55:28.811,0.91314,0.91321,2.07,1.50
2013.08.14 17:55:28.991,0.91311,0.9132,1.88,1.50
2013.08.14 17:55:29.291,0.91309,0.9132,1.13,1.50
2013.08.14 17:55:29.850,0.91308,0.9132,2.63,1.50
2013.08.14 17:55:30.580,0.91308,0.91319,1.50,1.13
2013.08.14 17:55:31.350,0.91312,0.9132,1.13,1.13
2013.08.14 17:55:31.591,0.91314,0.91326,1.13,1.13
2013.08.14 17:55:32.551,0.91313,0.91326,1.13,2.63
2013.08.14 17:55:33.873,0.91314,0.91326,1.13,1.88
2013.08.14 17:55:42.775,0.91314,0.91326,1.88,3.38
2013.08.14 17:55:43.081,0.91314,0.91321,1.13,1.50
2013.08.14 17:55:43.391,0.9131,0.91319,1.50,4.50
2013.08.14 17:55:44.906,0.91314,0.9132,1.88,1.50
2013.08.14 17:55:45.331,0.91312,0.91318,1.88,1.50
2013.08.14 17:55:45.511,0.91314,0.9132,1.13,1.50
2013.08.14 17:55:46.050,0.91314,0.9132,1.13,1.50
2013.08.14 17:55:46.420,0.91314,0.91322,1.13,1.50
2013.08.14 17:55:46.941,0.91314,0.91322,2.63,1.50
2013.08.14 17:55:48.463,0.91312,0.91322,1.13,4.13
2013.08.14 17:55:48.537,0.91309,0.91315,1.32,1.50
2013.08.14 17:55:48.841,0.91308,0.91314,1.50,1.50
2013.08.14 17:55:48.901,0.91307,0.91314,1.13,1.50
2013.08.14 17:55:49.081,0.91305,0.91313,1.50,1.50
2013.08.14 17:55:49.620,0.91303,0.91312,2.63,1.50
2013.08.14 17:55:50.950,0.91303,0.91311,2.63,1.50
2013.08.14 17:55:51.484,0.91303,0.91312,2.63,1.50
2013.08.14 17:55:51.782,0.91303,0.9131,1.50,1.50
2013.08.14 17:55:51.842,0.91303,0.91308,1.50,1.13
2013.08.14 17:55:52.201,0.91295,0.91306,1.32,3.38
2013.08.14 17:55:52.321,0.91296,0.91305,1.32,1.50
2013.08.14 17:55:52.441,0.91295,0.91305,1.32,2.25
2013.08.14 17:55:52.561,0.91295,0.91303,1.32,1.50
2013.08.14 17:55:58.661,0.91294,0.91303,2.07,1.50
2013.08.14 17:56:04.161,0.91295,0.91303,2.07,1.50
2013.08.14 17:56:04.341,0.91297,0.91307,1.13,2.63
2013.08.14 17:56:04.461,0.91296,0.91306,1.69,1.88
2013.08.14 17:56:04.700,0.91295,0.91304,2.82,2.25
2013.08.14 17:56:05.001,0.91294,0.91303,1.13,1.50
2013.08.14 17:56:05.522,0.91292,0.91302,2.82,1.13
2013.08.14 17:56:07.414,0.91294,0.91303,1.13,1.50
2013.08.14 17:56:07.960,0.91293,0.91302,2.07,1.50
2013.08.14 17:56:08.501,0.91293,0.91303,2.07,1.50
2013.08.14 17:56:10.431,0.91297,0.91303,1.13,1.50
2013.08.14 17:56:10.671,0.91295,0.91305,1.50,1.50
2013.08.14 17:56:10.851,0.91295,0.91304,1.50,1.50
2013.08.14 17:56:12.880,0.91295,0.91305,1.50,1.50
2013.08.14 17:56:13.417,0.91294,0.91304,1.88,1.50
2013.08.14 17:56:19.612,0.91295,0.91304,1.13,1.50
2013.08.14 17:56:19.853,0.91297,0.91306,1.13,1.88
2013.08.14 17:56:19.971,0.91294,0.91306,1.13,3.00
2013.08.14 17:56:20.151,0.91294,0.91304,1.13,1.50
2013.08.14 17:56:28.243,0.91294,0.91304,1.13,1.50
2013.08.14 17:56:28.601,0.91301,0.91309,1.88,2.25
2013.08.14 17:56:28.662,0.91302,0.91312,1.50,2.63
2013.08.14 17:56:28.783,0.91302,0.91312,2.25,1.50
2013.08.14 17:56:29.308,0.91302,0.91313,1.50,1.50
2013.08.14 17:56:29.984,0.91302,0.91312,1.13,1.13
2013.08.14 17:56:32.940,0.91302,0.91311,2.25,1.50
2013.08.14 17:56:33.552,0.91301,0.91311,3.19,1.13
2013.08.14 17:56:33.925,0.91301,0.91309,1.50,1.50
2013.08.14 17:56:36.091,0.91298,0.91309,2.63,1.50
2013.08.14 17:56:36.211,0.91298,0.91308,1.13,2.25
2013.08.14 17:56:36.330,0.91298,0.91308,1.13,2.25
2013.08.14 17:56:36.511,0.91298,0.91305,1.13,1.50
2013.08.14 17:56:42.291,0.91297,0.91306,1.50,1.50
2013.08.14 17:56:42.590,0.91298,0.91307,1.13,1.50
2013.08.14 17:56:43.140,0.91299,0.91308,1.88,1.50
2013.08.14 17:56:43.680,0.91299,0.91309,1.13,2.25
2013.08.14 17:56:45.061,0.91299,0.91309,1.13,2.25
2013.08.14 17:56:46.693,0.91299,0.91309,1.13,2.25
2013.08.14 17:56:47.232,0.91299,0.9131,1.50,3.75
2013.08.14 17:56:47.434,0.91298,0.91308,1.88,1.50
2013.08.14 17:56:47.971,0.91297,0.91306,2.25,1.50
2013.08.14 17:56:48.338,0.91294,0.91305,1.13,1.50
2013.08.14 17:56:48.641,0.91294,0.91303,1.13,1.50
2013.08.14 17:56:49.190,0.91294,0.91303,1.13,1.50
2013.08.14 17:56:49.746,0.91294,0.91303,1.13,1.50
2013.08.14 17:56:51.683,0.91294,0.91303,1.13,1.50
2013.08.14 17:56:52.220,0.91294,0.91303,1.13,1.50
2013.08.14 17:56:53.430,0.91294,0.91303,1.13,1.50
2013.08.14 17:56:53.983,0.91294,0.91305,1.13,2.25
2013.08.14 17:56:54.771,0.91294,0.91305,1.88,1.50
2013.08.14 17:56:57.921,0.91295,0.91306,1.13,2.63
2013.08.14 17:56:59.801,0.91294,0.91306,1.88,3.38
2013.08.14 17:57:00.345,0.91294,0.91305,1.88,1.50
2013.08.14 17:57:00.882,0.91294,0.91305,1.13,2.25
2013.08.14 17:57:01.502,0.91294,0.91306,1.13,2.63
2013.08.14 17:57:02.811,0.91294,0.91305,1.13,1.50
2013.08.14 17:57:15.811,0.91294,0.91305,1.13,1.50
2013.08.14 17:57:16.111,0.91294,0.91306,1.88,3.00
2013.08.14 17:57:16.351,0.91297,0.91307,2.25,1.50
2013.08.14 17:57:30.651,0.91295,0.91307,1.13,1.88
2013.08.14 17:57:30.711,0.91295,0.91305,1.13,1.50
2013.08.14 17:57:31.014,0.9129,0.91298,1.50,1.13
2013.08.14 17:57:31.202,0.91288,0.91298,2.25,1.50
2013.08.14 17:57:31.441,0.91286,0.91297,2.44,1.88
2013.08.14 17:57:31.621,0.91284,0.91293,1.88,1.50
2013.08.14 17:57:37.242,0.91283,0.91293,1.13,1.50
2013.08.14 17:57:37.661,0.91279,0.9129,2.82,1.13
2013.08.14 17:57:37.901,0.91279,0.91288,1.13,1.50
2013.08.14 17:57:38.410,0.91279,0.91288,1.13,1.50
2013.08.14 17:57:38.972,0.91279,0.91288,1.13,1.50
2013.08.14 17:57:44.390,0.91277,0.91287,2.25,1.50
2013.08.14 17:57:53.182,0.91275,0.91287,2.63,2.25
2013.08.14 17:57:53.242,0.91275,0.91282,1.88,1.13
2013.08.14 17:57:53.544,0.91273,0.91284,1.13,1.50
2013.08.14 17:57:53.661,0.91273,0.91285,1.13,2.63
2013.08.14 17:57:53.721,0.91273,0.91285,1.13,2.25
2013.08.14 17:57:54.521,0.91273,0.91285,1.88,3.00
2013.08.14 17:57:55.771,0.91273,0.91285,1.88,3.00
2013.08.14 17:57:56.930,0.91273,0.91284,1.88,1.50
2013.08.14 17:57:58.501,0.91273,0.91284,1.88,1.50
2013.08.14 17:58:00.831,0.91274,0.91285,1.13,1.50
2013.08.14 17:58:02.021,0.91274,0.91284,1.13,1.50
2013.08.14 17:58:04.341,0.91274,0.91284,1.13,1.50
2013.08.14 17:58:06.321,0.91274,0.91285,1.13,1.50
2013.08.14 17:58:09.731,0.91274,0.91285,1.13,1.50
2013.08.14 17:58:10.271,0.91274,0.91284,1.13,1.50
2013.08.14 17:58:10.879,0.91274,0.91285,1.13,1.50
2013.08.14 17:58:15.780,0.91274,0.91284,1.13,1.50
2013.08.14 17:58:19.880,0.91274,0.91284,1.88,1.50
2013.08.14 17:58:20.545,0.91274,0.91284,1.88,1.50
2013.08.14 17:58:25.328,0.91275,0.91285,1.13,1.50
2013.08.14 17:58:25.840,0.91274,0.91285,1.88,1.50
2013.08.14 17:58:26.261,0.91277,0.91287,1.95,1.50
2013.08.14 17:58:26.321,0.91277,0.91288,1.95,1.88
2013.08.14 17:58:26.681,0.9128,0.91291,1.13,1.13
2013.08.14 17:58:27.221,0.91282,0.91293,1.50,1.50
2013.08.14 17:58:29.994,0.91283,0.91293,1.13,1.50
2013.08.14 17:58:34.352,0.91284,0.91293,1.88,1.50
2013.08.14 17:58:35.911,0.91284,0.91293,1.13,1.50
2013.08.14 17:58:37.541,0.91284,0.91294,1.13,1.50
2013.08.14 17:58:37.903,0.91284,0.91294,1.50,1.50
2013.08.14 17:58:37.964,0.91287,0.91297,3.45,1.13
2013.08.14 17:58:38.024,0.91288,0.913,1.13,3.00
2013.08.14 17:58:38.382,0.91292,0.91302,1.50,1.50
2013.08.14 17:58:38.441,0.91293,0.91303,1.13,1.50
2013.08.14 17:58:39.883,0.91292,0.91303,1.50,1.50
2013.08.14 17:58:41.491,0.91292,0.91303,2.25,1.50
2013.08.14 17:58:50.602,0.91293,0.91304,1.13,2.25
2013.08.14 17:58:51.303,0.91294,0.91304,1.50,1.50
2013.08.14 17:58:51.811,0.91293,0.91304,1.13,1.50
2013.08.14 17:58:53.561,0.91293,0.91304,1.13,1.50
2013.08.14 17:58:59.746,0.91294,0.91303,1.50,1.50
2013.08.14 17:59:01.311,0.91293,0.91303,1.13,1.50
2013.08.14 17:59:17.227,0.91294,0.91303,1.50,1.50
2013.08.14 17:59:17.781,0.91294,0.91304,1.50,1.50
2013.08.14 17:59:18.811,0.91293,0.91304,1.13,2.25
2013.08.14 17:59:21.182,0.91294,0.91304,1.50,2.25
2013.08.14 17:59:23.003,0.91295,0.91304,1.50,1.50
2013.08.14 17:59:23.122,0.91298,0.91306,1.50,1.88
2013.08.14 17:59:23.183,0.913,0.91307,1.13,1.13
2013.08.14 17:59:23.245,0.91301,0.9131,2.25,1.50
2013.08.14 17:59:23.305,0.91302,0.91313,1.50,1.50
2013.08.14 17:59:23.433,0.91303,0.91315,1.50,1.13
2013.08.14 17:59:23.494,0.91303,0.91315,2.25,1.13
2013.08.14 17:59:24.032,0.91304,0.91316,1.13,2.25
2013.08.14 17:59:24.981,0.91305,0.91315,1.13,1.50
2013.08.14 17:59:32.021,0.91304,0.91315,1.50,1.13
2013.08.14 17:59:32.582,0.91304,0.91315,1.50,1.88
2013.08.14 17:59:34.296,0.91305,0.91315,1.50,1.88
2013.08.14 17:59:34.864,0.91306,0.91316,1.50,1.88
2013.08.14 17:59:41.081,0.91307,0.91316,1.13,1.13
2013.08.14 17:59:41.621,0.91306,0.91316,1.88,1.88
2013.08.14 17:59:43.991,0.91306,0.91316,2.63,1.88
2013.08.14 17:59:44.531,0.91306,0.91316,1.88,1.88
2013.08.14 17:59:45.277,0.91306,0.91316,3.38,1.88
2013.08.14 17:59:46.001,0.91307,0.91318,1.50,3.38
2013.08.14 17:59:47.341,0.91307,0.91318,3.00,1.13
2013.08.14 17:59:47.912,0.91307,0.91318,1.50,1.13
2013.08.14 17:59:55.472,0.91305,0.91317,3.00,2.25
2013.08.14 17:59:56.195,0.91304,0.91316,3.38,2.25
2013.08.14 17:59:56.896,0.91304,0.91316,2.63,2.25
