2016.04.27 17:00:00.698,0.75936,0.75946,1.10,1.10
2016.04.27 17:00:01.002,0.75936,0.75947,3.26,1.07
2016.04.27 17:00:02.776,0.75936,0.75947,2.70,1.07
2016.04.27 17:00:03.333,0.75934,0.75945,3.71,1.00
2016.04.27 17:00:03.487,0.75934,0.75942,2.21,1.00
2016.04.27 17:00:03.538,0.75933,0.75942,3.34,1.00
2016.04.27 17:00:04.046,0.75932,0.75941,1.29,1.00
2016.04.27 17:00:05.451,0.75931,0.7594,1.46,1.00
2016.04.27 17:00:05.603,0.7593,0.7594,1.37,1.00
2016.04.27 17:00:05.806,0.75928,0.75939,1.29,1.10
2016.04.27 17:00:06.341,0.75928,0.75939,1.65,1.12
2016.04.27 17:00:10.823,0.75928,0.75938,1.09,1.00
2016.04.27 17:00:13.641,0.75927,0.7594,2.21,1.76
2016.04.27 17:00:14.192,0.75927,0.75939,1.64,1.76
2016.04.27 17:00:15.626,0.75928,0.75939,1.39,1.32
2016.04.27 17:00:16.156,0.75927,0.75939,1.26,1.32
2016.04.27 17:00:16.724,0.75927,0.75939,1.34,1.25
2016.04.27 17:00:18.601,0.75927,0.75937,1.34,1.00
2016.04.27 17:00:18.781,0.75926,0.75937,1.20,1.10
2016.04.27 17:00:19.035,0.75926,0.75937,2.06,1.20
2016.04.27 17:00:19.541,0.75927,0.7594,1.69,3.26
2016.04.27 17:00:20.047,0.75927,0.7594,4.76,1.76
2016.04.27 17:00:20.431,0.75927,0.75939,3.64,1.69
2016.04.27 17:00:20.685,0.75927,0.75939,3.71,1.46
2016.04.27 17:00:22.539,0.75927,0.75939,3.34,1.09
2016.04.27 17:00:23.015,0.75925,0.75933,3.71,1.00
2016.04.27 17:00:23.218,0.75922,0.75932,1.46,1.00
2016.04.27 17:00:23.370,0.75922,0.75932,1.19,2.02
2016.04.27 17:00:24.484,0.75922,0.75931,1.19,1.10
2016.04.27 17:00:32.971,0.75922,0.75931,1.19,1.07
2016.04.27 17:00:38.090,0.7592,0.7593,1.00,1.20
2016.04.27 17:00:38.640,0.75919,0.7593,3.19,1.10
2016.04.27 17:00:40.208,0.7592,0.7593,1.00,1.10
2016.04.27 17:00:40.729,0.7592,0.75932,1.12,2.59
2016.04.27 17:00:47.666,0.75922,0.75933,1.00,3.26
2016.04.27 17:00:47.949,0.75922,0.75933,2.14,1.57
2016.04.27 17:00:48.456,0.75923,0.75934,3.64,1.00
2016.04.27 17:00:48.962,0.75924,0.75936,1.12,1.84
2016.04.27 17:00:49.492,0.75925,0.75936,1.50,1.84
2016.04.27 17:00:51.096,0.75926,0.75936,1.12,1.09
2016.04.27 17:00:51.147,0.75927,0.75937,1.00,1.20
2016.04.27 17:00:51.653,0.75925,0.75937,1.31,1.32
2016.04.27 17:00:57.371,0.75925,0.75935,1.31,1.00
2016.04.27 17:00:57.523,0.75924,0.75934,1.57,1.00
2016.04.27 17:00:57.574,0.75922,0.75932,3.82,1.00
2016.04.27 17:00:57.777,0.75922,0.75932,1.25,1.12
2016.04.27 17:00:58.292,0.75922,0.75932,1.25,1.20
2016.04.27 17:00:58.905,0.75922,0.75933,1.00,2.40
2016.04.27 17:00:59.441,0.75922,0.75933,1.19,2.40
2016.04.27 17:00:59.695,0.75922,0.7593,1.19,1.00
2016.04.27 17:01:00.099,0.75921,0.75932,1.31,1.95
2016.04.27 17:01:00.846,0.75921,0.7593,1.31,1.00
2016.04.27 17:01:01.150,0.75919,0.7593,1.69,1.57
2016.04.27 17:01:05.772,0.75919,0.75929,1.25,1.00
2016.04.27 17:01:06.277,0.75918,0.75928,1.00,1.00
2016.04.27 17:01:06.793,0.75919,0.75929,1.00,1.10
2016.04.27 17:01:09.880,0.7592,0.7593,1.00,1.07
2016.04.27 17:01:11.364,0.7592,0.7593,1.00,1.10
2016.04.27 17:01:11.870,0.75918,0.7593,1.46,1.47
2016.04.27 17:01:12.586,0.75918,0.75931,3.75,2.70
2016.04.27 17:01:13.091,0.75918,0.75931,4.20,1.95
2016.04.27 17:01:19.396,0.75918,0.75929,2.51,1.00
2016.04.27 17:01:19.447,0.75918,0.75929,1.10,1.00
2016.04.27 17:01:19.962,0.75918,0.75929,2.06,1.57
2016.04.27 17:01:30.178,0.75919,0.75929,1.00,1.87
2016.04.27 17:01:30.330,0.75917,0.75929,1.00,2.77
2016.04.27 17:01:30.432,0.75916,0.75925,1.31,1.00
2016.04.27 17:01:30.736,0.75911,0.75922,1.31,1.20
2016.04.27 17:01:32.109,0.75911,0.7592,1.19,1.00
2016.04.27 17:01:32.614,0.75911,0.75921,1.19,1.00
2016.04.27 17:01:33.405,0.75911,0.75922,1.19,1.87
2016.04.27 17:01:34.241,0.75911,0.75921,1.19,1.00
2016.04.27 17:01:34.759,0.75911,0.7592,1.19,1.00
2016.04.27 17:01:35.274,0.75911,0.75921,1.19,1.00
2016.04.27 17:01:35.805,0.75911,0.7592,1.19,1.00
2016.04.27 17:01:39.312,0.75911,0.75921,1.19,1.00
2016.04.27 17:01:41.547,0.75911,0.7592,1.19,1.00
2016.04.27 17:01:42.321,0.75911,0.75921,1.19,1.00
2016.04.27 17:01:42.920,0.75911,0.75922,1.19,1.95
2016.04.27 17:01:47.699,0.75911,0.75922,1.19,2.02
2016.04.27 17:01:48.231,0.7591,0.75922,1.19,2.02
2016.04.27 17:01:48.737,0.7591,0.7592,1.19,1.00
2016.04.27 17:01:50.656,0.75909,0.7592,1.12,1.00
2016.04.27 17:01:51.213,0.75909,0.7592,1.46,1.00
2016.04.27 17:01:52.800,0.7591,0.75921,1.69,1.69
2016.04.27 17:01:53.608,0.7591,0.7592,1.25,1.00
2016.04.27 17:01:54.130,0.75908,0.75919,2.02,1.00
2016.04.27 17:01:54.535,0.75909,0.7592,1.56,1.00
2016.04.27 17:01:55.078,0.75909,0.75921,3.19,1.09
2016.04.27 17:02:07.014,0.7591,0.7592,1.37,1.25
2016.04.27 17:02:07.679,0.75909,0.7592,1.25,1.32
2016.04.27 17:02:08.518,0.75908,0.75921,3.94,2.89
2016.04.27 17:02:08.670,0.75908,0.75918,1.87,1.12
2016.04.27 17:02:08.721,0.75908,0.75914,1.00,1.00
2016.04.27 17:02:08.778,0.75905,0.75915,1.27,1.00
2016.04.27 17:02:08.880,0.75905,0.75917,2.44,1.39
2016.04.27 17:02:09.387,0.75908,0.75917,1.00,1.00
2016.04.27 17:02:09.561,0.75908,0.75919,1.00,2.40
2016.04.27 17:02:11.026,0.75907,0.75918,3.19,1.00
2016.04.27 17:02:11.538,0.75908,0.75919,1.50,1.00
2016.04.27 17:02:12.044,0.75907,0.7592,2.44,2.77
2016.04.27 17:02:13.122,0.75908,0.75919,1.25,1.00
2016.04.27 17:02:14.359,0.75908,0.7592,1.69,2.02
2016.04.27 17:02:14.411,0.75908,0.75918,1.00,1.00
2016.04.27 17:02:14.916,0.75907,0.75918,2.62,1.00
2016.04.27 17:02:14.967,0.75907,0.7592,3.37,2.40
2016.04.27 17:02:15.473,0.75907,0.7592,3.94,1.65
2016.04.27 17:02:17.104,0.75907,0.75917,3.19,1.00
2016.04.27 17:02:17.421,0.75904,0.75913,1.87,1.12
2016.04.27 17:02:17.473,0.75904,0.75912,1.00,1.00
2016.04.27 17:02:17.626,0.759,0.75911,1.19,1.00
2016.04.27 17:02:18.133,0.759,0.7591,2.06,1.00
2016.04.27 17:02:18.651,0.759,0.75909,1.19,1.00
2016.04.27 17:02:19.814,0.75899,0.75907,1.00,1.25
2016.04.27 17:02:19.916,0.75897,0.75903,1.00,1.00
2016.04.27 17:02:20.220,0.75897,0.75907,1.50,1.32
2016.04.27 17:02:20.271,0.75897,0.75909,1.50,3.26
2016.04.27 17:02:20.474,0.75898,0.75909,1.19,1.10
2016.04.27 17:02:21.024,0.75899,0.75908,1.25,1.00
2016.04.27 17:02:21.126,0.75899,0.7591,1.31,1.31
2016.04.27 17:02:22.119,0.75899,0.75907,1.69,1.00
2016.04.27 17:02:23.575,0.75899,0.75908,1.69,1.00
2016.04.27 17:02:28.350,0.75899,0.75909,2.81,1.00
2016.04.27 17:02:32.155,0.75899,0.75909,1.62,1.00
2016.04.27 17:02:32.663,0.759,0.7591,1.12,1.31
2016.04.27 17:02:35.043,0.75903,0.7591,1.00,1.31
2016.04.27 17:02:35.195,0.75904,0.75913,1.69,1.12
2016.04.27 17:02:35.347,0.75903,0.75914,2.32,1.50
2016.04.27 17:02:35.500,0.75902,0.75911,2.40,1.00
2016.04.27 17:02:36.012,0.75902,0.75911,1.25,1.37
2016.04.27 17:02:41.906,0.759,0.75911,1.50,1.37
2016.04.27 17:02:42.455,0.759,0.75911,1.87,1.12
2016.04.27 17:02:44.421,0.759,0.7591,1.12,1.50
2016.04.27 17:02:44.472,0.75898,0.75908,2.44,1.00
2016.04.27 17:02:44.973,0.75898,0.75908,1.25,1.65
2016.04.27 17:02:45.479,0.75898,0.75908,1.25,1.57
2016.04.27 17:02:47.860,0.75899,0.75908,1.00,1.00
2016.04.27 17:02:48.669,0.75899,0.75908,1.37,1.00
2016.04.27 17:02:49.178,0.75897,0.75908,1.39,1.00
2016.04.27 17:02:49.742,0.75899,0.75908,1.00,1.00
2016.04.27 17:02:49.844,0.759,0.7591,1.00,1.57
2016.04.27 17:02:50.858,0.75899,0.7591,1.87,1.57
2016.04.27 17:02:53.376,0.759,0.7591,1.00,1.50
2016.04.27 17:02:55.140,0.759,0.75909,1.00,1.00
2016.04.27 17:02:55.829,0.759,0.7591,1.12,1.00
2016.04.27 17:02:56.335,0.759,0.7591,1.37,1.00
2016.04.27 17:02:59.141,0.759,0.7591,1.50,1.00
2016.04.27 17:03:00.272,0.759,0.75911,1.00,2.51
2016.04.27 17:03:06.476,0.75899,0.75909,1.00,1.00
2016.04.27 17:03:07.184,0.75898,0.75909,1.25,2.70
2016.04.27 17:03:07.488,0.75898,0.75909,1.25,3.07
2016.04.27 17:03:07.690,0.75898,0.75909,2.06,1.65
2016.04.27 17:03:11.399,0.75898,0.75909,3.19,1.65
2016.04.27 17:03:11.905,0.75898,0.75909,2.44,1.20
2016.04.27 17:03:13.230,0.75898,0.75909,3.19,1.20
2016.04.27 17:03:13.938,0.75898,0.75909,1.69,1.65
2016.04.27 17:03:14.040,0.75898,0.75906,1.00,1.00
2016.04.27 17:03:14.347,0.75895,0.75904,1.00,3.45
2016.04.27 17:03:14.500,0.75893,0.75904,1.00,4.27
2016.04.27 17:03:15.031,0.7589,0.75903,3.07,3.07
2016.04.27 17:03:15.639,0.7589,0.75903,3.07,4.57
2016.04.27 17:03:16.176,0.7589,0.75901,2.14,1.00
2016.04.27 17:03:16.683,0.7589,0.75901,2.51,1.00
2016.04.27 17:03:17.197,0.75891,0.75901,1.31,1.00
2016.04.27 17:03:17.299,0.75891,0.75901,2.44,1.00
2016.04.27 17:03:18.578,0.75893,0.75903,1.87,2.25
2016.04.27 17:03:18.730,0.75893,0.75903,1.50,1.00
2016.04.27 17:03:18.882,0.75895,0.75906,1.57,1.50
2016.04.27 17:03:19.135,0.75897,0.75908,1.10,1.20
2016.04.27 17:03:19.889,0.75898,0.75908,1.00,1.95
2016.04.27 17:03:20.092,0.75897,0.75906,1.10,1.25
2016.04.27 17:03:20.396,0.75892,0.75903,2.14,1.50
2016.04.27 17:03:20.447,0.75892,0.75903,1.76,1.57
2016.04.27 17:03:20.955,0.75893,0.75903,1.37,1.10
2016.04.27 17:03:21.209,0.75896,0.75906,1.31,1.50
2016.04.27 17:03:22.600,0.75896,0.75907,1.25,2.51
2016.04.27 17:03:23.261,0.75896,0.75907,1.69,3.26
2016.04.27 17:03:23.767,0.75896,0.75908,2.89,1.26
2016.04.27 17:03:24.326,0.75898,0.75908,1.00,1.76
2016.04.27 17:03:28.122,0.75898,0.75909,1.00,1.17
2016.04.27 17:03:28.628,0.75899,0.75909,1.00,1.27
2016.04.27 17:03:29.091,0.75899,0.7591,1.12,1.00
2016.04.27 17:03:29.596,0.759,0.7591,1.00,1.00
2016.04.27 17:03:30.841,0.759,0.75909,1.12,1.00
2016.04.27 17:03:30.993,0.75898,0.75909,1.39,1.12
2016.04.27 17:03:32.188,0.759,0.75909,1.00,1.12
2016.04.27 17:03:33.383,0.75899,0.75909,1.50,1.12
2016.04.27 17:03:36.962,0.75899,0.7591,1.87,1.00
2016.04.27 17:03:37.266,0.75899,0.75911,2.25,2.21
2016.04.27 17:03:38.601,0.75899,0.75911,2.25,2.21
2016.04.27 17:03:39.057,0.75899,0.75909,1.50,1.00
2016.04.27 17:03:39.576,0.75899,0.75909,1.00,1.57
2016.04.27 17:03:41.658,0.75898,0.75909,1.76,1.57
2016.04.27 17:03:42.239,0.75897,0.75907,1.95,1.00
2016.04.27 17:03:42.544,0.75896,0.75902,1.00,1.00
2016.04.27 17:03:42.595,0.75892,0.75902,1.65,1.00
2016.04.27 17:03:42.697,0.75891,0.75902,2.51,1.95
2016.04.27 17:03:43.209,0.75891,0.75903,2.06,3.45
2016.04.27 17:03:43.514,0.75896,0.75905,1.50,1.12
2016.04.27 17:03:43.615,0.75896,0.75907,1.87,1.20
2016.04.27 17:03:44.121,0.75897,0.75908,1.00,2.32
2016.04.27 17:03:46.122,0.75896,0.75908,1.69,1.57
2016.04.27 17:03:48.427,0.75897,0.75908,1.00,2.32
2016.04.27 17:03:48.956,0.75898,0.75908,1.00,1.20
2016.04.27 17:03:49.914,0.75897,0.75909,1.50,2.96
2016.04.27 17:03:51.519,0.75897,0.75908,1.95,1.10
2016.04.27 17:03:52.026,0.75897,0.75908,1.57,1.10
2016.04.27 17:03:54.250,0.75899,0.75909,1.00,1.32
2016.04.27 17:03:54.858,0.75899,0.7591,1.12,1.39
2016.04.27 17:03:55.725,0.759,0.7591,1.00,1.29
2016.04.27 17:03:58.031,0.75899,0.7591,1.50,1.76
2016.04.27 17:03:58.996,0.75899,0.7591,1.50,1.57
2016.04.27 17:03:59.502,0.759,0.7591,1.00,1.15
2016.04.27 17:04:00.022,0.75899,0.75911,1.50,2.44
2016.04.27 17:04:00.726,0.759,0.75911,1.00,3.56
2016.04.27 17:04:02.230,0.759,0.75911,1.00,2.96
2016.04.27 17:04:04.640,0.75899,0.75911,1.57,2.51
2016.04.27 17:04:06.540,0.75899,0.75909,1.10,1.00
2016.04.27 17:04:07.048,0.75899,0.75909,1.50,1.27
2016.04.27 17:04:07.553,0.75899,0.75909,1.69,1.10
2016.04.27 17:04:08.951,0.759,0.75909,1.00,1.10
2016.04.27 17:04:13.044,0.759,0.7591,1.50,1.00
2016.04.27 17:04:13.555,0.75899,0.75911,1.84,2.62
2016.04.27 17:04:15.566,0.759,0.75911,1.00,1.87
2016.04.27 17:04:17.462,0.759,0.7591,1.00,1.00
2016.04.27 17:04:20.574,0.75899,0.75911,2.21,1.12
2016.04.27 17:04:21.122,0.759,0.75911,1.12,1.87
2016.04.27 17:04:22.385,0.759,0.7591,1.50,1.00
2016.04.27 17:04:22.891,0.759,0.75911,1.00,1.87
2016.04.27 17:04:24.681,0.75901,0.75911,1.00,1.31
2016.04.27 17:04:25.186,0.759,0.75911,1.95,2.14
2016.04.27 17:04:27.655,0.759,0.75911,1.87,2.96
2016.04.27 17:04:36.041,0.759,0.75909,1.87,1.00
2016.04.27 17:04:42.996,0.75899,0.75909,2.32,1.00
2016.04.27 17:04:45.487,0.759,0.75909,1.00,1.00
2016.04.27 17:04:54.266,0.75901,0.75909,1.00,1.00
2016.04.27 17:05:11.291,0.75901,0.75907,1.00,1.00
2016.04.27 17:05:15.711,0.75901,0.75908,1.00,1.00
2016.04.27 17:05:16.217,0.759,0.75907,1.00,1.00
2016.04.27 17:05:21.369,0.759,0.75907,1.00,1.19
2016.04.27 17:05:21.421,0.75897,0.75906,1.57,1.25
2016.04.27 17:05:21.928,0.75899,0.75907,1.00,1.00
2016.04.27 17:05:22.644,0.75899,0.75906,1.00,1.00
2016.04.27 17:05:23.099,0.75896,0.75906,1.69,1.50
2016.04.27 17:05:25.229,0.75896,0.75905,1.69,1.00
2016.04.27 17:05:25.745,0.75896,0.75906,2.06,1.50
2016.04.27 17:05:29.009,0.75896,0.75906,1.00,1.00
2016.04.27 17:05:29.694,0.75895,0.75906,3.71,1.00
2016.04.27 17:05:30.390,0.75894,0.75904,3.15,1.00
2016.04.27 17:05:30.621,0.7589,0.75901,1.76,1.87
2016.04.27 17:05:31.128,0.7589,0.75901,2.02,1.50
2016.04.27 17:05:32.445,0.7589,0.75901,1.57,1.65
2016.04.27 17:05:36.656,0.7589,0.759,2.14,1.10
2016.04.27 17:05:37.183,0.7589,0.75901,1.37,1.95
2016.04.27 17:05:40.674,0.75892,0.75901,1.00,1.07
2016.04.27 17:05:40.827,0.75892,0.75903,2.89,1.57
2016.04.27 17:05:41.181,0.75889,0.75899,3.00,1.00
2016.04.27 17:05:47.731,0.7589,0.75898,2.14,1.00
2016.04.27 17:05:53.686,0.7589,0.75899,1.29,1.00
2016.04.27 17:05:54.236,0.7589,0.759,1.76,1.00
2016.04.27 17:05:55.067,0.7589,0.75898,1.29,1.50
2016.04.27 17:05:55.118,0.75887,0.75897,2.44,1.50
2016.04.27 17:05:55.220,0.75886,0.75897,2.02,1.57
2016.04.27 17:05:55.764,0.75888,0.75898,1.12,1.57
2016.04.27 17:06:00.355,0.75888,0.75899,1.76,1.95
2016.04.27 17:06:00.861,0.75888,0.75899,4.01,1.00
2016.04.27 17:06:01.851,0.75888,0.75899,1.76,1.00
2016.04.27 17:06:05.451,0.75887,0.75899,3.26,1.00
2016.04.27 17:06:05.995,0.75888,0.75899,1.67,1.00
2016.04.27 17:06:06.969,0.75888,0.75899,1.39,2.32
2016.04.27 17:06:07.459,0.75889,0.75899,1.37,2.32
2016.04.27 17:06:15.899,0.75889,0.75901,1.37,3.71
2016.04.27 17:06:17.299,0.75889,0.75899,1.87,1.00
2016.04.27 17:06:18.520,0.75889,0.75901,1.87,3.71
2016.04.27 17:06:18.874,0.7589,0.759,3.45,1.00
2016.04.27 17:06:19.382,0.7589,0.75901,1.87,1.20
2016.04.27 17:06:19.927,0.7589,0.75901,1.00,1.95
2016.04.27 17:06:20.833,0.75889,0.75901,3.00,1.95
2016.04.27 17:06:21.192,0.75892,0.75901,1.69,1.12
2016.04.27 17:06:21.497,0.75889,0.75901,2.70,1.00
2016.04.27 17:06:22.002,0.7589,0.75901,1.76,1.10
2016.04.27 17:06:23.367,0.7589,0.75901,1.07,1.57
2016.04.27 17:06:24.916,0.7589,0.75901,1.00,1.57
2016.04.27 17:06:25.492,0.7589,0.759,1.50,1.00
2016.04.27 17:06:25.999,0.7589,0.75901,1.00,1.57
2016.04.27 17:06:27.766,0.7589,0.75901,1.19,1.10
2016.04.27 17:06:30.140,0.7589,0.759,1.19,1.00
2016.04.27 17:06:30.416,0.75889,0.75899,1.10,1.50
2016.04.27 17:06:30.923,0.75888,0.75899,2.14,1.50
2016.04.27 17:06:31.730,0.75888,0.75899,5.21,1.00
2016.04.27 17:06:31.984,0.7589,0.75899,1.31,1.00
2016.04.27 17:06:32.085,0.75888,0.75899,5.96,1.00
2016.04.27 17:06:32.288,0.7589,0.75899,1.19,1.00
2016.04.27 17:06:32.541,0.75889,0.75899,1.12,1.00
2016.04.27 17:06:33.047,0.75889,0.759,1.50,1.10
2016.04.27 17:06:37.041,0.75889,0.759,2.81,1.57
2016.04.27 17:06:37.578,0.7589,0.759,1.00,1.57
2016.04.27 17:06:38.084,0.75889,0.759,1.50,1.10
2016.04.27 17:06:38.555,0.75889,0.75898,1.27,1.00
2016.04.27 17:06:40.535,0.75888,0.75899,1.84,1.50
2016.04.27 17:06:40.988,0.75887,0.75898,1.64,2.70
2016.04.27 17:06:41.527,0.75886,0.75897,4.01,1.19
2016.04.27 17:06:43.302,0.75888,0.75898,1.31,1.00
2016.04.27 17:06:43.756,0.75887,0.75895,2.06,1.00
2016.04.27 17:06:43.858,0.75885,0.75894,1.65,1.00
2016.04.27 17:06:43.960,0.75883,0.75892,1.01,1.00
2016.04.27 17:06:44.098,0.7588,0.75891,5.81,1.00
2016.04.27 17:06:44.655,0.7588,0.75889,1.19,1.00
2016.04.27 17:06:44.959,0.75879,0.75889,1.69,1.00
2016.04.27 17:06:45.474,0.75879,0.7589,1.25,1.50
2016.04.27 17:06:47.058,0.75878,0.7589,3.26,1.50
2016.04.27 17:06:47.210,0.75881,0.7589,1.37,1.00
2016.04.27 17:06:47.363,0.75886,0.75896,1.19,2.70
2016.04.27 17:06:47.465,0.75886,0.75897,2.62,1.10
2016.04.27 17:06:47.566,0.75887,0.75897,1.87,1.29
2016.04.27 17:06:47.769,0.75886,0.75895,1.01,1.00
2016.04.27 17:06:48.313,0.75884,0.75894,1.29,1.50
2016.04.27 17:06:48.820,0.75884,0.75893,1.19,1.00
2016.04.27 17:06:49.023,0.75882,0.75894,2.21,1.00
2016.04.27 17:06:49.166,0.75883,0.75894,1.62,1.00
2016.04.27 17:06:49.673,0.75884,0.75895,1.50,1.20
2016.04.27 17:06:51.291,0.75886,0.75897,1.00,3.15
2016.04.27 17:06:51.594,0.75887,0.75898,1.87,1.50
2016.04.27 17:06:51.898,0.75888,0.75895,1.50,1.25
2016.04.27 17:06:51.949,0.75888,0.75894,1.00,1.00
2016.04.27 17:06:52.110,0.75884,0.75894,2.02,1.50
2016.04.27 17:06:52.212,0.75883,0.7589,2.02,1.00
2016.04.27 17:06:52.365,0.7588,0.7589,1.84,1.00
2016.04.27 17:06:52.872,0.75879,0.7589,2.51,1.50
2016.04.27 17:06:54.136,0.7588,0.75891,1.47,1.10
2016.04.27 17:06:54.541,0.75882,0.75891,1.37,1.10
2016.04.27 17:06:54.642,0.75882,0.75893,2.51,1.10
2016.04.27 17:06:55.109,0.75884,0.75895,1.12,2.25
2016.04.27 17:06:57.692,0.75883,0.75892,1.50,1.00
2016.04.27 17:06:57.743,0.75883,0.75894,1.50,1.12
2016.04.27 17:06:58.278,0.75882,0.75895,3.34,3.00
2016.04.27 17:06:59.800,0.75883,0.75893,1.62,1.00
2016.04.27 17:07:00.053,0.75881,0.75892,2.06,2.25
2016.04.27 17:07:00.811,0.75883,0.75892,1.31,1.50
2016.04.27 17:07:00.913,0.75883,0.75895,1.69,2.40
2016.04.27 17:07:01.453,0.75883,0.75895,1.69,1.50
2016.04.27 17:07:02.817,0.75884,0.75894,1.25,1.00
2016.04.27 17:07:03.358,0.75883,0.75895,2.06,1.00
2016.04.27 17:07:03.863,0.75885,0.75895,1.00,1.00
2016.04.27 17:07:05.011,0.75885,0.75896,1.50,3.64
2016.04.27 17:07:05.366,0.75885,0.75896,2.81,1.00
2016.04.27 17:07:05.871,0.75886,0.75897,2.44,1.00
2016.04.27 17:07:07.198,0.75886,0.75898,1.69,2.14
2016.04.27 17:07:07.704,0.75887,0.75898,1.39,1.10
2016.04.27 17:07:08.179,0.75888,0.75897,1.50,1.69
2016.04.27 17:07:08.484,0.75885,0.75896,1.95,1.50
2016.04.27 17:07:09.040,0.75885,0.75895,1.20,1.00
2016.04.27 17:07:09.553,0.75883,0.75895,1.57,1.87
2016.04.27 17:07:10.119,0.75882,0.75894,2.81,1.00
2016.04.27 17:07:10.574,0.75884,0.75897,1.84,3.15
2016.04.27 17:07:11.080,0.75884,0.75895,2.59,1.00
2016.04.27 17:07:11.586,0.75886,0.75896,1.00,1.10
2016.04.27 17:07:11.891,0.75887,0.75897,1.50,1.00
2016.04.27 17:07:12.398,0.75886,0.75898,2.32,1.00
2016.04.27 17:07:13.614,0.75884,0.75897,5.89,1.00
2016.04.27 17:07:13.717,0.75886,0.75896,1.00,1.00
2016.04.27 17:07:14.221,0.75884,0.75896,1.76,1.00
2016.04.27 17:07:14.727,0.75884,0.75897,3.26,2.32
2016.04.27 17:07:14.820,0.75885,0.75895,1.12,1.00
2016.04.27 17:07:15.124,0.75882,0.75894,1.57,1.37
2016.04.27 17:07:16.717,0.75881,0.75893,2.21,1.12
2016.04.27 17:07:16.969,0.7588,0.75891,3.64,1.00
2016.04.27 17:07:18.622,0.7588,0.75893,2.51,2.70
2016.04.27 17:07:19.567,0.75881,0.75891,1.37,1.00
2016.04.27 17:07:19.719,0.7588,0.75891,1.01,1.00
2016.04.27 17:07:20.693,0.7588,0.7589,1.31,1.00
2016.04.27 17:07:21.971,0.7588,0.75891,1.19,1.50
2016.04.27 17:07:22.493,0.7588,0.7589,1.19,1.00
2016.04.27 17:07:22.999,0.7588,0.7589,1.00,1.00
2016.04.27 17:07:23.545,0.75879,0.75891,1.00,1.57
2016.04.27 17:07:24.303,0.7588,0.7589,1.00,1.00
2016.04.27 17:07:25.824,0.75879,0.7589,2.25,1.00
2016.04.27 17:07:26.329,0.75879,0.75889,2.44,1.00
2016.04.27 17:07:27.055,0.75879,0.7589,1.69,1.00
2016.04.27 17:07:28.288,0.75879,0.75891,1.69,1.57
2016.04.27 17:07:28.815,0.75879,0.7589,1.69,1.00
2016.04.27 17:07:29.348,0.75879,0.75889,2.44,1.00
2016.04.27 17:07:29.860,0.75879,0.7589,2.44,1.00
2016.04.27 17:07:31.305,0.75879,0.75889,1.69,1.00
2016.04.27 17:07:31.407,0.75879,0.75885,1.19,1.00
2016.04.27 17:07:31.712,0.75875,0.75886,1.69,4.12
2016.04.27 17:07:31.763,0.75875,0.75887,2.81,4.09
2016.04.27 17:07:32.125,0.75874,0.75886,1.94,1.75
2016.04.27 17:07:32.630,0.75874,0.75885,2.44,1.65
2016.04.27 17:07:33.137,0.75873,0.75883,2.14,1.00
2016.04.27 17:07:33.364,0.7587,0.75883,4.39,1.95
2016.04.27 17:07:37.953,0.75871,0.75883,2.02,1.57
2016.04.27 17:07:38.913,0.75874,0.75883,1.00,1.10
2016.04.27 17:07:39.065,0.75876,0.75886,1.69,1.57
2016.04.27 17:07:39.167,0.75877,0.75888,1.50,1.10
2016.04.27 17:07:39.269,0.75878,0.75888,2.06,1.10
2016.04.27 17:07:39.471,0.75876,0.75888,1.69,1.76
2016.04.27 17:07:39.645,0.75876,0.75886,2.44,1.00
2016.04.27 17:07:39.951,0.75871,0.75881,2.14,1.00
2016.04.27 17:07:40.817,0.7587,0.75881,1.64,1.00
2016.04.27 17:07:41.325,0.75869,0.7588,1.57,1.10
2016.04.27 17:07:42.229,0.75869,0.7588,1.50,1.17
2016.04.27 17:07:43.763,0.75868,0.75879,2.44,1.57
2016.04.27 17:07:44.844,0.75869,0.75879,1.00,1.57
2016.04.27 17:07:46.649,0.75869,0.75878,1.00,1.00
2016.04.27 17:07:49.314,0.75869,0.75879,1.00,1.95
2016.04.27 17:07:49.710,0.75868,0.75878,1.25,1.87
2016.04.27 17:07:50.826,0.75868,0.75878,1.25,1.50
2016.04.27 17:07:51.333,0.75866,0.75878,2.77,2.62
2016.04.27 17:07:51.839,0.75866,0.75878,1.87,2.25
2016.04.27 17:07:55.392,0.75866,0.75877,1.87,1.00
2016.04.27 17:07:57.275,0.75866,0.75877,1.87,1.00
2016.04.27 17:07:57.783,0.75867,0.75877,1.31,1.00
2016.04.27 17:07:58.896,0.75867,0.75878,1.31,1.00
2016.04.27 17:07:59.721,0.75867,0.75877,1.31,1.00
2016.04.27 17:08:00.082,0.75868,0.7588,1.00,3.71
2016.04.27 17:08:00.587,0.75869,0.7588,1.00,4.46
2016.04.27 17:08:02.808,0.75868,0.75879,1.12,1.50
2016.04.27 17:08:03.392,0.75869,0.75879,1.00,1.00
2016.04.27 17:08:03.909,0.75868,0.75879,1.87,1.00
2016.04.27 17:08:04.913,0.75869,0.75879,1.00,1.00
2016.04.27 17:08:05.417,0.75869,0.7588,1.00,3.71
2016.04.27 17:08:06.468,0.7587,0.7588,1.00,2.59
2016.04.27 17:08:06.974,0.75869,0.7588,1.57,1.76
2016.04.27 17:08:15.650,0.75868,0.7588,3.00,1.39
2016.04.27 17:08:16.192,0.7587,0.7588,1.00,1.76
2016.04.27 17:08:17.510,0.75868,0.7588,2.25,1.01
2016.04.27 17:08:20.113,0.75868,0.7588,3.19,1.29
2016.04.27 17:08:21.419,0.7587,0.7588,1.00,1.76
2016.04.27 17:08:21.951,0.7587,0.7588,1.00,1.95
2016.04.27 17:08:22.473,0.75869,0.7588,1.50,1.10
2016.04.27 17:08:23.876,0.7587,0.7588,1.00,1.10
2016.04.27 17:08:24.515,0.75871,0.7588,1.00,1.57
2016.04.27 17:08:25.021,0.7587,0.7588,1.12,1.57
2016.04.27 17:08:35.141,0.75869,0.7588,1.37,1.87
2016.04.27 17:08:35.664,0.75869,0.7588,1.87,1.50
2016.04.27 17:08:43.997,0.75868,0.7588,2.21,1.12
2016.04.27 17:08:44.791,0.7587,0.7588,1.00,1.87
2016.04.27 17:08:45.299,0.75869,0.75881,1.12,3.15
2016.04.27 17:08:48.404,0.7587,0.75881,1.00,3.90
2016.04.27 17:08:49.594,0.75868,0.75881,2.96,3.90
2016.04.27 17:08:50.313,0.7587,0.7588,1.00,1.50
2016.04.27 17:08:54.279,0.7587,0.7588,1.00,1.50
2016.04.27 17:08:54.381,0.7587,0.7588,1.00,1.87
2016.04.27 17:08:54.935,0.7587,0.75879,1.00,3.75
2016.04.27 17:08:55.078,0.75868,0.75878,1.25,1.45
2016.04.27 17:08:55.180,0.75868,0.75878,1.31,1.12
2016.04.27 17:08:55.686,0.75867,0.75878,1.69,1.37
2016.04.27 17:09:00.194,0.75869,0.75879,1.00,3.52
2016.04.27 17:09:02.452,0.75867,0.75879,2.81,2.70
2016.04.27 17:09:03.303,0.75868,0.75879,1.31,1.20
2016.04.27 17:09:03.834,0.75868,0.75878,1.31,1.00
2016.04.27 17:09:03.936,0.75866,0.75877,1.76,1.50
2016.04.27 17:09:04.240,0.75868,0.75879,1.25,3.07
2016.04.27 17:09:04.780,0.75869,0.75879,1.50,1.20
2016.04.27 17:09:05.342,0.75869,0.7588,2.44,1.95
2016.04.27 17:09:05.646,0.75869,0.7588,2.44,2.62
2016.04.27 17:09:06.160,0.75869,0.75881,2.44,3.15
2016.04.27 17:09:07.229,0.7587,0.75881,1.25,2.70
2016.04.27 17:09:08.395,0.75871,0.75881,1.00,2.32
2016.04.27 17:09:08.915,0.7587,0.75881,1.31,1.17
2016.04.27 17:09:09.386,0.75873,0.75881,1.19,1.17
2016.04.27 17:09:09.538,0.75869,0.75881,3.26,1.09
2016.04.27 17:09:09.640,0.75871,0.7588,1.00,1.29
2016.04.27 17:09:09.691,0.75869,0.7588,2.32,1.29
2016.04.27 17:09:09.743,0.75869,0.75878,1.95,1.19
2016.04.27 17:09:10.270,0.7587,0.75878,1.00,1.19
2016.04.27 17:09:10.523,0.7587,0.75882,1.00,3.75
2016.04.27 17:09:10.777,0.75871,0.75882,1.00,3.52
2016.04.27 17:09:12.083,0.7587,0.75881,1.00,1.20
2016.04.27 17:09:13.525,0.7587,0.7588,1.00,1.00
2016.04.27 17:09:14.031,0.7587,0.75881,1.00,1.57
2016.04.27 17:09:21.843,0.7587,0.75881,1.00,1.39
2016.04.27 17:09:23.847,0.75869,0.7588,1.87,1.12
2016.04.27 17:09:24.557,0.75869,0.7588,1.37,1.12
2016.04.27 17:09:33.109,0.7587,0.75879,1.12,1.12
2016.04.27 17:09:34.174,0.75869,0.7588,1.50,3.37
2016.04.27 17:09:36.154,0.75868,0.7588,1.10,3.37
2016.04.27 17:09:36.696,0.75869,0.75879,1.00,2.25
2016.04.27 17:09:37.477,0.75869,0.75879,1.00,1.50
2016.04.27 17:09:40.890,0.7587,0.7588,1.00,2.62
2016.04.27 17:09:42.584,0.75869,0.7588,1.50,2.62
2016.04.27 17:09:43.116,0.75869,0.7588,1.50,2.25
2016.04.27 17:09:43.926,0.7587,0.7588,1.00,3.00
2016.04.27 17:09:44.430,0.75871,0.7588,1.00,1.00
2016.04.27 17:09:44.582,0.75869,0.7588,2.25,1.00
2016.04.27 17:09:44.942,0.75871,0.7588,1.00,1.00
2016.04.27 17:09:45.094,0.75869,0.75881,1.50,1.57
2016.04.27 17:09:45.619,0.7587,0.75881,1.00,1.95
2016.04.27 17:09:46.780,0.75869,0.75881,1.50,1.57
2016.04.27 17:09:46.882,0.75871,0.75881,1.00,2.32
2016.04.27 17:09:47.387,0.7587,0.75881,1.00,1.20
2016.04.27 17:09:49.887,0.75871,0.75881,1.00,1.39
2016.04.27 17:09:50.461,0.7587,0.75882,1.00,5.40
2016.04.27 17:09:55.223,0.7587,0.75882,2.62,1.84
2016.04.27 17:09:55.527,0.75874,0.75884,1.00,3.26
2016.04.27 17:09:56.037,0.75875,0.75884,2.25,1.19
2016.04.27 17:09:56.341,0.75872,0.75881,3.64,1.00
2016.04.27 17:09:56.443,0.75872,0.7588,1.00,1.19
2016.04.27 17:09:56.545,0.7587,0.7588,2.44,1.19
2016.04.27 17:09:57.386,0.7587,0.75881,2.25,1.19
2016.04.27 17:09:57.891,0.75871,0.75881,1.50,1.69
2016.04.27 17:09:59.245,0.75872,0.75881,1.00,1.19
2016.04.27 17:09:59.906,0.75871,0.75882,1.10,3.64
2016.04.27 17:10:01.044,0.75874,0.75882,1.00,3.64
2016.04.27 17:10:01.198,0.75876,0.75885,1.76,1.37
2016.04.27 17:10:01.251,0.75878,0.75885,1.00,1.00
2016.04.27 17:10:01.456,0.75881,0.7589,1.12,1.00
2016.04.27 17:10:01.997,0.75879,0.7589,1.47,1.00
2016.04.27 17:10:04.458,0.75878,0.7589,2.44,2.32
2016.04.27 17:10:04.965,0.75878,0.75889,1.50,1.69
2016.04.27 17:10:09.588,0.75879,0.75888,1.00,1.25
2016.04.27 17:10:10.111,0.75878,0.75889,1.50,3.19
2016.04.27 17:10:10.693,0.75879,0.75889,1.00,1.69
2016.04.27 17:10:11.198,0.75878,0.75889,1.50,1.19
2016.04.27 17:10:11.718,0.75879,0.75889,1.00,1.19
2016.04.27 17:10:15.836,0.75878,0.75889,1.00,1.00
2016.04.27 17:10:16.490,0.75878,0.75889,1.20,1.19
2016.04.27 17:10:24.167,0.75883,0.7589,1.00,2.06
2016.04.27 17:10:24.218,0.75882,0.7589,1.50,1.00
2016.04.27 17:10:24.270,0.75888,0.75893,1.00,2.06
2016.04.27 17:10:24.498,0.75889,0.75899,1.10,2.81
2016.04.27 17:10:25.106,0.75887,0.75899,2.02,1.31
2016.04.27 17:10:29.430,0.75889,0.75899,1.00,1.31
2016.04.27 17:10:30.150,0.75888,0.75899,1.65,1.31
2016.04.27 17:10:33.446,0.75889,0.75899,1.00,2.06
2016.04.27 17:10:33.989,0.75888,0.75899,1.20,2.06
2016.04.27 17:10:34.840,0.75889,0.75899,1.00,2.06
2016.04.27 17:10:35.346,0.75888,0.75899,1.20,1.31
2016.04.27 17:10:38.293,0.75888,0.75899,2.02,1.19
2016.04.27 17:10:38.826,0.7589,0.75899,1.12,1.19
2016.04.27 17:10:40.214,0.75889,0.75899,1.12,1.19
2016.04.27 17:10:42.128,0.75888,0.759,1.57,1.69
2016.04.27 17:10:44.544,0.75888,0.75899,1.57,1.50
2016.04.27 17:10:45.410,0.75888,0.75899,1.57,1.37
2016.04.27 17:10:47.778,0.75888,0.75899,1.07,1.00
2016.04.27 17:10:48.285,0.75887,0.759,1.57,3.45
2016.04.27 17:10:48.438,0.75887,0.75895,1.07,1.00
2016.04.27 17:10:48.591,0.75884,0.75891,1.00,1.12
2016.04.27 17:10:48.643,0.75881,0.75891,1.57,1.12
2016.04.27 17:10:48.850,0.75879,0.7589,1.39,1.00
2016.04.27 17:10:49.256,0.7588,0.7589,1.07,1.25
2016.04.27 17:10:49.408,0.75879,0.7589,1.25,1.25
2016.04.27 17:10:49.510,0.75881,0.7589,1.00,1.25
2016.04.27 17:10:52.467,0.75882,0.75892,1.00,1.76
2016.04.27 17:10:52.972,0.75881,0.75892,1.00,1.76
2016.04.27 17:10:53.482,0.75882,0.75892,1.00,1.76
2016.04.27 17:10:54.892,0.75882,0.75892,1.00,1.07
2016.04.27 17:10:55.044,0.75882,0.75894,1.50,2.02
2016.04.27 17:10:55.574,0.75883,0.75894,1.10,1.95
2016.04.27 17:10:57.146,0.75881,0.75894,1.76,4.20
2016.04.27 17:10:57.298,0.75881,0.75894,1.09,5.40
2016.04.27 17:10:58.308,0.75882,0.75892,1.00,1.12
2016.04.27 17:10:58.814,0.75882,0.75893,1.17,1.00
2016.04.27 17:10:59.328,0.75882,0.75894,1.17,1.95
2016.04.27 17:10:59.845,0.75884,0.75894,1.00,1.95
2016.04.27 17:11:00.149,0.75886,0.75894,1.00,1.10
2016.04.27 17:11:00.352,0.75886,0.75897,1.00,2.77
2016.04.27 17:11:00.858,0.75887,0.75896,1.00,1.00
2016.04.27 17:11:01.368,0.75887,0.75897,1.00,2.02
2016.04.27 17:11:01.883,0.75886,0.75897,1.00,2.02
2016.04.27 17:11:02.868,0.75886,0.75897,1.00,2.40
2016.04.27 17:11:03.424,0.75886,0.75897,1.00,2.40
2016.04.27 17:11:04.278,0.75885,0.75897,1.12,2.40
2016.04.27 17:11:04.532,0.75882,0.75892,1.20,1.87
2016.04.27 17:11:04.583,0.75882,0.75892,1.10,2.06
2016.04.27 17:11:04.991,0.7588,0.75891,1.00,1.95
2016.04.27 17:11:05.548,0.75879,0.75891,1.00,3.90
2016.04.27 17:11:06.067,0.7588,0.75891,1.10,1.50
2016.04.27 17:11:06.573,0.75881,0.75891,1.00,2.25
2016.04.27 17:11:07.129,0.75879,0.75891,1.17,1.50
2016.04.27 17:11:07.581,0.75883,0.75891,1.00,1.00
2016.04.27 17:11:07.785,0.75886,0.75897,1.00,3.90
2016.04.27 17:11:08.343,0.75886,0.75897,1.00,3.07
2016.04.27 17:11:08.576,0.75885,0.75894,1.10,1.00
2016.04.27 17:11:08.981,0.75885,0.75897,1.47,1.37
2016.04.27 17:11:09.487,0.75886,0.75897,1.12,2.62
2016.04.27 17:11:10.846,0.75886,0.75896,1.12,1.00
2016.04.27 17:11:11.363,0.75885,0.75896,1.37,1.37
2016.04.27 17:11:11.869,0.75886,0.75896,1.12,1.50
2016.04.27 17:11:12.897,0.75885,0.75897,1.37,2.32
2016.04.27 17:11:13.652,0.75886,0.75896,1.12,1.00
2016.04.27 17:11:14.190,0.75885,0.75897,1.37,2.32
2016.04.27 17:11:14.701,0.75885,0.75896,1.37,1.12
2016.04.27 17:11:16.207,0.75885,0.75896,1.00,1.50
2016.04.27 17:11:18.973,0.75883,0.75893,1.76,1.00
2016.04.27 17:11:19.176,0.75882,0.75893,1.50,1.00
2016.04.27 17:11:19.682,0.75882,0.75893,1.50,1.07
2016.04.27 17:11:22.775,0.75884,0.75894,1.00,2.32
2016.04.27 17:11:23.281,0.75883,0.75893,1.12,1.07
2016.04.27 17:11:25.827,0.75882,0.75891,1.00,1.00
2016.04.27 17:11:25.929,0.7588,0.7589,1.00,1.00
2016.04.27 17:11:26.183,0.75878,0.7589,3.00,1.27
2016.04.27 17:11:27.355,0.75879,0.7589,1.00,1.57
2016.04.27 17:11:36.071,0.75878,0.75889,1.20,1.57
2016.04.27 17:11:36.830,0.75878,0.75891,1.95,3.07
2016.04.27 17:11:37.350,0.7588,0.7589,1.00,1.07
2016.04.27 17:11:37.959,0.7588,0.7589,1.12,1.57
2016.04.27 17:11:39.362,0.7588,0.7589,1.37,1.57
2016.04.27 17:11:39.895,0.7588,0.7589,1.12,1.57
2016.04.27 17:11:42.233,0.75879,0.7589,1.57,1.20
2016.04.27 17:11:44.485,0.75879,0.75889,1.20,1.00
2016.04.27 17:11:48.547,0.75878,0.75891,2.32,1.95
2016.04.27 17:11:49.064,0.75879,0.75889,1.65,1.00
2016.04.27 17:11:51.607,0.75879,0.75889,1.20,1.00
2016.04.27 17:11:55.337,0.75878,0.75888,1.45,1.00
2016.04.27 17:11:58.543,0.75877,0.75887,3.07,1.00
2016.04.27 17:11:58.899,0.75876,0.75887,1.65,1.50
2016.04.27 17:12:03.587,0.75876,0.75888,2.02,1.76
2016.04.27 17:12:04.172,0.75876,0.75887,2.02,1.00
2016.04.27 17:12:10.111,0.75876,0.75888,2.02,1.57
2016.04.27 17:12:15.014,0.75876,0.75883,1.65,1.00
2016.04.27 17:12:15.174,0.75872,0.75883,1.82,1.00
2016.04.27 17:12:15.275,0.75871,0.75883,2.70,1.25
2016.04.27 17:12:16.238,0.75871,0.75883,3.37,1.25
2016.04.27 17:12:18.429,0.75872,0.75883,1.45,1.19
2016.04.27 17:12:18.936,0.75873,0.75884,1.76,1.20
2016.04.27 17:12:19.137,0.75875,0.75885,1.27,1.25
2016.04.27 17:12:19.644,0.75875,0.75886,1.00,1.69
2016.04.27 17:12:19.959,0.75876,0.75887,3.15,1.00
2016.04.27 17:12:24.871,0.75875,0.75885,2.62,1.00
2016.04.27 17:12:25.175,0.75871,0.75882,1.57,1.00
2016.04.27 17:12:25.428,0.75871,0.75882,1.10,1.00
2016.04.27 17:12:25.740,0.75874,0.75884,1.00,2.14
2016.04.27 17:12:25.952,0.75876,0.75886,1.25,1.00
2016.04.27 17:12:26.458,0.75875,0.75885,1.00,1.12
2016.04.27 17:12:27.250,0.75875,0.75885,1.12,1.25
2016.04.27 17:12:27.566,0.75872,0.75884,3.56,1.87
2016.04.27 17:12:30.864,0.75873,0.75882,1.20,1.00
2016.04.27 17:12:31.370,0.75873,0.75882,1.07,1.00
2016.04.27 17:12:31.875,0.75873,0.75883,1.07,1.50
2016.04.27 17:12:32.538,0.75872,0.75882,2.51,1.00
2016.04.27 17:12:33.064,0.7587,0.75882,3.19,1.50
2016.04.27 17:12:33.613,0.75871,0.75881,3.34,1.00
2016.04.27 17:12:34.120,0.75871,0.75882,3.71,1.00
2016.04.27 17:12:34.920,0.75871,0.75883,4.09,1.01
2016.04.27 17:12:40.474,0.75872,0.75883,1.07,1.00
2016.04.27 17:12:40.983,0.75872,0.75883,1.10,1.57
2016.04.27 17:12:41.981,0.75871,0.75881,1.32,1.00
2016.04.27 17:12:42.285,0.75872,0.75884,1.57,1.32
2016.04.27 17:12:42.337,0.75873,0.75884,1.20,1.25
2016.04.27 17:12:42.441,0.75875,0.75886,1.20,1.20
2016.04.27 17:12:42.948,0.75875,0.75886,1.65,1.25
2016.04.27 17:12:43.465,0.75875,0.75885,1.65,1.00
2016.04.27 17:12:46.408,0.75874,0.75886,3.82,1.31
2016.04.27 17:12:48.958,0.75875,0.75885,2.02,1.00
2016.04.27 17:12:50.718,0.75875,0.75886,1.65,1.12
2016.04.27 17:12:50.819,0.75874,0.75884,2.89,1.12
2016.04.27 17:12:51.326,0.75874,0.75885,3.34,1.25
2016.04.27 17:12:51.835,0.75874,0.75885,3.71,1.25
2016.04.27 17:12:52.381,0.75876,0.75886,1.00,1.00
2016.04.27 17:12:52.483,0.75877,0.75888,1.00,2.70
2016.04.27 17:12:52.939,0.75877,0.75885,3.15,1.19
2016.04.27 17:12:53.143,0.75875,0.75885,2.14,1.19
2016.04.27 17:12:53.247,0.75875,0.75885,1.69,1.26
2016.04.27 17:12:53.963,0.75875,0.75886,1.87,1.95
2016.04.27 17:12:54.469,0.75876,0.75886,1.00,2.70
2016.04.27 17:12:54.977,0.75875,0.75886,1.20,1.20
2016.04.27 17:13:00.891,0.75876,0.75887,1.00,2.89
2016.04.27 17:13:01.094,0.75877,0.75887,1.00,1.00
2016.04.27 17:13:01.267,0.75877,0.75888,1.57,1.10
2016.04.27 17:13:01.574,0.75877,0.75886,2.32,1.19
2016.04.27 17:13:01.778,0.75877,0.75886,1.20,1.69
2016.04.27 17:13:02.294,0.75878,0.75886,1.50,1.19
2016.04.27 17:13:02.801,0.75878,0.75885,1.00,1.19
2016.04.27 17:13:03.306,0.75878,0.75885,1.57,1.19
2016.04.27 17:13:03.554,0.75878,0.75888,1.07,1.25
2016.04.27 17:13:03.656,0.75878,0.75885,1.07,1.00
2016.04.27 17:13:03.809,0.75876,0.75884,1.26,1.00
2016.04.27 17:13:03.860,0.75875,0.75884,1.57,2.44
2016.04.27 17:13:04.063,0.75873,0.75885,2.89,2.32
2016.04.27 17:13:04.114,0.75873,0.75883,2.89,1.00
2016.04.27 17:13:04.166,0.75873,0.75885,2.89,1.57
2016.04.27 17:13:04.672,0.75873,0.75885,1.84,1.50
2016.04.27 17:13:04.772,0.75873,0.75883,2.59,1.00
2016.04.27 17:13:05.291,0.75873,0.75884,2.59,1.00
2016.04.27 17:13:05.797,0.75874,0.75885,1.10,1.50
2016.04.27 17:13:06.101,0.75876,0.75886,1.39,1.00
2016.04.27 17:13:06.617,0.75876,0.75886,2.14,1.00
2016.04.27 17:13:07.123,0.75876,0.75888,2.14,1.95
2016.04.27 17:13:09.118,0.75877,0.75887,1.19,1.10
2016.04.27 17:13:10.274,0.75877,0.75888,1.39,1.12
2016.04.27 17:13:11.283,0.75877,0.75888,1.66,1.12
2016.04.27 17:13:11.789,0.75877,0.75888,1.36,1.87
2016.04.27 17:13:16.544,0.75879,0.75888,1.00,1.12
2016.04.27 17:13:16.879,0.75886,0.75894,2.89,1.00
2016.04.27 17:13:16.930,0.75886,0.75896,1.57,1.00
2016.04.27 17:13:16.981,0.75886,0.75897,1.87,3.37
2016.04.27 17:13:17.487,0.75886,0.75896,2.06,1.95
2016.04.27 17:13:18.005,0.75886,0.75897,2.81,1.57
2016.04.27 17:13:18.309,0.75887,0.75898,1.31,3.52
2016.04.27 17:13:18.715,0.75885,0.75896,2.59,1.37
2016.04.27 17:13:18.961,0.75879,0.7589,1.46,1.95
2016.04.27 17:13:19.165,0.75878,0.7589,1.20,3.34
2016.04.27 17:13:19.217,0.7588,0.7589,1.00,2.96
2016.04.27 17:13:19.420,0.75879,0.75891,2.06,1.95
2016.04.27 17:13:19.940,0.75881,0.75891,1.50,1.20
2016.04.27 17:13:21.450,0.75884,0.75892,1.69,1.65
2016.04.27 17:13:21.602,0.75885,0.75894,2.06,1.27
2016.04.27 17:13:21.806,0.75883,0.75894,1.10,2.70
2016.04.27 17:13:22.022,0.75884,0.75893,1.37,1.39
2016.04.27 17:13:22.884,0.75883,0.75892,1.30,1.12
2016.04.27 17:13:22.935,0.75881,0.75892,1.29,1.50
2016.04.27 17:13:22.986,0.75879,0.75892,2.51,4.31
2016.04.27 17:13:23.325,0.75879,0.7589,1.07,2.14
2016.04.27 17:13:23.782,0.75879,0.75887,1.07,1.19
2016.04.27 17:13:24.763,0.75879,0.75889,1.57,1.12
2016.04.27 17:13:25.690,0.75879,0.7589,1.57,2.51
2016.04.27 17:13:28.906,0.75883,0.7589,1.00,1.01
2016.04.27 17:13:29.161,0.75888,0.75898,1.50,1.39
2016.04.27 17:13:29.212,0.75888,0.75898,2.25,1.01
2016.04.27 17:13:29.717,0.75887,0.75898,1.39,1.76
2016.04.27 17:13:29.947,0.75887,0.75895,1.39,1.00
2016.04.27 17:13:30.099,0.75884,0.75894,2.40,1.00
2016.04.27 17:13:30.606,0.75884,0.75897,2.40,4.57
2016.04.27 17:13:32.132,0.75885,0.75896,1.47,1.17
2016.04.27 17:13:32.638,0.75886,0.75897,1.76,1.07
2016.04.27 17:13:33.176,0.75885,0.75896,1.95,1.10
2016.04.27 17:13:34.219,0.75885,0.75897,1.00,2.70
2016.04.27 17:13:35.753,0.75885,0.75897,1.31,2.40
2016.04.27 17:13:35.854,0.75888,0.75897,1.00,1.27
2016.04.27 17:13:36.006,0.75888,0.75898,1.12,1.50
2016.04.27 17:13:45.433,0.75887,0.75897,1.95,1.00
2016.04.27 17:13:45.983,0.75888,0.75898,1.12,1.00
2016.04.27 17:13:46.241,0.75886,0.75896,2.59,1.00
2016.04.27 17:13:46.393,0.75885,0.75897,1.12,3.90
2016.04.27 17:13:46.954,0.75884,0.75896,1.87,1.57
2016.04.27 17:13:48.351,0.75884,0.75894,1.12,1.00
2016.04.27 17:13:48.861,0.75884,0.75895,1.25,1.76
2016.04.27 17:13:49.367,0.75884,0.75894,1.25,1.87
2016.04.27 17:13:50.101,0.75885,0.75895,1.00,3.26
2016.04.27 17:13:50.253,0.75886,0.75896,1.31,1.65
2016.04.27 17:13:50.759,0.75885,0.75896,2.44,2.40
2016.04.27 17:13:51.269,0.75885,0.75896,1.00,3.15
2016.04.27 17:13:51.927,0.75884,0.75895,1.87,2.77
2016.04.27 17:13:52.232,0.75886,0.75897,1.87,1.87
2016.04.27 17:13:52.448,0.75885,0.75896,1.69,1.10
2016.04.27 17:13:54.061,0.75886,0.75896,1.00,1.20
2016.04.27 17:13:54.163,0.75888,0.75897,1.00,1.17
2016.04.27 17:13:54.772,0.75888,0.75897,1.25,1.10
2016.04.27 17:13:55.026,0.75888,0.75899,1.62,1.09
2016.04.27 17:13:55.781,0.75887,0.75898,1.69,1.00
2016.04.27 17:13:56.304,0.75887,0.75899,1.69,1.01
2016.04.27 17:13:56.356,0.75887,0.75897,1.76,1.00
2016.04.27 17:13:57.675,0.75887,0.75897,1.69,1.00
2016.04.27 17:13:58.862,0.75887,0.75898,1.76,1.00
2016.04.27 17:14:05.234,0.75888,0.75899,1.46,2.14
2016.04.27 17:14:05.755,0.75888,0.75898,1.46,1.00
2016.04.27 17:14:07.340,0.75886,0.75898,2.89,1.20
2016.04.27 17:14:08.694,0.75886,0.75898,3.26,3.07
2016.04.27 17:14:11.152,0.75886,0.75897,1.95,1.69
2016.04.27 17:14:11.405,0.75886,0.75897,1.46,1.00
2016.04.27 17:14:11.457,0.75888,0.75897,1.00,1.00
2016.04.27 17:14:14.176,0.75888,0.75898,1.10,1.50
2016.04.27 17:14:19.112,0.75887,0.75897,1.65,1.00
2016.04.27 17:14:19.674,0.75887,0.75899,2.21,1.76
2016.04.27 17:14:20.186,0.75889,0.75899,1.00,1.76
2016.04.27 17:14:20.739,0.75888,0.75899,1.39,1.76
2016.04.27 17:14:25.090,0.75888,0.75899,1.39,1.01
2016.04.27 17:14:25.603,0.7589,0.759,1.10,1.29
2016.04.27 17:14:26.109,0.7589,0.759,1.76,1.10
2016.04.27 17:14:26.430,0.75896,0.75905,1.31,1.17
2016.04.27 17:14:26.533,0.75899,0.7591,1.12,1.46
2016.04.27 17:14:27.226,0.75899,0.7591,1.20,1.95
2016.04.27 17:14:28.041,0.75899,0.75909,1.20,1.00
2016.04.27 17:14:28.548,0.75899,0.7591,1.20,1.57
2016.04.27 17:14:29.272,0.75899,0.7591,1.20,2.70
2016.04.27 17:14:29.816,0.75899,0.7591,1.20,1.20
2016.04.27 17:14:31.954,0.75899,0.75911,1.37,2.21
2016.04.27 17:14:32.462,0.75898,0.75911,3.26,3.26
2016.04.27 17:14:33.004,0.759,0.75911,1.12,1.32
2016.04.27 17:14:33.511,0.759,0.75911,2.25,1.32
2016.04.27 17:14:33.940,0.75904,0.75911,1.00,1.07
2016.04.27 17:14:34.144,0.75908,0.75918,1.10,1.20
2016.04.27 17:14:34.397,0.7591,0.7592,1.00,1.50
2016.04.27 17:14:34.713,0.75913,0.75923,1.50,1.29
2016.04.27 17:14:34.917,0.7591,0.75921,2.51,1.20
2016.04.27 17:14:35.172,0.75909,0.7592,1.76,1.27
2016.04.27 17:14:35.246,0.75909,0.7592,1.10,1.46
2016.04.27 17:14:35.805,0.7591,0.7592,1.00,2.59
2016.04.27 17:14:36.059,0.75913,0.7592,1.00,1.46
2016.04.27 17:14:36.162,0.75915,0.75922,1.00,2.02
2016.04.27 17:14:36.263,0.75915,0.75924,1.84,1.00
2016.04.27 17:14:36.314,0.75917,0.75924,1.12,1.00
2016.04.27 17:14:36.379,0.75918,0.75926,1.10,1.00
2016.04.27 17:14:36.482,0.75918,0.7593,1.57,1.76
2016.04.27 17:14:36.585,0.7592,0.7593,1.00,1.29
2016.04.27 17:14:37.100,0.75919,0.75929,2.14,1.00
2016.04.27 17:14:37.463,0.75919,0.75931,1.76,1.10
2016.04.27 17:14:37.882,0.75922,0.75931,1.00,1.10
2016.04.27 17:14:38.209,0.75929,0.75933,1.01,1.00
2016.04.27 17:14:38.362,0.75929,0.75936,1.32,1.00
2016.04.27 17:14:38.878,0.75933,0.75937,1.25,1.00
2016.04.27 17:14:39.231,0.75936,0.7594,1.25,1.50
2016.04.27 17:14:39.566,0.75934,0.75938,4.69,1.00
2016.04.27 17:14:39.769,0.75929,0.75939,1.84,1.37
2016.04.27 17:14:40.244,0.75926,0.75936,1.25,1.07
2016.04.27 17:14:40.559,0.75925,0.75938,1.69,1.27
2016.04.27 17:14:41.129,0.75927,0.75939,1.32,1.57
2016.04.27 17:14:41.643,0.75927,0.75938,1.25,2.32
2016.04.27 17:14:41.987,0.75921,0.75933,2.06,1.37
2016.04.27 17:14:42.089,0.75921,0.7593,1.25,1.00
2016.04.27 17:14:42.292,0.75917,0.7593,2.14,1.10
2016.04.27 17:14:42.816,0.75917,0.75929,1.34,1.12
2016.04.27 17:14:43.326,0.75917,0.75931,1.84,1.15
2016.04.27 17:14:43.845,0.75919,0.75929,1.29,1.00
2016.04.27 17:14:44.720,0.75918,0.75929,1.39,1.37
2016.04.27 17:14:44.874,0.75916,0.75928,2.14,1.12
2016.04.27 17:14:45.127,0.75917,0.7593,1.25,2.32
2016.04.27 17:14:45.477,0.75919,0.7593,1.25,1.45
2016.04.27 17:14:45.629,0.75917,0.7593,2.89,1.20
2016.04.27 17:14:45.833,0.75917,0.7593,2.14,3.07
2016.04.27 17:14:46.341,0.75917,0.75928,2.14,1.87
2016.04.27 17:14:46.646,0.75917,0.75926,1.19,1.12
2016.04.27 17:14:47.001,0.75917,0.75926,1.19,1.87
2016.04.27 17:14:47.053,0.75912,0.75925,1.75,1.50
2016.04.27 17:14:47.162,0.75915,0.75922,1.19,1.37
2016.04.27 17:14:47.265,0.75915,0.75926,1.19,1.37
2016.04.27 17:14:47.367,0.75916,0.75927,1.69,1.37
2016.04.27 17:14:47.418,0.75916,0.75928,1.69,1.00
2016.04.27 17:14:47.623,0.75916,0.75928,1.69,1.37
2016.04.27 17:14:47.674,0.75916,0.75928,1.25,1.37
2016.04.27 17:14:47.725,0.75916,0.75928,1.25,1.50
2016.04.27 17:14:48.027,0.75911,0.7592,1.00,1.00
2016.04.27 17:14:48.534,0.75909,0.75919,1.19,1.00
2016.04.27 17:14:49.055,0.75909,0.7592,1.19,2.25
2016.04.27 17:14:49.106,0.75908,0.7592,1.25,1.00
2016.04.27 17:14:49.157,0.7591,0.7592,1.00,1.00
2016.04.27 17:14:49.462,0.75913,0.75921,2.06,1.00
2016.04.27 17:14:49.877,0.75919,0.75923,1.25,1.00
2016.04.27 17:14:50.030,0.75919,0.75927,1.25,1.00
2016.04.27 17:14:50.132,0.75919,0.75931,1.25,1.12
2016.04.27 17:14:50.335,0.75919,0.75931,1.25,1.50
2016.04.27 17:14:50.847,0.75918,0.75928,1.25,1.50
2016.04.27 17:14:51.319,0.75917,0.75927,1.19,1.87
2016.04.27 17:14:51.752,0.75916,0.75927,1.12,1.12
2016.04.27 17:14:51.956,0.75916,0.75926,1.00,1.50
2016.04.27 17:14:52.109,0.75916,0.75927,1.25,1.00
2016.04.27 17:14:52.614,0.75916,0.75928,1.25,1.00
2016.04.27 17:14:52.767,0.75919,0.75929,1.19,1.50
2016.04.27 17:14:53.071,0.75919,0.7593,1.19,1.50
2016.04.27 17:14:54.050,0.75919,0.7593,1.19,1.50
2016.04.27 17:14:54.557,0.75919,0.75927,1.19,1.00
2016.04.27 17:14:54.908,0.75919,0.75928,1.19,2.25
2016.04.27 17:14:56.034,0.75915,0.75928,1.69,2.25
2016.04.27 17:14:56.237,0.75914,0.75927,1.69,3.00
2016.04.27 17:14:56.339,0.75914,0.75925,1.19,1.00
2016.04.27 17:14:56.592,0.75915,0.75927,2.44,1.50
2016.04.27 17:14:56.914,0.75915,0.75927,1.19,3.75
2016.04.27 17:14:57.169,0.75915,0.75927,1.25,1.50
2016.04.27 17:14:57.271,0.75916,0.75927,1.19,1.00
2016.04.27 17:14:57.844,0.75916,0.75928,1.31,2.25
2016.04.27 17:14:58.691,0.75916,0.75927,2.06,1.00
2016.04.27 17:14:59.005,0.75916,0.75926,1.25,1.12
2016.04.27 17:14:59.310,0.75912,0.75923,1.00,1.62
2016.04.27 17:14:59.361,0.7591,0.75923,1.25,4.31
2016.04.27 17:14:59.892,0.75912,0.75922,1.19,1.37
2016.04.27 17:14:59.944,0.75912,0.75924,1.69,1.87
2016.04.27 17:15:00.454,0.75913,0.75926,1.69,3.19
2016.04.27 17:15:00.975,0.75917,0.75927,1.00,1.19
2016.04.27 17:15:01.432,0.75915,0.75927,1.12,3.94
2016.04.27 17:15:01.969,0.75915,0.75924,1.19,1.00
2016.04.27 17:15:02.477,0.75915,0.75925,1.19,1.50
2016.04.27 17:15:02.882,0.75916,0.75928,2.06,1.00
2016.04.27 17:15:03.390,0.75916,0.75928,1.31,1.87
2016.04.27 17:15:03.694,0.75915,0.75925,1.31,1.37
2016.04.27 17:15:03.957,0.75913,0.75922,1.12,1.00
2016.04.27 17:15:04.211,0.75911,0.7592,1.19,1.12
2016.04.27 17:15:04.566,0.75911,0.75922,1.19,1.00
2016.04.27 17:15:05.695,0.75911,0.75922,1.19,1.37
2016.04.27 17:15:06.259,0.75916,0.75923,1.00,1.00
2016.04.27 17:15:06.361,0.75916,0.75925,1.00,1.00
2016.04.27 17:15:06.412,0.75916,0.75928,1.31,1.12
2016.04.27 17:15:06.919,0.75916,0.75929,2.81,2.25
2016.04.27 17:15:07.498,0.75917,0.75929,1.19,2.62
2016.04.27 17:15:07.904,0.75917,0.75928,1.19,1.12
2016.04.27 17:15:08.623,0.75917,0.75926,1.19,1.37
2016.04.27 17:15:08.928,0.75913,0.75926,3.56,1.37
2016.04.27 17:15:10.340,0.75913,0.75925,1.19,1.87
2016.04.27 17:15:10.544,0.75913,0.75925,1.19,2.62
2016.04.27 17:15:10.683,0.75911,0.75922,2.25,1.37
2016.04.27 17:15:10.835,0.75909,0.75921,1.69,1.50
2016.04.27 17:15:11.241,0.75909,0.75921,1.25,3.00
2016.04.27 17:15:11.642,0.75906,0.75918,3.19,1.50
2016.04.27 17:15:11.797,0.75909,0.75919,1.25,1.50
2016.04.27 17:15:12.000,0.75913,0.75925,2.44,1.00
2016.04.27 17:15:12.204,0.75917,0.75926,1.19,1.00
2016.04.27 17:15:12.256,0.75917,0.75929,1.56,1.00
2016.04.27 17:15:12.968,0.75917,0.75929,2.44,1.37
2016.04.27 17:15:13.474,0.75917,0.75928,1.69,1.00
2016.04.27 17:15:15.349,0.75917,0.7593,1.69,3.00
2016.04.27 17:15:16.200,0.75917,0.75928,1.31,1.87
2016.04.27 17:15:16.650,0.75917,0.75928,2.06,2.25
2016.04.27 17:15:17.360,0.75917,0.75927,1.19,1.87
2016.04.27 17:15:17.411,0.75914,0.75927,1.31,1.87
2016.04.27 17:15:17.968,0.75914,0.75924,1.19,1.37
2016.04.27 17:15:18.802,0.75914,0.75924,1.25,1.50
2016.04.27 17:15:19.312,0.75914,0.75925,1.00,1.69
2016.04.27 17:15:19.823,0.75913,0.75923,2.25,1.00
2016.04.27 17:15:20.329,0.75913,0.75925,1.50,1.75
2016.04.27 17:15:23.532,0.75914,0.75924,1.00,1.12
2016.04.27 17:15:24.082,0.75914,0.75924,1.00,1.37
2016.04.27 17:15:26.560,0.75913,0.75923,1.12,1.50
2016.04.27 17:15:26.864,0.75909,0.75919,1.00,1.12
2016.04.27 17:15:27.393,0.75908,0.75919,1.00,2.62
2016.04.27 17:15:30.701,0.75912,0.75919,1.00,1.12
2016.04.27 17:15:30.955,0.75916,0.75924,1.00,1.00
2016.04.27 17:15:31.006,0.75917,0.75927,1.12,1.87
2016.04.27 17:15:31.518,0.75917,0.75928,1.37,1.31
2016.04.27 17:15:32.983,0.75919,0.75928,1.00,1.00
2016.04.27 17:15:33.545,0.7592,0.7593,1.00,1.31
2016.04.27 17:15:34.763,0.7592,0.7593,1.00,1.31
2016.04.27 17:15:35.374,0.75924,0.7593,1.00,1.25
2016.04.27 17:15:35.527,0.75926,0.75933,1.00,1.00
2016.04.27 17:15:35.680,0.75926,0.75937,1.12,1.50
2016.04.27 17:15:36.215,0.75926,0.75937,1.50,1.37
2016.04.27 17:15:36.824,0.75926,0.75936,1.12,1.12
2016.04.27 17:15:37.341,0.75926,0.75938,1.12,1.69
2016.04.27 17:15:37.968,0.75927,0.75939,1.00,1.87
2016.04.27 17:15:38.731,0.75928,0.75939,1.00,1.12
2016.04.27 17:15:39.245,0.75928,0.75938,1.37,1.00
2016.04.27 17:15:39.752,0.75928,0.75939,1.37,1.69
2016.04.27 17:15:40.278,0.75928,0.75938,1.37,1.00
2016.04.27 17:15:40.784,0.75928,0.75938,1.00,1.12
2016.04.27 17:15:41.334,0.75927,0.75938,1.50,1.25
2016.04.27 17:15:41.943,0.75928,0.75938,1.00,1.25
2016.04.27 17:15:42.488,0.75928,0.75938,1.00,1.62
2016.04.27 17:15:43.066,0.75928,0.75938,1.00,1.25
2016.04.27 17:15:44.844,0.75933,0.75938,1.00,1.25
2016.04.27 17:15:44.996,0.75935,0.75946,1.00,3.94
2016.04.27 17:15:45.198,0.75935,0.75946,1.25,1.00
2016.04.27 17:15:45.552,0.75935,0.75944,1.50,1.00
2016.04.27 17:15:45.857,0.7593,0.75942,1.00,3.19
2016.04.27 17:15:46.380,0.75928,0.75941,3.56,2.81
2016.04.27 17:15:46.788,0.75925,0.75936,2.25,1.00
2016.04.27 17:15:47.327,0.75925,0.75938,1.50,2.44
2016.04.27 17:15:47.682,0.75928,0.75938,1.00,1.31
2016.04.27 17:15:47.937,0.75928,0.7594,1.69,1.12
2016.04.27 17:15:49.254,0.75931,0.7594,1.00,1.00
2016.04.27 17:15:49.560,0.75934,0.7594,1.69,1.00
2016.04.27 17:15:49.865,0.75936,0.75941,1.37,1.00
2016.04.27 17:15:50.076,0.75936,0.75948,1.37,1.69
2016.04.27 17:15:51.169,0.75934,0.75948,2.25,1.50
2016.04.27 17:15:51.220,0.75934,0.75947,1.12,1.00
2016.04.27 17:15:51.727,0.75934,0.75947,1.12,1.87
2016.04.27 17:15:52.081,0.75934,0.75947,1.37,1.50
2016.04.27 17:15:52.597,0.75936,0.7595,1.50,1.87
2016.04.27 17:15:53.157,0.75938,0.75949,1.00,1.37
2016.04.27 17:15:53.667,0.75936,0.75948,1.69,1.37
2016.04.27 17:15:55.351,0.75936,0.75948,1.31,3.00
2016.04.27 17:15:55.473,0.75935,0.75946,1.12,2.06
2016.04.27 17:15:55.524,0.75932,0.75944,1.69,1.37
2016.04.27 17:15:55.829,0.75931,0.75941,1.00,1.87
2016.04.27 17:15:55.880,0.75929,0.75941,1.87,1.87
2016.04.27 17:15:56.429,0.75929,0.7594,1.12,1.12
2016.04.27 17:15:58.068,0.75931,0.75942,1.00,3.56
2016.04.27 17:15:58.321,0.75935,0.75947,1.37,1.25
2016.04.27 17:15:58.830,0.75935,0.75948,2.25,1.69
2016.04.27 17:15:59.337,0.75935,0.75949,2.25,3.37
2016.04.27 17:16:00.109,0.75936,0.75949,1.50,3.00
2016.04.27 17:16:00.261,0.75935,0.75947,1.50,1.00
2016.04.27 17:16:00.312,0.75935,0.75947,1.12,1.75
2016.04.27 17:16:00.820,0.75934,0.75946,2.06,1.31
2016.04.27 17:16:01.336,0.75935,0.75946,1.00,1.25
2016.04.27 17:16:01.843,0.75936,0.75946,1.00,1.25
2016.04.27 17:16:02.156,0.75938,0.7595,1.50,1.69
2016.04.27 17:16:03.396,0.75938,0.75949,1.12,1.69
2016.04.27 17:16:04.335,0.75937,0.75949,1.62,1.62
2016.04.27 17:16:04.846,0.75937,0.75949,1.25,2.06
2016.04.27 17:16:05.901,0.7594,0.75949,1.00,1.31
2016.04.27 17:16:06.204,0.75944,0.75949,1.00,1.00
2016.04.27 17:16:06.356,0.75944,0.75951,1.00,1.50
2016.04.27 17:16:06.458,0.75947,0.75951,1.00,1.00
2016.04.27 17:16:06.560,0.75947,0.75954,1.00,1.00
2016.04.27 17:16:06.665,0.75944,0.75955,1.00,1.69
2016.04.27 17:16:06.767,0.75946,0.75954,1.00,1.75
2016.04.27 17:16:07.527,0.75945,0.75951,1.00,1.00
2016.04.27 17:16:07.738,0.75942,0.75951,1.00,1.12
2016.04.27 17:16:07.991,0.75941,0.75949,1.00,1.00
2016.04.27 17:16:08.549,0.75941,0.75949,1.00,1.50
2016.04.27 17:16:09.063,0.7594,0.75948,1.00,2.06
2016.04.27 17:16:09.614,0.75941,0.75948,1.00,1.50
2016.04.27 17:16:10.200,0.7594,0.75948,1.00,1.50
2016.04.27 17:16:10.504,0.75942,0.75948,1.00,1.00
2016.04.27 17:16:10.707,0.7594,0.75948,1.00,1.00
2016.04.27 17:16:11.213,0.75941,0.75949,1.00,1.25
2016.04.27 17:16:12.805,0.75941,0.7595,1.00,1.87
2016.04.27 17:16:13.589,0.7594,0.7595,1.00,1.87
2016.04.27 17:16:13.842,0.75939,0.75949,1.00,2.25
2016.04.27 17:16:14.356,0.7594,0.75949,1.00,2.25
2016.04.27 17:16:16.918,0.75941,0.75949,1.00,2.62
2016.04.27 17:16:17.224,0.75943,0.75952,1.00,3.56
2016.04.27 17:16:17.744,0.75943,0.75952,1.00,3.00
2016.04.27 17:16:19.215,0.75943,0.75952,1.00,3.19
2016.04.27 17:16:19.722,0.75943,0.75952,1.00,3.00
2016.04.27 17:16:21.098,0.75944,0.75952,1.00,2.25
2016.04.27 17:16:21.630,0.75945,0.75951,1.00,1.25
2016.04.27 17:16:23.894,0.75944,0.75951,1.00,1.25
2016.04.27 17:16:24.401,0.75943,0.75951,1.00,1.25
2016.04.27 17:16:25.767,0.75943,0.7595,1.00,1.00
2016.04.27 17:16:30.627,0.75942,0.7595,1.00,1.12
2016.04.27 17:16:31.177,0.75943,0.75949,1.00,1.00
2016.04.27 17:16:31.683,0.75942,0.75949,1.00,1.00
2016.04.27 17:16:33.264,0.75943,0.75949,1.00,1.00
2016.04.27 17:16:36.219,0.75944,0.75949,1.00,1.00
2016.04.27 17:16:36.755,0.75944,0.7595,1.00,1.50
2016.04.27 17:16:37.263,0.75943,0.7595,1.00,1.50
2016.04.27 17:16:38.099,0.75942,0.7595,1.00,1.50
2016.04.27 17:16:41.961,0.75941,0.7595,1.00,1.12
2016.04.27 17:16:42.464,0.75942,0.7595,1.00,1.12
2016.04.27 17:16:43.814,0.75943,0.7595,1.00,1.12
2016.04.27 17:16:44.320,0.75942,0.7595,1.00,1.50
2016.04.27 17:16:44.661,0.75942,0.75948,1.00,1.00
2016.04.27 17:16:44.868,0.75941,0.7595,1.00,1.12
2016.04.27 17:16:45.375,0.75941,0.75949,1.00,1.00
2016.04.27 17:16:48.678,0.75941,0.7595,1.00,1.12
2016.04.27 17:16:49.204,0.7594,0.7595,1.00,1.50
2016.04.27 17:16:50.761,0.7594,0.7595,1.00,1.87
2016.04.27 17:16:51.280,0.75941,0.75949,1.00,1.00
2016.04.27 17:16:51.584,0.75946,0.7595,1.00,1.25
2016.04.27 17:16:51.635,0.75944,0.75952,1.00,1.50
2016.04.27 17:16:51.838,0.75944,0.75954,1.00,1.87
2016.04.27 17:16:51.889,0.75945,0.75952,1.00,1.00
2016.04.27 17:16:51.991,0.75944,0.75954,1.00,1.12
2016.04.27 17:16:52.092,0.75944,0.75952,1.00,1.00
2016.04.27 17:16:52.599,0.75943,0.75952,1.00,1.12
2016.04.27 17:16:53.104,0.75944,0.75952,1.00,1.12
2016.04.27 17:16:55.070,0.75946,0.75952,1.00,1.00
2016.04.27 17:16:55.121,0.75946,0.75954,1.00,1.50
2016.04.27 17:16:55.223,0.75948,0.75954,1.00,1.00
2016.04.27 17:16:55.274,0.75946,0.75954,1.00,1.00
2016.04.27 17:16:55.476,0.75944,0.75954,1.50,1.12
2016.04.27 17:16:55.870,0.75943,0.75954,1.50,2.62
2016.04.27 17:16:57.227,0.75944,0.75951,1.00,1.12
2016.04.27 17:16:57.734,0.75943,0.75951,1.00,1.12
2016.04.27 17:16:58.806,0.75944,0.75951,1.25,1.12
2016.04.27 17:16:59.571,0.75942,0.75951,1.00,1.87
2016.04.27 17:16:59.672,0.75941,0.7595,1.00,1.37
2016.04.27 17:17:00.027,0.75939,0.75949,1.00,1.50
2016.04.27 17:17:00.549,0.7594,0.7595,1.00,1.37
2016.04.27 17:17:01.274,0.7594,0.7595,1.00,1.00
2016.04.27 17:17:01.426,0.75942,0.75953,1.00,3.75
2016.04.27 17:17:01.881,0.75942,0.75953,1.00,3.00
2016.04.27 17:17:02.134,0.7594,0.75953,2.44,3.75
2016.04.27 17:17:02.286,0.75941,0.75952,1.00,1.00
2016.04.27 17:17:02.602,0.75943,0.75953,1.00,3.75
2016.04.27 17:17:03.211,0.75947,0.75953,1.00,1.50
2016.04.27 17:17:03.262,0.75945,0.75953,1.00,1.50
2016.04.27 17:17:03.364,0.75946,0.75954,1.25,1.00
2016.04.27 17:17:03.882,0.75946,0.75955,1.25,1.12
2016.04.27 17:17:04.526,0.75947,0.75955,1.00,1.12
2016.04.27 17:17:05.027,0.75946,0.75955,1.69,1.50
2016.04.27 17:17:05.549,0.75947,0.75955,1.00,1.12
2016.04.27 17:17:06.056,0.75946,0.75955,1.69,1.12
2016.04.27 17:17:11.715,0.75945,0.75956,1.31,2.62
2016.04.27 17:17:11.918,0.75944,0.75955,1.69,3.00
2016.04.27 17:17:12.244,0.75941,0.7595,1.19,1.37
2016.04.27 17:17:12.346,0.75938,0.75949,1.50,1.00
2016.04.27 17:17:13.186,0.7594,0.75951,1.00,3.75
2016.04.27 17:17:14.351,0.75939,0.7595,1.12,1.87
2016.04.27 17:17:15.273,0.75938,0.75949,1.12,3.37
2016.04.27 17:17:15.611,0.75938,0.75948,1.12,1.87
2016.04.27 17:17:16.128,0.75936,0.75947,1.69,1.00
2016.04.27 17:17:16.646,0.75935,0.75947,2.44,1.87
2016.04.27 17:17:16.950,0.75933,0.75946,3.19,2.62
2016.04.27 17:17:17.537,0.75934,0.75945,1.37,1.00
2016.04.27 17:17:17.740,0.75936,0.75946,1.19,1.12
2016.04.27 17:17:17.842,0.75935,0.75946,1.12,1.12
2016.04.27 17:17:18.400,0.75936,0.75946,1.25,1.12
2016.04.27 17:17:18.454,0.75936,0.75948,1.31,2.25
2016.04.27 17:17:18.557,0.75938,0.75948,1.00,1.00
2016.04.27 17:17:19.095,0.75939,0.7595,1.00,2.25
2016.04.27 17:17:19.652,0.75938,0.7595,1.12,3.00
2016.04.27 17:17:20.446,0.75938,0.75949,1.31,1.12
2016.04.27 17:17:20.750,0.75938,0.75949,1.31,1.75
2016.04.27 17:17:21.830,0.75938,0.75949,1.31,3.00
2016.04.27 17:17:22.365,0.75938,0.75949,1.12,2.25
2016.04.27 17:17:24.382,0.75939,0.75949,1.00,1.50
2016.04.27 17:17:24.892,0.7594,0.7595,1.00,1.00
2016.04.27 17:17:25.041,0.75938,0.7595,1.87,1.00
2016.04.27 17:17:25.547,0.75938,0.75951,1.87,3.00
2016.04.27 17:17:25.852,0.75938,0.7595,1.87,1.37
2016.04.27 17:17:26.718,0.75937,0.75948,1.75,1.12
2016.04.27 17:17:26.770,0.75937,0.75948,1.50,1.50
2016.04.27 17:17:27.668,0.75938,0.75949,1.00,2.25
2016.04.27 17:17:28.174,0.75939,0.75949,1.00,1.50
2016.04.27 17:17:30.370,0.75938,0.7595,1.12,1.12
2016.04.27 17:17:31.235,0.75938,0.75949,1.12,1.12
2016.04.27 17:17:31.439,0.75939,0.75951,1.37,2.25
2016.04.27 17:17:31.743,0.75944,0.75954,1.50,1.00
2016.04.27 17:17:32.255,0.75943,0.75955,1.37,1.50
2016.04.27 17:17:34.144,0.75943,0.75954,1.50,1.50
2016.04.27 17:17:34.456,0.75943,0.75954,1.00,4.12
2016.04.27 17:17:34.762,0.75946,0.75954,1.19,1.12
2016.04.27 17:17:35.270,0.75947,0.75959,1.00,2.25
2016.04.27 17:17:35.370,0.75949,0.75959,1.00,2.62
2016.04.27 17:17:36.119,0.75948,0.75958,1.00,1.00
2016.04.27 17:17:36.652,0.75948,0.75959,1.69,2.25
2016.04.27 17:17:37.160,0.75948,0.75959,2.44,1.00
2016.04.27 17:17:38.285,0.7595,0.75961,1.00,1.12
2016.04.27 17:17:40.584,0.75951,0.75962,1.00,3.75
2016.04.27 17:17:41.101,0.7595,0.75961,1.00,1.75
2016.04.27 17:17:42.640,0.75949,0.75961,1.69,1.75
2016.04.27 17:17:43.144,0.7595,0.75962,1.00,3.00
2016.04.27 17:17:43.650,0.75949,0.75961,1.69,1.75
2016.04.27 17:17:47.165,0.7595,0.75961,1.00,1.12
2016.04.27 17:17:48.914,0.75951,0.75961,1.00,1.75
2016.04.27 17:17:49.533,0.75951,0.75962,1.00,1.50
2016.04.27 17:17:49.585,0.75951,0.75962,1.00,1.50
2016.04.27 17:17:50.109,0.7595,0.75962,1.50,1.50
2016.04.27 17:17:50.611,0.75951,0.75962,1.00,1.50
2016.04.27 17:17:54.655,0.75951,0.75962,1.87,1.12
2016.04.27 17:17:55.897,0.75953,0.75962,1.00,1.00
2016.04.27 17:17:56.555,0.75952,0.75962,1.12,1.50
2016.04.27 17:17:58.362,0.75952,0.75963,1.12,1.12
2016.04.27 17:17:59.148,0.75956,0.75965,1.00,3.15
2016.04.27 17:17:59.250,0.75957,0.75965,1.00,1.00
2016.04.27 17:17:59.351,0.75957,0.75967,2.62,1.37
2016.04.27 17:17:59.402,0.75957,0.75969,3.00,1.00
2016.04.27 17:17:59.959,0.75957,0.75967,4.12,1.00
2016.04.27 17:18:00.010,0.75957,0.75969,2.62,1.00
2016.04.27 17:18:00.535,0.75957,0.75969,1.69,1.12
2016.04.27 17:18:01.041,0.75956,0.75968,3.19,1.00
2016.04.27 17:18:01.334,0.75956,0.75968,2.06,1.00
2016.04.27 17:18:01.588,0.75959,0.75969,1.00,1.87
2016.04.27 17:18:02.098,0.75958,0.75969,1.25,1.00
2016.04.27 17:18:02.639,0.75956,0.75968,2.44,1.00
2016.04.27 17:18:03.696,0.75959,0.75969,1.00,1.50
2016.04.27 17:18:04.003,0.75961,0.75969,1.00,1.00
2016.04.27 17:18:04.257,0.75959,0.75969,1.00,1.00
2016.04.27 17:18:04.934,0.75961,0.75971,1.00,1.00
2016.04.27 17:18:05.087,0.75965,0.75976,1.25,1.00
2016.04.27 17:18:05.138,0.75967,0.75975,1.19,1.00
2016.04.27 17:18:05.240,0.75965,0.75974,1.19,1.12
2016.04.27 17:18:05.342,0.75963,0.75971,1.56,1.00
2016.04.27 17:18:05.799,0.75963,0.75968,1.00,1.00
2016.04.27 17:18:06.763,0.75961,0.75968,1.19,1.00
2016.04.27 17:18:07.117,0.75958,0.7597,2.81,1.50
2016.04.27 17:18:07.807,0.75959,0.75968,1.19,1.00
2016.04.27 17:18:08.262,0.7596,0.75971,1.19,1.50
2016.04.27 17:18:08.415,0.75964,0.75973,1.00,1.00
2016.04.27 17:18:08.921,0.75962,0.75972,1.50,1.00
2016.04.27 17:18:09.541,0.75962,0.75971,1.37,1.00
2016.04.27 17:18:09.593,0.75961,0.75973,3.56,1.00
2016.04.27 17:18:10.721,0.75963,0.75972,1.31,1.00
2016.04.27 17:18:11.075,0.75966,0.75975,1.69,1.50
2016.04.27 17:18:11.230,0.75969,0.75977,1.19,1.12
2016.04.27 17:18:12.233,0.75969,0.75979,1.69,1.00
2016.04.27 17:18:13.166,0.75971,0.75979,1.00,1.00
2016.04.27 17:18:13.677,0.75969,0.75979,1.19,1.00
2016.04.27 17:18:16.404,0.75969,0.7598,1.19,1.00
2016.04.27 17:18:18.215,0.75974,0.75982,1.19,1.57
2016.04.27 17:18:18.368,0.75976,0.75985,1.19,1.47
2016.04.27 17:18:18.470,0.75976,0.75981,1.19,1.00
2016.04.27 17:18:18.977,0.75971,0.7598,1.19,1.00
2016.04.27 17:18:21.523,0.75971,0.75981,1.19,1.12
2016.04.27 17:18:21.979,0.75969,0.75981,1.12,1.00
2016.04.27 17:18:22.497,0.75971,0.75981,1.31,1.00
2016.04.27 17:18:23.154,0.75969,0.75981,1.12,1.00
2016.04.27 17:18:24.903,0.75968,0.75979,3.94,1.00
2016.04.27 17:18:27.082,0.7597,0.7598,1.19,1.00
2016.04.27 17:18:27.588,0.75969,0.75981,1.50,1.00
2016.04.27 17:18:28.357,0.75969,0.75981,1.75,1.00
2016.04.27 17:18:28.614,0.75969,0.75981,1.50,1.00
2016.04.27 17:18:29.120,0.75969,0.75981,1.37,1.00
2016.04.27 17:18:30.848,0.75969,0.75981,1.75,1.00
2016.04.27 17:18:31.000,0.75969,0.75981,1.12,1.00
2016.04.27 17:18:31.521,0.75969,0.75981,1.50,1.00
2016.04.27 17:18:32.128,0.75969,0.75981,1.12,1.00
2016.04.27 17:18:32.672,0.7597,0.75981,1.00,1.00
2016.04.27 17:18:33.229,0.75969,0.75981,1.12,1.00
2016.04.27 17:18:37.682,0.75969,0.75981,2.81,1.00
2016.04.27 17:18:38.236,0.75969,0.7598,1.12,1.00
2016.04.27 17:18:41.955,0.75968,0.75979,2.44,1.00
2016.04.27 17:18:42.460,0.75968,0.75979,1.31,1.12
2016.04.27 17:18:43.836,0.75968,0.7598,1.69,1.87
2016.04.27 17:18:44.357,0.75968,0.7598,2.06,1.50
2016.04.27 17:18:45.584,0.75969,0.7598,1.87,1.00
2016.04.27 17:18:50.469,0.75969,0.75981,1.50,1.12
2016.04.27 17:18:50.976,0.75969,0.7598,1.87,1.00
2016.04.27 17:18:55.180,0.7597,0.7598,1.25,1.37
2016.04.27 17:19:00.004,0.75968,0.75978,2.06,1.00
2016.04.27 17:19:03.426,0.75968,0.7598,2.06,1.50
2016.04.27 17:19:03.943,0.75968,0.75979,1.69,1.00
2016.04.27 17:19:06.351,0.75968,0.75978,2.44,1.00
2016.04.27 17:19:10.212,0.75968,0.75977,1.69,1.00
2016.04.27 17:19:10.476,0.75968,0.75972,1.00,1.00
2016.04.27 17:19:10.527,0.75966,0.75972,1.31,1.00
2016.04.27 17:19:10.730,0.75959,0.7597,2.00,1.00
2016.04.27 17:19:10.832,0.75959,0.7597,1.31,1.00
2016.04.27 17:19:11.831,0.75958,0.75971,2.81,1.87
2016.04.27 17:19:11.882,0.75958,0.75969,4.31,1.00
2016.04.27 17:19:12.541,0.75958,0.75969,1.50,1.50
2016.04.27 17:19:12.922,0.75959,0.7597,1.37,1.00
2016.04.27 17:19:16.967,0.7596,0.75971,1.12,2.06
2016.04.27 17:19:17.481,0.7596,0.7597,1.12,1.00
2016.04.27 17:19:18.010,0.7596,0.75971,1.50,2.06
2016.04.27 17:19:18.967,0.75959,0.75971,1.75,2.06
2016.04.27 17:19:23.080,0.7596,0.7597,1.37,1.00
2016.04.27 17:19:23.132,0.75959,0.7597,1.50,1.12
2016.04.27 17:19:28.021,0.75959,0.75971,2.62,2.44
2016.04.27 17:19:28.528,0.75958,0.75968,2.25,1.00
2016.04.27 17:19:28.832,0.75958,0.7597,1.50,1.12
2016.04.27 17:19:29.354,0.75958,0.75968,2.25,1.00
2016.04.27 17:19:29.860,0.75958,0.75968,1.00,1.00
2016.04.27 17:19:30.179,0.75956,0.75963,1.50,1.00
2016.04.27 17:19:30.232,0.75954,0.75963,1.00,1.87
2016.04.27 17:19:30.384,0.75951,0.75963,1.69,1.87
2016.04.27 17:19:31.243,0.75954,0.75962,1.00,1.00
2016.04.27 17:19:32.643,0.75953,0.75962,1.00,1.00
2016.04.27 17:19:32.814,0.75953,0.75964,1.12,1.50
2016.04.27 17:19:32.865,0.75955,0.75965,1.12,1.12
2016.04.27 17:19:33.371,0.75955,0.75966,1.87,1.25
2016.04.27 17:19:33.877,0.75955,0.75966,1.50,2.44
2016.04.27 17:19:36.571,0.75956,0.75966,1.00,1.25
2016.04.27 17:19:37.095,0.75956,0.75967,2.81,1.00
2016.04.27 17:19:37.247,0.75958,0.7597,1.31,2.25
2016.04.27 17:19:41.280,0.75958,0.7597,2.00,1.50
2016.04.27 17:19:41.788,0.75961,0.75972,1.00,2.81
2016.04.27 17:19:42.295,0.75959,0.75972,2.62,2.81
2016.04.27 17:19:42.346,0.75962,0.75972,1.00,2.06
2016.04.27 17:19:45.096,0.75961,0.75972,1.12,2.81
2016.04.27 17:19:45.731,0.75961,0.75971,1.12,1.00
2016.04.27 17:19:46.551,0.75962,0.75971,1.00,1.00
2016.04.27 17:19:49.592,0.7596,0.75971,2.62,1.00
2016.04.27 17:19:50.694,0.75962,0.75972,1.00,2.06
2016.04.27 17:19:51.200,0.75961,0.75971,1.00,1.00
2016.04.27 17:19:51.703,0.75961,0.75972,1.12,2.06
2016.04.27 17:19:54.119,0.75961,0.75971,1.12,1.00
2016.04.27 17:19:54.910,0.75961,0.75972,1.00,2.81
2016.04.27 17:19:55.417,0.75961,0.75972,1.00,2.81
2016.04.27 17:20:01.930,0.7596,0.75971,1.12,1.69
2016.04.27 17:20:02.437,0.75959,0.75971,1.31,3.94
2016.04.27 17:20:02.943,0.75957,0.7597,3.19,1.87
2016.04.27 17:20:04.228,0.75957,0.7597,2.44,1.87
2016.04.27 17:20:04.751,0.75957,0.75968,2.06,1.00
2016.04.27 17:20:06.440,0.75957,0.75967,1.31,1.00
2016.04.27 17:20:13.031,0.75955,0.75967,2.81,1.00
2016.04.27 17:20:14.435,0.75956,0.75965,1.19,1.50
2016.04.27 17:20:14.537,0.75953,0.75963,2.06,1.00
2016.04.27 17:20:14.588,0.75952,0.75961,2.06,1.50
2016.04.27 17:20:14.640,0.75952,0.7596,1.12,1.00
2016.04.27 17:20:14.691,0.75948,0.75959,3.19,1.12
2016.04.27 17:20:14.844,0.75948,0.75957,1.19,1.00
2016.04.27 17:20:15.356,0.75948,0.75956,1.19,1.00
2016.04.27 17:20:26.238,0.75948,0.75954,1.19,1.00
2016.04.27 17:20:26.340,0.75947,0.75956,1.00,2.25
2016.04.27 17:20:27.301,0.75946,0.75956,1.87,2.25
2016.04.27 17:20:30.063,0.75946,0.75954,1.12,1.00
2016.04.27 17:20:32.521,0.75945,0.75956,3.00,1.50
2016.04.27 17:20:34.963,0.75946,0.75955,1.12,1.00
2016.04.27 17:20:36.140,0.75945,0.75956,1.50,1.87
2016.04.27 17:20:36.659,0.75945,0.75955,1.50,1.00
2016.04.27 17:20:45.504,0.75945,0.75954,1.69,1.00
2016.04.27 17:20:45.607,0.75944,0.75952,1.37,1.87
2016.04.27 17:20:45.658,0.75944,0.75952,1.00,1.87
2016.04.27 17:20:45.709,0.75943,0.7595,2.62,1.00
2016.04.27 17:20:45.811,0.7594,0.7595,2.81,1.50
2016.04.27 17:20:46.267,0.75943,0.75952,1.00,1.37
2016.04.27 17:20:46.430,0.75945,0.75955,1.00,1.50
2016.04.27 17:20:46.888,0.75941,0.75951,3.00,1.00
2016.04.27 17:20:47.395,0.7594,0.75951,1.62,1.50
2016.04.27 17:20:48.795,0.75939,0.7595,2.06,1.00
2016.04.27 17:20:49.129,0.75939,0.75948,2.06,1.00
2016.04.27 17:20:50.391,0.75939,0.75949,1.56,1.00
2016.04.27 17:20:50.695,0.75937,0.75948,2.44,1.00
2016.04.27 17:20:51.203,0.75937,0.75947,1.69,1.00
2016.04.27 17:20:51.816,0.75936,0.75947,2.81,1.00
2016.04.27 17:20:52.372,0.75936,0.75949,2.81,3.00
2016.04.27 17:20:54.000,0.75936,0.75949,3.19,2.25
2016.04.27 17:20:54.102,0.75939,0.75949,1.00,1.50
2016.04.27 17:20:54.615,0.7594,0.75949,1.00,1.12
2016.04.27 17:20:59.338,0.75941,0.75949,1.00,1.12
2016.04.27 17:20:59.844,0.7594,0.75949,1.00,1.12
2016.04.27 17:21:00.148,0.7594,0.75947,1.00,1.00
2016.04.27 17:21:00.570,0.75938,0.75947,1.50,1.00
2016.04.27 17:21:00.874,0.75936,0.75946,1.50,1.00
2016.04.27 17:21:01.178,0.75938,0.75946,1.00,1.00
2016.04.27 17:21:02.136,0.75937,0.75946,1.00,1.00
2016.04.27 17:21:03.046,0.75939,0.75946,1.00,1.00
2016.04.27 17:21:03.553,0.75938,0.75948,1.00,1.50
2016.04.27 17:21:05.849,0.75938,0.75946,1.00,1.00
2016.04.27 17:21:06.531,0.75941,0.75946,1.00,1.00
2016.04.27 17:21:06.633,0.75941,0.75948,1.00,1.12
2016.04.27 17:21:06.785,0.75941,0.75946,1.00,1.00
2016.04.27 17:21:06.836,0.75938,0.75946,1.00,1.00
2016.04.27 17:21:08.385,0.75937,0.75946,1.00,1.00
2016.04.27 17:21:09.053,0.75938,0.75946,1.00,1.00
2016.04.27 17:21:09.104,0.75936,0.75946,1.12,1.00
2016.04.27 17:21:09.661,0.75937,0.75946,1.00,1.00
2016.04.27 17:21:10.358,0.75938,0.75946,1.00,1.00
2016.04.27 17:21:11.609,0.7594,0.75946,1.00,1.00
2016.04.27 17:21:12.028,0.75942,0.75947,1.00,1.00
2016.04.27 17:21:12.554,0.7594,0.75947,1.00,1.00
2016.04.27 17:21:16.734,0.75942,0.75947,1.00,1.00
2016.04.27 17:21:21.047,0.75941,0.75947,1.00,1.00
2016.04.27 17:21:21.301,0.75938,0.75947,1.00,1.00
2016.04.27 17:21:21.821,0.75937,0.75946,1.00,1.00
2016.04.27 17:21:23.600,0.75938,0.75946,1.00,1.00
2016.04.27 17:21:23.955,0.75935,0.75945,2.62,1.19
2016.04.27 17:21:24.456,0.75936,0.75945,1.00,1.00
2016.04.27 17:21:27.847,0.75936,0.75945,1.00,1.37
2016.04.27 17:21:28.354,0.75936,0.75945,1.00,1.12
2016.04.27 17:21:29.257,0.75936,0.75945,1.00,1.37
2016.04.27 17:21:30.121,0.75934,0.75945,2.62,1.37
2016.04.27 17:21:30.728,0.75935,0.75945,1.00,1.87
2016.04.27 17:21:37.137,0.75936,0.75945,1.12,1.12
2016.04.27 17:21:37.542,0.75936,0.75947,3.00,1.00
2016.04.27 17:21:38.104,0.75937,0.75947,1.00,1.00
2016.04.27 17:21:39.771,0.7594,0.75947,1.00,1.00
2016.04.27 17:21:40.497,0.7594,0.75946,1.00,1.00
2016.04.27 17:21:40.549,0.75937,0.75946,1.25,1.00
2016.04.27 17:21:42.506,0.75936,0.75946,2.62,1.00
2016.04.27 17:21:43.143,0.75936,0.75944,1.50,1.00
2016.04.27 17:21:51.224,0.75935,0.75944,1.12,1.00
2016.04.27 17:21:51.736,0.75934,0.75943,1.87,1.12
2016.04.27 17:21:52.071,0.75931,0.75941,2.06,1.12
2016.04.27 17:21:52.678,0.75932,0.75941,1.00,1.00
2016.04.27 17:21:57.942,0.75933,0.75941,1.00,1.00
2016.04.27 17:21:58.456,0.75932,0.75941,1.87,1.00
2016.04.27 17:22:00.128,0.75935,0.75943,1.00,1.00
2016.04.27 17:22:00.179,0.75936,0.75945,1.00,1.00
2016.04.27 17:22:00.230,0.75938,0.75946,1.37,1.87
2016.04.27 17:22:00.687,0.75941,0.75949,1.00,1.00
2016.04.27 17:22:01.043,0.75941,0.75951,1.12,1.00
2016.04.27 17:22:01.550,0.7594,0.7595,3.19,1.00
2016.04.27 17:22:06.536,0.75939,0.75948,1.69,1.00
2016.04.27 17:22:06.740,0.75938,0.75947,1.00,1.00
2016.04.27 17:22:07.856,0.75937,0.75947,2.25,1.00
2016.04.27 17:22:10.297,0.75937,0.75948,2.25,1.12
2016.04.27 17:22:10.803,0.75938,0.75948,1.00,1.12
2016.04.27 17:22:12.802,0.75937,0.75948,1.87,1.12
2016.04.27 17:22:14.167,0.75937,0.75948,2.25,1.12
2016.04.27 17:22:17.800,0.75937,0.75947,1.87,1.00
2016.04.27 17:22:21.865,0.75936,0.75947,2.25,1.50
2016.04.27 17:22:26.442,0.75936,0.75946,2.25,1.00
2016.04.27 17:22:27.152,0.75936,0.75947,1.50,1.12
2016.04.27 17:22:28.308,0.75937,0.75947,1.00,1.12
2016.04.27 17:22:28.763,0.75937,0.75945,1.00,1.00
2016.04.27 17:22:28.916,0.75937,0.75947,1.00,1.12
2016.04.27 17:22:30.391,0.75936,0.75948,2.62,1.87
2016.04.27 17:22:32.874,0.75936,0.75945,1.87,1.00
2016.04.27 17:22:33.575,0.75937,0.75945,1.00,1.00
2016.04.27 17:22:36.207,0.75935,0.75947,3.19,1.12
2016.04.27 17:22:36.618,0.75935,0.75945,2.62,1.00
2016.04.27 17:22:39.085,0.75935,0.75945,2.06,1.00
2016.04.27 17:22:39.784,0.75933,0.75944,4.50,1.00
2016.04.27 17:22:40.290,0.75935,0.75946,1.12,1.87
2016.04.27 17:22:40.795,0.75936,0.75946,1.00,1.50
2016.04.27 17:22:41.870,0.75935,0.75946,2.81,1.00
2016.04.27 17:22:42.263,0.75935,0.75944,2.44,1.00
2016.04.27 17:22:45.213,0.75935,0.75946,2.44,1.00
2016.04.27 17:22:45.314,0.75935,0.75944,2.44,1.00
2016.04.27 17:22:45.851,0.75935,0.75945,2.44,1.00
2016.04.27 17:22:46.371,0.75935,0.75945,2.44,1.00
2016.04.27 17:22:46.878,0.75937,0.75946,1.00,1.00
2016.04.27 17:22:47.391,0.75937,0.75947,1.00,1.00
2016.04.27 17:22:47.904,0.75938,0.75947,1.00,1.00
2016.04.27 17:22:52.251,0.75937,0.75947,2.25,1.00
2016.04.27 17:22:53.291,0.75937,0.75945,2.25,1.00
2016.04.27 17:22:54.987,0.75937,0.75947,1.50,1.00
2016.04.27 17:23:01.927,0.75937,0.75947,1.37,1.00
2016.04.27 17:23:04.938,0.75937,0.75946,1.50,1.00
2016.04.27 17:23:10.131,0.75936,0.75944,2.25,1.00
2016.04.27 17:23:12.151,0.75937,0.75944,1.00,1.00
2016.04.27 17:23:18.288,0.75936,0.75946,2.62,1.00
2016.04.27 17:23:18.968,0.75934,0.75946,3.00,2.62
2016.04.27 17:23:19.482,0.75934,0.75946,1.87,2.62
2016.04.27 17:23:20.190,0.75934,0.75946,1.87,2.62
2016.04.27 17:23:20.711,0.75934,0.75946,4.50,1.50
2016.04.27 17:23:21.067,0.75936,0.75948,1.50,1.00
2016.04.27 17:23:21.864,0.75936,0.75948,2.25,1.00
2016.04.27 17:23:22.067,0.75937,0.75946,1.50,1.00
2016.04.27 17:23:24.437,0.75935,0.75946,1.87,1.00
2016.04.27 17:23:24.893,0.75935,0.75946,1.87,1.00
2016.04.27 17:23:26.153,0.75936,0.75947,2.44,1.50
2016.04.27 17:23:28.631,0.75936,0.75947,2.25,1.87
2016.04.27 17:23:28.834,0.75934,0.75945,2.06,1.50
2016.04.27 17:23:29.358,0.75934,0.75945,2.62,1.00
2016.04.27 17:23:29.876,0.75936,0.75946,2.06,1.50
2016.04.27 17:23:30.417,0.75934,0.75945,5.06,1.00
2016.04.27 17:23:31.116,0.75932,0.75945,3.56,2.25
2016.04.27 17:23:31.167,0.75932,0.75943,3.56,1.00
2016.04.27 17:23:31.371,0.75934,0.75945,2.44,1.87
2016.04.27 17:23:31.831,0.75935,0.75945,2.81,1.00
2016.04.27 17:23:32.716,0.75937,0.75942,1.12,1.00
2016.04.27 17:23:32.920,0.75932,0.75938,1.00,1.00
2016.04.27 17:23:33.030,0.75928,0.75939,2.81,1.00
2016.04.27 17:23:33.543,0.75929,0.75939,2.44,1.00
2016.04.27 17:23:33.770,0.75932,0.75939,1.12,1.00
2016.04.27 17:23:33.922,0.75932,0.75942,1.50,1.00
2016.04.27 17:23:34.542,0.75931,0.7594,1.87,1.00
2016.04.27 17:23:34.846,0.7593,0.75938,1.00,1.00
2016.04.27 17:23:35.001,0.75928,0.75938,1.12,1.00
2016.04.27 17:23:35.563,0.75928,0.75939,1.25,1.12
2016.04.27 17:23:36.480,0.75928,0.75938,1.69,1.50
2016.04.27 17:23:41.094,0.75927,0.75938,3.00,1.00
2016.04.27 17:23:41.611,0.75928,0.7594,1.12,3.19
2016.04.27 17:23:42.538,0.75928,0.75938,1.87,1.00
2016.04.27 17:23:43.046,0.75928,0.75937,1.12,1.00
2016.04.27 17:23:43.594,0.75928,0.75937,1.50,1.00
2016.04.27 17:23:44.994,0.75928,0.75939,1.50,1.31
2016.04.27 17:23:45.199,0.75927,0.75937,1.50,1.00
2016.04.27 17:23:46.037,0.75926,0.75937,3.37,1.00
2016.04.27 17:23:46.341,0.75926,0.75935,3.37,1.00
2016.04.27 17:23:47.550,0.75927,0.75935,1.00,1.00
2016.04.27 17:23:48.062,0.75926,0.75935,1.87,1.00
2016.04.27 17:23:48.593,0.75926,0.75935,2.25,1.00
2016.04.27 17:23:48.859,0.75926,0.75937,2.25,1.00
2016.04.27 17:23:53.149,0.75926,0.75937,1.00,1.00
2016.04.27 17:23:57.810,0.75925,0.75936,2.25,1.50
2016.04.27 17:23:58.355,0.75925,0.75936,3.00,2.44
2016.04.27 17:24:01.888,0.75925,0.75935,3.00,1.25
2016.04.27 17:24:06.156,0.75927,0.75936,1.50,1.19
2016.04.27 17:24:06.207,0.75927,0.75937,2.25,1.50
2016.04.27 17:24:06.727,0.75927,0.75938,4.12,1.69
2016.04.27 17:24:06.950,0.75929,0.75938,1.00,1.25
2016.04.27 17:24:07.254,0.75931,0.75939,1.00,1.69
2016.04.27 17:24:08.239,0.7593,0.75939,1.00,2.44
2016.04.27 17:24:09.342,0.75929,0.75939,1.00,2.44
2016.04.27 17:24:10.519,0.75929,0.75937,1.00,1.00
2016.04.27 17:24:10.570,0.75927,0.75937,1.12,1.00
2016.04.27 17:24:11.118,0.75926,0.75936,1.12,1.00
2016.04.27 17:24:13.629,0.75928,0.75936,1.00,1.00
2016.04.27 17:24:13.935,0.75933,0.75942,1.00,2.06
2016.04.27 17:24:14.473,0.75931,0.75942,1.87,1.69
2016.04.27 17:24:14.979,0.75931,0.7594,1.87,1.00
2016.04.27 17:24:15.284,0.75931,0.75938,1.00,1.00
2016.04.27 17:24:15.335,0.75929,0.75938,3.00,1.00
2016.04.27 17:24:16.289,0.7593,0.75939,1.00,1.00
2016.04.27 17:24:16.890,0.7593,0.75938,1.00,1.00
2016.04.27 17:24:17.398,0.75931,0.75938,1.00,1.00
2016.04.27 17:24:17.500,0.75928,0.75938,2.62,1.00
2016.04.27 17:24:17.955,0.75927,0.75936,1.87,1.00
2016.04.27 17:24:18.109,0.75925,0.75936,2.25,1.00
2016.04.27 17:24:20.864,0.75925,0.75936,1.12,1.69
2016.04.27 17:24:21.596,0.75925,0.75936,1.00,1.00
2016.04.27 17:24:21.749,0.75925,0.75936,1.12,1.00
2016.04.27 17:24:22.566,0.75925,0.75934,1.45,1.00
2016.04.27 17:24:23.106,0.75924,0.75934,2.70,1.00
2016.04.27 17:24:24.515,0.75924,0.75932,1.95,1.00
2016.04.27 17:24:24.768,0.75922,0.75929,1.00,1.00
2016.04.27 17:24:25.481,0.75921,0.75929,1.00,1.50
2016.04.27 17:24:25.583,0.75919,0.75929,1.87,1.50
2016.04.27 17:24:25.938,0.75919,0.7593,1.95,2.06
2016.04.27 17:24:27.654,0.7592,0.75929,1.07,1.00
2016.04.27 17:24:28.163,0.7592,0.75929,1.12,1.50
2016.04.27 17:24:28.686,0.75919,0.75929,2.32,1.12
2016.04.27 17:24:28.881,0.75917,0.75928,3.75,1.50
2016.04.27 17:24:29.134,0.7592,0.75929,1.65,1.25
2016.04.27 17:24:32.025,0.75919,0.75929,1.57,2.06
2016.04.27 17:24:32.279,0.75922,0.75933,1.57,1.76
2016.04.27 17:24:32.330,0.75922,0.75933,3.07,1.19
2016.04.27 17:24:32.493,0.75925,0.75935,1.12,1.47
2016.04.27 17:24:32.595,0.75925,0.75936,2.40,1.57
2016.04.27 17:24:32.646,0.75925,0.75936,3.82,1.00
2016.04.27 17:24:33.182,0.75925,0.75938,3.82,2.81
2016.04.27 17:24:35.156,0.75926,0.75936,1.87,1.00
2016.04.27 17:24:35.462,0.75923,0.75933,3.45,1.69
2016.04.27 17:24:35.646,0.75923,0.75932,1.57,1.50
2016.04.27 17:24:36.052,0.75923,0.7593,1.10,1.00
2016.04.27 17:24:36.255,0.7592,0.7593,1.00,1.00
2016.04.27 17:24:37.194,0.7592,0.75928,1.00,1.00
2016.04.27 17:24:37.702,0.75917,0.75927,1.95,1.00
2016.04.27 17:24:38.244,0.75917,0.75928,1.20,1.00
2016.04.27 17:24:38.700,0.75916,0.75927,1.27,1.25
2016.04.27 17:24:38.751,0.75916,0.75925,1.20,1.00
2016.04.27 17:24:39.326,0.75916,0.75925,1.50,1.69
2016.04.27 17:24:39.833,0.75915,0.75924,2.62,1.00
2016.04.27 17:24:40.188,0.75915,0.75926,2.25,1.69
2016.04.27 17:24:44.971,0.75918,0.75926,1.00,1.25
2016.04.27 17:24:45.326,0.7592,0.75927,1.00,1.69
2016.04.27 17:24:46.224,0.75916,0.75926,2.40,1.25
2016.04.27 17:24:46.731,0.75915,0.75927,3.45,3.19
2016.04.27 17:24:56.089,0.75916,0.75927,2.02,2.44
2016.04.27 17:24:56.399,0.75919,0.75928,1.12,1.00
2016.04.27 17:24:56.450,0.75919,0.75928,3.00,1.00
2016.04.27 17:24:56.502,0.7592,0.75931,1.07,2.51
2016.04.27 17:24:56.756,0.75919,0.75929,3.45,1.00
2016.04.27 17:24:57.265,0.75919,0.75928,1.47,1.00
2016.04.27 17:24:59.063,0.75919,0.7593,1.95,1.12
2016.04.27 17:24:59.597,0.75919,0.7593,1.95,1.00
2016.04.27 17:24:59.949,0.75919,0.75928,2.32,1.00
2016.04.27 17:25:00.304,0.75919,0.7593,2.32,1.00
2016.04.27 17:25:09.025,0.75919,0.75929,2.32,1.00
2016.04.27 17:25:09.127,0.75916,0.75928,4.57,1.10
2016.04.27 17:25:09.781,0.75917,0.75929,1.47,2.14
2016.04.27 17:25:10.289,0.75917,0.75928,1.10,1.32
2016.04.27 17:25:11.348,0.75917,0.75927,2.21,1.00
2016.04.27 17:25:11.982,0.75917,0.75928,2.21,1.50
2016.04.27 17:25:16.128,0.75918,0.75928,2.89,1.50
2016.04.27 17:25:18.248,0.75919,0.7593,1.20,1.76
2016.04.27 17:25:18.753,0.7592,0.7593,1.12,1.57
2016.04.27 17:25:20.386,0.7592,0.75928,1.00,1.00
2016.04.27 17:25:20.901,0.75918,0.75927,1.17,1.00
2016.04.27 17:25:22.477,0.75918,0.75929,1.17,1.10
2016.04.27 17:25:23.330,0.75918,0.75928,1.17,1.00
2016.04.27 17:25:23.928,0.75918,0.75927,1.17,1.00
2016.04.27 17:25:25.074,0.75916,0.75927,1.95,1.00
2016.04.27 17:25:30.958,0.7592,0.75927,1.00,1.00
2016.04.27 17:25:31.646,0.7592,0.7593,1.10,1.31
2016.04.27 17:25:31.748,0.75922,0.7593,1.00,1.31
2016.04.27 17:25:31.850,0.75919,0.7593,1.20,2.44
2016.04.27 17:25:32.326,0.75919,0.75928,1.10,1.00
2016.04.27 17:25:40.974,0.75919,0.75929,1.20,1.12
2016.04.27 17:25:41.279,0.75923,0.75934,2.32,1.50
2016.04.27 17:25:41.824,0.75924,0.75934,1.15,1.50
2016.04.27 17:25:42.991,0.75925,0.75933,1.20,1.00
2016.04.27 17:25:43.650,0.75925,0.75935,5.25,1.00
2016.04.27 17:25:44.166,0.75927,0.75936,1.17,1.00
2016.04.27 17:25:44.788,0.75927,0.75937,1.17,1.87
2016.04.27 17:25:53.689,0.75928,0.75936,1.10,1.00
2016.04.27 17:25:54.197,0.75928,0.75937,1.00,1.87
2016.04.27 17:25:54.501,0.75925,0.75935,1.27,1.12
2016.04.27 17:25:55.016,0.75925,0.75934,1.27,1.00
2016.04.27 17:25:56.638,0.75925,0.75934,1.57,1.00
2016.04.27 17:25:56.985,0.75925,0.75937,1.57,2.51
2016.04.27 17:25:58.560,0.75925,0.75937,1.76,2.89
2016.04.27 17:25:59.077,0.75925,0.75937,1.30,2.51
2016.04.27 17:26:00.231,0.75925,0.75936,1.30,1.00
2016.04.27 17:26:00.282,0.75925,0.75934,1.30,1.00
2016.04.27 17:26:00.586,0.75923,0.75931,3.75,2.25
2016.04.27 17:26:00.637,0.75921,0.7593,1.09,1.00
2016.04.27 17:26:00.739,0.7592,0.7593,1.65,1.50
2016.04.27 17:26:01.099,0.75921,0.75931,1.19,2.06
2016.04.27 17:26:04.481,0.75919,0.7593,1.40,1.12
2016.04.27 17:26:04.532,0.75919,0.75928,1.84,1.00
2016.04.27 17:26:05.040,0.75919,0.75928,1.39,1.00
2016.04.27 17:26:07.003,0.75919,0.75928,1.01,1.00
2016.04.27 17:26:10.056,0.75919,0.75929,1.76,1.00
2016.04.27 17:26:10.824,0.75919,0.7593,1.01,2.62
2016.04.27 17:26:11.359,0.75918,0.75929,3.71,1.00
2016.04.27 17:26:11.865,0.75919,0.7593,2.14,2.62
2016.04.27 17:26:12.410,0.75919,0.75929,1.76,1.00
2016.04.27 17:26:12.916,0.7592,0.7593,1.00,1.87
2016.04.27 17:26:13.462,0.7592,0.7593,2.62,2.25
2016.04.27 17:26:14.619,0.7592,0.7593,2.62,2.25
2016.04.27 17:26:18.777,0.75922,0.75931,1.00,1.01
2016.04.27 17:26:19.278,0.75922,0.75932,1.84,1.00
2016.04.27 17:26:19.784,0.7592,0.75931,7.31,1.50
2016.04.27 17:26:20.135,0.7592,0.75928,2.14,1.00
2016.04.27 17:26:20.186,0.75919,0.75928,1.20,1.00
2016.04.27 17:26:20.692,0.75919,0.75929,1.57,1.00
2016.04.27 17:26:21.198,0.75919,0.75928,1.57,1.00
2016.04.27 17:26:25.108,0.75919,0.75929,1.95,2.25
2016.04.27 17:26:26.098,0.75919,0.7593,2.32,1.00
2016.04.27 17:26:26.351,0.7592,0.7593,1.10,1.00
2016.04.27 17:26:27.210,0.75919,0.7593,2.40,1.00
2016.04.27 17:26:27.747,0.75919,0.75931,3.90,1.00
2016.04.27 17:26:28.252,0.75919,0.7593,3.90,1.00
2016.04.27 17:26:28.803,0.7592,0.7593,1.76,1.00
2016.04.27 17:26:28.954,0.75922,0.75931,1.47,1.00
2016.04.27 17:26:29.563,0.75922,0.75932,1.95,1.10
2016.04.27 17:26:31.914,0.75922,0.75933,1.95,1.57
2016.04.27 17:26:32.218,0.75924,0.75937,1.57,2.40
2016.04.27 17:26:32.269,0.75925,0.75937,1.20,2.25
2016.04.27 17:26:32.321,0.75924,0.75935,2.96,1.69
2016.04.27 17:26:32.523,0.75926,0.75938,2.40,3.56
2016.04.27 17:26:33.029,0.75927,0.75937,2.32,1.00
2016.04.27 17:26:38.324,0.75927,0.75938,2.32,1.25
2016.04.27 17:26:38.830,0.75929,0.75939,1.12,1.76
2016.04.27 17:26:40.580,0.75929,0.75939,1.37,1.01
2016.04.27 17:26:40.914,0.7593,0.75941,1.69,1.57
2016.04.27 17:26:43.687,0.75931,0.75942,1.50,2.21
2016.04.27 17:26:44.203,0.75931,0.75943,6.82,2.44
2016.04.27 17:26:44.458,0.75934,0.75946,3.82,1.95
2016.04.27 17:26:44.611,0.75935,0.75948,3.45,2.81
2016.04.27 17:26:45.996,0.75936,0.75946,1.45,1.00
2016.04.27 17:26:56.427,0.75935,0.75947,1.65,1.00
2016.04.27 17:26:56.965,0.75935,0.75946,2.40,1.00
2016.04.27 17:27:00.174,0.75935,0.75947,2.40,1.00
2016.04.27 17:27:00.679,0.75936,0.75948,2.32,2.44
2016.04.27 17:27:07.348,0.75935,0.75946,3.15,1.00
2016.04.27 17:27:07.601,0.75934,0.75945,2.40,1.00
2016.04.27 17:27:07.652,0.75934,0.75941,1.65,1.00
2016.04.27 17:27:07.754,0.75932,0.75941,1.01,1.50
2016.04.27 17:27:07.876,0.75929,0.75939,3.19,1.00
2016.04.27 17:27:07.979,0.75929,0.75939,1.87,1.00
2016.04.27 17:27:08.496,0.75929,0.7594,1.12,1.20
2016.04.27 17:27:08.901,0.75932,0.75941,1.00,1.65
2016.04.27 17:27:09.113,0.75935,0.75945,2.70,1.10
2016.04.27 17:27:09.165,0.75935,0.75947,2.77,1.50
2016.04.27 17:27:09.671,0.75936,0.75947,1.00,1.00
2016.04.27 17:27:10.201,0.75936,0.75948,1.87,1.09
2016.04.27 17:27:10.428,0.75937,0.75948,3.00,1.10
2016.04.27 17:27:10.934,0.75939,0.7595,2.25,1.29
2016.04.27 17:27:11.457,0.7594,0.7595,1.00,1.19
2016.04.27 17:27:20.383,0.75939,0.7595,1.75,1.19
2016.04.27 17:27:20.632,0.75942,0.75952,1.69,1.10
2016.04.27 17:27:20.785,0.75944,0.75955,2.32,1.87
2016.04.27 17:27:20.886,0.75946,0.75955,1.00,1.00
2016.04.27 17:27:21.964,0.75945,0.75955,1.25,1.00
2016.04.27 17:27:24.176,0.75944,0.75955,3.37,1.50
2016.04.27 17:27:25.958,0.75943,0.75955,3.07,1.87
2016.04.27 17:27:30.117,0.75943,0.7595,2.70,1.00
2016.04.27 17:27:30.269,0.75941,0.7595,1.00,1.50
2016.04.27 17:27:32.283,0.75941,0.75949,1.00,1.00
2016.04.27 17:27:32.791,0.75941,0.75948,1.00,1.00
2016.04.27 17:27:42.261,0.75937,0.75948,3.75,1.00
2016.04.27 17:27:44.512,0.75941,0.7595,1.00,1.95
2016.04.27 17:27:44.716,0.75945,0.75955,1.31,1.65
2016.04.27 17:27:45.222,0.75945,0.75955,1.01,1.00
2016.04.27 17:27:45.738,0.75945,0.75956,2.89,1.25
2016.04.27 17:27:46.968,0.75946,0.75956,1.00,1.25
2016.04.27 17:27:47.478,0.75946,0.75957,2.62,1.00
2016.04.27 17:27:47.985,0.75946,0.75957,2.62,1.00
2016.04.27 17:27:48.491,0.75946,0.75958,2.25,1.25
2016.04.27 17:27:49.038,0.75946,0.75957,2.89,1.00
2016.04.27 17:27:49.544,0.75947,0.75957,1.00,1.00
2016.04.27 17:27:50.050,0.75947,0.75958,1.00,1.50
2016.04.27 17:27:54.134,0.75947,0.75958,1.65,2.25
2016.04.27 17:28:08.481,0.75947,0.75959,1.65,2.25
2016.04.27 17:28:10.337,0.75949,0.75959,1.00,1.50
2016.04.27 17:28:11.670,0.75948,0.75959,1.87,2.25
2016.04.27 17:28:13.891,0.75948,0.75958,1.00,1.00
2016.04.27 17:28:17.754,0.75947,0.75958,1.50,1.25
2016.04.27 17:28:19.030,0.75947,0.75956,1.00,1.56
2016.04.27 17:28:19.132,0.75944,0.75953,1.10,1.12
2016.04.27 17:28:19.184,0.75942,0.75953,1.20,1.50
2016.04.27 17:28:19.589,0.75945,0.75951,1.00,1.55
2016.04.27 17:28:19.640,0.75945,0.75952,1.00,1.20
2016.04.27 17:28:19.742,0.75946,0.75956,1.00,1.95
2016.04.27 17:28:19.945,0.75946,0.75956,1.00,1.10
2016.04.27 17:28:20.148,0.75944,0.75956,1.50,1.00
2016.04.27 17:28:21.716,0.75945,0.75956,1.00,1.00
2016.04.27 17:28:22.056,0.75944,0.75954,1.00,1.00
2016.04.27 17:28:22.158,0.75942,0.75953,1.12,1.10
2016.04.27 17:28:23.271,0.75943,0.75954,1.00,1.17
2016.04.27 17:28:24.442,0.75942,0.75953,1.87,1.57
2016.04.27 17:28:25.200,0.75942,0.75952,1.12,1.00
2016.04.27 17:28:25.353,0.75939,0.7595,2.81,1.00
2016.04.27 17:28:25.656,0.75939,0.7595,1.69,1.20
2016.04.27 17:28:26.528,0.75942,0.7595,1.00,1.20
2016.04.27 17:28:26.681,0.75942,0.75953,1.00,1.27
2016.04.27 17:28:27.844,0.75941,0.75953,1.25,1.20
2016.04.27 17:28:27.946,0.7594,0.75952,2.51,1.01
2016.04.27 17:28:28.452,0.7594,0.7595,1.25,1.20
2016.04.27 17:28:31.126,0.75939,0.7595,1.00,2.21
2016.04.27 17:28:31.650,0.75938,0.7595,1.50,1.46
2016.04.27 17:28:32.867,0.75939,0.75949,1.00,1.25
2016.04.27 17:28:33.475,0.7594,0.7595,1.00,1.39
2016.04.27 17:28:34.132,0.75938,0.75949,1.95,1.25
2016.04.27 17:28:35.814,0.75938,0.75949,1.57,1.25
2016.04.27 17:28:36.775,0.75938,0.75949,1.50,2.44
2016.04.27 17:28:38.121,0.75938,0.75948,1.00,1.50
2016.04.27 17:28:38.670,0.75938,0.75949,1.00,1.65
2016.04.27 17:28:40.635,0.75936,0.75949,2.02,2.40
2016.04.27 17:28:49.345,0.75938,0.75949,1.12,1.37
2016.04.27 17:28:49.396,0.75939,0.7595,2.25,1.76
2016.04.27 17:28:49.447,0.7594,0.75948,1.12,1.00
2016.04.27 17:28:49.638,0.75942,0.75951,1.25,1.00
2016.04.27 17:28:51.760,0.75941,0.7595,1.76,1.00
2016.04.27 17:28:54.609,0.75939,0.75949,2.89,1.00
2016.04.27 17:28:56.434,0.75939,0.75949,2.14,1.00
2016.04.27 17:28:56.960,0.75939,0.75948,2.14,1.00
2016.04.27 17:28:59.567,0.75939,0.75949,1.76,1.00
2016.04.27 17:28:59.770,0.75936,0.75947,6.37,1.00
2016.04.27 17:29:00.283,0.75937,0.75949,1.27,3.37
2016.04.27 17:29:02.807,0.75937,0.75947,1.27,1.00
2016.04.27 17:29:04.760,0.75937,0.75947,1.20,1.00
2016.04.27 17:29:05.646,0.75938,0.75947,1.00,1.00
2016.04.27 17:29:06.189,0.75937,0.75947,1.20,1.00
2016.04.27 17:29:07.724,0.75936,0.75948,2.40,1.00
2016.04.27 17:29:08.238,0.75938,0.75949,1.00,3.82
2016.04.27 17:29:08.746,0.75939,0.75949,1.00,1.01
2016.04.27 17:29:09.291,0.75939,0.7595,1.87,1.84
2016.04.27 17:29:10.150,0.75941,0.7595,1.00,1.69
2016.04.27 17:29:10.353,0.75941,0.75952,1.57,1.20
2016.04.27 17:29:11.699,0.75942,0.75952,1.00,1.20
2016.04.27 17:29:13.302,0.75941,0.75952,1.95,1.95
2016.04.27 17:29:15.068,0.75941,0.7595,1.95,1.00
2016.04.27 17:29:16.859,0.75941,0.75951,2.32,1.00
2016.04.27 17:29:20.170,0.75945,0.75951,1.00,1.00
2016.04.27 17:29:20.272,0.75947,0.75954,1.00,1.31
2016.04.27 17:29:21.038,0.75945,0.75954,1.07,1.00
2016.04.27 17:29:23.123,0.75944,0.75954,1.00,1.00
2016.04.27 17:29:23.663,0.75943,0.75954,3.07,1.00
2016.04.27 17:29:24.728,0.75942,0.75954,1.17,2.62
2016.04.27 17:29:25.244,0.75942,0.75953,1.20,1.00
2016.04.27 17:29:25.692,0.75942,0.75951,1.00,1.00
2016.04.27 17:29:27.057,0.75941,0.75951,2.89,1.00
2016.04.27 17:29:28.234,0.75941,0.75951,2.89,1.00
2016.04.27 17:29:28.606,0.75946,0.75951,1.00,1.00
2016.04.27 17:29:28.760,0.75947,0.75954,1.00,1.25
2016.04.27 17:29:29.267,0.75945,0.75954,4.31,1.25
2016.04.27 17:29:29.469,0.75947,0.75958,1.65,1.25
2016.04.27 17:29:30.441,0.75947,0.75959,2.40,1.10
2016.04.27 17:29:30.947,0.75948,0.75958,1.20,1.00
2016.04.27 17:29:40.994,0.75948,0.75959,1.10,1.20
2016.04.27 17:29:44.448,0.75949,0.75959,1.00,1.20
2016.04.27 17:29:45.254,0.75948,0.75959,1.95,1.20
2016.04.27 17:29:45.833,0.75947,0.75958,3.52,1.00
2016.04.27 17:29:49.696,0.75947,0.75959,1.65,2.32
2016.04.27 17:29:50.374,0.75947,0.75958,1.65,1.00
2016.04.27 17:29:55.292,0.75947,0.75958,1.17,1.87
2016.04.27 17:29:55.805,0.75947,0.75958,1.17,1.50
2016.04.27 17:29:57.760,0.75945,0.75957,6.56,1.00
2016.04.27 17:29:57.912,0.75945,0.75955,1.32,1.00
2016.04.27 17:29:58.014,0.75944,0.75955,1.20,1.87
2016.04.27 17:29:58.531,0.75945,0.75955,1.00,1.57
2016.04.27 17:29:59.242,0.75946,0.75956,1.00,1.95
2016.04.27 17:29:59.445,0.75947,0.75958,1.20,2.14
2016.04.27 17:30:00.773,0.75947,0.75958,1.10,3.64
2016.04.27 17:30:00.870,0.75945,0.75955,1.31,1.12
2016.04.27 17:30:00.973,0.75943,0.75954,1.00,1.76
2016.04.27 17:30:01.479,0.75942,0.75953,1.12,1.17
2016.04.27 17:30:02.581,0.75941,0.75954,1.95,3.07
2016.04.27 17:30:03.427,0.75942,0.75953,1.00,1.65
2016.04.27 17:30:04.438,0.75944,0.75954,1.50,1.57
2016.04.27 17:30:04.956,0.75945,0.75955,1.00,1.76
2016.04.27 17:30:05.159,0.75942,0.75954,2.32,1.15
2016.04.27 17:30:05.361,0.75942,0.75953,1.69,1.65
2016.04.27 17:30:05.875,0.75942,0.75953,1.50,1.27
2016.04.27 17:30:06.735,0.75943,0.75954,1.00,2.70
2016.04.27 17:30:07.285,0.75942,0.75954,2.06,2.89
2016.04.27 17:30:07.791,0.75943,0.75954,1.12,1.76
2016.04.27 17:30:08.549,0.75943,0.75954,1.12,2.14
2016.04.27 17:30:08.701,0.75943,0.75953,1.00,1.37
2016.04.27 17:30:08.752,0.75941,0.75952,1.95,2.25
2016.04.27 17:30:08.804,0.75941,0.75952,1.00,2.62
2016.04.27 17:30:08.956,0.75939,0.75951,1.46,1.27
2016.04.27 17:30:09.463,0.7594,0.75951,1.00,2.02
2016.04.27 17:30:09.972,0.75939,0.7595,1.25,1.65
2016.04.27 17:30:10.281,0.75937,0.7595,2.77,2.40
2016.04.27 17:30:11.094,0.75937,0.75949,2.40,1.65
2016.04.27 17:30:11.600,0.75937,0.7595,2.40,2.96
2016.04.27 17:30:12.722,0.75937,0.7595,2.02,2.59
2016.04.27 17:30:14.093,0.75936,0.75949,2.21,3.15
2016.04.27 17:30:18.603,0.75936,0.75948,1.87,2.02
2016.04.27 17:30:18.907,0.75934,0.75942,1.00,1.57
2016.04.27 17:30:19.216,0.7593,0.7594,1.00,4.76
2016.04.27 17:30:20.034,0.75928,0.75938,2.14,1.50
2016.04.27 17:30:20.542,0.75928,0.75939,2.81,2.32
2016.04.27 17:30:20.847,0.75928,0.75939,2.81,1.95
2016.04.27 17:30:22.806,0.75929,0.75939,1.87,1.95
2016.04.27 17:30:23.201,0.75933,0.7594,1.12,2.44
2016.04.27 17:30:23.303,0.75934,0.75942,1.12,1.01
2016.04.27 17:30:23.506,0.75934,0.75944,1.57,1.37
2016.04.27 17:30:23.667,0.75934,0.75945,1.47,1.10
2016.04.27 17:30:26.566,0.75934,0.75945,1.47,1.57
2016.04.27 17:30:26.737,0.75933,0.75944,1.00,1.95
2016.04.27 17:30:27.245,0.75932,0.75943,1.50,3.52
2016.04.27 17:30:30.685,0.75931,0.75942,1.27,1.12
2016.04.27 17:30:30.838,0.7593,0.75942,1.37,2.40
2016.04.27 17:30:31.142,0.75928,0.7594,2.25,1.76
2016.04.27 17:30:31.950,0.75928,0.7594,1.50,2.51
2016.04.27 17:30:33.715,0.75929,0.75939,1.00,1.75
2016.04.27 17:30:34.220,0.75927,0.75937,2.62,1.00
2016.04.27 17:30:34.836,0.75929,0.75937,1.00,1.00
2016.04.27 17:30:34.988,0.75927,0.75937,2.62,1.00
2016.04.27 17:30:41.870,0.75927,0.75937,3.00,1.00
2016.04.27 17:30:43.410,0.75928,0.75937,1.37,1.00
2016.04.27 17:30:44.311,0.75927,0.75937,2.25,1.50
2016.04.27 17:30:50.490,0.75927,0.75937,2.62,1.00
2016.04.27 17:30:50.996,0.75929,0.75937,1.12,1.00
2016.04.27 17:30:51.467,0.75929,0.75937,1.37,1.00
2016.04.27 17:30:51.570,0.7593,0.7594,1.00,1.01
2016.04.27 17:30:51.975,0.75928,0.7594,2.25,1.69
2016.04.27 17:30:55.338,0.75927,0.7594,2.25,2.06
2016.04.27 17:30:55.849,0.75927,0.7594,2.25,3.56
2016.04.27 17:30:58.360,0.75928,0.75939,1.00,1.75
2016.04.27 17:31:00.789,0.75927,0.7594,2.25,2.81
2016.04.27 17:31:01.799,0.75928,0.7594,1.00,2.81
2016.04.27 17:31:02.901,0.75928,0.7594,1.37,3.19
2016.04.27 17:31:03.139,0.75929,0.7594,1.37,1.62
2016.04.27 17:31:03.241,0.75933,0.75941,1.00,2.06
2016.04.27 17:31:03.345,0.75935,0.75943,1.00,1.37
2016.04.27 17:31:03.397,0.75935,0.75944,1.00,1.50
2016.04.27 17:31:03.701,0.75934,0.75942,1.00,1.00
2016.04.27 17:31:04.024,0.75929,0.75941,3.56,1.75
2016.04.27 17:31:05.558,0.75929,0.75941,2.81,2.00
2016.04.27 17:31:10.348,0.75929,0.7594,3.00,2.25
2016.04.27 17:31:10.449,0.7593,0.75941,2.06,1.10
2016.04.27 17:31:10.501,0.75932,0.75941,1.00,1.00
2016.04.27 17:31:10.604,0.75931,0.75943,1.12,1.87
2016.04.27 17:31:10.655,0.75933,0.75944,1.50,2.32
2016.04.27 17:31:11.110,0.75933,0.75943,1.00,2.25
2016.04.27 17:31:11.212,0.7593,0.75942,1.76,1.50
2016.04.27 17:31:11.465,0.75931,0.7594,1.00,1.75
2016.04.27 17:31:11.769,0.75928,0.75939,1.25,1.50
2016.04.27 17:31:13.647,0.75927,0.75939,3.19,1.50
2016.04.27 17:31:14.780,0.75928,0.7594,1.31,2.25
2016.04.27 17:31:15.289,0.75929,0.75939,1.00,1.50
2016.04.27 17:31:19.268,0.7593,0.75939,1.00,1.50
2016.04.27 17:31:19.819,0.75929,0.75939,1.50,1.50
2016.04.27 17:31:22.478,0.75928,0.7594,1.31,1.75
2016.04.27 17:31:22.984,0.75929,0.7594,1.00,2.25
2016.04.27 17:31:23.531,0.75928,0.7594,2.06,1.75
2016.04.27 17:31:24.037,0.75929,0.75939,1.00,1.50
2016.04.27 17:31:24.543,0.75928,0.75939,2.06,1.50
2016.04.27 17:31:25.407,0.75928,0.75939,2.06,1.50
2016.04.27 17:31:25.914,0.7593,0.7594,1.00,1.75
2016.04.27 17:31:26.434,0.75928,0.7594,2.44,1.75
2016.04.27 17:31:26.940,0.75928,0.75938,1.01,1.12
2016.04.27 17:31:26.991,0.75928,0.75937,1.01,1.75
2016.04.27 17:31:27.144,0.75926,0.75936,1.10,1.12
2016.04.27 17:31:27.659,0.75925,0.75936,1.12,2.25
2016.04.27 17:31:27.964,0.75926,0.75937,1.00,3.19
2016.04.27 17:31:28.368,0.75928,0.75937,1.00,1.00
2016.04.27 17:31:28.683,0.75928,0.75939,1.50,1.50
2016.04.27 17:31:30.199,0.75927,0.75939,1.87,1.00
2016.04.27 17:31:30.744,0.75928,0.75939,1.00,1.50
2016.04.27 17:31:33.353,0.75928,0.75938,1.50,1.00
2016.04.27 17:31:36.207,0.75927,0.75938,1.87,1.00
2016.04.27 17:31:38.783,0.75928,0.75939,1.00,1.50
2016.04.27 17:31:40.566,0.75928,0.75939,1.00,1.87
2016.04.27 17:31:42.379,0.75926,0.75938,1.95,1.00
2016.04.27 17:31:42.884,0.75927,0.75938,1.00,1.50
2016.04.27 17:31:44.655,0.75926,0.75938,1.87,2.06
2016.04.27 17:31:48.076,0.75925,0.75937,1.87,1.00
2016.04.27 17:31:49.557,0.75925,0.75936,2.62,1.12
2016.04.27 17:31:49.760,0.75922,0.75935,1.87,2.25
2016.04.27 17:31:49.811,0.75922,0.75935,1.87,2.62
2016.04.27 17:31:50.115,0.75921,0.75931,1.00,1.50
2016.04.27 17:31:50.267,0.75919,0.7593,1.12,1.87
2016.04.27 17:31:51.446,0.75922,0.7593,1.00,1.12
2016.04.27 17:31:51.548,0.75921,0.75933,1.31,2.44
2016.04.27 17:31:52.061,0.75922,0.75934,1.25,1.69
2016.04.27 17:31:52.314,0.75921,0.75931,1.19,1.12
2016.04.27 17:31:54.466,0.75923,0.75932,1.00,1.50
2016.04.27 17:31:54.597,0.75923,0.75934,1.00,1.84
2016.04.27 17:31:54.800,0.75924,0.75936,1.00,1.50
2016.04.27 17:31:55.205,0.75923,0.75934,2.06,1.00
2016.04.27 17:31:55.509,0.75919,0.7593,2.25,1.00
2016.04.27 17:31:58.300,0.75918,0.7593,1.87,1.00
2016.04.27 17:31:59.481,0.75919,0.7593,1.00,1.00
2016.04.27 17:32:00.604,0.75918,0.7593,2.62,1.50
2016.04.27 17:32:01.824,0.75919,0.7593,1.00,1.00
2016.04.27 17:32:04.905,0.75918,0.75929,1.12,1.00
2016.04.27 17:32:05.411,0.75918,0.75928,1.00,1.00
2016.04.27 17:32:06.119,0.75919,0.75928,1.00,1.00
2016.04.27 17:32:07.911,0.75918,0.75928,1.00,1.00
2016.04.27 17:32:08.444,0.75919,0.75929,1.00,1.50
2016.04.27 17:32:08.749,0.75924,0.75934,1.00,1.50
2016.04.27 17:32:09.861,0.75922,0.75934,2.02,1.50
2016.04.27 17:32:10.978,0.75922,0.75933,1.27,1.00
2016.04.27 17:32:11.283,0.75921,0.75929,2.59,1.00
2016.04.27 17:32:11.384,0.75918,0.75929,2.40,1.00
2016.04.27 17:32:11.891,0.75918,0.75928,1.00,1.50
2016.04.27 17:32:12.524,0.75919,0.75928,1.00,1.50
2016.04.27 17:32:14.844,0.75918,0.75928,1.50,1.00
2016.04.27 17:32:15.350,0.75919,0.75928,1.00,1.50
2016.04.27 17:32:17.061,0.75918,0.75928,1.50,1.50
2016.04.27 17:32:18.710,0.75917,0.75928,1.12,2.44
2016.04.27 17:32:20.024,0.75915,0.75927,1.47,1.00
2016.04.27 17:32:20.075,0.75915,0.75925,1.47,1.19
2016.04.27 17:32:20.379,0.75912,0.75924,2.89,1.31
2016.04.27 17:32:34.464,0.75912,0.75919,2.44,1.00
2016.04.27 17:32:34.515,0.7591,0.75919,1.27,1.00
2016.04.27 17:32:35.028,0.75908,0.75919,1.56,1.00
2016.04.27 17:32:36.789,0.7591,0.75919,1.00,1.00
2016.04.27 17:32:36.942,0.7591,0.75921,1.00,1.00
2016.04.27 17:32:37.499,0.7591,0.75922,1.12,4.12
2016.04.27 17:32:38.251,0.7591,0.75921,1.12,1.00
2016.04.27 17:32:40.962,0.75908,0.75921,3.71,2.62
2016.04.27 17:32:47.364,0.75908,0.75919,2.21,1.00
2016.04.27 17:32:47.956,0.7591,0.75919,1.00,1.00
2016.04.27 17:32:48.434,0.7591,0.75921,1.00,2.62
2016.04.27 17:32:50.382,0.75913,0.75921,1.00,2.25
2016.04.27 17:32:50.635,0.75914,0.75923,1.12,1.00
2016.04.27 17:32:50.978,0.75915,0.75925,1.00,1.00
2016.04.27 17:32:51.131,0.75917,0.75929,1.25,3.56
2016.04.27 17:32:51.182,0.75919,0.75929,1.00,1.69
2016.04.27 17:32:51.729,0.7592,0.75931,1.10,2.44
2016.04.27 17:32:52.239,0.75918,0.75931,3.45,1.69
2016.04.27 17:32:52.784,0.75919,0.7593,2.06,1.00
2016.04.27 17:32:53.889,0.7592,0.75931,1.69,1.00
2016.04.27 17:32:54.932,0.7592,0.7593,1.25,1.50
2016.04.27 17:32:54.983,0.75918,0.7593,1.01,3.56
2016.04.27 17:32:58.350,0.75917,0.75929,3.19,1.69
2016.04.27 17:32:58.858,0.75917,0.75928,1.50,1.00
2016.04.27 17:32:59.389,0.75917,0.7593,2.62,3.00
2016.04.27 17:32:59.895,0.75919,0.7593,1.00,3.19
2016.04.27 17:33:02.159,0.75918,0.75929,1.12,1.12
2016.04.27 17:33:05.500,0.75918,0.75928,1.12,1.12
2016.04.27 17:33:05.955,0.75916,0.75927,1.00,1.25
2016.04.27 17:33:07.167,0.75915,0.75925,1.57,1.19
2016.04.27 17:33:08.369,0.75914,0.75923,1.12,1.25
2016.04.27 17:33:14.417,0.75912,0.75923,1.00,1.50
2016.04.27 17:33:14.620,0.75911,0.7592,1.50,1.00
2016.04.27 17:33:17.660,0.75913,0.7592,1.00,1.00
2016.04.27 17:33:17.711,0.75915,0.75923,1.25,1.12
2016.04.27 17:33:17.893,0.75915,0.75925,1.27,1.00
2016.04.27 17:33:18.146,0.75915,0.75923,1.10,1.00
2016.04.27 17:33:20.565,0.75916,0.75923,1.00,1.00
2016.04.27 17:33:21.097,0.75916,0.75923,1.76,1.00
2016.04.27 17:33:21.452,0.75914,0.75923,1.57,1.25
2016.04.27 17:33:24.062,0.75914,0.75923,1.00,1.25
2016.04.27 17:33:28.816,0.75914,0.75922,1.00,1.00
2016.04.27 17:33:29.618,0.75914,0.75925,1.00,1.31
2016.04.27 17:33:30.404,0.75913,0.75925,2.51,1.31
2016.04.27 17:33:32.413,0.75915,0.75925,1.00,1.31
2016.04.27 17:33:32.565,0.75913,0.75924,1.76,1.69
2016.04.27 17:33:37.709,0.75914,0.75925,1.50,2.44
2016.04.27 17:33:37.938,0.75914,0.75926,2.59,1.87
2016.04.27 17:33:37.990,0.75914,0.75924,2.59,1.19
2016.04.27 17:33:38.246,0.75912,0.75922,1.12,1.31
2016.04.27 17:33:38.399,0.75911,0.7592,1.00,1.00
2016.04.27 17:33:39.486,0.7591,0.7592,1.25,1.12
2016.04.27 17:33:42.346,0.75909,0.75921,1.69,1.50
2016.04.27 17:33:53.715,0.7591,0.75921,1.25,2.62
2016.04.27 17:33:54.232,0.75911,0.75921,1.00,1.00
2016.04.27 17:33:56.592,0.75911,0.7592,1.00,1.00
2016.04.27 17:33:56.896,0.75914,0.75924,1.00,1.75
2016.04.27 17:33:56.947,0.75914,0.75924,1.00,1.50
2016.04.27 17:33:57.201,0.75912,0.75921,1.37,1.00
2016.04.27 17:33:57.303,0.7591,0.7592,1.50,1.50
2016.04.27 17:34:00.653,0.7591,0.75919,1.00,1.00
2016.04.27 17:34:01.162,0.7591,0.7592,1.00,1.00
2016.04.27 17:34:01.668,0.75911,0.75921,1.00,1.00
2016.04.27 17:34:02.735,0.75911,0.7592,1.00,1.12
2016.04.27 17:34:03.495,0.75911,0.75921,1.00,1.12
2016.04.27 17:34:06.087,0.75911,0.7592,1.00,1.00
2016.04.27 17:34:06.340,0.7591,0.75919,1.00,1.69
2016.04.27 17:34:06.645,0.75908,0.75919,1.00,3.56
2016.04.27 17:34:07.180,0.75908,0.75919,1.00,3.56
2016.04.27 17:34:07.332,0.75908,0.75919,1.50,1.87
2016.04.27 17:34:07.636,0.75909,0.7592,1.27,1.25
2016.04.27 17:34:08.164,0.75909,0.7592,1.27,2.06
2016.04.27 17:34:08.467,0.75911,0.7592,1.00,1.69
2016.04.27 17:34:09.465,0.75911,0.7592,1.00,1.25
2016.04.27 17:34:09.998,0.7591,0.7592,1.00,1.25
2016.04.27 17:34:10.504,0.7591,0.75919,1.00,1.00
2016.04.27 17:34:11.038,0.75909,0.75919,1.12,1.50
2016.04.27 17:34:12.065,0.75909,0.7592,1.00,3.56
2016.04.27 17:34:15.262,0.75909,0.75918,1.87,1.00
2016.04.27 17:34:17.558,0.7591,0.75919,1.00,1.00
2016.04.27 17:34:22.621,0.7591,0.75919,1.00,2.25
2016.04.27 17:34:22.672,0.75908,0.75918,1.87,1.00
2016.04.27 17:34:23.177,0.75908,0.75919,1.87,2.62
2016.04.27 17:34:25.125,0.75908,0.75919,1.12,1.50
2016.04.27 17:34:25.176,0.75908,0.75919,1.12,2.06
2016.04.27 17:34:25.278,0.75909,0.75921,1.00,3.94
2016.04.27 17:34:25.974,0.7591,0.75921,1.00,3.94
2016.04.27 17:34:26.480,0.7591,0.75921,1.00,3.94
2016.04.27 17:34:27.328,0.75908,0.75921,2.06,3.19
2016.04.27 17:34:28.828,0.75909,0.75921,1.00,1.69
2016.04.27 17:34:29.700,0.75913,0.75921,1.00,1.19
2016.04.27 17:34:29.902,0.75914,0.75922,1.00,1.00
2016.04.27 17:34:30.004,0.75915,0.75926,1.50,1.37
2016.04.27 17:34:30.156,0.75916,0.75927,1.50,1.50
2016.04.27 17:34:30.410,0.75917,0.75928,2.25,1.00
2016.04.27 17:34:30.934,0.75917,0.7593,2.25,3.56
2016.04.27 17:34:31.440,0.75917,0.75928,3.00,1.00
2016.04.27 17:34:33.246,0.75917,0.75928,2.25,1.37
2016.04.27 17:34:33.792,0.75917,0.75928,2.25,1.00
2016.04.27 17:34:34.299,0.75917,0.75929,3.56,1.25
2016.04.27 17:34:37.739,0.75917,0.7593,2.44,3.19
2016.04.27 17:34:38.251,0.75917,0.75929,1.37,2.81
2016.04.27 17:34:38.772,0.75917,0.75928,1.87,1.50
2016.04.27 17:34:39.329,0.75917,0.75929,1.87,2.44
2016.04.27 17:34:41.106,0.75919,0.7593,1.00,2.06
2016.04.27 17:34:42.085,0.7592,0.75931,1.25,1.00
2016.04.27 17:34:43.217,0.75924,0.75932,1.00,1.31
2016.04.27 17:34:43.369,0.75926,0.75937,1.12,2.06
2016.04.27 17:34:43.523,0.75926,0.75938,1.50,1.31
2016.04.27 17:34:45.445,0.75925,0.75938,3.07,1.62
2016.04.27 17:34:45.497,0.75924,0.75933,1.75,1.31
2016.04.27 17:34:45.549,0.75923,0.75932,1.00,1.00
2016.04.27 17:34:45.650,0.75921,0.75932,2.25,1.12
2016.04.27 17:34:46.410,0.75921,0.75933,1.50,2.81
2016.04.27 17:34:46.841,0.75924,0.75933,1.00,1.69
2016.04.27 17:34:47.045,0.75925,0.75936,1.12,1.00
2016.04.27 17:34:47.653,0.75926,0.75937,1.00,1.37
2016.04.27 17:34:47.856,0.75927,0.75939,1.87,1.87
2016.04.27 17:34:48.054,0.75928,0.7594,1.37,3.19
2016.04.27 17:34:51.428,0.75927,0.7594,2.21,2.44
2016.04.27 17:34:51.936,0.75925,0.75937,3.34,1.50
2016.04.27 17:34:53.301,0.75925,0.75937,3.19,1.75
2016.04.27 17:34:53.403,0.75925,0.75937,2.44,1.50
2016.04.27 17:34:53.908,0.75926,0.75937,1.31,1.37
2016.04.27 17:34:54.274,0.75926,0.75939,1.87,2.62
2016.04.27 17:34:54.326,0.75927,0.75939,1.69,2.44
2016.04.27 17:34:56.551,0.75927,0.75939,1.87,2.81
2016.04.27 17:34:57.064,0.75927,0.75939,1.87,2.81
2016.04.27 17:34:57.952,0.75927,0.75939,1.87,2.44
2016.04.27 17:35:00.822,0.75928,0.75937,1.12,1.37
2016.04.27 17:35:01.076,0.75919,0.75931,3.56,1.00
2016.04.27 17:35:01.294,0.75919,0.75929,1.12,1.00
2016.04.27 17:35:01.803,0.75919,0.75928,1.00,1.00
2016.04.27 17:35:01.854,0.75919,0.7593,1.87,1.00
2016.04.27 17:35:02.320,0.75918,0.75928,1.00,1.00
2016.04.27 17:35:02.826,0.75918,0.75929,1.00,1.12
2016.04.27 17:35:06.503,0.75919,0.75929,1.00,1.00
2016.04.27 17:35:07.010,0.75919,0.7593,1.00,1.87
2016.04.27 17:35:08.677,0.75918,0.7593,1.00,1.12
2016.04.27 17:35:09.462,0.75918,0.75929,1.50,1.00
2016.04.27 17:35:13.272,0.75917,0.75929,2.62,1.00
2016.04.27 17:35:18.071,0.75918,0.75929,1.00,1.00
2016.04.27 17:35:20.483,0.75919,0.7593,1.00,2.81
2016.04.27 17:35:20.816,0.75923,0.75932,1.00,2.62
2016.04.27 17:35:21.121,0.75928,0.75938,1.50,1.12
2016.04.27 17:35:21.880,0.75928,0.75938,1.00,1.12
2016.04.27 17:35:22.339,0.75929,0.7594,1.00,4.31
2016.04.27 17:35:22.642,0.75927,0.7594,3.37,3.19
2016.04.27 17:35:23.158,0.75928,0.75939,1.00,1.50
2016.04.27 17:35:24.664,0.75927,0.75938,2.25,1.87
2016.04.27 17:35:26.433,0.75927,0.75938,1.12,2.06
2016.04.27 17:35:27.042,0.75926,0.75938,2.25,2.81
2016.04.27 17:35:27.547,0.75926,0.75938,2.25,2.81
2016.04.27 17:35:29.737,0.75926,0.75938,2.25,2.81
2016.04.27 17:35:30.353,0.75927,0.75938,1.12,2.44
2016.04.27 17:35:30.860,0.75928,0.75938,1.00,3.19
2016.04.27 17:35:31.402,0.75926,0.75938,2.25,2.25
2016.04.27 17:35:32.158,0.75928,0.75938,1.00,1.87
2016.04.27 17:35:32.665,0.75927,0.75938,1.12,1.87
2016.04.27 17:35:36.117,0.75928,0.75938,1.00,1.00
2016.04.27 17:35:36.421,0.75929,0.75939,1.37,1.00
2016.04.27 17:35:36.932,0.75929,0.7594,2.25,2.25
2016.04.27 17:35:38.339,0.75929,0.7594,1.12,1.50
2016.04.27 17:35:38.861,0.75929,0.7594,1.37,1.50
2016.04.27 17:35:39.166,0.75935,0.7594,1.00,1.00
2016.04.27 17:35:39.268,0.75936,0.75944,1.12,1.07
2016.04.27 17:35:39.319,0.75937,0.75949,1.00,3.75
2016.04.27 17:35:39.425,0.75939,0.75949,1.12,2.32
2016.04.27 17:35:39.932,0.75939,0.7595,1.50,1.50
2016.04.27 17:35:40.488,0.75938,0.7595,1.31,1.00
2016.04.27 17:35:40.944,0.75937,0.75948,1.31,1.00
2016.04.27 17:35:41.450,0.75936,0.75948,3.00,1.00
2016.04.27 17:35:41.969,0.75936,0.75947,2.25,1.00
2016.04.27 17:35:42.475,0.75938,0.75947,1.00,1.00
2016.04.27 17:35:43.234,0.7594,0.75949,1.12,1.00
2016.04.27 17:35:43.437,0.75942,0.75952,1.12,1.00
2016.04.27 17:35:43.538,0.75944,0.75952,1.00,1.00
2016.04.27 17:35:43.640,0.75943,0.75954,1.69,1.12
2016.04.27 17:35:43.742,0.75944,0.75954,1.69,1.00
2016.04.27 17:35:43.793,0.75945,0.75956,1.37,1.00
2016.04.27 17:35:44.309,0.75945,0.75957,1.37,1.12
2016.04.27 17:35:44.828,0.75943,0.75956,3.19,1.62
2016.04.27 17:35:45.845,0.75943,0.75956,2.81,1.69
2016.04.27 17:35:51.203,0.75941,0.75955,3.00,2.44
2016.04.27 17:35:51.508,0.75941,0.75952,1.00,1.00
2016.04.27 17:35:52.015,0.75939,0.75952,3.94,1.00
2016.04.27 17:35:52.521,0.75939,0.75952,1.25,1.50
2016.04.27 17:35:53.100,0.7594,0.75952,1.00,1.50
2016.04.27 17:35:53.405,0.75944,0.75957,2.06,1.57
2016.04.27 17:35:53.506,0.75945,0.75957,1.12,1.00
2016.04.27 17:35:54.182,0.75945,0.75957,1.00,1.10
2016.04.27 17:35:55.004,0.75946,0.75957,1.00,1.50
2016.04.27 17:35:55.254,0.75945,0.75957,1.12,1.50
2016.04.27 17:35:55.357,0.75946,0.75957,1.87,1.12
2016.04.27 17:35:55.509,0.75948,0.75957,1.00,1.00
2016.04.27 17:35:56.015,0.75948,0.75958,1.31,1.00
2016.04.27 17:35:56.066,0.75948,0.7596,1.69,3.45
2016.04.27 17:35:56.269,0.75948,0.75958,1.31,1.00
2016.04.27 17:35:56.944,0.75946,0.7596,2.32,3.64
2016.04.27 17:35:57.451,0.75946,0.75959,1.87,1.12
2016.04.27 17:35:57.704,0.75946,0.75955,1.12,1.00
2016.04.27 17:36:01.019,0.75946,0.75957,1.12,1.00
2016.04.27 17:36:02.022,0.75946,0.75956,1.12,1.00
2016.04.27 17:36:02.226,0.75945,0.75954,1.69,1.00
2016.04.27 17:36:03.557,0.75943,0.75954,1.87,1.00
2016.04.27 17:36:04.063,0.75944,0.75954,1.00,1.12
2016.04.27 17:36:04.577,0.75944,0.75956,1.87,1.50
2016.04.27 17:36:06.191,0.75945,0.75956,1.00,2.44
2016.04.27 17:36:07.569,0.75945,0.75956,1.00,1.25
2016.04.27 17:36:08.188,0.75944,0.75955,1.87,2.06
2016.04.27 17:36:08.349,0.75942,0.75954,1.00,1.00
2016.04.27 17:36:09.810,0.75941,0.75954,2.25,1.12
2016.04.27 17:36:10.224,0.75944,0.75954,1.00,1.12
2016.04.27 17:36:10.529,0.75946,0.75959,2.06,1.12
2016.04.27 17:36:12.701,0.75946,0.75958,2.44,1.00
2016.04.27 17:36:15.333,0.75947,0.75958,1.00,1.50
2016.04.27 17:36:15.876,0.75946,0.75958,2.25,1.50
2016.04.27 17:36:16.130,0.75946,0.75958,2.62,1.50
2016.04.27 17:36:18.869,0.75947,0.75958,2.02,1.00
2016.04.27 17:36:19.559,0.75947,0.75959,1.27,1.12
2016.04.27 17:36:22.391,0.75947,0.75958,1.65,1.00
2016.04.27 17:36:25.819,0.75948,0.75958,1.37,1.69
2016.04.27 17:36:26.362,0.75948,0.75958,1.00,1.25
2016.04.27 17:36:30.737,0.75948,0.7596,3.00,2.44
2016.04.27 17:36:31.855,0.75948,0.7596,2.25,2.44
2016.04.27 17:36:32.160,0.75957,0.75963,1.37,2.25
2016.04.27 17:36:32.465,0.7596,0.75964,1.00,1.00
2016.04.27 17:36:32.624,0.75958,0.7597,2.40,1.00
2016.04.27 17:36:34.404,0.75958,0.75968,2.06,1.00
2016.04.27 17:36:37.008,0.75958,0.7597,2.06,2.81
2016.04.27 17:36:38.409,0.75958,0.75969,1.87,1.00
2016.04.27 17:36:38.915,0.75959,0.7597,1.00,1.31
2016.04.27 17:36:39.396,0.75959,0.7597,1.12,1.69
2016.04.27 17:36:39.498,0.75959,0.7597,1.00,2.06
2016.04.27 17:36:40.022,0.75958,0.75969,1.57,2.25
2016.04.27 17:36:40.834,0.7596,0.7597,1.00,2.06
2016.04.27 17:36:41.375,0.7596,0.75971,1.07,1.69
2016.04.27 17:36:42.138,0.75962,0.75971,1.00,1.69
2016.04.27 17:36:42.189,0.75964,0.75971,1.00,1.50
2016.04.27 17:36:42.292,0.75963,0.75973,1.69,1.50
2016.04.27 17:36:42.394,0.75966,0.75973,1.00,1.00
2016.04.27 17:36:42.648,0.75967,0.75979,1.00,1.31
2016.04.27 17:36:43.163,0.75968,0.75979,1.00,2.06
2016.04.27 17:36:43.677,0.75967,0.75979,1.00,2.06
2016.04.27 17:36:44.723,0.75966,0.75979,1.39,1.31
2016.04.27 17:36:44.875,0.75964,0.75976,2.77,1.00
2016.04.27 17:36:45.079,0.7596,0.75973,2.70,1.12
2016.04.27 17:36:45.180,0.7596,0.75972,1.57,1.00
2016.04.27 17:36:46.538,0.75965,0.75972,1.00,1.00
2016.04.27 17:36:46.690,0.75967,0.75975,1.00,1.00
2016.04.27 17:36:46.880,0.75965,0.75977,3.19,1.01
2016.04.27 17:36:46.981,0.75965,0.75977,2.06,1.25
2016.04.27 17:36:48.427,0.75967,0.75978,1.50,2.25
2016.04.27 17:36:48.934,0.75968,0.75979,1.50,2.44
2016.04.27 17:36:50.645,0.75968,0.75979,2.06,1.00
2016.04.27 17:36:51.050,0.75968,0.75979,2.00,1.00
2016.04.27 17:36:51.561,0.75968,0.75978,1.69,1.00
2016.04.27 17:36:52.219,0.75969,0.75979,1.00,1.00
2016.04.27 17:36:52.724,0.75966,0.75978,2.40,1.25
2016.04.27 17:36:52.927,0.75964,0.75977,1.12,1.87
2016.04.27 17:36:53.030,0.75964,0.75976,1.12,1.50
2016.04.27 17:36:54.796,0.75964,0.75976,2.62,1.00
2016.04.27 17:36:55.310,0.75966,0.75977,1.50,1.00
2016.04.27 17:36:55.614,0.75968,0.75979,1.50,1.69
2016.04.27 17:36:57.953,0.75968,0.75976,1.37,1.00
2016.04.27 17:36:58.217,0.75963,0.75973,1.55,1.00
2016.04.27 17:36:59.026,0.75964,0.75975,1.20,1.69
2016.04.27 17:36:59.431,0.75964,0.75977,1.87,1.69
2016.04.27 17:37:02.393,0.75965,0.75978,1.87,1.87
2016.04.27 17:37:03.125,0.75966,0.75977,1.37,1.00
2016.04.27 17:37:03.733,0.75966,0.75978,1.37,1.87
2016.04.27 17:37:05.121,0.75966,0.75979,2.44,1.25
2016.04.27 17:37:05.627,0.75967,0.75979,1.00,2.62
2016.04.27 17:37:10.806,0.75966,0.75977,1.50,1.00
2016.04.27 17:37:10.858,0.75966,0.75974,1.50,1.00
2016.04.27 17:37:11.112,0.7596,0.75972,1.31,1.37
2016.04.27 17:37:15.023,0.7596,0.75971,1.62,1.12
2016.04.27 17:37:17.015,0.75961,0.75973,1.50,2.44
2016.04.27 17:37:17.268,0.75962,0.75973,1.87,1.25
2016.04.27 17:37:17.370,0.75964,0.75975,1.12,2.25
2016.04.27 17:37:17.878,0.75964,0.75975,1.50,1.12
2016.04.27 17:37:20.725,0.75966,0.75976,1.00,1.50
2016.04.27 17:37:20.930,0.75967,0.75979,2.25,2.25
2016.04.27 17:37:22.519,0.75967,0.75978,2.25,1.00
2016.04.27 17:37:23.488,0.75966,0.75977,1.50,1.00
2016.04.27 17:37:23.994,0.75966,0.75977,1.50,1.19
2016.04.27 17:37:24.501,0.75966,0.75978,2.25,1.69
2016.04.27 17:37:30.440,0.75968,0.75978,1.12,1.00
2016.04.27 17:37:30.957,0.75968,0.75979,1.12,1.00
2016.04.27 17:37:34.932,0.75966,0.75979,3.00,1.87
2016.04.27 17:37:35.438,0.75966,0.75979,3.00,1.50
2016.04.27 17:37:36.055,0.75967,0.75979,1.50,2.44
2016.04.27 17:37:38.818,0.75967,0.75978,2.25,1.19
2016.04.27 17:37:39.342,0.75967,0.75978,1.50,1.00
2016.04.27 17:37:40.305,0.75967,0.75979,1.50,1.19
2016.04.27 17:37:41.392,0.75969,0.7598,1.00,2.44
2016.04.27 17:37:43.319,0.75969,0.7598,1.25,1.25
2016.04.27 17:37:48.013,0.75969,0.75979,1.25,1.00
2016.04.27 17:37:49.270,0.75969,0.75978,1.00,1.00
2016.04.27 17:37:49.422,0.75967,0.75978,1.10,1.00
2016.04.27 17:37:49.928,0.75966,0.75978,3.45,1.00
2016.04.27 17:37:51.186,0.75966,0.75979,2.25,3.00
2016.04.27 17:37:51.489,0.75966,0.75978,1.25,1.31
2016.04.27 17:37:52.047,0.75966,0.75978,1.00,1.31
2016.04.27 17:37:53.424,0.75965,0.75978,2.06,1.31
2016.04.27 17:37:55.178,0.75965,0.75975,2.06,1.00
2016.04.27 17:37:55.704,0.75966,0.75975,1.00,1.00
2016.04.27 17:37:56.298,0.75965,0.75975,1.87,1.00
2016.04.27 17:37:56.855,0.75965,0.75975,2.62,1.00
2016.04.27 17:37:57.500,0.75967,0.75978,1.00,2.06
2016.04.27 17:37:59.897,0.75968,0.75978,1.00,1.19
2016.04.27 17:38:00.431,0.75966,0.75977,2.25,1.00
2016.04.27 17:38:00.533,0.75966,0.75975,1.50,1.00
2016.04.27 17:38:01.500,0.75964,0.75975,1.50,1.00
2016.04.27 17:38:01.845,0.75959,0.7597,3.26,1.12
2016.04.27 17:38:03.164,0.75959,0.75969,1.69,1.00
2016.04.27 17:38:03.878,0.75958,0.75969,1.62,1.25
2016.04.27 17:38:04.580,0.75957,0.75967,2.81,1.00
2016.04.27 17:38:07.346,0.75957,0.75966,1.19,1.12
2016.04.27 17:38:07.542,0.75954,0.75964,1.50,1.00
2016.04.27 17:38:08.057,0.75953,0.75964,1.62,1.00
2016.04.27 17:38:08.666,0.75953,0.75964,1.25,1.00
2016.04.27 17:38:08.932,0.75953,0.75962,1.25,1.00
2016.04.27 17:38:09.237,0.75949,0.7596,2.44,1.00
2016.04.27 17:38:10.939,0.75953,0.7596,1.25,1.00
2016.04.27 17:38:11.445,0.75953,0.75961,1.25,1.00
2016.04.27 17:38:15.470,0.7595,0.75961,1.31,1.00
2016.04.27 17:38:15.571,0.75953,0.75961,1.25,1.00
2016.04.27 17:38:15.774,0.75951,0.75961,1.00,1.00
2016.04.27 17:38:16.326,0.75951,0.75961,1.19,1.00
2016.04.27 17:38:16.783,0.75952,0.75961,1.56,1.00
2016.04.27 17:38:16.834,0.75952,0.75963,1.56,1.00
2016.04.27 17:38:16.885,0.75952,0.75962,1.69,1.00
2016.04.27 17:38:16.987,0.75954,0.75962,1.00,1.00
2016.04.27 17:38:17.088,0.7595,0.75962,3.94,1.00
2016.04.27 17:38:17.554,0.75953,0.75961,1.19,1.00
2016.04.27 17:38:18.519,0.75953,0.75961,1.25,1.00
2016.04.27 17:38:20.092,0.75953,0.7596,1.25,1.00
2016.04.27 17:38:23.107,0.75953,0.75964,1.62,1.12
2016.04.27 17:38:23.622,0.75954,0.75965,2.44,1.00
2016.04.27 17:38:25.201,0.75954,0.75963,1.69,1.00
2016.04.27 17:38:25.711,0.75954,0.75963,1.25,1.00
2016.04.27 17:38:26.876,0.75954,0.75964,1.25,1.12
2016.04.27 17:38:29.319,0.75954,0.75964,1.19,1.00
2016.04.27 17:38:30.625,0.75957,0.75964,1.25,1.00
2016.04.27 17:38:30.952,0.75962,0.7597,1.25,1.00
2016.04.27 17:38:31.762,0.75962,0.75972,1.25,1.50
2016.04.27 17:38:32.066,0.75962,0.7597,1.25,1.00
2016.04.27 17:38:32.783,0.75962,0.75969,1.25,1.00
2016.04.27 17:38:33.307,0.75962,0.75968,1.25,1.00
2016.04.27 17:38:34.239,0.75958,0.75966,1.25,1.00
2016.04.27 17:38:34.634,0.75955,0.75965,1.31,1.00
2016.04.27 17:38:35.792,0.75955,0.75965,1.25,1.87
2016.04.27 17:38:35.843,0.75955,0.75963,1.25,1.00
2016.04.27 17:38:36.149,0.75955,0.75961,1.25,1.00
2016.04.27 17:38:37.496,0.75955,0.75962,1.25,1.12
2016.04.27 17:38:40.717,0.75955,0.75962,1.25,1.50
2016.04.27 17:38:40.869,0.75951,0.7596,1.19,1.00
2016.04.27 17:38:46.270,0.75951,0.75959,1.19,1.50
2016.04.27 17:38:46.574,0.75947,0.75957,1.31,1.00
2016.04.27 17:38:47.136,0.75946,0.75957,1.31,1.00
2016.04.27 17:38:49.481,0.75947,0.75958,1.00,1.00
2016.04.27 17:38:49.644,0.75948,0.7596,1.69,1.12
2016.04.27 17:38:50.150,0.75949,0.7596,1.39,1.12
2016.04.27 17:38:56.408,0.75948,0.75959,2.81,1.00
2016.04.27 17:39:01.867,0.75948,0.75958,1.66,1.00
2016.04.27 17:39:01.969,0.75947,0.75956,1.00,1.00
2016.04.27 17:39:02.517,0.75947,0.75955,1.00,1.00
2016.04.27 17:39:03.023,0.75945,0.75955,2.06,1.00
2016.04.27 17:39:03.544,0.75945,0.75955,2.44,1.00
2016.04.27 17:39:05.728,0.75944,0.75954,2.81,1.19
2016.04.27 17:39:06.603,0.75944,0.75954,1.12,1.50
2016.04.27 17:39:06.908,0.75947,0.75959,2.44,1.00
2016.04.27 17:39:07.442,0.75949,0.75959,1.00,1.00
2016.04.27 17:39:10.228,0.75949,0.75959,1.50,1.00
2016.04.27 17:39:10.739,0.75949,0.75959,2.25,1.00
2016.04.27 17:39:11.246,0.75952,0.75959,1.31,1.00
2016.04.27 17:39:11.297,0.75954,0.75963,1.00,2.44
2016.04.27 17:39:11.399,0.75953,0.75963,2.06,1.00
2016.04.27 17:39:11.500,0.75957,0.75966,1.00,1.50
2016.04.27 17:39:11.609,0.75957,0.75966,1.87,1.50
2016.04.27 17:39:11.711,0.7596,0.75968,1.25,1.00
2016.04.27 17:39:16.753,0.7596,0.7597,1.25,1.50
2016.04.27 17:39:21.771,0.75958,0.75968,3.56,1.00
2016.04.27 17:39:27.720,0.75956,0.75968,2.89,1.25
2016.04.27 17:39:28.226,0.75957,0.75967,1.31,1.50
2016.04.27 17:39:29.053,0.75957,0.75967,1.12,1.00
2016.04.27 17:39:30.123,0.75955,0.75966,3.19,1.00
2016.04.27 17:39:34.456,0.75955,0.75966,2.81,1.00
2016.04.27 17:39:34.964,0.75955,0.75966,1.69,1.00
2016.04.27 17:39:38.510,0.75955,0.75965,1.25,1.50
2016.04.27 17:39:38.815,0.75953,0.75964,1.12,1.50
2016.04.27 17:39:44.285,0.75954,0.75964,1.00,1.50
2016.04.27 17:39:44.488,0.75955,0.75964,1.50,1.00
2016.04.27 17:39:44.612,0.75956,0.75966,1.00,1.00
2016.04.27 17:39:45.132,0.75957,0.75967,1.25,1.50
2016.04.27 17:39:48.050,0.75955,0.75967,1.37,1.12
2016.04.27 17:39:48.202,0.75954,0.75966,3.56,1.87
2016.04.27 17:39:48.536,0.7595,0.75961,2.06,1.50
2016.04.27 17:39:48.841,0.7595,0.75958,1.31,1.00
2016.04.27 17:39:49.484,0.75947,0.75958,2.81,1.50
2016.04.27 17:39:50.093,0.75946,0.75957,1.62,1.00
2016.04.27 17:39:53.876,0.75947,0.75957,1.69,1.00
2016.04.27 17:39:54.028,0.75948,0.75959,2.62,1.00
2016.04.27 17:39:54.534,0.75948,0.75959,3.00,1.00
2016.04.27 17:39:55.075,0.75948,0.75959,1.50,1.00
2016.04.27 17:39:55.648,0.75948,0.75959,1.87,1.00
2016.04.27 17:39:56.054,0.75949,0.75959,1.50,1.00
2016.04.27 17:39:56.579,0.75949,0.75959,1.37,1.00
2016.04.27 17:39:56.884,0.7595,0.75959,1.94,1.00
2016.04.27 17:40:00.186,0.75951,0.75959,1.25,1.00
2016.04.27 17:40:06.862,0.7595,0.75959,2.06,1.00
2016.04.27 17:40:07.393,0.75951,0.75959,1.69,1.00
2016.04.27 17:40:08.166,0.75952,0.75959,1.12,1.00
2016.04.27 17:40:08.217,0.75953,0.75963,1.25,2.25
2016.04.27 17:40:08.326,0.75956,0.75964,1.00,1.00
2016.04.27 17:40:08.377,0.75957,0.75966,1.12,1.00
2016.04.27 17:40:08.479,0.75958,0.75968,1.37,1.69
2016.04.27 17:40:09.014,0.75958,0.7597,2.62,2.06
2016.04.27 17:40:10.572,0.75958,0.7597,2.62,1.19
2016.04.27 17:40:11.643,0.75958,0.7597,2.62,1.19
2016.04.27 17:40:12.148,0.75959,0.7597,2.25,1.19
2016.04.27 17:40:12.902,0.7596,0.7597,2.62,1.19
2016.04.27 17:40:13.209,0.75963,0.7597,1.00,1.19
2016.04.27 17:40:13.260,0.75963,0.75973,1.00,1.12
2016.04.27 17:40:13.311,0.75964,0.75973,1.87,1.00
2016.04.27 17:40:13.413,0.75966,0.75977,1.00,1.37
2016.04.27 17:40:13.616,0.75966,0.75979,3.37,1.00
2016.04.27 17:40:15.593,0.75967,0.75978,1.87,1.00
2016.04.27 17:40:18.991,0.75966,0.75978,1.50,1.62
2016.04.27 17:40:19.093,0.75966,0.75977,1.12,1.00
2016.04.27 17:40:19.743,0.75966,0.75979,2.62,1.69
2016.04.27 17:40:19.895,0.75967,0.75979,2.25,1.69
2016.04.27 17:40:20.402,0.75967,0.75979,2.25,1.00
2016.04.27 17:40:21.899,0.75968,0.7598,2.44,1.69
2016.04.27 17:40:22.912,0.75968,0.75981,2.44,3.56
2016.04.27 17:40:23.370,0.75969,0.75981,1.37,1.31
2016.04.27 17:40:23.422,0.75975,0.75982,1.00,1.19
2016.04.27 17:40:23.686,0.75979,0.7599,1.62,1.69
2016.04.27 17:40:24.192,0.75979,0.7599,3.19,1.25
2016.04.27 17:40:24.748,0.75979,0.7599,2.06,1.69
2016.04.27 17:40:25.254,0.75979,0.75984,1.00,1.00
2016.04.27 17:40:25.305,0.75978,0.75987,2.25,1.31
2016.04.27 17:40:25.356,0.75976,0.75986,1.57,1.69
2016.04.27 17:40:25.408,0.75974,0.75983,1.57,1.00
2016.04.27 17:40:25.509,0.75971,0.75983,2.62,1.31
2016.04.27 17:40:25.560,0.7597,0.75982,2.44,1.00
2016.04.27 17:40:27.630,0.75971,0.75983,1.87,1.69
2016.04.27 17:40:27.885,0.75973,0.75984,1.19,1.50
2016.04.27 17:40:28.139,0.75973,0.75986,1.31,4.50
2016.04.27 17:40:30.674,0.75973,0.75984,1.19,1.00
2016.04.27 17:40:30.776,0.75972,0.75983,1.31,1.00
2016.04.27 17:40:35.487,0.75972,0.75983,1.87,1.87
2016.04.27 17:40:35.993,0.75969,0.75981,3.94,1.50
2016.04.27 17:40:36.297,0.75972,0.75981,1.19,1.50
2016.04.27 17:40:38.151,0.75972,0.75981,1.19,1.37
2016.04.27 17:40:39.655,0.75972,0.75981,1.00,1.50
2016.04.27 17:40:39.758,0.75969,0.75981,2.44,1.50
2016.04.27 17:40:40.233,0.75969,0.75982,4.31,2.25
2016.04.27 17:40:40.776,0.7597,0.75982,2.06,1.87
2016.04.27 17:40:41.282,0.7597,0.75982,1.25,2.62
2016.04.27 17:40:41.485,0.75969,0.75981,1.69,1.87
2016.04.27 17:40:43.489,0.75968,0.7598,1.20,1.50
2016.04.27 17:40:43.692,0.75967,0.7598,2.81,2.25
2016.04.27 17:40:44.193,0.75968,0.7598,1.12,1.37
2016.04.27 17:40:44.459,0.75967,0.75981,3.94,5.06
2016.04.27 17:40:44.712,0.75967,0.7598,2.44,1.69
2016.04.27 17:40:45.217,0.75967,0.75978,2.06,1.50
2016.04.27 17:40:46.033,0.75966,0.75978,4.50,1.00
2016.04.27 17:40:46.084,0.75966,0.75978,4.12,1.00
2016.04.27 17:40:46.596,0.75966,0.75977,1.12,1.12
2016.04.27 17:40:49.227,0.75964,0.75978,4.31,2.25
2016.04.27 17:40:49.328,0.75965,0.75973,1.69,1.00
2016.04.27 17:40:49.528,0.75961,0.7597,1.00,1.87
2016.04.27 17:40:49.579,0.75957,0.75969,1.00,1.12
2016.04.27 17:40:49.630,0.75957,0.75969,1.00,2.25
2016.04.27 17:40:50.137,0.75956,0.75968,3.56,1.50
2016.04.27 17:40:50.441,0.75957,0.75968,1.19,1.00
2016.04.27 17:40:50.793,0.75958,0.7597,1.50,1.87
2016.04.27 17:40:51.351,0.75959,0.75971,1.00,2.81
2016.04.27 17:40:52.086,0.75957,0.75969,1.56,1.00
2016.04.27 17:40:52.598,0.75957,0.75968,1.19,1.00
2016.04.27 17:40:53.714,0.75957,0.75968,1.00,1.00
2016.04.27 17:40:55.046,0.75957,0.75969,1.69,1.50
2016.04.27 17:40:57.349,0.75956,0.75969,4.76,2.62
2016.04.27 17:40:58.955,0.75957,0.75969,1.31,2.25
2016.04.27 17:40:59.503,0.75958,0.75969,1.12,1.50
2016.04.27 17:41:00.106,0.75959,0.75969,1.00,1.50
2016.04.27 17:41:00.708,0.75958,0.75969,1.00,1.00
2016.04.27 17:41:01.324,0.75957,0.75969,1.25,1.37
2016.04.27 17:41:01.841,0.75956,0.75969,2.25,2.62
2016.04.27 17:41:02.386,0.75956,0.75969,2.62,2.62
2016.04.27 17:41:02.912,0.75956,0.75968,1.69,2.25
2016.04.27 17:41:05.770,0.75956,0.75968,1.62,2.62
2016.04.27 17:41:06.285,0.75956,0.75967,1.62,1.00
2016.04.27 17:41:08.479,0.75956,0.75968,2.44,1.87
2016.04.27 17:41:10.080,0.75956,0.75967,3.56,1.00
2016.04.27 17:41:11.963,0.75956,0.75965,2.06,1.00
2016.04.27 17:41:14.520,0.75956,0.75965,1.00,1.00
2016.04.27 17:41:15.194,0.75957,0.75965,1.00,1.00
2016.04.27 17:41:15.541,0.75948,0.75958,1.19,1.12
2016.04.27 17:41:16.460,0.75948,0.75957,1.19,1.00
2016.04.27 17:41:18.068,0.75949,0.75959,1.19,1.50
2016.04.27 17:41:20.340,0.75947,0.75957,1.12,1.00
2016.04.27 17:41:21.257,0.75947,0.75958,1.00,1.00
2016.04.27 17:41:24.064,0.75946,0.75957,1.31,1.00
2016.04.27 17:41:24.166,0.75944,0.75954,3.56,1.00
2016.04.27 17:41:24.267,0.75942,0.75953,2.06,1.00
2016.04.27 17:41:24.420,0.75941,0.7595,1.62,1.00
2016.04.27 17:41:24.925,0.7594,0.7595,1.19,1.00
2016.04.27 17:41:25.351,0.75943,0.75952,1.00,1.31
2016.04.27 17:41:25.452,0.75944,0.75955,1.12,2.00
2016.04.27 17:41:25.608,0.75944,0.75955,1.12,1.31
2016.04.27 17:41:26.165,0.75943,0.75955,1.00,1.31
2016.04.27 17:41:26.723,0.75942,0.75953,3.19,1.00
2016.04.27 17:41:27.034,0.7594,0.75951,2.81,1.00
2016.04.27 17:41:27.540,0.75944,0.75953,1.00,1.69
2016.04.27 17:41:27.692,0.75944,0.75955,2.44,1.50
2016.04.27 17:41:27.795,0.75946,0.75955,1.00,1.00
2016.04.27 17:41:28.982,0.75946,0.75957,1.00,1.00
2016.04.27 17:41:29.286,0.75946,0.75954,1.00,1.00
2016.04.27 17:41:29.642,0.75943,0.7595,1.31,1.00
2016.04.27 17:41:29.695,0.75942,0.7595,1.00,1.00
2016.04.27 17:41:30.218,0.75939,0.75949,1.19,1.12
2016.04.27 17:41:32.382,0.75939,0.75948,1.31,1.00
2016.04.27 17:41:32.585,0.75945,0.75953,1.00,1.69
2016.04.27 17:41:32.686,0.75946,0.75955,1.00,1.00
2016.04.27 17:41:32.990,0.75946,0.75958,3.00,1.00
2016.04.27 17:41:34.279,0.75947,0.75958,1.00,1.00
2016.04.27 17:41:34.830,0.75946,0.75958,2.25,1.00
2016.04.27 17:41:36.693,0.75946,0.75956,2.25,1.00
2016.04.27 17:41:39.624,0.75945,0.75956,1.00,1.00
2016.04.27 17:41:40.042,0.75947,0.75956,1.00,1.00
2016.04.27 17:41:46.401,0.75949,0.75959,1.00,2.06
2016.04.27 17:41:46.604,0.75949,0.75958,1.00,1.37
2016.04.27 17:41:46.908,0.75951,0.7596,1.00,3.37
2016.04.27 17:41:47.011,0.75951,0.7596,1.00,1.37
2016.04.27 17:41:48.372,0.7595,0.7596,1.00,1.56
2016.04.27 17:41:50.194,0.75951,0.7596,1.00,1.56
2016.04.27 17:41:50.700,0.75949,0.75959,3.00,2.25
2016.04.27 17:41:50.848,0.75947,0.75959,3.75,3.75
2016.04.27 17:41:51.484,0.75944,0.75956,3.56,1.69
2016.04.27 17:41:51.991,0.75944,0.75958,4.12,2.62
2016.04.27 17:41:52.324,0.75946,0.75956,1.00,1.12
2016.04.27 17:41:53.598,0.75943,0.75955,6.19,1.00
2016.04.27 17:41:54.105,0.75942,0.75954,3.19,4.50
2016.04.27 17:41:54.612,0.75942,0.75953,3.00,1.69
2016.04.27 17:41:55.213,0.75942,0.75953,3.00,1.12
2016.04.27 17:41:56.807,0.75942,0.75952,3.00,1.00
2016.04.27 17:41:57.614,0.75942,0.75953,3.00,1.00
2016.04.27 17:41:58.616,0.75942,0.75952,3.00,1.00
2016.04.27 17:41:59.123,0.75942,0.75953,3.00,1.50
2016.04.27 17:42:00.923,0.75943,0.75953,1.69,1.00
2016.04.27 17:42:01.126,0.75945,0.75957,1.00,3.37
2016.04.27 17:42:02.323,0.75946,0.75957,1.00,1.12
2016.04.27 17:42:02.425,0.75946,0.75958,1.50,1.50
2016.04.27 17:42:07.936,0.75947,0.75959,1.00,2.44
2016.04.27 17:42:08.038,0.7595,0.75959,1.00,1.69
2016.04.27 17:42:08.140,0.75951,0.75961,1.00,1.69
2016.04.27 17:42:08.293,0.75952,0.75962,1.00,1.69
2016.04.27 17:42:08.606,0.75951,0.75962,1.50,2.81
2016.04.27 17:42:09.320,0.7595,0.75961,1.00,1.87
2016.04.27 17:42:09.851,0.75949,0.75961,3.56,1.50
2016.04.27 17:42:11.324,0.7595,0.7596,1.00,1.12
2016.04.27 17:42:11.833,0.75949,0.7596,2.81,1.12
2016.04.27 17:42:13.350,0.7595,0.7596,1.00,1.12
2016.04.27 17:42:13.894,0.75949,0.7596,2.06,1.12
2016.04.27 17:42:17.158,0.7595,0.7596,1.37,1.12
2016.04.27 17:42:17.479,0.75954,0.75963,4.69,1.87
2016.04.27 17:42:17.530,0.75956,0.75969,1.69,2.25
2016.04.27 17:42:20.734,0.75958,0.75968,1.00,1.12
2016.04.27 17:42:32.657,0.7596,0.75969,1.00,1.37
2016.04.27 17:42:34.256,0.75959,0.75969,1.00,1.37
2016.04.27 17:42:39.369,0.75958,0.75969,1.00,1.37
2016.04.27 17:42:46.183,0.75956,0.75968,1.87,1.12
2016.04.27 17:42:46.809,0.75956,0.75966,1.12,1.00
2016.04.27 17:42:49.095,0.75954,0.75967,1.69,1.12
2016.04.27 17:42:51.158,0.75955,0.75966,2.06,1.00
2016.04.27 17:42:52.848,0.75954,0.75962,1.50,1.00
2016.04.27 17:42:52.949,0.7595,0.7596,2.44,1.50
2016.04.27 17:42:53.000,0.7595,0.7596,1.19,1.50
2016.04.27 17:42:53.203,0.75952,0.75962,1.00,1.12
2016.04.27 17:42:53.356,0.75953,0.75965,1.00,3.19
2016.04.27 17:42:53.868,0.75953,0.75965,1.12,1.87
2016.04.27 17:42:54.374,0.75953,0.75965,1.25,2.44
2016.04.27 17:42:56.156,0.75951,0.75965,3.37,1.87
2016.04.27 17:42:56.518,0.75952,0.75965,3.56,1.12
2016.04.27 17:42:57.775,0.75953,0.75966,2.44,1.50
2016.04.27 17:42:58.282,0.75953,0.75966,1.31,1.87
2016.04.27 17:42:59.129,0.75954,0.75966,1.00,1.12
2016.04.27 17:42:59.963,0.75953,0.75966,2.44,1.12
2016.04.27 17:43:00.511,0.75954,0.75966,1.00,1.12
2016.04.27 17:43:01.031,0.75953,0.75967,3.19,3.37
2016.04.27 17:43:02.565,0.75953,0.75965,1.69,1.00
2016.04.27 17:43:02.921,0.75954,0.75967,3.00,1.50
2016.04.27 17:43:02.972,0.75955,0.75967,1.19,2.06
2016.04.27 17:43:03.524,0.75955,0.75967,2.06,1.25
2016.04.27 17:43:05.179,0.75957,0.75967,1.19,1.00
2016.04.27 17:43:05.688,0.75957,0.75967,1.00,1.00
2016.04.27 17:43:07.255,0.75955,0.75966,1.87,1.50
2016.04.27 17:43:07.408,0.75953,0.75964,3.19,1.00
2016.04.27 17:43:07.915,0.75953,0.75966,2.06,2.81
2016.04.27 17:43:08.219,0.75954,0.75967,3.19,1.00
2016.04.27 17:43:08.937,0.75955,0.75967,1.12,1.00
2016.04.27 17:43:18.287,0.75954,0.75966,3.75,1.00
2016.04.27 17:43:18.591,0.75951,0.75963,1.19,2.62
2016.04.27 17:43:19.107,0.75953,0.75965,1.12,1.69
2016.04.27 17:43:21.966,0.75953,0.75965,1.12,1.25
2016.04.27 17:43:23.394,0.75953,0.75964,1.31,1.00
2016.04.27 17:43:25.409,0.75952,0.75965,2.44,1.00
2016.04.27 17:43:25.720,0.7595,0.75962,2.44,1.12
2016.04.27 17:43:25.771,0.7595,0.75961,1.31,1.31
2016.04.27 17:43:32.672,0.7595,0.7596,1.31,1.00
2016.04.27 17:43:37.487,0.75949,0.7596,4.31,1.00
2016.04.27 17:43:38.066,0.7595,0.7596,1.25,1.00
2016.04.27 17:43:40.587,0.75949,0.75961,3.94,1.31
2016.04.27 17:43:43.506,0.75949,0.75961,1.19,2.44
2016.04.27 17:43:44.147,0.75949,0.75961,1.25,2.25
2016.04.27 17:43:45.455,0.75949,0.75959,1.25,1.00
2016.04.27 17:43:46.540,0.75948,0.75959,1.50,1.12
2016.04.27 17:43:46.844,0.75946,0.75958,1.69,1.50
2016.04.27 17:43:48.612,0.75946,0.75957,1.69,1.00
2016.04.27 17:43:51.119,0.75946,0.75958,1.25,1.87
2016.04.27 17:44:03.917,0.75947,0.75958,1.00,1.87
2016.04.27 17:44:04.430,0.75948,0.75959,1.87,1.69
2016.04.27 17:44:05.217,0.75948,0.75959,1.00,1.19
2016.04.27 17:44:05.736,0.75947,0.75959,1.25,1.69
2016.04.27 17:44:06.292,0.75947,0.75959,1.00,2.25
2016.04.27 17:44:07.406,0.75949,0.75959,1.00,1.50
2016.04.27 17:44:07.665,0.7595,0.75962,2.62,2.44
2016.04.27 17:44:08.272,0.7595,0.75961,1.00,1.37
2016.04.27 17:44:08.778,0.75947,0.75959,2.44,1.12
2016.04.27 17:44:09.238,0.75947,0.75958,1.00,1.50
2016.04.27 17:44:09.744,0.75947,0.75958,1.00,1.87
2016.04.27 17:44:11.547,0.75947,0.7596,4.31,1.69
2016.04.27 17:44:11.598,0.75947,0.75959,4.69,1.25
2016.04.27 17:44:12.134,0.75947,0.75959,2.25,1.50
2016.04.27 17:44:13.290,0.75947,0.75959,1.69,1.69
2016.04.27 17:44:14.798,0.75947,0.75959,3.94,1.19
2016.04.27 17:44:19.685,0.75947,0.75959,3.19,1.19
2016.04.27 17:44:19.980,0.75947,0.75959,3.19,1.19
2016.04.27 17:44:20.747,0.75947,0.75959,3.94,1.19
2016.04.27 17:44:21.253,0.75947,0.75959,3.19,1.19
2016.04.27 17:44:21.903,0.75947,0.75959,3.19,1.19
2016.04.27 17:44:22.451,0.75947,0.75959,2.81,1.19
2016.04.27 17:44:23.145,0.75948,0.75959,1.00,1.69
2016.04.27 17:44:25.137,0.75947,0.75959,1.69,1.19
2016.04.27 17:44:25.812,0.75947,0.75958,1.50,1.56
2016.04.27 17:44:25.965,0.75944,0.75956,3.19,1.00
2016.04.27 17:44:26.420,0.75945,0.75958,1.31,1.69
2016.04.27 17:44:27.347,0.75946,0.75958,1.00,2.06
2016.04.27 17:44:28.539,0.75947,0.75959,1.00,5.44
2016.04.27 17:44:29.086,0.75948,0.75959,1.25,1.69
2016.04.27 17:44:30.158,0.75949,0.75961,1.00,3.94
2016.04.27 17:44:30.210,0.75949,0.75961,1.12,2.81
2016.04.27 17:44:30.365,0.75951,0.75962,1.00,2.81
2016.04.27 17:44:31.758,0.75952,0.75962,1.00,2.06
2016.04.27 17:44:34.487,0.7595,0.75961,1.50,1.69
2016.04.27 17:44:34.785,0.7595,0.75961,1.00,3.56
2016.04.27 17:44:35.598,0.75949,0.7596,1.00,2.81
2016.04.27 17:44:35.751,0.75947,0.75959,1.31,1.50
2016.04.27 17:44:37.399,0.75948,0.75958,1.00,1.12
2016.04.27 17:44:39.614,0.75948,0.75959,1.50,1.50
2016.04.27 17:44:40.132,0.75948,0.7596,1.50,1.31
2016.04.27 17:44:42.509,0.75949,0.7596,1.00,2.06
2016.04.27 17:44:43.015,0.75948,0.7596,1.12,1.31
2016.04.27 17:44:43.765,0.75949,0.7596,1.00,1.31
2016.04.27 17:44:45.766,0.75948,0.7596,1.00,2.06
2016.04.27 17:44:47.102,0.75947,0.75959,2.81,1.00
2016.04.27 17:44:47.608,0.75947,0.75959,2.44,1.00
2016.04.27 17:44:48.135,0.75947,0.75959,2.81,1.00
2016.04.27 17:44:48.693,0.75947,0.75959,1.31,1.37
2016.04.27 17:44:48.845,0.75947,0.75954,1.69,1.00
2016.04.27 17:44:49.003,0.75944,0.75952,1.12,1.12
2016.04.27 17:44:49.055,0.75939,0.75951,2.62,1.50
2016.04.27 17:44:49.157,0.75938,0.7595,1.31,1.37
2016.04.27 17:44:49.464,0.75938,0.75951,1.69,3.56
2016.04.27 17:44:50.060,0.7594,0.75951,1.69,2.44
2016.04.27 17:44:51.170,0.75941,0.75952,1.00,3.19
2016.04.27 17:44:54.275,0.7594,0.75951,1.25,1.69
2016.04.27 17:44:55.237,0.7594,0.75951,1.25,3.19
2016.04.27 17:44:55.841,0.7594,0.7595,1.25,1.12
2016.04.27 17:44:56.347,0.7594,0.75951,1.69,1.69
2016.04.27 17:44:57.952,0.75941,0.75953,2.44,1.50
2016.04.27 17:44:58.257,0.75944,0.75955,1.00,2.06
2016.04.27 17:44:58.561,0.75946,0.75959,2.44,2.25
2016.04.27 17:45:00.677,0.75945,0.75958,2.44,3.37
2016.04.27 17:45:00.778,0.75945,0.75957,1.87,1.37
2016.04.27 17:45:01.316,0.75945,0.75957,2.62,1.50
2016.04.27 17:45:01.773,0.75946,0.75958,2.06,1.50
2016.04.27 17:45:04.524,0.75948,0.75959,1.00,1.69
2016.04.27 17:45:04.782,0.75948,0.75959,1.69,1.00
2016.04.27 17:45:05.594,0.75948,0.7596,1.69,3.00
2016.04.27 17:45:06.143,0.75948,0.7596,1.19,3.00
2016.04.27 17:45:06.756,0.75948,0.75959,1.19,1.00
2016.04.27 17:45:07.301,0.7595,0.75959,1.31,1.00
2016.04.27 17:45:07.810,0.7595,0.7596,1.31,1.00
2016.04.27 17:45:08.664,0.7595,0.75961,1.31,1.12
2016.04.27 17:45:11.058,0.75951,0.75961,1.19,3.75
2016.04.27 17:45:12.024,0.75948,0.75961,1.56,3.75
2016.04.27 17:45:12.889,0.75948,0.75961,1.19,3.75
2016.04.27 17:45:13.424,0.75948,0.7596,1.19,1.37
2016.04.27 17:45:14.693,0.75947,0.7596,2.62,1.50
2016.04.27 17:45:17.110,0.7595,0.7596,1.00,1.00
2016.04.27 17:45:19.441,0.75953,0.75962,1.50,1.69
2016.04.27 17:45:19.646,0.75956,0.75965,1.00,1.12
2016.04.27 17:45:19.952,0.75956,0.75967,1.12,1.12
2016.04.27 17:45:21.863,0.75955,0.75967,2.81,1.00
2016.04.27 17:45:22.824,0.75957,0.75968,1.12,1.50
2016.04.27 17:45:28.959,0.75956,0.75968,1.50,2.62
2016.04.27 17:45:29.078,0.75955,0.75968,1.75,2.81
2016.04.27 17:45:29.232,0.75953,0.75964,3.19,1.00
2016.04.27 17:45:29.486,0.75952,0.75963,1.25,1.00
2016.04.27 17:45:29.688,0.7595,0.75963,2.81,2.62
2016.04.27 17:45:30.203,0.75953,0.75963,1.00,1.87
2016.04.27 17:45:31.607,0.75951,0.75963,2.06,1.50
2016.04.27 17:45:32.156,0.75953,0.75963,1.00,1.50
2016.04.27 17:45:32.890,0.75951,0.75963,2.06,1.87
2016.04.27 17:45:35.360,0.75953,0.75963,1.00,1.50
2016.04.27 17:45:35.563,0.75954,0.75965,1.12,1.69
2016.04.27 17:45:35.867,0.75952,0.75964,1.69,1.00
2016.04.27 17:45:36.833,0.75952,0.75963,1.25,1.00
2016.04.27 17:45:36.884,0.75951,0.75963,1.00,2.25
2016.04.27 17:45:37.298,0.75952,0.75963,1.19,3.00
2016.04.27 17:45:37.805,0.75952,0.75962,1.19,1.50
2016.04.27 17:45:38.555,0.75955,0.75962,1.19,1.12
2016.04.27 17:45:38.658,0.75955,0.75966,1.19,1.87
2016.04.27 17:45:40.176,0.75956,0.75968,1.25,3.37
2016.04.27 17:45:40.748,0.75957,0.75968,1.00,3.00
2016.04.27 17:45:41.704,0.75956,0.75968,1.25,3.00
2016.04.27 17:45:44.905,0.75956,0.75968,1.25,3.00
2016.04.27 17:45:45.209,0.75956,0.75965,1.69,1.00
2016.04.27 17:45:45.757,0.75956,0.75964,1.19,1.00
2016.04.27 17:45:48.117,0.75956,0.75966,1.19,1.50
2016.04.27 17:45:48.657,0.75956,0.75967,1.69,1.00
2016.04.27 17:45:50.562,0.75956,0.75967,1.50,1.25
2016.04.27 17:45:51.713,0.75956,0.75966,1.00,1.00
2016.04.27 17:45:51.816,0.75953,0.75963,1.00,1.00
2016.04.27 17:45:51.918,0.7595,0.75961,1.69,1.31
2016.04.27 17:45:52.021,0.75949,0.7596,1.19,1.50
2016.04.27 17:45:52.629,0.75952,0.7596,1.00,1.37
2016.04.27 17:45:52.883,0.75954,0.75964,1.00,1.87
2016.04.27 17:45:53.390,0.75953,0.75963,1.50,1.00
2016.04.27 17:45:53.855,0.7595,0.75962,3.75,1.00
2016.04.27 17:45:53.906,0.7595,0.75959,2.62,1.00
2016.04.27 17:45:54.413,0.7595,0.75961,1.25,1.31
2016.04.27 17:45:56.496,0.75948,0.75958,4.31,1.00
2016.04.27 17:45:56.575,0.75948,0.75958,1.12,1.00
2016.04.27 17:45:57.083,0.75947,0.75958,1.00,1.12
2016.04.27 17:45:57.651,0.75947,0.75958,1.00,1.50
2016.04.27 17:45:58.257,0.75945,0.75958,1.87,2.62
2016.04.27 17:45:58.308,0.75945,0.75957,1.12,1.12
2016.04.27 17:45:58.814,0.75945,0.75957,1.00,1.87
2016.04.27 17:45:58.865,0.75947,0.75957,1.00,1.87
2016.04.27 17:45:59.479,0.75945,0.75956,1.00,1.69
2016.04.27 17:46:00.038,0.75944,0.75954,1.00,1.00
2016.04.27 17:46:00.345,0.75939,0.7595,1.19,1.00
2016.04.27 17:46:00.857,0.75939,0.75951,1.00,4.69
2016.04.27 17:46:01.366,0.75938,0.75949,1.69,1.00
2016.04.27 17:46:03.497,0.7594,0.75949,1.00,1.00
2016.04.27 17:46:04.058,0.75939,0.75949,1.00,1.00
2016.04.27 17:46:04.914,0.75937,0.7595,1.37,1.69
2016.04.27 17:46:06.105,0.75938,0.7595,1.00,4.31
2016.04.27 17:46:06.409,0.75938,0.75948,1.00,1.50
2016.04.27 17:46:06.561,0.75938,0.75948,1.00,1.00
2016.04.27 17:46:06.714,0.75937,0.75949,1.00,2.44
2016.04.27 17:46:06.815,0.75938,0.75947,1.00,1.00
2016.04.27 17:46:06.919,0.75938,0.75949,1.00,1.25
2016.04.27 17:46:07.426,0.75938,0.75948,1.00,1.25
2016.04.27 17:46:07.932,0.75939,0.75948,1.00,1.25
2016.04.27 17:46:08.584,0.75938,0.75948,1.12,1.25
2016.04.27 17:46:08.636,0.75939,0.75948,1.00,2.44
2016.04.27 17:46:08.738,0.75938,0.75948,1.00,2.44
2016.04.27 17:46:09.144,0.75937,0.75946,1.00,1.25
2016.04.27 17:46:09.541,0.75937,0.75948,1.37,1.31
2016.04.27 17:46:10.048,0.75938,0.75948,1.00,3.94
2016.04.27 17:46:10.555,0.75937,0.75947,1.00,1.25
2016.04.27 17:46:11.077,0.75938,0.75947,1.12,1.25
2016.04.27 17:46:13.143,0.75942,0.75947,1.00,1.25
2016.04.27 17:46:13.296,0.75943,0.75951,1.12,2.44
2016.04.27 17:46:13.702,0.75941,0.75951,1.50,1.25
2016.04.27 17:46:13.753,0.75941,0.75949,1.12,1.19
2016.04.27 17:46:13.978,0.75939,0.75949,1.12,1.19
2016.04.27 17:46:15.042,0.75938,0.75949,1.50,1.19
2016.04.27 17:46:15.582,0.75937,0.75949,1.37,2.06
2016.04.27 17:46:17.384,0.75938,0.75949,2.25,1.19
2016.04.27 17:46:18.041,0.75939,0.75951,1.37,1.69
2016.04.27 17:46:18.143,0.7594,0.75951,1.31,1.50
2016.04.27 17:46:18.648,0.75943,0.75951,1.25,1.12
2016.04.27 17:46:21.269,0.75941,0.75952,2.06,1.00
2016.04.27 17:46:21.573,0.75948,0.75956,1.25,1.87
2016.04.27 17:46:21.948,0.75948,0.75957,1.25,1.50
2016.04.27 17:46:24.428,0.75949,0.75958,1.19,2.25
2016.04.27 17:46:26.138,0.75949,0.75958,1.19,2.25
2016.04.27 17:46:26.745,0.75947,0.75958,1.25,2.62
2016.04.27 17:46:27.678,0.75947,0.75957,1.25,1.37
2016.04.27 17:46:28.859,0.75946,0.75957,2.81,1.00
2016.04.27 17:46:29.909,0.75946,0.75957,2.06,1.87
2016.04.27 17:46:30.213,0.75946,0.75953,1.25,2.25
2016.04.27 17:46:30.535,0.75946,0.75953,1.25,3.75
2016.04.27 17:46:30.688,0.75946,0.75953,1.25,1.12
2016.04.27 17:46:31.233,0.75946,0.75953,1.25,1.87
2016.04.27 17:46:33.896,0.75946,0.75953,1.25,2.25
2016.04.27 17:46:34.099,0.75942,0.75953,1.69,3.75
2016.04.27 17:46:34.646,0.75942,0.75952,1.69,1.00
2016.04.27 17:46:35.205,0.75942,0.75953,1.69,3.75
2016.04.27 17:46:35.918,0.75942,0.75952,1.69,2.25
2016.04.27 17:46:36.021,0.75942,0.75952,1.69,4.50
2016.04.27 17:46:36.426,0.75942,0.75951,1.19,1.00
2016.04.27 17:46:38.103,0.75942,0.75952,1.19,1.50
2016.04.27 17:46:38.606,0.75942,0.75952,1.19,1.37
2016.04.27 17:46:40.216,0.75942,0.75952,1.19,1.87
2016.04.27 17:46:41.894,0.75942,0.75952,1.69,2.25
2016.04.27 17:46:46.429,0.75945,0.75952,1.25,1.37
2016.04.27 17:46:46.531,0.75945,0.75955,1.69,1.50
2016.04.27 17:46:46.683,0.75945,0.75956,2.81,1.12
2016.04.27 17:46:47.226,0.75946,0.75957,1.00,1.87
2016.04.27 17:46:48.779,0.75945,0.75956,1.12,1.12
2016.04.27 17:46:49.281,0.75944,0.75956,1.69,1.50
2016.04.27 17:46:49.784,0.75944,0.75956,1.69,1.87
2016.04.27 17:46:52.114,0.75944,0.75957,2.44,3.75
2016.04.27 17:46:52.216,0.75946,0.75957,1.50,1.87
2016.04.27 17:46:52.537,0.75948,0.75958,1.25,2.25
2016.04.27 17:46:53.075,0.75948,0.75958,1.25,2.62
2016.04.27 17:46:54.878,0.75948,0.75956,1.25,1.87
2016.04.27 17:46:55.081,0.75948,0.75956,1.25,1.12
2016.04.27 17:46:55.595,0.75948,0.75956,1.25,1.50
2016.04.27 17:46:55.950,0.75948,0.75958,1.25,2.25
2016.04.27 17:47:03.146,0.75948,0.75958,1.69,1.87
2016.04.27 17:47:05.173,0.75948,0.75959,1.69,1.87
2016.04.27 17:47:11.992,0.75948,0.75959,1.69,3.37
2016.04.27 17:47:16.802,0.75948,0.75958,1.25,1.37
2016.04.27 17:47:17.904,0.75948,0.75958,1.25,1.87
2016.04.27 17:47:18.006,0.75948,0.75958,1.25,2.62
2016.04.27 17:47:18.511,0.75948,0.75958,1.25,3.00
2016.04.27 17:47:19.213,0.75947,0.75958,1.69,3.00
2016.04.27 17:47:19.517,0.75944,0.75955,2.44,1.00
2016.04.27 17:47:20.024,0.75944,0.75955,1.19,1.50
2016.04.27 17:47:23.070,0.75944,0.75955,1.31,1.37
2016.04.27 17:47:23.621,0.75944,0.75955,1.31,1.75
2016.04.27 17:47:24.076,0.75947,0.75956,1.19,1.00
2016.04.27 17:47:25.227,0.75947,0.75958,1.31,1.50
2016.04.27 17:47:30.347,0.75947,0.75958,1.31,1.87
2016.04.27 17:47:31.142,0.75947,0.75957,1.31,1.00
2016.04.27 17:47:31.655,0.75947,0.75958,1.31,2.25
2016.04.27 17:47:32.178,0.75947,0.75958,1.31,1.50
2016.04.27 17:47:36.130,0.7595,0.75959,1.25,3.37
2016.04.27 17:47:36.994,0.7595,0.75958,1.25,1.12
2016.04.27 17:47:39.314,0.7595,0.75959,1.25,2.25
2016.04.27 17:47:39.626,0.75953,0.7596,1.31,1.37
2016.04.27 17:47:39.829,0.75955,0.75964,1.25,1.00
2016.04.27 17:47:40.612,0.75955,0.75963,1.25,1.00
2016.04.27 17:47:41.651,0.75951,0.75963,2.44,1.87
2016.04.27 17:47:41.887,0.75955,0.75963,1.25,1.12
2016.04.27 17:47:42.090,0.75951,0.75963,2.44,1.12
2016.04.27 17:47:42.715,0.75953,0.75963,1.00,1.00
2016.04.27 17:47:42.766,0.75953,0.75965,1.50,3.00
2016.04.27 17:47:42.969,0.75956,0.75965,1.25,1.00
2016.04.27 17:47:45.233,0.75956,0.75966,1.25,2.25
2016.04.27 17:47:45.832,0.75954,0.75965,1.31,1.87
2016.04.27 17:47:46.439,0.75954,0.75965,1.31,1.50
2016.04.27 17:47:47.587,0.75955,0.75965,1.00,1.12
2016.04.27 17:47:49.463,0.75956,0.75966,1.25,1.50
2016.04.27 17:47:49.972,0.75956,0.75966,1.25,1.50
2016.04.27 17:47:50.496,0.75957,0.75967,1.12,1.12
2016.04.27 17:47:51.155,0.75957,0.75968,1.50,1.12
2016.04.27 17:47:51.257,0.75959,0.75968,1.19,1.00
2016.04.27 17:47:51.773,0.75959,0.75968,1.19,1.37
2016.04.27 17:47:55.066,0.75959,0.75969,1.25,2.25
2016.04.27 17:47:58.170,0.75959,0.75969,1.25,2.62
2016.04.27 17:47:58.716,0.75959,0.75969,1.25,1.00
2016.04.27 17:47:59.273,0.75959,0.75969,1.19,1.00
2016.04.27 17:48:00.210,0.75959,0.75968,1.19,1.00
2016.04.27 17:48:02.017,0.75959,0.75968,1.25,1.00
2016.04.27 17:48:05.437,0.75959,0.75968,1.25,1.87
2016.04.27 17:48:05.985,0.75958,0.75967,1.25,1.00
2016.04.27 17:48:06.491,0.75958,0.75966,1.25,1.00
2016.04.27 17:48:08.393,0.75958,0.75968,1.50,2.25
2016.04.27 17:48:09.639,0.75958,0.75968,1.50,1.87
2016.04.27 17:48:10.049,0.75958,0.75968,1.50,1.87
2016.04.27 17:48:10.354,0.75958,0.75968,2.44,2.25
2016.04.27 17:48:10.864,0.75958,0.75969,2.44,2.25
2016.04.27 17:48:11.604,0.75958,0.75968,2.44,1.00
2016.04.27 17:48:12.267,0.75958,0.75968,1.69,1.00
2016.04.27 17:48:13.658,0.75957,0.75969,1.69,2.62
2016.04.27 17:48:14.670,0.75957,0.75968,2.44,1.12
2016.04.27 17:48:15.217,0.75957,0.75968,1.69,1.12
2016.04.27 17:48:16.422,0.7596,0.75968,1.00,1.12
2016.04.27 17:48:16.929,0.7596,0.75968,1.00,1.37
2016.04.27 17:48:20.684,0.7596,0.75969,1.00,2.25
2016.04.27 17:48:21.197,0.7596,0.75969,1.00,1.12
2016.04.27 17:48:21.557,0.75966,0.75971,1.00,1.00
2016.04.27 17:48:21.661,0.75968,0.75979,1.69,1.50
2016.04.27 17:48:21.712,0.75969,0.75979,1.00,1.00
2016.04.27 17:48:22.237,0.75968,0.7598,2.06,2.62
2016.04.27 17:48:22.779,0.75968,0.75979,2.06,1.00
2016.04.27 17:48:25.995,0.75968,0.7598,1.31,1.75
2016.04.27 17:48:26.704,0.75968,0.75979,1.31,1.12
2016.04.27 17:48:27.207,0.75968,0.75977,1.69,1.00
2016.04.27 17:48:27.752,0.75968,0.7598,1.00,1.87
2016.04.27 17:48:28.405,0.75968,0.7598,1.00,1.87
2016.04.27 17:48:31.115,0.75968,0.75979,1.00,1.12
2016.04.27 17:48:32.320,0.75968,0.7598,1.00,2.25
2016.04.27 17:48:34.804,0.75968,0.7598,1.25,1.50
2016.04.27 17:48:36.104,0.75968,0.7598,1.25,1.50
2016.04.27 17:48:36.654,0.75968,0.75978,1.19,1.00
2016.04.27 17:48:37.010,0.75968,0.75979,1.25,2.62
2016.04.27 17:48:39.930,0.75968,0.75979,1.25,1.00
2016.04.27 17:48:39.981,0.75969,0.7598,1.19,1.87
2016.04.27 17:48:40.600,0.75971,0.75982,1.00,1.37
2016.04.27 17:48:41.102,0.7597,0.75978,1.19,1.00
2016.04.27 17:48:41.610,0.7597,0.75977,1.19,1.00
2016.04.27 17:48:42.353,0.7597,0.7598,1.19,1.50
2016.04.27 17:48:46.717,0.75971,0.75981,1.25,1.12
2016.04.27 17:48:47.224,0.75972,0.75981,1.00,1.00
2016.04.27 17:48:50.731,0.75972,0.7598,1.50,1.00
2016.04.27 17:48:51.530,0.75972,0.75983,1.50,1.87
2016.04.27 17:48:52.483,0.75972,0.75981,1.50,1.37
2016.04.27 17:48:53.090,0.75972,0.75981,1.00,1.00
2016.04.27 17:48:54.195,0.75971,0.75982,1.69,1.75
2016.04.27 17:48:54.739,0.75971,0.75982,1.69,1.37
2016.04.27 17:48:55.340,0.75972,0.75984,1.00,2.25
2016.04.27 17:48:56.150,0.75971,0.75982,1.00,1.00
2016.04.27 17:48:58.250,0.75971,0.75983,1.69,1.12
2016.04.27 17:49:00.523,0.7597,0.75983,2.62,1.87
2016.04.27 17:49:00.979,0.75971,0.75982,2.44,1.37
2016.04.27 17:49:01.131,0.75972,0.75983,1.25,1.50
2016.04.27 17:49:01.663,0.75971,0.75984,2.81,2.62
2016.04.27 17:49:02.169,0.75972,0.75984,1.00,3.00
2016.04.27 17:49:02.706,0.75973,0.75984,1.00,2.25
2016.04.27 17:49:02.757,0.75971,0.75984,1.69,1.50
2016.04.27 17:49:04.731,0.75971,0.75983,1.69,1.87
2016.04.27 17:49:04.833,0.75976,0.75983,1.00,1.12
2016.04.27 17:49:05.087,0.75975,0.75985,1.57,1.00
2016.04.27 17:49:05.617,0.75974,0.75985,1.25,1.12
2016.04.27 17:49:06.812,0.75976,0.75985,1.00,1.12
2016.04.27 17:49:07.015,0.75977,0.75988,1.00,1.50
2016.04.27 17:49:07.168,0.75978,0.7599,1.25,1.00
2016.04.27 17:49:07.473,0.75981,0.75991,1.25,1.50
2016.04.27 17:49:08.478,0.75981,0.75991,1.25,1.87
2016.04.27 17:49:09.785,0.75978,0.75991,2.25,1.50
2016.04.27 17:49:10.328,0.75979,0.7599,1.00,1.00
2016.04.27 17:49:10.853,0.75979,0.75989,1.00,1.00
2016.04.27 17:49:11.379,0.75979,0.7599,1.00,1.12
2016.04.27 17:49:11.838,0.75977,0.75988,1.50,1.00
2016.04.27 17:49:15.494,0.75977,0.75988,1.00,1.37
2016.04.27 17:49:15.950,0.75975,0.75987,1.00,1.87
2016.04.27 17:49:17.101,0.75975,0.75986,1.00,1.37
2016.04.27 17:49:17.304,0.75977,0.75986,1.00,1.50
2016.04.27 17:49:17.669,0.75977,0.7599,1.50,1.87
2016.04.27 17:49:19.611,0.75978,0.7599,1.00,2.81
2016.04.27 17:49:20.698,0.75977,0.7599,1.25,3.56
2016.04.27 17:49:21.619,0.75979,0.7599,1.00,2.81
2016.04.27 17:49:22.134,0.75978,0.75989,1.50,1.19
2016.04.27 17:49:23.374,0.75977,0.75989,1.25,1.19
2016.04.27 17:49:23.729,0.75979,0.75989,1.00,1.19
2016.04.27 17:49:24.236,0.75978,0.75989,1.00,1.00
2016.04.27 17:49:24.752,0.75979,0.75988,1.00,1.00
2016.04.27 17:49:26.037,0.75978,0.75988,1.00,1.00
2016.04.27 17:49:29.644,0.75979,0.75988,1.00,1.00
2016.04.27 17:49:30.157,0.75978,0.75988,1.00,1.00
2016.04.27 17:49:32.302,0.75978,0.75989,1.25,1.31
2016.04.27 17:49:32.899,0.75979,0.75989,1.00,1.12
2016.04.27 17:49:34.407,0.75977,0.75989,1.00,1.12
2016.04.27 17:49:34.914,0.75977,0.75988,1.00,1.00
2016.04.27 17:49:35.293,0.75978,0.75988,1.19,1.00
2016.04.27 17:49:35.700,0.75977,0.75986,1.19,1.00
2016.04.27 17:49:35.751,0.75975,0.75985,2.25,1.00
2016.04.27 17:49:35.802,0.75974,0.75984,1.37,1.37
2016.04.27 17:49:35.967,0.75972,0.75982,1.19,1.37
2016.04.27 17:49:36.170,0.75971,0.75982,1.50,1.37
2016.04.27 17:49:36.729,0.75972,0.75983,1.00,2.62
2016.04.27 17:49:36.780,0.75972,0.75983,1.00,2.62
2016.04.27 17:49:37.301,0.75971,0.75983,1.00,1.87
2016.04.27 17:49:37.916,0.75971,0.75982,1.00,1.00
2016.04.27 17:49:39.071,0.75971,0.75981,1.00,1.00
2016.04.27 17:49:39.638,0.7597,0.75981,2.44,1.00
2016.04.27 17:49:39.891,0.75976,0.75981,1.00,1.00
2016.04.27 17:49:39.993,0.75976,0.75986,1.00,1.00
2016.04.27 17:49:40.044,0.75978,0.75987,1.00,1.69
2016.04.27 17:49:40.348,0.75978,0.75989,1.50,1.50
2016.04.27 17:49:42.879,0.75978,0.75988,1.50,1.00
2016.04.27 17:49:47.038,0.75979,0.75989,1.00,2.06
2016.04.27 17:49:47.545,0.75978,0.75989,1.00,2.44
2016.04.27 17:49:48.392,0.75978,0.75989,1.00,1.69
2016.04.27 17:49:48.941,0.75978,0.7599,1.50,1.50
2016.04.27 17:49:50.096,0.75979,0.75989,1.00,1.12
2016.04.27 17:49:50.592,0.75981,0.7599,1.00,1.00
2016.04.27 17:49:50.897,0.75985,0.7599,1.00,1.00
2016.04.27 17:49:50.948,0.75986,0.75992,1.50,1.00
2016.04.27 17:49:51.099,0.75989,0.75998,1.00,1.69
2016.04.27 17:49:51.251,0.75988,0.75995,1.00,1.00
2016.04.27 17:49:51.759,0.75987,0.75995,1.00,1.00
2016.04.27 17:49:51.911,0.75985,0.75995,1.00,1.00
2016.04.27 17:49:52.247,0.75987,0.75995,1.00,1.00
2016.04.27 17:49:52.450,0.75987,0.75997,1.50,1.00
2016.04.27 17:49:52.552,0.75989,0.75997,1.00,1.00
2016.04.27 17:49:53.072,0.75988,0.75997,1.00,1.00
2016.04.27 17:49:53.174,0.75988,0.75999,2.25,1.12
2016.04.27 17:49:53.705,0.75989,0.75999,1.00,1.00
2016.04.27 17:49:58.873,0.75988,0.76001,2.25,3.19
2016.04.27 17:49:59.430,0.75989,0.75999,1.00,1.25
2016.04.27 17:49:59.976,0.75989,0.76001,1.00,1.69
2016.04.27 17:50:00.486,0.75988,0.76001,2.62,2.06
2016.04.27 17:50:03.842,0.75989,0.76,1.00,1.00
2016.04.27 17:50:07.285,0.7599,0.76,1.00,1.00
2016.04.27 17:50:08.900,0.7599,0.76001,1.00,1.69
2016.04.27 17:50:14.018,0.75989,0.76001,1.00,1.25
2016.04.27 17:50:14.548,0.75989,0.76001,1.50,1.25
2016.04.27 17:50:15.577,0.7599,0.76001,1.69,1.50
2016.04.27 17:50:21.997,0.7599,0.76002,1.19,1.50
2016.04.27 17:50:23.504,0.75996,0.76002,1.00,1.12
2016.04.27 17:50:23.556,0.75996,0.76005,1.50,1.50
2016.04.27 17:50:23.762,0.75997,0.7601,1.50,1.12
2016.04.27 17:50:24.269,0.75997,0.76009,1.00,1.00
2016.04.27 17:50:24.675,0.75997,0.76007,1.00,1.00
2016.04.27 17:50:24.828,0.75992,0.76004,3.19,1.00
2016.04.27 17:50:25.203,0.75994,0.76005,1.00,1.12
2016.04.27 17:50:25.913,0.75994,0.76004,1.00,1.00
2016.04.27 17:50:26.420,0.75994,0.76005,1.00,1.00
2016.04.27 17:50:27.202,0.75995,0.76006,1.00,1.50
2016.04.27 17:50:27.354,0.75995,0.76008,1.19,1.12
2016.04.27 17:50:27.863,0.75997,0.76008,1.00,1.87
2016.04.27 17:50:28.219,0.75999,0.76008,1.00,1.12
2016.04.27 17:50:28.270,0.76,0.76011,1.00,2.25
2016.04.27 17:50:28.474,0.76,0.76014,1.31,1.50
2016.04.27 17:50:28.575,0.76001,0.76012,1.25,1.00
2016.04.27 17:50:29.485,0.76001,0.76011,1.00,1.00
2016.04.27 17:50:30.639,0.76007,0.76014,1.00,1.50
2016.04.27 17:50:30.793,0.76007,0.76016,1.00,1.00
2016.04.27 17:50:30.896,0.76008,0.76019,1.50,1.00
2016.04.27 17:50:32.892,0.76006,0.76019,1.87,1.50
2016.04.27 17:50:33.443,0.76007,0.76019,1.00,1.12
2016.04.27 17:50:34.835,0.76006,0.76017,1.87,1.00
2016.04.27 17:50:35.142,0.76001,0.76012,1.19,1.00
2016.04.27 17:50:35.245,0.76,0.76011,1.50,1.00
2016.04.27 17:50:35.767,0.75999,0.76011,1.69,1.00
2016.04.27 17:50:37.000,0.76001,0.76013,1.19,2.25
2016.04.27 17:50:37.306,0.76002,0.76014,1.50,1.12
2016.04.27 17:50:37.559,0.76006,0.76015,1.00,1.50
2016.04.27 17:50:37.864,0.76009,0.76021,1.00,2.25
2016.04.27 17:50:38.377,0.7601,0.76021,1.00,1.87
2016.04.27 17:50:38.428,0.7601,0.76018,1.00,1.00
2016.04.27 17:50:38.479,0.76005,0.76016,4.31,1.00
2016.04.27 17:50:38.582,0.76003,0.76016,2.44,1.12
2016.04.27 17:50:39.096,0.76003,0.76017,1.69,2.62
2016.04.27 17:50:39.450,0.76003,0.76013,1.69,1.00
2016.04.27 17:50:39.602,0.76002,0.76015,1.00,1.50
2016.04.27 17:50:39.969,0.76002,0.76013,1.50,1.00
2016.04.27 17:50:41.184,0.76002,0.76015,1.00,1.87
2016.04.27 17:50:41.235,0.76,0.76012,1.00,1.00
2016.04.27 17:50:41.741,0.75999,0.76012,1.25,1.50
2016.04.27 17:50:43.158,0.76,0.76012,1.00,1.12
2016.04.27 17:50:43.805,0.75998,0.76012,2.06,1.00
2016.04.27 17:50:49.778,0.75999,0.76012,1.19,1.50
2016.04.27 17:50:50.323,0.75998,0.7601,1.00,1.00
2016.04.27 17:50:51.062,0.75997,0.76009,1.00,1.37
2016.04.27 17:50:51.367,0.75994,0.76004,1.19,1.00
2016.04.27 17:50:51.873,0.75994,0.76003,1.19,1.00
2016.04.27 17:50:52.427,0.75991,0.76003,1.31,1.00
2016.04.27 17:50:52.933,0.75991,0.76002,2.06,1.00
2016.04.27 17:50:55.698,0.7599,0.76001,2.06,1.00
2016.04.27 17:50:56.238,0.7599,0.76002,1.19,1.50
2016.04.27 17:50:56.744,0.7599,0.76001,2.06,1.00
2016.04.27 17:50:58.050,0.7599,0.76002,1.69,1.00
2016.04.27 17:50:58.818,0.7599,0.76001,1.69,1.50
2016.04.27 17:50:59.800,0.7599,0.76001,1.00,1.50
2016.04.27 17:51:00.340,0.7599,0.76,1.25,1.00
2016.04.27 17:51:01.352,0.7599,0.76001,1.00,1.00
2016.04.27 17:51:02.889,0.7599,0.76,1.00,1.00
2016.04.27 17:51:03.395,0.7599,0.76001,1.00,1.87
2016.04.27 17:51:03.700,0.7599,0.75999,1.00,1.00
2016.04.27 17:51:03.751,0.75988,0.75999,1.00,1.00
2016.04.27 17:51:05.332,0.75988,0.75998,1.25,1.00
2016.04.27 17:51:05.966,0.75986,0.75997,1.31,1.00
2016.04.27 17:51:06.118,0.75986,0.75996,1.31,1.37
2016.04.27 17:51:06.325,0.7598,0.75989,1.00,1.00
2016.04.27 17:51:06.378,0.75978,0.75989,1.00,1.00
2016.04.27 17:51:06.736,0.75978,0.75987,1.00,1.00
2016.04.27 17:51:06.838,0.75976,0.75988,1.00,1.00
2016.04.27 17:51:07.370,0.75976,0.75989,1.00,2.62
2016.04.27 17:51:08.352,0.75976,0.75988,1.12,1.00
2016.04.27 17:51:08.403,0.75976,0.75986,1.12,1.00
2016.04.27 17:51:08.708,0.75971,0.75981,1.00,1.00
2016.04.27 17:51:09.737,0.7597,0.75981,1.00,1.50
2016.04.27 17:51:10.274,0.75969,0.75981,1.00,1.00
2016.04.27 17:51:14.019,0.75971,0.75984,1.00,2.62
2016.04.27 17:51:14.071,0.75975,0.75984,1.50,1.12
2016.04.27 17:51:14.325,0.75981,0.75992,1.12,1.00
2016.04.27 17:51:14.815,0.75981,0.7599,1.00,1.00
2016.04.27 17:51:14.969,0.75979,0.7599,1.00,1.00
2016.04.27 17:51:15.489,0.75978,0.7599,1.50,1.00
2016.04.27 17:51:16.591,0.75979,0.7599,1.00,1.00
2016.04.27 17:51:17.341,0.75978,0.75991,1.00,1.00
2016.04.27 17:51:18.800,0.75978,0.75991,1.00,1.87
2016.04.27 17:51:19.311,0.75978,0.7599,1.00,1.37
2016.04.27 17:51:19.852,0.75977,0.75989,1.00,1.37
2016.04.27 17:51:20.359,0.75976,0.75989,1.50,1.37
2016.04.27 17:51:21.474,0.75976,0.75988,1.00,1.37
2016.04.27 17:51:21.576,0.75975,0.75988,1.69,1.50
2016.04.27 17:51:22.125,0.75974,0.75985,2.44,1.37
2016.04.27 17:51:23.373,0.75975,0.75986,1.25,1.00
2016.04.27 17:51:23.908,0.75974,0.75985,1.19,1.00
2016.04.27 17:51:26.519,0.75974,0.75984,1.19,1.00
2016.04.27 17:51:27.401,0.75974,0.75986,1.50,1.00
2016.04.27 17:51:27.930,0.75975,0.75988,1.50,1.75
2016.04.27 17:51:29.318,0.75975,0.75988,1.00,1.50
2016.04.27 17:51:31.437,0.75975,0.75989,1.50,1.87
2016.04.27 17:51:32.141,0.75976,0.75989,1.00,1.37
2016.04.27 17:51:33.978,0.75977,0.75989,1.00,1.50
2016.04.27 17:51:34.484,0.75977,0.75989,1.00,1.50
2016.04.27 17:51:35.030,0.75976,0.7599,1.00,2.62
2016.04.27 17:51:38.349,0.75976,0.75989,1.50,1.50
2016.04.27 17:51:38.451,0.75976,0.75987,1.50,1.50
2016.04.27 17:51:40.453,0.75976,0.75988,1.69,1.50
2016.04.27 17:51:41.227,0.75976,0.75989,1.69,1.50
2016.04.27 17:51:43.594,0.75977,0.7599,1.00,3.37
2016.04.27 17:51:44.101,0.75977,0.7599,1.00,2.25
2016.04.27 17:51:44.254,0.75975,0.75986,5.06,1.00
2016.04.27 17:51:44.305,0.75975,0.75988,3.94,1.87
2016.04.27 17:51:44.554,0.75975,0.75987,2.44,1.37
2016.04.27 17:51:45.063,0.75976,0.75987,1.00,1.50
2016.04.27 17:51:45.615,0.75976,0.75986,1.00,1.00
2016.04.27 17:51:47.871,0.75975,0.75988,1.69,2.25
2016.04.27 17:51:48.276,0.75977,0.75988,1.00,1.50
2016.04.27 17:51:50.065,0.75977,0.7599,1.50,2.62
2016.04.27 17:51:50.807,0.75977,0.75989,1.50,1.37
2016.04.27 17:51:54.082,0.75977,0.75988,1.00,1.37
2016.04.27 17:51:54.388,0.75974,0.75981,1.00,1.12
2016.04.27 17:51:54.593,0.75971,0.75983,1.19,1.87
2016.04.27 17:51:55.102,0.75971,0.75983,1.50,1.50
2016.04.27 17:51:55.406,0.75974,0.75983,1.00,1.00
2016.04.27 17:51:55.508,0.75976,0.75987,1.00,2.62
2016.04.27 17:51:55.610,0.75976,0.75988,1.00,1.00
2016.04.27 17:51:55.706,0.75978,0.75988,1.00,1.00
2016.04.27 17:51:56.214,0.75978,0.75989,1.00,1.00
2016.04.27 17:51:56.596,0.75978,0.75991,1.12,1.12
2016.04.27 17:52:00.123,0.75977,0.75991,2.44,1.00
2016.04.27 17:52:00.659,0.75978,0.7599,1.00,2.62
2016.04.27 17:52:03.381,0.75979,0.7599,1.00,1.50
2016.04.27 17:52:03.887,0.75979,0.75991,1.00,1.87
2016.04.27 17:52:04.364,0.75977,0.75991,2.06,1.87
2016.04.27 17:52:05.670,0.75978,0.75991,1.00,1.87
2016.04.27 17:52:06.176,0.75979,0.75992,1.00,2.25
2016.04.27 17:52:06.329,0.75981,0.75992,1.00,1.00
2016.04.27 17:52:06.634,0.75987,0.75999,1.00,1.50
2016.04.27 17:52:07.141,0.75988,0.75999,1.00,1.87
2016.04.27 17:52:08.176,0.75987,0.75999,1.00,1.12
2016.04.27 17:52:08.589,0.75988,0.76001,1.00,1.87
2016.04.27 17:52:08.854,0.75989,0.76002,1.87,1.87
2016.04.27 17:52:09.381,0.75989,0.76,1.12,1.00
2016.04.27 17:52:09.888,0.75989,0.76,1.12,1.50
2016.04.27 17:52:10.401,0.75989,0.76,1.37,1.12
2016.04.27 17:52:11.748,0.75989,0.76,1.12,1.12
2016.04.27 17:52:13.201,0.75988,0.76001,1.37,1.12
2016.04.27 17:52:13.707,0.75989,0.76001,1.12,1.87
2016.04.27 17:52:14.327,0.75989,0.76001,1.37,1.87
2016.04.27 17:52:14.850,0.7599,0.76001,1.31,1.87
2016.04.27 17:52:17.032,0.7599,0.76001,1.19,1.87
2016.04.27 17:52:17.555,0.7599,0.76001,1.19,1.50
2016.04.27 17:52:18.742,0.7599,0.76001,1.19,1.87
2016.04.27 17:52:18.895,0.75989,0.76001,1.12,2.25
2016.04.27 17:52:19.403,0.75988,0.76001,2.06,3.00
2016.04.27 17:52:19.916,0.75988,0.76001,1.37,1.00
2016.04.27 17:52:20.436,0.75988,0.76001,4.12,1.00
2016.04.27 17:52:20.538,0.75988,0.76001,1.12,1.00
2016.04.27 17:52:20.641,0.75989,0.76,1.69,1.12
2016.04.27 17:52:22.464,0.75989,0.76001,1.69,1.50
2016.04.27 17:52:23.671,0.75989,0.76,2.06,1.00
2016.04.27 17:52:24.928,0.75989,0.76001,1.12,1.12
2016.04.27 17:52:26.473,0.75987,0.76001,1.69,1.37
2016.04.27 17:52:26.896,0.75986,0.75999,1.25,2.25
2016.04.27 17:52:27.404,0.75985,0.75998,2.81,1.12
2016.04.27 17:52:27.914,0.75987,0.75999,1.12,1.50
2016.04.27 17:52:30.339,0.75987,0.75999,1.37,1.00
2016.04.27 17:52:31.641,0.75987,0.75999,1.12,1.00
2016.04.27 17:52:32.322,0.75989,0.75999,1.00,1.00
2016.04.27 17:52:32.845,0.75989,0.76,1.00,1.00
2016.04.27 17:52:36.681,0.75988,0.76002,1.25,3.00
2016.04.27 17:52:36.884,0.75989,0.76,1.00,1.00
2016.04.27 17:52:37.391,0.75988,0.76001,1.12,1.12
2016.04.27 17:52:39.639,0.75989,0.76,1.00,1.00
2016.04.27 17:52:40.752,0.75989,0.76001,1.00,1.50
2016.04.27 17:52:41.664,0.75988,0.76,1.00,1.00
2016.04.27 17:52:42.170,0.75988,0.76001,1.12,3.00
2016.04.27 17:52:44.375,0.75988,0.76001,1.00,2.25
2016.04.27 17:52:44.916,0.75988,0.76001,1.00,1.12
2016.04.27 17:52:48.295,0.75988,0.76001,1.00,1.37
2016.04.27 17:52:48.642,0.75988,0.76,1.00,2.25
2016.04.27 17:52:51.306,0.75986,0.76,1.87,2.25
2016.04.27 17:52:51.838,0.75987,0.76,1.00,2.25
2016.04.27 17:52:52.914,0.75986,0.76,1.87,2.25
2016.04.27 17:52:56.298,0.75986,0.76,1.00,1.87
2016.04.27 17:52:56.761,0.75988,0.76,1.00,1.50
2016.04.27 17:52:57.268,0.75988,0.76,1.00,2.62
2016.04.27 17:52:57.319,0.75988,0.76,1.00,2.25
2016.04.27 17:52:58.427,0.75986,0.76,2.44,1.87
2016.04.27 17:52:58.935,0.75986,0.76,1.00,1.50
2016.04.27 17:53:00.426,0.75987,0.76,1.00,1.50
2016.04.27 17:53:00.619,0.75987,0.76,1.00,1.87
2016.04.27 17:53:00.721,0.75986,0.76,1.69,1.50
2016.04.27 17:53:05.088,0.75988,0.76,1.19,1.87
2016.04.27 17:53:05.594,0.75987,0.76,1.19,1.87
2016.04.27 17:53:07.283,0.75987,0.76,1.25,1.87
2016.04.27 17:53:08.041,0.75987,0.76,1.62,1.50
2016.04.27 17:53:08.294,0.75996,0.76009,1.56,1.00
2016.04.27 17:53:08.396,0.75999,0.76013,1.00,1.50
2016.04.27 17:53:08.904,0.75999,0.76013,1.50,2.62
2016.04.27 17:53:09.140,0.76003,0.76013,1.69,1.12
2016.04.27 17:53:09.345,0.76003,0.76015,1.19,1.00
2016.04.27 17:53:09.853,0.76003,0.76016,1.19,1.50
2016.04.27 17:53:09.904,0.76001,0.76016,2.44,1.69
2016.04.27 17:53:10.411,0.76002,0.76015,1.00,1.50
2016.04.27 17:53:11.702,0.76,0.76014,1.50,1.00
2016.04.27 17:53:13.669,0.76,0.76015,1.50,3.37
2016.04.27 17:53:14.353,0.76,0.76015,1.50,2.25
2016.04.27 17:53:14.607,0.76001,0.76016,1.00,3.94
2016.04.27 17:53:15.113,0.76,0.76014,1.00,1.50
2016.04.27 17:53:15.884,0.76,0.76013,1.00,1.00
2016.04.27 17:53:16.895,0.76,0.76014,1.00,1.87
2016.04.27 17:53:19.806,0.76,0.76012,1.00,1.00
2016.04.27 17:53:22.059,0.76,0.76014,1.00,1.87
2016.04.27 17:53:23.856,0.76,0.76012,1.00,1.00
2016.04.27 17:53:25.799,0.76,0.76012,1.00,1.37
2016.04.27 17:53:26.104,0.75998,0.76011,1.87,1.12
2016.04.27 17:53:26.750,0.75998,0.76011,2.81,1.31
2016.04.27 17:53:30.736,0.75999,0.76011,1.25,1.62
2016.04.27 17:53:32.898,0.75999,0.76011,1.25,1.25
2016.04.27 17:53:40.348,0.75999,0.76012,1.25,2.81
2016.04.27 17:53:40.551,0.75997,0.7601,1.12,1.50
2016.04.27 17:53:41.076,0.75996,0.7601,1.69,1.12
2016.04.27 17:53:41.741,0.75996,0.7601,2.25,1.50
2016.04.27 17:53:42.251,0.75996,0.76009,1.50,1.50
2016.04.27 17:53:43.958,0.75996,0.7601,1.50,1.37
2016.04.27 17:53:44.262,0.75998,0.7601,1.00,1.12
2016.04.27 17:53:48.255,0.75998,0.7601,1.00,1.37
2016.04.27 17:53:48.559,0.75996,0.7601,1.00,1.87
2016.04.27 17:53:49.014,0.75994,0.76009,1.87,1.87
2016.04.27 17:53:51.053,0.75994,0.76009,1.87,1.87
2016.04.27 17:53:51.577,0.75995,0.76009,3.75,1.00
2016.04.27 17:53:51.729,0.75997,0.76011,1.00,2.25
2016.04.27 17:53:55.064,0.75996,0.76011,1.12,1.87
2016.04.27 17:53:55.589,0.75996,0.76011,1.50,1.87
2016.04.27 17:53:56.522,0.75997,0.76011,1.00,2.25
2016.04.27 17:53:59.483,0.75997,0.76011,1.87,1.12
2016.04.27 17:53:59.534,0.75997,0.76013,3.56,5.06
2016.04.27 17:54:00.022,0.75997,0.76011,2.62,1.12
2016.04.27 17:54:00.529,0.75997,0.76011,1.12,1.50
2016.04.27 17:54:01.072,0.75997,0.76011,1.00,1.50
2016.04.27 17:54:01.581,0.75997,0.76011,1.00,1.50
2016.04.27 17:54:02.633,0.75997,0.76011,1.00,1.50
2016.04.27 17:54:04.378,0.75997,0.7601,1.00,1.00
2016.04.27 17:54:04.923,0.75998,0.76011,1.00,1.12
2016.04.27 17:54:08.372,0.75997,0.76011,1.00,1.87
2016.04.27 17:54:08.941,0.75997,0.76011,1.00,1.87
2016.04.27 17:54:09.970,0.75997,0.7601,1.25,1.69
2016.04.27 17:54:15.262,0.75997,0.7601,1.00,1.12
2016.04.27 17:54:16.225,0.75996,0.7601,1.00,1.12
2016.04.27 17:54:16.770,0.75996,0.7601,1.25,1.69
2016.04.27 17:54:17.377,0.75998,0.7601,1.19,1.37
2016.04.27 17:54:20.471,0.75998,0.7601,1.19,2.25
2016.04.27 17:54:20.979,0.75997,0.76009,1.19,1.00
2016.04.27 17:54:21.965,0.75996,0.7601,1.00,1.50
2016.04.27 17:54:22.473,0.75995,0.76009,3.19,1.00
2016.04.27 17:54:24.254,0.75995,0.7601,1.69,2.25
2016.04.27 17:54:24.554,0.75995,0.76007,1.69,1.37
2016.04.27 17:54:24.606,0.75992,0.76004,1.50,1.12
2016.04.27 17:54:24.759,0.7599,0.76004,2.06,1.12
2016.04.27 17:54:24.861,0.7599,0.76004,1.31,1.50
2016.04.27 17:54:25.064,0.7599,0.76004,1.31,1.87
2016.04.27 17:54:25.368,0.7599,0.76002,1.31,1.00
2016.04.27 17:54:25.828,0.7599,0.76004,1.69,2.25
2016.04.27 17:54:26.337,0.7599,0.76004,1.69,2.25
2016.04.27 17:54:27.720,0.7599,0.76004,1.69,1.87
2016.04.27 17:54:29.753,0.75989,0.76003,2.44,1.00
2016.04.27 17:54:31.286,0.75989,0.76003,1.19,1.37
2016.04.27 17:54:31.438,0.75987,0.76002,3.64,1.37
2016.04.27 17:54:31.945,0.75987,0.76003,4.01,3.00
2016.04.27 17:54:32.552,0.75987,0.76003,3.64,4.50
2016.04.27 17:54:33.085,0.75987,0.76003,3.26,3.75
2016.04.27 17:54:36.818,0.75987,0.76003,2.51,3.37
2016.04.27 17:54:40.920,0.75988,0.76002,1.25,1.37
2016.04.27 17:54:41.123,0.75991,0.76001,1.19,1.50
2016.04.27 17:54:41.629,0.75991,0.76,1.19,1.00
2016.04.27 17:54:42.134,0.75991,0.76001,1.19,1.50
2016.04.27 17:54:42.640,0.75991,0.76,1.19,1.00
2016.04.27 17:54:43.188,0.75991,0.76,1.19,1.37
2016.04.27 17:54:44.537,0.75991,0.76,1.19,1.12
2016.04.27 17:54:45.349,0.75991,0.75999,1.19,1.00
2016.04.27 17:54:46.064,0.75986,0.75999,1.76,1.50
2016.04.27 17:54:46.115,0.75986,0.75996,1.76,1.00
2016.04.27 17:54:46.320,0.75978,0.75993,2.81,1.87
2016.04.27 17:54:46.422,0.75978,0.75993,2.81,1.50
2016.04.27 17:54:46.944,0.75979,0.75992,1.12,1.12
2016.04.27 17:54:47.451,0.75978,0.75992,1.69,1.50
2016.04.27 17:54:48.268,0.75979,0.75993,1.50,2.25
2016.04.27 17:54:49.972,0.75979,0.75993,1.00,1.00
2016.04.27 17:54:51.265,0.75979,0.75993,1.50,1.12
2016.04.27 17:54:51.367,0.75979,0.75993,1.00,1.50
2016.04.27 17:54:51.491,0.75979,0.75993,1.00,1.87
2016.04.27 17:54:51.998,0.75977,0.75992,2.51,1.12
2016.04.27 17:54:53.013,0.75978,0.75992,2.44,1.19
2016.04.27 17:54:55.687,0.7598,0.75993,1.12,1.19
2016.04.27 17:54:55.738,0.7598,0.75994,1.12,2.25
2016.04.27 17:54:56.255,0.7598,0.75994,1.37,1.00
2016.04.27 17:54:57.408,0.7598,0.75994,1.12,1.50
2016.04.27 17:54:58.512,0.7598,0.75994,1.00,1.00
2016.04.27 17:54:59.033,0.7598,0.75995,4.50,1.69
2016.04.27 17:54:59.564,0.7598,0.75995,3.37,1.62
2016.04.27 17:55:00.101,0.7598,0.75995,3.37,1.31
2016.04.27 17:55:00.253,0.75983,0.75995,1.25,2.44
2016.04.27 17:55:00.507,0.75987,0.76,1.00,1.50
2016.04.27 17:55:01.017,0.75988,0.76001,1.00,1.00
2016.04.27 17:55:01.531,0.75988,0.76002,1.00,1.50
2016.04.27 17:55:02.416,0.75988,0.76002,1.12,2.25
2016.04.27 17:55:02.924,0.75989,0.76002,1.12,1.00
2016.04.27 17:55:03.461,0.75989,0.76001,1.00,1.00
2016.04.27 17:55:03.968,0.75988,0.76001,1.00,1.00
2016.04.27 17:55:04.484,0.75988,0.76001,1.00,1.50
2016.04.27 17:55:04.991,0.75988,0.76001,1.00,1.50
2016.04.27 17:55:11.621,0.75988,0.76001,1.00,1.37
2016.04.27 17:55:12.777,0.75988,0.76001,1.00,1.12
2016.04.27 17:55:13.373,0.75988,0.76001,1.00,1.37
2016.04.27 17:55:13.890,0.75988,0.76001,1.00,1.12
2016.04.27 17:55:15.266,0.75988,0.76001,1.12,1.50
2016.04.27 17:55:16.075,0.75988,0.76001,1.12,1.12
2016.04.27 17:55:19.390,0.75988,0.76001,1.12,1.37
2016.04.27 17:55:19.896,0.75988,0.76001,1.12,1.12
2016.04.27 17:55:20.412,0.75988,0.76001,1.12,1.37
2016.04.27 17:55:20.919,0.75988,0.76001,1.12,1.00
2016.04.27 17:55:21.474,0.75988,0.76002,1.12,1.75
2016.04.27 17:55:21.777,0.75988,0.76002,1.12,1.12
2016.04.27 17:55:22.030,0.75988,0.76,1.12,1.00
2016.04.27 17:55:22.335,0.75986,0.75999,1.87,1.12
2016.04.27 17:55:22.860,0.75987,0.76,1.69,1.00
2016.04.27 17:55:23.722,0.7599,0.76,1.00,1.00
2016.04.27 17:55:23.872,0.7599,0.76004,1.00,2.62
2016.04.27 17:55:25.084,0.7599,0.76004,1.00,2.25
2016.04.27 17:55:25.893,0.7599,0.76004,1.00,3.00
2016.04.27 17:55:27.581,0.7599,0.76004,1.25,3.00
2016.04.27 17:55:29.604,0.7599,0.76004,1.25,2.25
2016.04.27 17:55:33.543,0.75993,0.76003,1.00,1.50
2016.04.27 17:55:33.696,0.75997,0.7601,1.19,1.87
2016.04.27 17:55:34.303,0.75997,0.76011,2.06,1.87
2016.04.27 17:55:34.825,0.75997,0.76012,1.00,2.25
2016.04.27 17:55:37.446,0.75997,0.76012,1.00,1.12
2016.04.27 17:55:37.954,0.75997,0.76012,1.00,1.50
2016.04.27 17:55:40.029,0.75997,0.76012,1.00,1.12
2016.04.27 17:55:40.831,0.75997,0.76011,1.00,1.00
2016.04.27 17:55:41.345,0.75997,0.76012,1.00,1.12
2016.04.27 17:55:41.854,0.75997,0.76011,1.00,1.00
2016.04.27 17:55:42.359,0.75997,0.76012,1.00,1.12
2016.04.27 17:55:42.879,0.75997,0.76013,1.87,1.87
2016.04.27 17:55:43.385,0.75997,0.76012,1.50,1.00
2016.04.27 17:55:43.926,0.75997,0.76013,2.25,1.50
2016.04.27 17:55:44.436,0.75997,0.76012,1.50,1.00
2016.04.27 17:55:45.190,0.75998,0.76013,1.00,1.50
2016.04.27 17:55:46.406,0.75997,0.76012,1.50,1.00
2016.04.27 17:55:48.724,0.75997,0.76005,1.00,1.00
2016.04.27 17:55:48.826,0.75993,0.76003,2.06,1.00
2016.04.27 17:55:49.029,0.75989,0.76003,1.19,1.00
2016.04.27 17:55:49.080,0.75989,0.76,1.19,1.00
2016.04.27 17:55:49.333,0.75986,0.76001,1.00,1.37
2016.04.27 17:55:49.556,0.75984,0.75999,2.06,1.37
2016.04.27 17:55:50.067,0.75985,0.75999,1.00,1.00
2016.04.27 17:55:50.119,0.75984,0.76001,1.69,1.87
2016.04.27 17:55:50.828,0.75986,0.76001,1.00,1.12
2016.04.27 17:55:50.879,0.75988,0.76002,1.19,3.00
2016.04.27 17:55:50.982,0.75987,0.76002,1.12,3.00
2016.04.27 17:55:51.488,0.75987,0.76002,1.50,1.00
2016.04.27 17:55:59.351,0.75987,0.76002,1.69,2.25
2016.04.27 17:56:03.265,0.75987,0.76001,1.19,1.00
2016.04.27 17:56:08.324,0.75984,0.76001,4.31,1.12
2016.04.27 17:56:10.463,0.75985,0.76001,2.06,1.00
2016.04.27 17:56:10.968,0.75986,0.76001,1.19,1.00
2016.04.27 17:56:12.835,0.75986,0.76001,1.19,1.37
2016.04.27 17:56:13.360,0.75986,0.76001,2.44,1.12
2016.04.27 17:56:15.437,0.75987,0.76,1.31,1.00
2016.04.27 17:56:15.590,0.75986,0.76,1.31,1.12
2016.04.27 17:56:17.119,0.75986,0.76,3.19,1.00
2016.04.27 17:56:17.625,0.75986,0.76,2.06,1.00
2016.04.27 17:56:18.139,0.75987,0.76,1.00,1.00
2016.04.27 17:56:18.623,0.75987,0.76002,1.00,1.50
2016.04.27 17:56:19.129,0.75986,0.76002,2.44,1.12
2016.04.27 17:56:19.449,0.75989,0.76002,1.00,1.50
2016.04.27 17:56:20.660,0.75987,0.76002,1.50,1.50
2016.04.27 17:56:20.762,0.75987,0.76,1.00,1.37
2016.04.27 17:56:21.278,0.75985,0.75999,1.19,1.87
2016.04.27 17:56:23.277,0.75982,0.75999,3.19,2.06
2016.04.27 17:56:27.194,0.75983,0.75999,1.69,2.06
2016.04.27 17:56:27.702,0.75982,0.75999,3.19,2.44
2016.04.27 17:56:28.213,0.75982,0.75996,1.69,1.00
2016.04.27 17:56:28.720,0.75982,0.75996,1.00,1.50
2016.04.27 17:56:32.454,0.75982,0.75995,1.00,1.00
2016.04.27 17:56:32.505,0.7598,0.75995,1.50,1.00
2016.04.27 17:56:33.012,0.75978,0.75994,1.37,1.50
2016.04.27 17:56:33.518,0.75978,0.75994,1.37,1.50
2016.04.27 17:56:34.440,0.75982,0.75994,1.00,1.00
2016.04.27 17:56:34.541,0.75983,0.75998,1.50,4.69
2016.04.27 17:56:34.670,0.75984,0.75998,1.00,2.62
2016.04.27 17:56:35.611,0.75983,0.75998,2.06,2.81
2016.04.27 17:56:36.613,0.75983,0.75998,1.87,1.69
2016.04.27 17:56:37.432,0.75983,0.75995,1.00,1.00
2016.04.27 17:56:37.754,0.75976,0.75992,2.62,1.50
2016.04.27 17:56:40.327,0.75976,0.7599,1.00,1.00
2016.04.27 17:56:40.832,0.75976,0.75991,1.12,2.25
2016.04.27 17:56:41.370,0.75974,0.75991,2.81,2.44
2016.04.27 17:56:42.029,0.75974,0.7599,1.12,1.75
2016.04.27 17:56:42.533,0.75975,0.7599,1.00,1.75
2016.04.27 17:56:44.549,0.75974,0.7599,2.62,1.50
2016.04.27 17:56:45.149,0.75975,0.7599,1.00,1.75
2016.04.27 17:56:45.659,0.75974,0.75988,2.44,1.25
2016.04.27 17:56:46.173,0.75974,0.75988,1.50,1.00
2016.04.27 17:56:46.680,0.75974,0.7599,2.06,1.69
2016.04.27 17:56:47.706,0.75974,0.7599,1.12,1.50
2016.04.27 17:56:48.212,0.75975,0.75991,1.12,2.25
2016.04.27 17:56:48.726,0.75975,0.75991,1.00,2.25
2016.04.27 17:56:49.232,0.75975,0.75991,1.50,2.25
2016.04.27 17:56:50.246,0.75974,0.75991,3.56,2.44
2016.04.27 17:56:50.753,0.75974,0.75991,1.69,2.44
2016.04.27 17:56:52.068,0.75974,0.75991,2.81,2.25
2016.04.27 17:56:52.575,0.75975,0.7599,1.12,1.00
2016.04.27 17:56:53.580,0.75974,0.75991,3.19,3.19
2016.04.27 17:56:54.100,0.75974,0.75991,1.87,2.62
2016.04.27 17:56:54.608,0.75974,0.75991,1.00,2.62
2016.04.27 17:56:55.078,0.75974,0.75991,2.44,3.56
2016.04.27 17:56:55.586,0.75974,0.7599,2.44,1.94
2016.04.27 17:56:56.092,0.75974,0.7599,2.81,1.69
2016.04.27 17:56:56.904,0.75977,0.75991,1.19,2.44
2016.04.27 17:57:00.326,0.75977,0.75991,1.19,2.44
2016.04.27 17:57:00.642,0.75979,0.7599,1.19,1.37
2016.04.27 17:57:00.693,0.75976,0.7599,1.19,1.12
2016.04.27 17:57:01.645,0.75976,0.75989,1.31,1.00
2016.04.27 17:57:02.001,0.75974,0.75989,1.62,1.50
2016.04.27 17:57:02.158,0.75972,0.75984,1.19,1.00
2016.04.27 17:57:02.362,0.75971,0.75987,1.00,3.00
2016.04.27 17:57:02.413,0.75969,0.75983,1.87,1.12
2016.04.27 17:57:02.514,0.75968,0.75982,1.25,1.00
2016.04.27 17:57:03.327,0.75967,0.75982,1.19,1.75
2016.04.27 17:57:04.996,0.75966,0.75982,1.31,2.62
2016.04.27 17:57:05.506,0.75966,0.75982,1.31,3.00
2016.04.27 17:57:06.051,0.75966,0.75982,1.19,3.00
2016.04.27 17:57:07.013,0.75967,0.75983,1.69,1.50
2016.04.27 17:57:07.115,0.75968,0.75983,1.69,1.00
2016.04.27 17:57:07.622,0.7597,0.75983,1.19,1.00
2016.04.27 17:57:12.023,0.7597,0.75984,1.19,1.87
2016.04.27 17:57:13.533,0.7597,0.75983,1.19,1.00
2016.04.27 17:57:14.043,0.75971,0.75985,1.25,1.87
2016.04.27 17:57:14.145,0.75975,0.75986,1.19,1.12
2016.04.27 17:57:14.399,0.75975,0.75988,1.19,1.00
2016.04.27 17:57:14.764,0.75975,0.75985,1.19,1.00
2016.04.27 17:57:15.068,0.75972,0.75982,1.19,1.37
2016.04.27 17:57:15.120,0.75968,0.75982,2.06,1.87
2016.04.27 17:57:15.222,0.75969,0.75982,1.19,1.87
2016.04.27 17:57:15.323,0.75966,0.75982,2.81,1.87
2016.04.27 17:57:15.375,0.75966,0.75981,2.06,1.50
2016.04.27 17:57:15.839,0.75967,0.75982,1.69,1.12
2016.04.27 17:57:15.891,0.75969,0.75982,1.19,1.12
2016.04.27 17:57:16.398,0.75969,0.75981,1.19,1.00
2016.04.27 17:57:17.538,0.75968,0.75981,1.19,1.12
2016.04.27 17:57:19.037,0.75967,0.75977,1.19,1.00
2016.04.27 17:57:21.377,0.75965,0.75977,1.69,1.00
2016.04.27 17:57:23.901,0.75966,0.75977,1.00,1.00
2016.04.27 17:57:24.902,0.75969,0.7598,1.19,1.12
2016.04.27 17:57:26.609,0.75969,0.75977,1.19,1.00
2016.04.27 17:57:26.913,0.75969,0.7598,1.19,1.12
2016.04.27 17:57:27.015,0.75971,0.75981,1.19,1.00
2016.04.27 17:57:27.218,0.75968,0.75981,1.00,1.00
2016.04.27 17:57:27.320,0.75966,0.75979,2.44,1.00
2016.04.27 17:57:27.625,0.75971,0.75982,1.19,1.00
2016.04.27 17:57:28.723,0.75971,0.7598,1.19,1.00
2016.04.27 17:57:28.774,0.75968,0.7598,1.19,1.00
2016.04.27 17:57:29.281,0.75968,0.75979,1.19,1.00
2016.04.27 17:57:30.891,0.75968,0.75981,1.19,1.50
2016.04.27 17:57:33.213,0.75967,0.75982,1.69,1.50
2016.04.27 17:57:36.584,0.75967,0.75982,1.19,1.75
2016.04.27 17:57:37.343,0.75967,0.75981,1.19,1.00
2016.04.27 17:57:39.441,0.75967,0.75982,1.19,1.50
2016.04.27 17:57:42.299,0.75966,0.75982,3.19,1.87
2016.04.27 17:57:44.055,0.75966,0.75982,3.19,1.69
2016.04.27 17:57:45.661,0.75967,0.75983,1.00,1.87
2016.04.27 17:57:45.967,0.75969,0.75984,1.50,3.19
2016.04.27 17:57:46.512,0.75968,0.75984,1.69,3.19
2016.04.27 17:57:47.209,0.75968,0.75984,1.69,2.06
2016.04.27 17:57:47.815,0.75969,0.75984,1.00,1.69
2016.04.27 17:57:50.345,0.75968,0.75984,1.69,2.06
2016.04.27 17:57:51.439,0.7597,0.75985,1.00,2.44
2016.04.27 17:57:51.541,0.75971,0.75985,1.19,1.12
2016.04.27 17:57:53.490,0.75971,0.75985,1.19,1.50
2016.04.27 17:57:54.098,0.75971,0.75985,1.19,1.50
2016.04.27 17:57:54.364,0.7597,0.75984,1.00,1.37
2016.04.27 17:57:54.466,0.75968,0.75984,1.00,1.75
2016.04.27 17:57:55.988,0.75967,0.75983,1.00,1.50
2016.04.27 17:57:57.370,0.75968,0.75982,1.00,1.00
2016.04.27 17:57:57.892,0.75967,0.75983,1.00,1.50
2016.04.27 17:58:00.098,0.75967,0.75983,1.00,1.12
2016.04.27 17:58:00.205,0.75967,0.75983,1.19,2.06
2016.04.27 17:58:03.943,0.75969,0.75983,1.00,1.69
2016.04.27 17:58:04.045,0.7597,0.75984,1.25,1.69
2016.04.27 17:58:04.098,0.75971,0.75984,1.00,1.25
2016.04.27 17:58:04.506,0.75972,0.75986,1.19,1.31
2016.04.27 17:58:06.002,0.75972,0.75986,1.19,1.62
2016.04.27 17:58:06.508,0.75972,0.75986,1.19,1.25
2016.04.27 17:58:20.349,0.75972,0.75986,1.69,1.62
2016.04.27 17:58:20.655,0.75969,0.75983,1.00,1.56
2016.04.27 17:58:20.706,0.75967,0.75981,4.69,1.31
2016.04.27 17:58:21.222,0.75967,0.75983,1.00,2.25
2016.04.27 17:58:21.820,0.75966,0.75983,1.00,2.25
2016.04.27 17:58:22.491,0.75969,0.75982,1.50,1.50
2016.04.27 17:58:22.999,0.75966,0.75981,1.50,1.00
2016.04.27 17:58:24.070,0.75967,0.75983,1.19,1.94
2016.04.27 17:58:24.627,0.75968,0.75983,1.50,1.50
2016.04.27 17:58:25.166,0.75967,0.75984,1.25,3.75
2016.04.27 17:58:25.470,0.75966,0.75982,1.00,1.75
2016.04.27 17:58:26.199,0.75966,0.75982,1.19,2.44
2016.04.27 17:58:26.503,0.75966,0.75982,1.00,1.50
2016.04.27 17:58:27.145,0.75965,0.75982,1.00,2.25
2016.04.27 17:58:27.804,0.75966,0.75982,1.69,2.44
2016.04.27 17:58:28.287,0.75965,0.75982,1.00,2.25
2016.04.27 17:58:28.799,0.75967,0.75982,1.00,2.25
2016.04.27 17:58:30.895,0.75967,0.75982,1.69,1.69
2016.04.27 17:58:35.339,0.75968,0.75984,1.19,3.94
2016.04.27 17:58:35.882,0.75968,0.75984,1.19,4.69
2016.04.27 17:58:36.504,0.75968,0.75982,1.00,1.94
2016.04.27 17:58:40.847,0.75967,0.75982,1.50,1.75
2016.04.27 17:58:40.948,0.75967,0.75981,1.00,1.00
2016.04.27 17:58:41.153,0.75967,0.75982,1.00,2.25
2016.04.27 17:58:41.762,0.75965,0.75982,1.69,3.19
2016.04.27 17:58:41.915,0.75965,0.75982,1.00,2.25
2016.04.27 17:58:42.751,0.75964,0.75982,1.50,2.25
2016.04.27 17:58:43.274,0.75965,0.75982,1.25,3.19
2016.04.27 17:58:43.788,0.75966,0.75982,1.00,2.44
2016.04.27 17:58:44.294,0.75965,0.75982,1.25,2.44
2016.04.27 17:58:45.765,0.75965,0.75982,1.62,2.06
2016.04.27 17:58:45.969,0.75965,0.75982,1.56,1.12
2016.04.27 17:58:49.046,0.75966,0.75982,1.69,1.50
2016.04.27 17:58:49.549,0.75966,0.75982,2.06,1.12
2016.04.27 17:58:51.355,0.75966,0.75982,2.44,2.25
2016.04.27 17:58:52.001,0.75966,0.75981,1.69,1.00
2016.04.27 17:58:52.544,0.75966,0.7598,1.69,1.00
2016.04.27 17:58:53.059,0.75966,0.75982,1.00,1.50
2016.04.27 17:58:55.066,0.75966,0.75982,1.00,1.50
2016.04.27 17:59:00.086,0.75967,0.75982,1.00,1.00
2016.04.27 17:59:00.137,0.75972,0.75985,1.00,3.19
2016.04.27 17:59:00.188,0.75972,0.75985,1.25,1.00
2016.04.27 17:59:00.391,0.75971,0.75983,1.69,1.00
2016.04.27 17:59:01.076,0.75971,0.75985,1.19,1.57
2016.04.27 17:59:01.281,0.75969,0.75984,1.00,1.47
2016.04.27 17:59:01.383,0.75966,0.75984,1.00,1.57
2016.04.27 17:59:01.898,0.75966,0.75984,1.00,2.51
2016.04.27 17:59:02.404,0.75963,0.75983,1.69,1.19
2016.04.27 17:59:02.709,0.75963,0.75984,1.00,1.10
2016.04.27 17:59:03.122,0.75963,0.75984,1.69,1.29
2016.04.27 17:59:03.427,0.75961,0.7598,1.25,1.19
2016.04.27 17:59:07.983,0.75959,0.75976,1.00,1.19
2016.04.27 17:59:08.034,0.75957,0.75976,1.25,1.69
2016.04.27 17:59:08.968,0.75955,0.75975,1.19,1.25
2016.04.27 17:59:10.278,0.75954,0.75976,2.44,1.25
2016.04.27 17:59:10.329,0.75954,0.75974,1.25,1.00
2016.04.27 17:59:12.390,0.75954,0.75976,1.25,1.00
2016.04.27 17:59:12.897,0.75955,0.75977,1.00,1.50
2016.04.27 17:59:15.138,0.75954,0.75977,1.25,1.00
2016.04.27 17:59:15.643,0.75954,0.75978,1.69,3.00
2016.04.27 17:59:16.880,0.75959,0.75978,1.00,1.00
2016.04.27 17:59:17.134,0.75962,0.75984,1.00,3.07
2016.04.27 17:59:18.854,0.75962,0.75984,1.19,2.51
2016.04.27 17:59:19.172,0.75962,0.75984,1.00,1.57
2016.04.27 17:59:20.288,0.75963,0.75984,1.00,1.57
2016.04.27 17:59:20.961,0.75963,0.75982,1.00,1.00
2016.04.27 17:59:22.370,0.7596,0.75968,1.00,1.19
2016.04.27 17:59:22.472,0.75956,0.75969,1.50,1.00
2016.04.27 17:59:22.523,0.75954,0.75976,1.69,1.12
2016.04.27 17:59:22.574,0.75957,0.75976,1.00,1.00
2016.04.27 17:59:22.727,0.75958,0.75979,1.19,1.00
2016.04.27 17:59:23.036,0.75961,0.75982,1.00,1.00
2016.04.27 17:59:23.543,0.75961,0.75983,1.50,1.00
2016.04.27 17:59:23.595,0.75963,0.75986,1.50,1.69
2016.04.27 17:59:23.899,0.75966,0.75987,1.19,1.25
2016.04.27 17:59:26.869,0.75967,0.75987,1.19,1.00
2016.04.27 17:59:26.920,0.75969,0.75991,1.19,1.19
2016.04.27 17:59:27.074,0.75972,0.75993,1.00,1.19
2016.04.27 17:59:27.125,0.75972,0.75993,1.19,1.00
2016.04.27 17:59:27.633,0.75972,0.75992,1.19,1.00
2016.04.27 17:59:29.658,0.75974,0.75996,1.00,2.44
2016.04.27 17:59:29.985,0.75975,0.75996,1.19,1.00
2016.04.27 17:59:30.090,0.75978,0.76,1.00,1.00
2016.04.27 17:59:30.144,0.7598,0.76,1.00,1.00
2016.04.27 17:59:30.450,0.75987,0.76005,1.00,1.00
2016.04.27 17:59:30.758,0.75989,0.76005,1.00,1.00
2016.04.27 17:59:30.860,0.75985,0.76005,1.00,1.50
2016.04.27 17:59:30.962,0.75981,0.76005,1.50,1.50
2016.04.27 17:59:31.166,0.75982,0.76007,1.50,1.00
2016.04.27 17:59:32.097,0.75981,0.76004,1.00,1.00
2016.04.27 17:59:35.374,0.75989,0.7601,1.00,1.80
2016.04.27 17:59:35.425,0.75985,0.76008,1.00,1.00
2016.04.27 17:59:35.477,0.75987,0.76008,1.00,1.00
2016.04.27 17:59:35.528,0.75987,0.7601,1.15,1.00
2016.04.27 17:59:36.040,0.75987,0.7601,1.20,1.00
2016.04.27 17:59:36.192,0.75985,0.76005,1.00,1.00
2016.04.27 17:59:36.243,0.75981,0.76003,1.50,1.00
2016.04.27 17:59:36.446,0.75981,0.76005,1.50,1.50
2016.04.27 17:59:36.591,0.75979,0.76004,1.50,1.00
2016.04.27 17:59:36.693,0.75977,0.76002,1.20,1.00
2016.04.27 17:59:38.830,0.75974,0.75999,1.00,1.00
2016.04.27 17:59:40.106,0.75975,0.76001,1.00,1.00
2016.04.27 17:59:43.826,0.75977,0.76003,1.00,1.00
2016.04.27 17:59:47.187,0.75984,0.76009,1.00,1.00
2016.04.27 17:59:47.238,0.75981,0.76007,1.00,1.00
2016.04.27 17:59:47.848,0.75982,0.76009,1.00,1.00
2016.04.27 17:59:51.314,0.75976,0.76012,1.15,1.00
2016.04.27 17:59:51.525,0.75974,0.76014,1.15,1.00
2016.04.27 17:59:51.627,0.75979,0.76018,1.00,1.50
2016.04.27 17:59:52.194,0.75979,0.76019,1.00,2.25
2016.04.27 17:59:52.246,0.75981,0.76019,1.00,2.25
2016.04.27 17:59:52.550,0.75984,0.76024,1.00,1.15
2016.04.27 17:59:53.148,0.75983,0.76023,1.00,1.00
2016.04.27 17:59:53.655,0.75984,0.76024,1.00,1.00
2016.04.27 17:59:54.258,0.75983,0.76024,1.00,1.00
2016.04.27 17:59:54.768,0.75983,0.76023,1.00,1.00
2016.04.27 17:59:54.870,0.75983,0.76023,1.15,1.00
2016.04.27 17:59:55.073,0.75982,0.76025,1.15,1.00
2016.04.27 17:59:55.175,0.75987,0.76026,1.15,1.00
2016.04.27 17:59:55.277,0.75992,0.76038,1.15,1.00
2016.04.27 17:59:55.434,0.76002,0.76039,1.00,1.50
2016.04.27 17:59:55.739,0.76007,0.76046,1.00,1.15
2016.04.27 17:59:56.051,0.76019,0.76046,1.00,1.00
2016.04.27 17:59:56.153,0.76006,0.76048,1.00,1.65
2016.04.27 17:59:56.255,0.75997,0.76046,1.65,1.15
2016.04.27 17:59:56.543,0.75997,0.76045,1.65,1.00
2016.04.27 17:59:56.851,0.76002,0.76045,1.00,1.00
2016.04.27 17:59:57.054,0.75998,0.76043,1.00,1.12
2016.04.27 17:59:57.156,0.75997,0.76037,2.62,1.12
2016.04.27 17:59:57.461,0.75989,0.7603,1.15,1.00
2016.04.27 17:59:57.957,0.75995,0.76034,1.15,1.00
2016.04.27 17:59:58.263,0.75996,0.76045,1.15,1.50
2016.04.27 17:59:58.975,0.75995,0.76046,1.15,1.50
2016.04.27 17:59:59.564,0.75995,0.7604,1.15,1.12
