2011.11.25 01:00:01.427,0.96919,0.96931,1.50,1.50
2011.11.25 01:00:01.984,0.96919,0.96931,1.50,2.25
2011.11.25 01:00:04.387,0.96919,0.96931,1.50,2.25
2011.11.25 01:00:04.953,0.96919,0.96931,1.50,2.25
2011.11.25 01:00:05.526,0.96919,0.96931,1.50,2.25
2011.11.25 01:00:06.194,0.96919,0.96931,1.50,2.25
2011.11.25 01:00:06.977,0.96918,0.96928,2.25,1.50
2011.11.25 01:00:07.541,0.96918,0.96928,2.25,2.25
2011.11.25 01:00:07.669,0.96913,0.96923,2.25,1.50
2011.11.25 01:00:07.910,0.96911,0.96921,1.50,1.50
2011.11.25 01:00:08.522,0.96909,0.96921,1.50,2.25
2011.11.25 01:00:08.885,0.96911,0.96921,1.50,2.25
2011.11.25 01:00:09.474,0.96911,0.96921,1.50,2.25
2011.11.25 01:00:09.597,0.96909,0.96921,1.50,2.25
2011.11.25 01:00:09.715,0.96909,0.96921,1.50,2.25
2011.11.25 01:00:09.834,0.96912,0.96922,1.50,2.44
2011.11.25 01:00:10.637,0.96912,0.96922,1.50,2.44
2011.11.25 01:00:10.985,0.96909,0.96921,1.50,2.25
2011.11.25 01:00:11.338,0.96907,0.96917,1.50,1.05
2011.11.25 01:00:11.675,0.9691,0.96922,1.50,2.44
2011.11.25 01:00:12.907,0.96909,0.96921,1.50,2.25
2011.11.25 01:00:13.574,0.96908,0.96918,1.50,2.25
2011.11.25 01:00:14.353,0.96909,0.96919,1.50,2.25
2011.11.25 01:00:14.697,0.96904,0.96916,1.50,2.25
2011.11.25 01:00:15.255,0.96907,0.96917,1.50,2.55
2011.11.25 01:00:15.816,0.9691,0.96922,1.50,2.44
2011.11.25 01:00:16.393,0.9691,0.9692,1.50,2.25
2011.11.25 01:00:16.734,0.96908,0.96918,1.50,2.25
2011.11.25 01:00:17.293,0.96909,0.96919,1.50,2.25
2011.11.25 01:00:17.750,0.96904,0.96914,1.50,2.25
2011.11.25 01:00:17.999,0.96902,0.96913,1.50,1.13
2011.11.25 01:00:18.624,0.96905,0.96913,1.50,1.13
2011.11.25 01:00:18.977,0.96905,0.96913,1.50,1.13
2011.11.25 01:00:19.335,0.96901,0.96911,1.50,2.25
2011.11.25 01:00:19.459,0.96896,0.96908,2.25,1.50
2011.11.25 01:00:19.697,0.96904,0.96913,1.50,2.25
2011.11.25 01:00:19.936,0.969,0.96912,1.50,2.63
2011.11.25 01:00:20.518,0.96905,0.96915,1.50,3.00
2011.11.25 01:00:20.756,0.96907,0.96916,1.50,1.28
2011.11.25 01:00:20.878,0.96905,0.96916,1.50,1.28
2011.11.25 01:00:20.998,0.96905,0.96917,1.50,3.53
2011.11.25 01:00:21.447,0.96905,0.96917,1.50,2.25
2011.11.25 01:00:21.578,0.96908,0.9692,1.50,2.25
2011.11.25 01:00:21.696,0.96906,0.96918,1.50,2.25
2011.11.25 01:00:21.938,0.96908,0.9692,1.50,2.25
2011.11.25 01:00:22.395,0.96905,0.96917,1.50,2.25
2011.11.25 01:00:22.638,0.96911,0.96922,1.50,1.50
2011.11.25 01:00:22.985,0.96914,0.96923,1.50,1.50
2011.11.25 01:00:23.104,0.96912,0.96922,1.50,1.50
2011.11.25 01:00:23.678,0.9691,0.9692,1.50,1.50
2011.11.25 01:00:24.037,0.9691,0.96922,1.50,1.50
2011.11.25 01:00:24.484,0.96913,0.96923,1.50,2.25
2011.11.25 01:00:24.826,0.9691,0.96922,1.50,1.50
2011.11.25 01:00:29.058,0.9691,0.9692,1.50,2.25
2011.11.25 01:00:29.414,0.96906,0.96916,1.50,2.25
2011.11.25 01:00:29.974,0.96902,0.96914,1.50,1.50
2011.11.25 01:00:30.095,0.96905,0.96915,1.50,1.50
2011.11.25 01:00:30.433,0.96903,0.96913,1.50,1.50
2011.11.25 01:00:30.797,0.96906,0.96916,1.50,1.50
2011.11.25 01:00:31.145,0.96909,0.96921,1.50,1.50
2011.11.25 01:00:31.267,0.96911,0.96921,1.50,1.50
2011.11.25 01:00:31.737,0.9691,0.96925,2.63,1.50
2011.11.25 01:00:31.969,0.96907,0.96923,2.33,1.13
2011.11.25 01:00:33.366,0.96907,0.96924,2.33,1.50
2011.11.25 01:00:33.925,0.96907,0.96924,2.33,1.50
2011.11.25 01:00:34.604,0.96907,0.96924,2.33,1.50
2011.11.25 01:00:35.947,0.9691,0.9692,1.50,1.50
2011.11.25 01:00:36.282,0.96913,0.96923,1.50,1.50
2011.11.25 01:00:36.793,0.96911,0.96921,1.50,1.50
2011.11.25 01:00:37.341,0.96909,0.96921,2.63,1.50
2011.11.25 01:00:38.571,0.96916,0.96921,1.13,1.50
2011.11.25 01:00:39.104,0.96918,0.96928,1.50,2.25
2011.11.25 01:00:39.236,0.96925,0.96935,1.50,1.50
2011.11.25 01:00:39.363,0.96928,0.96938,1.50,2.25
2011.11.25 01:00:39.732,0.96926,0.96938,1.50,2.25
2011.11.25 01:00:39.862,0.96931,0.96941,1.50,2.25
2011.11.25 01:00:40.345,0.96929,0.96941,1.50,1.50
2011.11.25 01:00:43.274,0.9693,0.96941,1.13,1.50
2011.11.25 01:00:43.856,0.96929,0.96941,2.25,1.50
2011.11.25 01:00:44.524,0.96929,0.96941,2.25,1.50
2011.11.25 01:00:46.227,0.96925,0.96937,2.25,1.50
2011.11.25 01:00:46.566,0.96923,0.96935,2.25,1.50
2011.11.25 01:00:46.801,0.96929,0.9694,1.50,1.50
2011.11.25 01:00:46.927,0.96931,0.96943,1.50,1.50
2011.11.25 01:00:47.490,0.96932,0.96942,1.50,1.50
2011.11.25 01:00:48.063,0.96931,0.96943,3.00,1.43
2011.11.25 01:00:48.663,0.96931,0.96943,2.25,1.43
2011.11.25 01:00:49.226,0.96932,0.96943,1.32,1.43
2011.11.25 01:00:49.587,0.96935,0.96945,1.50,1.58
2011.11.25 01:00:50.157,0.96935,0.96945,2.25,1.58
2011.11.25 01:00:50.824,0.96935,0.96945,2.25,1.50
2011.11.25 01:00:51.384,0.96935,0.96945,2.25,1.50
2011.11.25 01:00:51.946,0.96935,0.96945,2.25,1.50
2011.11.25 01:00:52.568,0.96931,0.96943,3.75,1.43
2011.11.25 01:00:52.688,0.9693,0.96939,2.25,1.50
2011.11.25 01:00:53.036,0.96929,0.96939,2.63,1.50
2011.11.25 01:00:53.278,0.96927,0.96939,2.25,1.50
2011.11.25 01:00:53.517,0.96924,0.96934,2.25,1.50
2011.11.25 01:00:53.854,0.96924,0.96934,2.25,1.50
2011.11.25 01:00:54.416,0.96924,0.96934,2.25,1.50
2011.11.25 01:00:55.436,0.96922,0.96934,3.00,1.50
2011.11.25 01:00:55.996,0.96924,0.96934,1.50,1.50
2011.11.25 01:00:57.328,0.96926,0.96936,1.88,1.50
2011.11.25 01:00:57.885,0.96926,0.96936,1.50,1.50
2011.11.25 01:00:59.516,0.96924,0.96936,1.50,1.50
2011.11.25 01:01:00.417,0.96922,0.96934,1.50,1.50
2011.11.25 01:01:00.979,0.96923,0.96933,1.50,1.50
2011.11.25 01:01:01.338,0.96921,0.96931,1.50,1.50
2011.11.25 01:01:01.820,0.96922,0.96934,1.50,1.50
2011.11.25 01:01:02.063,0.96925,0.96937,1.50,1.50
2011.11.25 01:01:02.416,0.9693,0.96942,1.50,2.25
2011.11.25 01:01:02.756,0.96927,0.96937,1.50,1.50
2011.11.25 01:01:03.325,0.96927,0.96937,2.25,1.50
2011.11.25 01:01:03.798,0.96928,0.9694,2.25,1.50
2011.11.25 01:01:03.917,0.96928,0.96938,1.50,1.50
2011.11.25 01:01:04.704,0.96925,0.96937,1.50,1.50
2011.11.25 01:01:06.697,0.9693,0.9694,1.50,1.50
2011.11.25 01:01:07.374,0.9693,0.9694,2.63,1.50
2011.11.25 01:01:07.944,0.96929,0.9694,1.50,1.50
2011.11.25 01:01:08.175,0.96928,0.9694,2.25,1.50
2011.11.25 01:01:08.298,0.96928,0.96938,1.50,1.50
2011.11.25 01:01:08.656,0.96924,0.96935,1.50,1.50
2011.11.25 01:01:08.781,0.96923,0.96935,3.38,1.50
2011.11.25 01:01:08.909,0.96926,0.96936,1.50,1.50
2011.11.25 01:01:09.028,0.96924,0.96936,3.00,1.50
2011.11.25 01:01:10.280,0.96924,0.96936,2.25,1.50
2011.11.25 01:01:13.738,0.96925,0.96935,1.50,1.50
2011.11.25 01:01:14.293,0.96923,0.96933,1.50,1.50
2011.11.25 01:01:14.854,0.96924,0.96934,1.50,1.50
2011.11.25 01:01:15.198,0.96926,0.96936,1.50,1.50
2011.11.25 01:01:15.547,0.96926,0.96938,3.94,1.50
2011.11.25 01:01:15.666,0.9693,0.9694,1.50,1.50
2011.11.25 01:01:15.898,0.9693,0.96942,1.50,1.50
2011.11.25 01:01:16.595,0.96929,0.96939,2.25,1.50
2011.11.25 01:01:16.847,0.9693,0.96942,1.50,1.50
2011.11.25 01:01:17.525,0.9693,0.96942,2.25,1.50
2011.11.25 01:01:18.513,0.9693,0.96942,2.25,1.50
2011.11.25 01:01:18.865,0.9693,0.9694,2.25,1.50
2011.11.25 01:01:19.107,0.96927,0.96937,2.25,1.50
2011.11.25 01:01:19.445,0.96929,0.96939,1.50,1.50
2011.11.25 01:01:22.025,0.96931,0.96941,1.50,1.50
2011.11.25 01:01:22.363,0.96929,0.96941,1.50,1.50
2011.11.25 01:01:23.348,0.96929,0.96941,1.50,2.25
2011.11.25 01:01:23.466,0.96928,0.96938,1.50,1.50
2011.11.25 01:01:24.307,0.96926,0.96936,1.50,1.50
2011.11.25 01:01:24.658,0.96925,0.96935,1.50,2.25
2011.11.25 01:01:25.019,0.96925,0.96935,1.50,2.63
2011.11.25 01:01:25.467,0.96925,0.96935,1.50,2.63
2011.11.25 01:01:25.820,0.96925,0.96935,1.50,2.25
2011.11.25 01:01:25.952,0.96921,0.96931,1.50,1.50
2011.11.25 01:01:26.077,0.96923,0.96935,1.50,2.25
2011.11.25 01:01:26.196,0.96926,0.96936,1.50,3.00
2011.11.25 01:01:26.770,0.96928,0.96938,1.50,2.25
2011.11.25 01:01:27.023,0.96929,0.96941,1.50,2.25
2011.11.25 01:01:27.149,0.96934,0.96942,1.50,1.50
2011.11.25 01:01:27.760,0.96931,0.96941,1.50,1.50
2011.11.25 01:01:32.538,0.9693,0.9694,1.50,1.50
2011.11.25 01:01:32.766,0.96928,0.9694,2.25,1.50
2011.11.25 01:01:33.007,0.96924,0.96934,1.50,1.50
2011.11.25 01:01:33.599,0.96923,0.96933,1.50,2.25
2011.11.25 01:01:34.112,0.96927,0.96937,1.50,2.25
2011.11.25 01:01:34.346,0.96924,0.96936,1.50,2.25
2011.11.25 01:01:35.574,0.96923,0.96933,1.50,1.50
2011.11.25 01:01:36.135,0.96924,0.96934,1.50,2.25
2011.11.25 01:01:36.375,0.96922,0.96934,1.50,2.25
2011.11.25 01:01:36.824,0.96923,0.96935,1.50,2.25
2011.11.25 01:01:37.386,0.96924,0.96936,1.50,2.25
2011.11.25 01:01:37.502,0.96924,0.96936,1.50,2.25
2011.11.25 01:01:37.854,0.96924,0.96936,1.50,2.25
2011.11.25 01:01:38.325,0.96922,0.96934,1.50,2.25
2011.11.25 01:01:38.994,0.96924,0.96934,1.50,2.25
2011.11.25 01:01:39.553,0.96923,0.96933,1.50,1.50
2011.11.25 01:01:40.338,0.96924,0.96934,1.50,2.25
2011.11.25 01:01:40.914,0.96924,0.96934,1.50,1.50
2011.11.25 01:01:44.685,0.96925,0.96937,1.50,2.25
2011.11.25 01:01:46.230,0.96924,0.96936,1.50,2.25
2011.11.25 01:01:46.471,0.96922,0.96929,2.25,1.50
2011.11.25 01:01:46.721,0.96912,0.96919,1.50,1.50
2011.11.25 01:01:46.850,0.96912,0.96916,1.50,1.50
2011.11.25 01:01:47.302,0.96906,0.96916,1.58,1.50
2011.11.25 01:01:47.436,0.96906,0.96918,1.58,2.25
2011.11.25 01:01:47.558,0.96909,0.96921,2.25,2.25
2011.11.25 01:01:47.911,0.9691,0.9692,3.00,2.25
2011.11.25 01:01:48.041,0.9691,0.9692,2.25,1.50
2011.11.25 01:01:48.645,0.96911,0.96922,1.50,1.50
2011.11.25 01:01:48.876,0.96909,0.96921,1.50,2.25
2011.11.25 01:01:49.434,0.9691,0.9692,1.50,2.25
2011.11.25 01:01:52.034,0.9691,0.9692,2.25,2.25
2011.11.25 01:01:52.165,0.96913,0.96924,1.50,1.50
2011.11.25 01:01:52.528,0.96916,0.96927,2.25,1.58
2011.11.25 01:01:52.775,0.96926,0.96936,1.50,4.37
2011.11.25 01:01:52.898,0.96929,0.96937,1.50,1.37
2011.11.25 01:01:53.024,0.96929,0.96939,1.50,1.50
2011.11.25 01:01:53.617,0.96921,0.96933,2.25,1.50
2011.11.25 01:01:53.847,0.96921,0.96933,1.50,1.50
2011.11.25 01:01:54.631,0.96917,0.96929,1.50,1.50
2011.11.25 01:01:54.984,0.96919,0.96929,1.50,2.25
2011.11.25 01:01:55.562,0.96922,0.96932,1.50,1.58
2011.11.25 01:01:55.690,0.96926,0.96936,1.50,2.25
2011.11.25 01:01:56.037,0.96928,0.96938,1.50,2.25
2011.11.25 01:01:56.155,0.96925,0.96935,1.50,1.50
2011.11.25 01:01:58.090,0.96926,0.96936,1.50,1.50
2011.11.25 01:02:02.629,0.96926,0.96936,2.25,1.50
2011.11.25 01:02:02.975,0.9693,0.96936,1.50,1.50
2011.11.25 01:02:03.565,0.9693,0.96936,1.50,1.50
2011.11.25 01:02:04.575,0.96931,0.96936,2.25,1.50
2011.11.25 01:02:04.809,0.9693,0.96936,1.50,1.50
2011.11.25 01:02:05.476,0.9693,0.96936,2.25,1.50
2011.11.25 01:02:06.035,0.96928,0.96936,2.25,1.50
2011.11.25 01:02:06.594,0.96928,0.96936,1.50,1.50
2011.11.25 01:02:07.316,0.96928,0.96936,2.25,1.50
2011.11.25 01:02:07.815,0.96926,0.96936,1.50,1.50
2011.11.25 01:02:09.117,0.96926,0.96936,2.25,1.50
2011.11.25 01:02:09.236,0.96926,0.96936,2.25,1.50
2011.11.25 01:02:09.936,0.96926,0.96936,3.00,1.50
2011.11.25 01:02:10.057,0.96927,0.96936,1.50,1.50
2011.11.25 01:02:11.675,0.96929,0.96936,1.50,1.50
2011.11.25 01:02:11.799,0.96928,0.96936,2.25,1.50
2011.11.25 01:02:11.915,0.96929,0.96936,1.50,1.50
2011.11.25 01:02:14.039,0.96934,0.9694,1.50,2.25
2011.11.25 01:02:14.388,0.96935,0.96945,1.50,2.44
2011.11.25 01:02:14.974,0.96936,0.96945,1.50,1.50
2011.11.25 01:02:15.666,0.96938,0.96945,1.50,2.44
2011.11.25 01:02:16.235,0.96938,0.96945,1.50,1.50
2011.11.25 01:02:17.016,0.96938,0.96945,1.50,1.50
2011.11.25 01:02:17.687,0.96936,0.96945,1.50,2.44
2011.11.25 01:02:18.046,0.9694,0.96948,1.50,1.50
2011.11.25 01:02:18.649,0.9694,0.96945,1.50,1.50
2011.11.25 01:02:19.516,0.9694,0.96948,1.50,1.50
2011.11.25 01:02:22.505,0.96941,0.96948,1.50,1.88
2011.11.25 01:02:23.388,0.9694,0.96948,1.50,1.88
2011.11.25 01:02:23.953,0.9694,0.9695,1.50,1.50
2011.11.25 01:02:24.585,0.96941,0.96962,1.50,1.13
2011.11.25 01:02:25.057,0.96942,0.96963,1.20,1.50
2011.11.25 01:02:25.286,0.96941,0.96962,1.50,1.88
2011.11.25 01:02:25.527,0.96941,0.96961,2.25,1.88
2011.11.25 01:02:26.304,0.96941,0.96961,1.50,1.88
2011.11.25 01:02:26.879,0.96941,0.96957,1.50,1.13
2011.11.25 01:02:29.490,0.96941,0.96962,1.50,1.50
2011.11.25 01:02:29.838,0.96945,0.96963,1.50,1.50
2011.11.25 01:02:31.524,0.96942,0.96962,2.18,1.50
2011.11.25 01:02:32.416,0.96946,0.96964,1.13,6.75
2011.11.25 01:02:33.016,0.9695,0.96969,1.50,7.20
2011.11.25 01:02:33.577,0.96949,0.96963,1.50,1.50
2011.11.25 01:02:34.167,0.96948,0.96963,1.50,1.50
2011.11.25 01:02:39.655,0.9695,0.9696,1.50,1.50
2011.11.25 01:02:39.896,0.96946,0.96956,1.50,2.25
2011.11.25 01:02:40.247,0.96949,0.96959,1.50,1.50
2011.11.25 01:02:40.597,0.96942,0.96959,1.50,2.25
2011.11.25 01:02:40.716,0.96949,0.96959,1.50,2.25
2011.11.25 01:02:40.837,0.96949,0.96959,1.50,1.50
2011.11.25 01:02:41.371,0.96945,0.96955,1.50,1.50
2011.11.25 01:02:41.502,0.9694,0.96955,1.50,2.25
2011.11.25 01:02:41.627,0.9694,0.96955,2.25,2.25
2011.11.25 01:02:41.748,0.96945,0.96955,1.50,1.50
2011.11.25 01:02:42.345,0.96942,0.96954,1.50,1.50
2011.11.25 01:02:43.275,0.96942,0.96954,2.25,2.25
2011.11.25 01:02:44.325,0.96944,0.96956,1.50,2.25
2011.11.25 01:02:45.605,0.96946,0.96956,1.50,1.50
2011.11.25 01:02:45.973,0.96948,0.96956,2.25,1.50
2011.11.25 01:02:46.338,0.96952,0.96963,1.88,2.25
2011.11.25 01:02:46.458,0.96954,0.96963,1.13,2.25
2011.11.25 01:02:46.936,0.96952,0.96963,1.50,1.50
2011.11.25 01:02:47.175,0.96952,0.96964,2.25,1.50
2011.11.25 01:02:47.298,0.96952,0.96964,2.25,1.50
2011.11.25 01:02:47.420,0.96955,0.96966,1.50,1.50
2011.11.25 01:02:47.550,0.96958,0.96968,2.25,1.50
2011.11.25 01:02:47.997,0.9696,0.96972,1.50,1.58
2011.11.25 01:02:48.128,0.96963,0.96974,1.50,3.00
2011.11.25 01:02:48.726,0.96962,0.96972,1.50,2.25
2011.11.25 01:02:50.645,0.96966,0.96976,1.50,1.50
2011.11.25 01:02:51.554,0.96961,0.96971,2.25,1.50
2011.11.25 01:02:52.114,0.96962,0.96974,1.50,1.50
2011.11.25 01:02:52.694,0.96962,0.96974,2.25,1.50
2011.11.25 01:02:53.061,0.96967,0.96976,1.13,1.50
2011.11.25 01:02:53.309,0.96969,0.9698,1.13,1.50
2011.11.25 01:02:53.887,0.96969,0.96979,2.63,1.50
2011.11.25 01:02:54.007,0.9697,0.96982,2.78,2.25
2011.11.25 01:02:54.457,0.96971,0.96979,1.88,1.50
2011.11.25 01:02:54.816,0.9697,0.96979,1.50,1.50
2011.11.25 01:02:55.364,0.9697,0.9698,2.25,1.50
2011.11.25 01:02:55.958,0.96971,0.9698,1.50,1.50
2011.11.25 01:02:56.318,0.96973,0.96983,1.43,1.50
2011.11.25 01:02:56.776,0.96972,0.96983,2.25,1.50
2011.11.25 01:02:57.245,0.96974,0.96984,1.35,1.50
2011.11.25 01:02:58.192,0.96977,0.96987,1.50,1.50
2011.11.25 01:02:59.129,0.96976,0.96986,1.50,1.50
2011.11.25 01:02:59.248,0.96972,0.96982,1.50,1.50
2011.11.25 01:02:59.595,0.96978,0.96988,1.50,1.50
2011.11.25 01:03:00.668,0.96978,0.96988,2.25,1.50
2011.11.25 01:03:01.033,0.9698,0.96988,1.50,1.50
2011.11.25 01:03:01.159,0.96982,0.96991,1.28,1.50
2011.11.25 01:03:01.395,0.9698,0.96989,2.63,1.50
2011.11.25 01:03:01.963,0.9698,0.9699,3.38,1.50
2011.11.25 01:03:04.584,0.9698,0.9699,2.25,1.50
2011.11.25 01:03:05.638,0.96983,0.96995,2.25,1.50
2011.11.25 01:03:06.217,0.96982,0.96993,1.13,1.50
2011.11.25 01:03:06.568,0.96983,0.96993,1.88,1.50
2011.11.25 01:03:07.276,0.9699,0.97,1.50,1.50
2011.11.25 01:03:07.624,0.96988,0.96998,2.25,1.50
2011.11.25 01:03:08.338,0.96989,0.96998,1.50,1.50
2011.11.25 01:03:08.897,0.96989,0.96998,1.50,1.50
2011.11.25 01:03:09.466,0.96989,0.96998,1.50,1.50
2011.11.25 01:03:10.136,0.96982,0.96994,2.33,1.50
2011.11.25 01:03:10.378,0.96982,0.96994,2.25,1.50
2011.11.25 01:03:10.739,0.96992,0.97003,1.50,2.25
2011.11.25 01:03:10.967,0.96988,0.96994,1.13,1.50
2011.11.25 01:03:11.087,0.96985,0.96991,2.25,1.50
2011.11.25 01:03:11.208,0.96991,0.97004,1.50,1.50
2011.11.25 01:03:11.328,0.96988,0.97,1.50,1.50
2011.11.25 01:03:11.447,0.96985,0.96995,2.25,1.50
2011.11.25 01:03:11.689,0.96986,0.96998,2.25,1.50
2011.11.25 01:03:11.809,0.96992,0.97002,1.50,1.50
2011.11.25 01:03:12.322,0.96996,0.97006,1.50,1.50
2011.11.25 01:03:12.690,0.97006,0.97018,1.50,1.88
2011.11.25 01:03:12.811,0.97006,0.97018,1.50,1.50
2011.11.25 01:03:13.288,0.97006,0.97018,1.50,2.63
2011.11.25 01:03:13.408,0.96996,0.97006,3.00,1.50
2011.11.25 01:03:14.097,0.96993,0.97003,1.50,1.50
2011.11.25 01:03:14.686,0.9699,0.96999,1.50,1.50
2011.11.25 01:03:14.816,0.96992,0.97004,1.50,1.50
2011.11.25 01:03:15.389,0.96993,0.97005,1.50,1.50
2011.11.25 01:03:15.836,0.9699,0.97002,1.50,1.50
2011.11.25 01:03:16.855,0.96986,0.96998,3.00,1.50
2011.11.25 01:03:17.663,0.96988,0.96998,1.50,2.25
2011.11.25 01:03:18.134,0.9699,0.97,1.50,2.25
2011.11.25 01:03:18.373,0.96988,0.96998,1.50,2.25
2011.11.25 01:03:18.496,0.96988,0.96998,1.50,3.00
2011.11.25 01:03:18.616,0.96984,0.96994,2.25,1.50
2011.11.25 01:03:18.737,0.9698,0.96991,2.25,1.50
2011.11.25 01:03:18.978,0.9698,0.9699,1.50,1.50
2011.11.25 01:03:19.100,0.96976,0.96987,1.58,1.50
2011.11.25 01:03:19.546,0.96979,0.96989,1.50,1.50
2011.11.25 01:03:19.776,0.96975,0.96986,1.50,1.50
2011.11.25 01:03:19.899,0.96982,0.96994,1.50,3.00
2011.11.25 01:03:20.017,0.96982,0.96994,1.50,1.50
2011.11.25 01:03:20.765,0.9699,0.97,1.50,1.50
2011.11.25 01:03:20.888,0.96988,0.97,1.50,1.50
2011.11.25 01:03:21.009,0.96987,0.96997,1.50,1.50
2011.11.25 01:03:21.126,0.96988,0.97,1.50,1.50
2011.11.25 01:03:21.493,0.96986,0.96998,1.50,1.50
2011.11.25 01:03:21.846,0.96993,0.97005,1.50,1.50
2011.11.25 01:03:22.210,0.96985,0.96997,2.25,1.50
2011.11.25 01:03:22.327,0.96985,0.96997,1.50,1.50
2011.11.25 01:03:22.446,0.96984,0.96994,2.25,1.50
2011.11.25 01:03:22.678,0.96986,0.96998,1.50,1.50
2011.11.25 01:03:22.798,0.9699,0.97,1.50,1.50
2011.11.25 01:03:23.025,0.96991,0.97003,1.50,1.50
2011.11.25 01:03:23.144,0.96991,0.97001,1.50,1.50
2011.11.25 01:03:23.374,0.96989,0.97001,1.50,1.50
2011.11.25 01:03:24.272,0.96989,0.97001,4.50,1.50
2011.11.25 01:03:24.398,0.96994,0.97006,1.50,1.50
2011.11.25 01:03:24.862,0.96998,0.97008,1.50,1.50
2011.11.25 01:03:25.434,0.96991,0.97001,1.50,1.50
2011.11.25 01:03:25.898,0.96986,0.96996,3.83,1.50
2011.11.25 01:03:26.235,0.96986,0.96998,3.75,1.50
2011.11.25 01:03:26.793,0.96986,0.96998,2.25,1.50
2011.11.25 01:03:27.736,0.96989,0.96999,1.50,1.50
2011.11.25 01:03:29.647,0.96987,0.96997,1.50,1.50
2011.11.25 01:03:30.129,0.96989,0.96999,1.50,1.88
2011.11.25 01:03:30.685,0.96984,0.96994,1.50,1.50
2011.11.25 01:03:30.811,0.96984,0.96996,1.50,1.50
2011.11.25 01:03:31.506,0.96984,0.96994,1.50,1.50
2011.11.25 01:03:32.087,0.96983,0.96995,1.50,1.50
2011.11.25 01:03:34.576,0.96984,0.96996,1.50,1.50
2011.11.25 01:03:35.133,0.9699,0.96996,1.50,1.50
2011.11.25 01:03:35.267,0.96999,0.97011,1.50,3.00
2011.11.25 01:03:35.394,0.96997,0.97009,2.25,1.50
2011.11.25 01:03:35.845,0.96997,0.97009,2.25,2.63
2011.11.25 01:03:36.205,0.9699,0.97,1.50,1.50
2011.11.25 01:03:36.546,0.96988,0.97,1.50,1.50
2011.11.25 01:03:37.004,0.96991,0.97001,1.50,1.50
2011.11.25 01:03:37.797,0.96998,0.97008,1.50,1.95
2011.11.25 01:03:38.685,0.96996,0.97006,1.50,1.50
2011.11.25 01:03:39.050,0.96996,0.97008,1.50,1.50
2011.11.25 01:03:39.856,0.96995,0.97007,2.25,1.50
2011.11.25 01:03:40.317,0.96993,0.97003,2.33,1.50
2011.11.25 01:03:40.548,0.96989,0.97001,1.50,1.50
2011.11.25 01:03:41.108,0.96993,0.97003,1.50,1.50
2011.11.25 01:03:41.571,0.96997,0.97007,1.50,1.50
2011.11.25 01:03:42.213,0.97,0.9701,1.50,1.50
2011.11.25 01:03:42.579,0.96992,0.97002,2.33,2.25
2011.11.25 01:03:42.705,0.9699,0.97,5.85,1.50
2011.11.25 01:03:42.829,0.96995,0.97005,1.50,2.25
2011.11.25 01:03:43.412,0.96992,0.97004,2.78,2.63
2011.11.25 01:03:43.540,0.96992,0.97002,1.50,1.13
2011.11.25 01:03:43.657,0.96992,0.97003,1.50,2.63
2011.11.25 01:03:43.777,0.9699,0.97001,1.50,1.13
2011.11.25 01:03:44.486,0.9699,0.96999,1.50,1.13
2011.11.25 01:03:44.620,0.96984,0.96996,2.25,1.50
2011.11.25 01:03:45.190,0.96984,0.96996,3.00,1.50
2011.11.25 01:03:45.907,0.96985,0.96996,1.50,1.50
2011.11.25 01:03:46.026,0.96986,0.96998,1.50,1.50
2011.11.25 01:03:46.475,0.96986,0.96996,1.50,1.50
2011.11.25 01:03:47.236,0.96987,0.96997,1.50,1.50
2011.11.25 01:03:47.804,0.96986,0.96998,1.50,1.50
2011.11.25 01:03:48.946,0.96988,0.97,2.25,2.25
2011.11.25 01:03:49.525,0.96989,0.97001,2.63,2.25
2011.11.25 01:03:50.084,0.96989,0.97001,2.63,2.25
2011.11.25 01:03:50.931,0.96989,0.97001,3.38,2.25
2011.11.25 01:03:51.395,0.96989,0.97001,2.63,2.25
2011.11.25 01:03:51.626,0.96988,0.97,2.25,2.25
2011.11.25 01:03:52.184,0.96988,0.97,1.50,2.25
2011.11.25 01:03:54.705,0.96987,0.96997,1.50,1.50
2011.11.25 01:03:54.934,0.96985,0.96997,1.50,1.50
2011.11.25 01:03:55.055,0.96982,0.96997,5.33,1.50
2011.11.25 01:03:55.724,0.96983,0.97,3.00,2.25
2011.11.25 01:03:55.844,0.96983,0.96998,1.50,2.25
2011.11.25 01:03:55.966,0.96982,0.96995,3.08,1.50
2011.11.25 01:03:56.610,0.96983,0.97,3.08,2.25
2011.11.25 01:03:56.848,0.96984,0.97,1.50,2.25
2011.11.25 01:03:57.490,0.96983,0.96997,2.33,1.50
2011.11.25 01:03:57.767,0.96987,0.97002,1.50,2.25
2011.11.25 01:03:57.995,0.96995,0.97005,1.50,1.50
2011.11.25 01:03:58.116,0.96999,0.97009,1.50,2.25
2011.11.25 01:03:58.454,0.96996,0.97006,1.50,1.50
2011.11.25 01:03:59.014,0.96997,0.97007,1.50,2.25
2011.11.25 01:03:59.589,0.96997,0.97007,1.50,2.25
2011.11.25 01:03:59.950,0.96998,0.9701,1.50,2.25
2011.11.25 01:04:00.416,0.97,0.97012,1.88,2.25
2011.11.25 01:04:00.548,0.97007,0.97017,1.50,2.25
2011.11.25 01:04:00.671,0.97008,0.9702,1.50,2.25
2011.11.25 01:04:00.907,0.97002,0.97019,1.58,1.50
2011.11.25 01:04:01.151,0.96983,0.97,3.00,1.50
2011.11.25 01:04:01.282,0.96987,0.96994,1.05,2.25
2011.11.25 01:04:01.652,0.9699,0.97002,1.50,2.25
2011.11.25 01:04:01.902,0.96988,0.96998,1.50,2.25
2011.11.25 01:04:02.366,0.96988,0.96998,1.50,2.25
2011.11.25 01:04:03.279,0.96982,0.96994,1.50,1.50
2011.11.25 01:04:03.404,0.9698,0.96989,1.50,1.50
2011.11.25 01:04:03.532,0.96979,0.96989,1.50,1.50
2011.11.25 01:04:04.466,0.96979,0.96991,1.50,4.50
2011.11.25 01:04:05.107,0.96979,0.96989,1.50,1.50
2011.11.25 01:04:05.225,0.96976,0.96988,1.50,1.50
2011.11.25 01:04:05.349,0.96974,0.96986,2.25,1.50
2011.11.25 01:04:05.936,0.96975,0.96987,1.50,1.50
2011.11.25 01:04:06.274,0.9698,0.9699,1.50,2.25
2011.11.25 01:04:07.152,0.96981,0.96991,1.50,1.50
2011.11.25 01:04:07.752,0.9698,0.96991,1.50,1.50
2011.11.25 01:04:08.116,0.9697,0.96982,1.50,1.50
2011.11.25 01:04:08.597,0.96972,0.96984,1.50,2.33
2011.11.25 01:04:09.188,0.96972,0.96984,2.25,1.50
2011.11.25 01:04:09.549,0.96978,0.96989,1.50,1.50
2011.11.25 01:04:10.075,0.96982,0.96994,1.50,2.63
2011.11.25 01:04:10.535,0.9698,0.9699,1.50,1.50
2011.11.25 01:04:10.875,0.96982,0.96992,1.50,2.25
2011.11.25 01:04:11.655,0.96981,0.96991,1.50,1.50
2011.11.25 01:04:12.218,0.96981,0.96991,2.25,1.50
2011.11.25 01:04:12.585,0.96984,0.96991,2.25,1.50
2011.11.25 01:04:12.706,0.9699,0.97001,1.50,1.50
2011.11.25 01:04:12.829,0.9699,0.97002,1.50,1.50
2011.11.25 01:04:12.948,0.96988,0.97,1.50,1.50
2011.11.25 01:04:13.977,0.96987,0.96997,1.50,1.50
2011.11.25 01:04:14.336,0.96984,0.96994,2.25,1.50
2011.11.25 01:04:14.688,0.96981,0.96991,1.50,1.50
2011.11.25 01:04:14.918,0.96981,0.96993,1.50,2.25
2011.11.25 01:04:15.826,0.96981,0.96991,1.50,1.50
2011.11.25 01:04:16.406,0.96981,0.96993,3.00,2.25
2011.11.25 01:04:17.026,0.96991,0.96998,3.08,1.73
2011.11.25 01:04:17.428,0.97,0.97004,1.50,2.63
2011.11.25 01:04:17.559,0.96974,0.96986,2.25,1.50
2011.11.25 01:04:17.680,0.96976,0.96988,1.50,1.50
2011.11.25 01:04:18.265,0.96977,0.96989,1.50,1.50
2011.11.25 01:04:19.316,0.96976,0.96988,1.50,1.50
2011.11.25 01:04:22.205,0.96976,0.96988,1.50,3.00
2011.11.25 01:04:22.327,0.96974,0.96986,1.50,2.25
2011.11.25 01:04:22.448,0.96974,0.96984,1.50,2.25
2011.11.25 01:04:23.007,0.96975,0.96983,1.50,1.58
2011.11.25 01:04:23.127,0.96973,0.96983,1.50,1.58
2011.11.25 01:04:23.245,0.96973,0.96985,1.50,4.88
2011.11.25 01:04:23.370,0.96973,0.96985,2.25,1.58
2011.11.25 01:04:23.485,0.96973,0.96985,3.00,1.50
2011.11.25 01:04:23.725,0.96977,0.96987,1.50,1.50
2011.11.25 01:04:24.111,0.96979,0.96989,1.50,2.25
2011.11.25 01:04:24.454,0.96977,0.96987,1.50,1.50
2011.11.25 01:04:25.060,0.96979,0.9699,1.50,1.50
2011.11.25 01:04:25.307,0.96973,0.96983,1.50,1.50
2011.11.25 01:04:25.547,0.96974,0.96986,1.50,1.50
2011.11.25 01:04:25.665,0.96978,0.96988,1.50,2.25
2011.11.25 01:04:26.323,0.96978,0.96988,1.50,2.25
2011.11.25 01:04:29.577,0.96975,0.96987,1.50,1.50
2011.11.25 01:04:30.140,0.96975,0.96987,2.25,1.50
2011.11.25 01:04:30.264,0.96982,0.96992,1.50,1.50
2011.11.25 01:04:30.386,0.9698,0.9699,1.50,1.50
2011.11.25 01:04:31.835,0.96975,0.96985,1.50,1.50
2011.11.25 01:04:32.187,0.96969,0.96979,3.00,1.50
2011.11.25 01:04:32.536,0.96971,0.96981,3.00,1.50
2011.11.25 01:04:32.898,0.96979,0.96991,1.50,2.25
2011.11.25 01:04:33.470,0.9698,0.9699,1.50,1.50
2011.11.25 01:04:33.713,0.96987,0.97,2.25,3.38
2011.11.25 01:04:34.221,0.96991,0.97,1.50,2.25
2011.11.25 01:04:34.471,0.96993,0.97003,2.25,1.50
2011.11.25 01:04:35.937,0.96994,0.97004,1.50,2.25
2011.11.25 01:04:36.980,0.96994,0.97004,2.25,1.50
2011.11.25 01:04:37.555,0.96994,0.97004,1.50,1.50
2011.11.25 01:04:38.194,0.96994,0.97004,1.50,2.25
2011.11.25 01:04:38.327,0.96988,0.97,2.25,1.50
2011.11.25 01:04:38.915,0.96989,0.97001,1.50,1.50
2011.11.25 01:04:39.667,0.96988,0.97,2.25,1.50
2011.11.25 01:04:39.790,0.9699,0.97,1.50,1.50
2011.11.25 01:04:40.566,0.96988,0.97,2.25,1.50
2011.11.25 01:04:40.799,0.96986,0.96998,2.25,1.50
2011.11.25 01:04:41.156,0.96986,0.96998,2.25,1.50
2011.11.25 01:04:41.715,0.96986,0.96996,2.25,1.50
2011.11.25 01:04:42.757,0.96983,0.96993,1.58,1.50
2011.11.25 01:04:43.337,0.96985,0.96995,1.50,2.25
2011.11.25 01:04:43.689,0.96983,0.96995,1.50,2.25
2011.11.25 01:04:44.358,0.96984,0.96996,1.50,2.25
2011.11.25 01:04:45.096,0.96984,0.96996,1.50,2.25
2011.11.25 01:04:45.227,0.96989,0.97001,1.50,3.00
2011.11.25 01:04:45.576,0.96985,0.96997,1.50,1.50
2011.11.25 01:04:45.804,0.96987,0.96999,1.50,1.50
2011.11.25 01:04:47.380,0.96986,0.96996,1.50,1.50
2011.11.25 01:04:47.744,0.96984,0.96994,2.25,1.50
2011.11.25 01:04:48.108,0.96984,0.96996,1.50,3.00
2011.11.25 01:04:48.224,0.96984,0.96996,1.50,3.00
2011.11.25 01:04:48.346,0.96982,0.96994,1.50,2.25
2011.11.25 01:04:49.355,0.96984,0.96994,1.50,2.25
2011.11.25 01:04:49.696,0.96994,0.97003,1.50,1.13
2011.11.25 01:04:49.815,0.96994,0.97003,1.50,1.50
2011.11.25 01:04:50.475,0.96992,0.97002,1.50,1.50
2011.11.25 01:04:53.729,0.96992,0.97002,1.50,2.25
2011.11.25 01:04:53.968,0.96992,0.97002,1.50,2.25
2011.11.25 01:04:54.092,0.96987,0.96997,2.33,1.50
2011.11.25 01:04:54.218,0.96991,0.97003,1.50,2.25
2011.11.25 01:04:54.336,0.96991,0.97003,1.50,3.00
2011.11.25 01:04:54.460,0.96985,0.96997,1.50,1.50
2011.11.25 01:04:54.697,0.96985,0.96997,1.50,2.25
2011.11.25 01:04:55.148,0.96984,0.96996,1.50,2.25
2011.11.25 01:04:55.704,0.96984,0.96996,1.50,2.25
2011.11.25 01:04:56.882,0.96984,0.96996,1.50,2.25
2011.11.25 01:04:57.460,0.96984,0.96996,1.50,2.25
2011.11.25 01:04:57.816,0.96987,0.96999,1.50,3.00
2011.11.25 01:04:58.153,0.96986,0.96996,1.50,1.50
2011.11.25 01:04:59.595,0.96987,0.96997,1.50,1.50
2011.11.25 01:05:00.266,0.96986,0.96996,1.50,1.50
2011.11.25 01:05:00.617,0.9699,0.97,1.50,1.50
2011.11.25 01:05:01.303,0.96994,0.97004,1.50,2.25
2011.11.25 01:05:01.433,0.96996,0.97006,1.50,1.50
2011.11.25 01:05:02.247,0.96993,0.97003,1.50,1.50
2011.11.25 01:05:02.365,0.96991,0.97002,1.13,1.50
2011.11.25 01:05:03.616,0.96991,0.97003,2.25,2.25
2011.11.25 01:05:04.175,0.9699,0.97002,2.25,1.50
2011.11.25 01:05:05.619,0.96992,0.97002,1.50,1.50
2011.11.25 01:05:06.503,0.9699,0.97002,2.25,1.50
2011.11.25 01:05:08.041,0.96992,0.97002,1.50,1.50
2011.11.25 01:05:08.615,0.96994,0.97006,1.50,2.25
2011.11.25 01:05:09.194,0.96994,0.97006,1.50,1.50
2011.11.25 01:05:10.232,0.96994,0.97006,1.50,2.25
2011.11.25 01:05:11.016,0.96992,0.97002,1.50,1.50
2011.11.25 01:05:11.806,0.96994,0.97004,1.50,1.50
2011.11.25 01:05:11.927,0.96996,0.97008,1.50,2.25
2011.11.25 01:05:12.517,0.96996,0.97006,1.50,1.50
2011.11.25 01:05:12.638,0.96993,0.97005,1.50,1.50
2011.11.25 01:05:13.085,0.96993,0.97003,1.50,1.50
2011.11.25 01:05:13.205,0.96994,0.97006,1.50,2.25
2011.11.25 01:05:13.326,0.96991,0.97001,2.25,1.50
2011.11.25 01:05:13.446,0.96988,0.97,2.25,1.50
2011.11.25 01:05:14.224,0.96989,0.97001,2.25,1.50
2011.11.25 01:05:14.676,0.96991,0.97003,1.50,3.00
2011.11.25 01:05:15.566,0.96992,0.97003,1.50,1.50
2011.11.25 01:05:15.904,0.96994,0.97003,1.50,1.50
2011.11.25 01:05:16.475,0.96993,0.97003,1.50,3.00
2011.11.25 01:05:17.044,0.96993,0.97003,1.50,2.25
2011.11.25 01:05:17.817,0.96992,0.97004,1.50,3.00
2011.11.25 01:05:18.179,0.96994,0.97004,1.50,1.50
2011.11.25 01:05:18.537,0.96992,0.97004,1.50,2.25
2011.11.25 01:05:19.198,0.96993,0.97005,1.50,2.25
2011.11.25 01:05:19.777,0.96993,0.97005,1.50,2.25
2011.11.25 01:05:20.126,0.96995,0.97007,1.50,1.50
2011.11.25 01:05:20.487,0.96986,0.96998,3.00,1.50
2011.11.25 01:05:20.718,0.96986,0.96996,1.50,1.50
2011.11.25 01:05:20.961,0.9699,0.97002,1.50,2.25
2011.11.25 01:05:21.210,0.96987,0.96999,1.50,1.50
2011.11.25 01:05:24.186,0.96991,0.97,1.50,1.13
2011.11.25 01:05:24.417,0.96991,0.97003,1.50,2.63
2011.11.25 01:05:24.991,0.96991,0.97001,1.50,1.50
2011.11.25 01:05:25.599,0.96992,0.97002,1.50,1.50
2011.11.25 01:05:25.720,0.96995,0.97007,1.50,2.25
2011.11.25 01:05:25.836,0.96997,0.97007,1.50,2.25
2011.11.25 01:05:26.397,0.96996,0.97006,1.50,1.50
2011.11.25 01:05:29.138,0.96992,0.97007,1.50,2.25
2011.11.25 01:05:31.734,0.96998,0.9701,1.50,2.25
2011.11.25 01:05:32.257,0.96998,0.97008,1.50,1.50
2011.11.25 01:05:34.125,0.96998,0.9701,1.50,2.25
2011.11.25 01:05:37.039,0.97,0.97012,1.50,3.00
2011.11.25 01:05:37.413,0.96999,0.97009,1.50,1.50
2011.11.25 01:05:39.135,0.96998,0.97008,1.50,1.50
2011.11.25 01:05:40.108,0.97,0.97012,1.50,3.08
2011.11.25 01:05:40.229,0.97001,0.97012,1.50,1.58
2011.11.25 01:05:40.585,0.97006,0.97016,2.25,1.50
2011.11.25 01:05:42.345,0.97006,0.97016,2.25,1.50
2011.11.25 01:05:42.906,0.97005,0.97017,3.00,1.20
2011.11.25 01:05:43.245,0.97005,0.97014,1.50,1.20
2011.11.25 01:05:44.256,0.97004,0.97014,2.25,1.20
2011.11.25 01:05:44.606,0.97003,0.97011,1.50,1.20
2011.11.25 01:05:45.263,0.97003,0.9701,1.50,1.28
2011.11.25 01:05:45.500,0.97003,0.97013,1.50,1.28
2011.11.25 01:05:46.054,0.97003,0.97012,1.50,1.35
2011.11.25 01:05:46.646,0.97003,0.97013,1.50,1.43
2011.11.25 01:05:48.874,0.97003,0.97011,1.50,1.50
2011.11.25 01:05:49.433,0.97003,0.97013,1.50,1.50
2011.11.25 01:05:49.994,0.97002,0.97014,2.25,1.50
2011.11.25 01:05:50.224,0.97,0.97011,2.25,1.50
2011.11.25 01:05:51.346,0.97002,0.97014,2.25,1.50
2011.11.25 01:05:51.575,0.97004,0.97014,1.50,1.50
2011.11.25 01:05:51.914,0.97002,0.97014,2.25,1.50
2011.11.25 01:05:52.145,0.97004,0.97016,1.50,1.50
2011.11.25 01:05:52.728,0.97002,0.97012,2.25,1.50
2011.11.25 01:05:53.072,0.97,0.97011,1.50,1.50
2011.11.25 01:05:53.775,0.96997,0.97005,1.50,1.50
2011.11.25 01:05:54.695,0.96997,0.97007,3.75,1.50
2011.11.25 01:05:55.037,0.97003,0.97007,1.50,1.50
2011.11.25 01:05:55.160,0.97009,0.97017,2.85,1.50
2011.11.25 01:05:55.279,0.97009,0.97021,2.85,1.50
2011.11.25 01:05:55.398,0.97008,0.97019,1.73,1.50
2011.11.25 01:05:55.757,0.97007,0.97015,1.50,1.50
2011.11.25 01:05:56.117,0.97007,0.97015,1.50,1.50
2011.11.25 01:05:56.919,0.97001,0.9701,3.08,1.50
2011.11.25 01:05:57.449,0.97001,0.9701,1.50,1.50
2011.11.25 01:05:58.238,0.97,0.9701,3.00,1.50
2011.11.25 01:05:58.721,0.9699,0.97,2.25,1.50
2011.11.25 01:05:58.849,0.9699,0.97,2.25,1.50
2011.11.25 01:05:59.634,0.96991,0.97003,1.50,1.50
2011.11.25 01:06:00.697,0.96991,0.97003,2.25,1.50
2011.11.25 01:06:01.060,0.96995,0.97004,1.88,1.50
2011.11.25 01:06:01.398,0.97,0.97012,2.25,1.50
2011.11.25 01:06:02.156,0.97,0.97012,2.25,1.50
2011.11.25 01:06:02.286,0.96997,0.97009,2.25,1.50
2011.11.25 01:06:02.627,0.96996,0.97005,1.50,1.50
2011.11.25 01:06:03.856,0.96996,0.97005,1.50,1.50
2011.11.25 01:06:04.316,0.97,0.9701,1.50,1.50
2011.11.25 01:06:04.874,0.97,0.9701,2.25,1.50
2011.11.25 01:06:05.656,0.97,0.9701,2.25,1.50
2011.11.25 01:06:06.225,0.97,0.9701,2.25,1.50
2011.11.25 01:06:06.813,0.97,0.9701,2.25,1.50
2011.11.25 01:06:08.785,0.97,0.9701,2.25,1.50
2011.11.25 01:06:09.526,0.97,0.9701,1.50,1.50
2011.11.25 01:06:14.985,0.97002,0.97012,1.50,1.50
2011.11.25 01:06:15.214,0.96999,0.97011,2.25,1.50
2011.11.25 01:06:15.795,0.97001,0.97013,1.50,1.50
2011.11.25 01:06:16.025,0.97001,0.97013,2.25,1.50
2011.11.25 01:06:17.655,0.97001,0.97013,3.00,1.50
2011.11.25 01:06:17.774,0.97001,0.97013,3.00,1.50
2011.11.25 01:06:18.007,0.97001,0.97011,2.25,1.50
2011.11.25 01:06:18.126,0.97001,0.97011,2.25,1.50
2011.11.25 01:06:20.493,0.97002,0.97012,1.50,1.50
2011.11.25 01:06:20.619,0.97002,0.97012,2.25,1.50
2011.11.25 01:06:20.848,0.97004,0.97014,2.25,1.50
2011.11.25 01:06:21.845,0.97002,0.97014,2.25,1.50
2011.11.25 01:06:21.966,0.97002,0.97014,2.25,1.50
2011.11.25 01:06:22.194,0.97001,0.97012,1.50,1.50
2011.11.25 01:06:22.316,0.97,0.97012,2.25,1.50
2011.11.25 01:06:22.939,0.96998,0.9701,1.50,1.50
2011.11.25 01:06:23.286,0.96996,0.97006,1.50,1.50
2011.11.25 01:06:25.175,0.96997,0.97007,1.50,1.50
2011.11.25 01:06:25.735,0.96996,0.97006,1.50,1.50
2011.11.25 01:06:27.328,0.96995,0.97005,1.50,1.50
2011.11.25 01:06:29.663,0.96995,0.97005,1.50,2.25
2011.11.25 01:06:29.787,0.96992,0.97004,1.50,2.25
2011.11.25 01:06:29.905,0.9699,0.97002,2.25,1.50
2011.11.25 01:06:30.364,0.96992,0.97002,1.50,1.50
2011.11.25 01:06:30.836,0.9699,0.97002,1.50,1.50
2011.11.25 01:06:31.298,0.96992,0.97002,2.25,1.50
2011.11.25 01:06:31.538,0.96995,0.97007,1.50,2.25
2011.11.25 01:06:31.660,0.96999,0.97011,1.50,2.25
2011.11.25 01:06:31.886,0.96999,0.97011,1.50,1.50
2011.11.25 01:06:32.227,0.96998,0.97008,1.50,1.50
2011.11.25 01:06:33.606,0.97002,0.97012,1.50,1.50
2011.11.25 01:06:34.185,0.97001,0.97011,1.50,1.50
2011.11.25 01:06:34.975,0.97002,0.97012,1.50,1.50
2011.11.25 01:06:35.535,0.97001,0.97013,2.25,1.50
2011.11.25 01:06:36.130,0.97,0.97012,2.25,1.50
2011.11.25 01:06:37.518,0.97001,0.97011,2.25,1.50
2011.11.25 01:06:37.755,0.96995,0.97007,2.25,1.50
2011.11.25 01:06:38.095,0.96998,0.97008,2.25,1.50
2011.11.25 01:06:39.188,0.96995,0.97005,3.00,1.50
2011.11.25 01:06:39.535,0.96995,0.97005,2.25,1.50
2011.11.25 01:06:40.094,0.96995,0.97005,2.25,1.50
2011.11.25 01:06:40.435,0.96997,0.97009,1.50,1.50
2011.11.25 01:06:40.678,0.96999,0.97009,1.50,1.50
2011.11.25 01:06:41.125,0.96997,0.97009,1.50,1.50
2011.11.25 01:06:41.587,0.96999,0.97009,1.50,1.50
2011.11.25 01:06:41.934,0.97002,0.97012,1.50,1.50
2011.11.25 01:06:42.275,0.97,0.97012,1.50,1.50
2011.11.25 01:06:42.506,0.97002,0.97012,1.50,1.50
2011.11.25 01:06:42.845,0.97004,0.97014,1.50,1.50
2011.11.25 01:06:43.647,0.96999,0.97009,2.25,1.50
2011.11.25 01:06:44.295,0.96994,0.97006,1.50,1.50
2011.11.25 01:06:44.634,0.96996,0.97008,1.50,1.50
2011.11.25 01:06:45.528,0.96995,0.97007,1.50,1.50
2011.11.25 01:06:46.795,0.96996,0.97008,1.50,1.50
2011.11.25 01:06:49.060,0.96995,0.97007,2.25,1.50
2011.11.25 01:06:49.637,0.96995,0.97007,1.50,2.25
2011.11.25 01:06:50.280,0.96997,0.97007,1.50,2.25
2011.11.25 01:06:50.929,0.96997,0.97007,1.50,1.50
2011.11.25 01:06:51.476,0.96996,0.97006,1.50,1.50
2011.11.25 01:06:52.696,0.96998,0.97008,1.50,2.25
2011.11.25 01:06:53.275,0.96999,0.97009,1.50,2.25
2011.11.25 01:06:54.237,0.96999,0.97011,1.50,2.25
2011.11.25 01:06:55.170,0.96998,0.97008,1.50,1.50
2011.11.25 01:06:55.741,0.96999,0.97009,1.50,1.50
2011.11.25 01:06:56.095,0.96996,0.97006,1.50,1.50
2011.11.25 01:06:56.945,0.96997,0.97009,1.50,2.25
2011.11.25 01:07:01.368,0.96997,0.97009,1.50,2.25
2011.11.25 01:07:02.059,0.96997,0.97009,1.50,2.25
2011.11.25 01:07:02.624,0.96996,0.97006,1.50,1.50
2011.11.25 01:07:04.958,0.96989,0.97001,2.25,1.50
2011.11.25 01:07:05.437,0.96988,0.97,1.50,1.50
2011.11.25 01:07:05.558,0.96992,0.97002,1.50,1.50
2011.11.25 01:07:05.915,0.96992,0.97004,1.50,1.50
2011.11.25 01:07:06.255,0.96992,0.97002,1.50,1.50
2011.11.25 01:07:06.995,0.96994,0.97006,1.50,1.50
2011.11.25 01:07:07.114,0.96996,0.97008,1.50,2.25
2011.11.25 01:07:07.234,0.96993,0.97005,1.50,1.50
2011.11.25 01:07:07.689,0.96993,0.97003,1.50,1.50
2011.11.25 01:07:08.624,0.96994,0.97004,1.50,1.50
2011.11.25 01:07:09.859,0.97,0.9701,1.50,2.25
2011.11.25 01:07:10.525,0.97,0.97012,1.50,1.50
2011.11.25 01:07:10.647,0.97001,0.97013,2.25,2.25
2011.11.25 01:07:10.987,0.97004,0.97014,1.50,1.50
2011.11.25 01:07:11.564,0.97003,0.97013,1.50,1.50
2011.11.25 01:07:12.505,0.96999,0.97011,2.25,1.50
2011.11.25 01:07:13.064,0.96999,0.97011,2.33,1.50
2011.11.25 01:07:13.978,0.97002,0.97012,1.50,1.50
2011.11.25 01:07:14.435,0.97003,0.97015,1.50,1.50
2011.11.25 01:07:14.556,0.97003,0.97013,1.50,1.50
2011.11.25 01:07:15.140,0.96998,0.97009,1.50,1.50
2011.11.25 01:07:15.594,0.96999,0.97011,1.50,1.50
2011.11.25 01:07:18.914,0.96999,0.97011,1.50,2.78
2011.11.25 01:07:19.040,0.96995,0.97005,1.50,1.50
2011.11.25 01:07:19.279,0.9699,0.97002,1.50,1.50
2011.11.25 01:07:19.399,0.96993,0.97003,1.50,2.25
2011.11.25 01:07:19.756,0.96997,0.97009,1.50,2.25
2011.11.25 01:07:20.096,0.96999,0.97009,1.50,2.25
2011.11.25 01:07:20.335,0.96996,0.97006,1.50,1.50
2011.11.25 01:07:20.808,0.96996,0.97006,1.50,3.30
2011.11.25 01:07:21.343,0.96989,0.97001,1.50,1.50
2011.11.25 01:07:21.473,0.96992,0.97004,1.50,2.25
2011.11.25 01:07:21.826,0.96994,0.97004,1.50,1.50
2011.11.25 01:07:22.175,0.96998,0.97008,1.50,2.25
2011.11.25 01:07:22.514,0.96996,0.97008,1.50,2.25
2011.11.25 01:07:23.294,0.96997,0.97007,1.50,1.50
2011.11.25 01:07:23.528,0.96993,0.97003,1.50,1.50
2011.11.25 01:07:23.875,0.96998,0.97008,1.50,1.50
2011.11.25 01:07:24.235,0.97001,0.97011,1.50,2.25
2011.11.25 01:07:24.359,0.96998,0.9701,1.50,1.50
2011.11.25 01:07:24.475,0.97002,0.97012,1.50,2.63
2011.11.25 01:07:24.596,0.96998,0.9701,1.50,2.25
2011.11.25 01:07:25.046,0.96996,0.97006,1.50,1.50
2011.11.25 01:07:25.164,0.96996,0.97008,1.50,1.50
2011.11.25 01:07:26.097,0.96996,0.97006,1.50,1.50
2011.11.25 01:07:26.437,0.96996,0.97008,1.50,2.25
2011.11.25 01:07:26.886,0.96996,0.97008,1.50,2.25
2011.11.25 01:07:27.238,0.96993,0.97005,1.50,2.25
2011.11.25 01:07:27.466,0.96996,0.97006,1.50,2.25
2011.11.25 01:07:28.057,0.96996,0.97008,1.50,2.25
2011.11.25 01:07:28.614,0.96997,0.97007,1.50,2.25
2011.11.25 01:07:29.625,0.96997,0.97009,1.50,2.25
2011.11.25 01:07:30.700,0.96997,0.97009,1.50,2.25
2011.11.25 01:07:30.817,0.96994,0.97006,1.50,2.25
2011.11.25 01:07:30.936,0.96998,0.97008,1.50,2.25
2011.11.25 01:07:31.493,0.96998,0.97008,1.50,2.25
2011.11.25 01:07:32.397,0.96998,0.97008,1.50,2.25
2011.11.25 01:07:32.784,0.96995,0.97007,1.50,2.25
2011.11.25 01:07:33.237,0.96995,0.97004,1.50,1.13
2011.11.25 01:07:33.709,0.96993,0.97003,1.50,2.25
2011.11.25 01:07:33.829,0.96988,0.97,2.33,1.50
2011.11.25 01:07:34.065,0.96987,0.96997,1.50,1.88
2011.11.25 01:07:34.428,0.96989,0.96999,1.50,1.13
2011.11.25 01:07:34.996,0.96988,0.96998,1.50,1.58
2011.11.25 01:07:35.117,0.9699,0.97,1.50,3.00
2011.11.25 01:07:35.678,0.96989,0.96999,1.50,1.50
2011.11.25 01:07:36.685,0.9699,0.97,1.50,3.00
2011.11.25 01:07:37.139,0.96994,0.97003,1.50,1.58
2011.11.25 01:07:37.499,0.96997,0.97007,1.50,2.40
2011.11.25 01:07:37.618,0.96995,0.97007,1.50,2.40
2011.11.25 01:07:37.740,0.96993,0.97005,1.50,1.50
2011.11.25 01:07:38.315,0.96994,0.97006,1.50,1.50
2011.11.25 01:07:38.435,0.96992,0.97004,1.50,1.50
2011.11.25 01:07:38.776,0.96995,0.97007,1.50,2.25
2011.11.25 01:07:41.413,0.96994,0.97004,1.50,1.50
2011.11.25 01:07:42.088,0.96993,0.97003,1.50,1.50
2011.11.25 01:07:42.426,0.96991,0.97001,1.50,1.50
2011.11.25 01:07:43.525,0.96992,0.97002,1.50,1.50
2011.11.25 01:07:44.195,0.9699,0.97002,1.50,1.50
2011.11.25 01:07:44.315,0.96992,0.97004,1.50,2.25
2011.11.25 01:07:44.664,0.96996,0.97006,1.50,1.50
2011.11.25 01:07:45.555,0.96993,0.97005,1.50,1.50
2011.11.25 01:07:46.699,0.96989,0.96999,2.25,1.50
2011.11.25 01:07:47.379,0.96986,0.96998,3.00,1.50
2011.11.25 01:07:47.616,0.96995,0.97005,1.50,2.25
2011.11.25 01:07:48.175,0.96995,0.97005,1.50,2.25
2011.11.25 01:07:48.296,0.96988,0.97,2.25,1.50
2011.11.25 01:07:48.416,0.9699,0.97,1.50,1.50
2011.11.25 01:07:49.097,0.96987,0.96997,1.50,1.50
2011.11.25 01:07:49.327,0.96987,0.96999,1.50,1.50
2011.11.25 01:07:50.174,0.96986,0.96998,1.50,1.50
2011.11.25 01:07:51.316,0.96985,0.96997,2.25,1.50
2011.11.25 01:07:51.984,0.96987,0.96997,1.50,1.50
2011.11.25 01:07:53.839,0.96991,0.97001,1.50,1.50
2011.11.25 01:07:54.407,0.96988,0.97,1.50,1.50
2011.11.25 01:07:55.605,0.96989,0.97001,1.50,1.50
2011.11.25 01:07:56.600,0.9699,0.97,1.50,1.50
2011.11.25 01:07:56.726,0.96988,0.97,2.25,1.50
2011.11.25 01:07:57.614,0.9699,0.97,1.50,1.50
2011.11.25 01:07:59.607,0.96988,0.97,2.25,1.50
2011.11.25 01:08:00.835,0.96991,0.97003,1.50,1.50
2011.11.25 01:08:01.343,0.96992,0.97002,1.50,1.50
2011.11.25 01:08:01.464,0.9699,0.97002,1.50,1.50
2011.11.25 01:08:03.249,0.96992,0.97004,2.25,1.50
2011.11.25 01:08:03.608,0.97,0.97012,1.50,1.50
2011.11.25 01:08:03.728,0.97003,0.97013,1.50,1.50
2011.11.25 01:08:04.199,0.97,0.97012,1.50,1.50
2011.11.25 01:08:04.557,0.96998,0.9701,2.25,1.50
2011.11.25 01:08:05.931,0.96998,0.97008,2.25,1.50
2011.11.25 01:08:06.530,0.96996,0.97006,1.50,1.50
2011.11.25 01:08:07.546,0.96994,0.97004,1.50,1.50
2011.11.25 01:08:08.586,0.96995,0.97007,1.50,2.25
2011.11.25 01:08:09.727,0.96997,0.97007,1.50,1.50
2011.11.25 01:08:11.494,0.96996,0.97006,1.50,1.50
2011.11.25 01:08:14.985,0.96996,0.97008,1.50,1.50
2011.11.25 01:08:15.543,0.96995,0.97007,2.25,1.50
2011.11.25 01:08:16.104,0.96995,0.97007,2.25,1.50
2011.11.25 01:08:19.476,0.97,0.97012,1.50,3.08
2011.11.25 01:08:19.608,0.97003,0.97013,1.50,1.50
2011.11.25 01:08:19.985,0.97001,0.97011,1.50,1.50
2011.11.25 01:08:23.912,0.97003,0.97013,1.95,1.50
2011.11.25 01:08:24.280,0.97007,0.97016,1.58,1.50
2011.11.25 01:08:24.853,0.97008,0.97019,1.50,1.50
2011.11.25 01:08:27.366,0.97007,0.97019,3.08,1.50
2011.11.25 01:08:28.257,0.97007,0.97019,3.08,2.25
2011.11.25 01:08:28.719,0.97006,0.97016,2.25,2.25
2011.11.25 01:08:28.838,0.97003,0.97013,2.33,1.50
2011.11.25 01:08:29.066,0.97001,0.97011,1.50,1.50
2011.11.25 01:08:29.596,0.97,0.9701,1.50,1.50
2011.11.25 01:08:37.270,0.97001,0.97013,2.63,1.50
2011.11.25 01:08:37.389,0.97006,0.97016,1.50,2.25
2011.11.25 01:08:37.895,0.97007,0.97019,1.50,1.50
2011.11.25 01:08:38.125,0.97006,0.97017,1.88,1.50
2011.11.25 01:08:38.478,0.97007,0.97017,2.25,1.50
2011.11.25 01:08:38.830,0.97015,0.97025,1.13,1.50
2011.11.25 01:08:39.071,0.97018,0.97028,2.25,1.50
2011.11.25 01:08:39.188,0.97014,0.97026,3.00,1.50
2011.11.25 01:08:39.429,0.97012,0.97022,2.25,1.50
2011.11.25 01:08:39.986,0.97012,0.97022,2.25,1.50
2011.11.25 01:08:40.544,0.97012,0.97022,3.00,1.50
2011.11.25 01:08:40.975,0.97014,0.97022,1.50,1.50
2011.11.25 01:08:41.558,0.97016,0.97022,1.50,1.50
2011.11.25 01:08:41.796,0.97016,0.97025,1.88,1.50
2011.11.25 01:08:42.354,0.97013,0.97025,2.25,1.50
2011.11.25 01:08:43.838,0.97013,0.97023,2.25,1.50
2011.11.25 01:08:44.075,0.97013,0.97023,1.50,1.50
2011.11.25 01:08:46.816,0.97013,0.97023,2.25,1.50
2011.11.25 01:08:47.478,0.97014,0.97023,1.88,1.50
2011.11.25 01:08:48.365,0.97013,0.97023,2.25,1.50
2011.11.25 01:08:48.923,0.97012,0.97022,1.13,1.50
2011.11.25 01:08:49.815,0.97013,0.97022,1.50,1.50
2011.11.25 01:08:50.635,0.97013,0.97022,1.88,1.50
2011.11.25 01:08:50.984,0.97011,0.97022,1.50,1.50
2011.11.25 01:08:51.544,0.97011,0.97022,1.50,1.50
2011.11.25 01:08:55.386,0.97011,0.97022,1.50,1.50
2011.11.25 01:08:57.017,0.97012,0.97022,1.50,1.50
2011.11.25 01:08:58.503,0.97011,0.97022,1.88,1.50
2011.11.25 01:08:59.234,0.97011,0.97022,1.88,1.50
2011.11.25 01:09:00.216,0.97013,0.97022,1.50,1.50
2011.11.25 01:09:00.336,0.97016,0.97026,2.25,1.50
2011.11.25 01:09:00.575,0.97016,0.97026,3.00,1.50
2011.11.25 01:09:01.247,0.97017,0.97026,1.50,1.50
2011.11.25 01:09:01.597,0.97016,0.97023,2.25,1.50
2011.11.25 01:09:01.838,0.97014,0.97023,2.63,1.50
2011.11.25 01:09:02.406,0.97014,0.97024,2.25,1.50
2011.11.25 01:09:03.011,0.97016,0.97026,3.38,1.50
2011.11.25 01:09:03.558,0.97014,0.97024,2.25,1.50
2011.11.25 01:09:03.680,0.97018,0.97028,1.50,1.50
2011.11.25 01:09:05.535,0.97016,0.97026,2.25,1.50
2011.11.25 01:09:06.016,0.97016,0.97024,1.13,1.50
2011.11.25 01:09:06.597,0.97015,0.97025,3.00,1.50
2011.11.25 01:09:07.812,0.97015,0.97025,3.00,1.50
2011.11.25 01:09:08.339,0.97016,0.97026,2.25,1.50
2011.11.25 01:09:08.698,0.97012,0.97022,1.50,1.50
2011.11.25 01:09:09.266,0.97013,0.97023,1.50,1.50
2011.11.25 01:09:09.836,0.97013,0.97025,1.88,1.50
2011.11.25 01:09:11.206,0.97013,0.97023,2.25,1.50
2011.11.25 01:09:11.764,0.97014,0.97024,1.50,1.50
2011.11.25 01:09:14.780,0.97013,0.97023,1.50,1.50
2011.11.25 01:09:17.217,0.97013,0.97025,1.50,1.50
2011.11.25 01:09:17.554,0.97013,0.97023,1.50,1.50
2011.11.25 01:09:18.116,0.97014,0.97024,1.50,1.50
2011.11.25 01:09:18.845,0.97018,0.9703,2.25,1.50
2011.11.25 01:09:18.981,0.97026,0.97034,1.50,1.50
2011.11.25 01:09:19.112,0.97028,0.9704,3.38,2.25
2011.11.25 01:09:19.242,0.97029,0.9704,1.13,2.25
2011.11.25 01:09:19.491,0.97036,0.97047,1.50,1.50
2011.11.25 01:09:19.617,0.97034,0.97046,1.50,2.25
2011.11.25 01:09:19.851,0.9703,0.97042,2.25,1.50
2011.11.25 01:09:20.328,0.9703,0.97042,1.50,4.13
2011.11.25 01:09:20.448,0.97027,0.97037,1.50,1.50
2011.11.25 01:09:20.568,0.97022,0.97034,1.50,1.50
2011.11.25 01:09:21.305,0.97024,0.97036,1.50,2.25
2011.11.25 01:09:22.456,0.97024,0.97036,1.50,2.25
2011.11.25 01:09:22.809,0.97015,0.97025,2.25,1.50
2011.11.25 01:09:22.930,0.97015,0.97025,1.50,1.50
2011.11.25 01:09:23.047,0.97015,0.97025,1.50,2.25
2011.11.25 01:09:23.167,0.97013,0.97023,1.50,2.25
2011.11.25 01:09:23.287,0.9701,0.97022,1.50,2.25
2011.11.25 01:09:23.968,0.9701,0.97022,1.50,2.25
2011.11.25 01:09:24.586,0.97003,0.97015,3.00,2.25
2011.11.25 01:09:24.953,0.97006,0.97015,2.25,1.50
2011.11.25 01:09:25.080,0.97012,0.97024,1.50,3.00
2011.11.25 01:09:25.659,0.97012,0.97024,1.50,3.00
2011.11.25 01:09:25.784,0.97011,0.97021,3.00,1.50
2011.11.25 01:09:25.910,0.97013,0.97025,2.25,2.25
2011.11.25 01:09:26.034,0.97016,0.97028,2.25,2.25
2011.11.25 01:09:26.161,0.97019,0.97029,1.50,2.25
2011.11.25 01:09:26.398,0.97014,0.97026,3.98,1.50
2011.11.25 01:09:26.950,0.97014,0.97026,4.35,1.50
2011.11.25 01:09:27.068,0.97013,0.97025,1.50,2.25
2011.11.25 01:09:27.637,0.9701,0.97022,1.50,1.50
2011.11.25 01:09:27.975,0.97013,0.97023,1.50,2.25
2011.11.25 01:09:28.875,0.97011,0.97021,1.50,1.50
2011.11.25 01:09:29.922,0.97011,0.97021,1.50,2.25
2011.11.25 01:09:30.476,0.97006,0.97014,1.50,1.50
2011.11.25 01:09:30.599,0.97003,0.97013,2.25,2.25
2011.11.25 01:09:30.724,0.96994,0.97003,1.50,2.25
2011.11.25 01:09:30.849,0.96993,0.97003,1.50,2.25
2011.11.25 01:09:30.968,0.96993,0.97003,2.25,2.25
2011.11.25 01:09:31.327,0.97001,0.97013,1.50,2.25
2011.11.25 01:09:31.682,0.97003,0.97013,1.50,1.50
2011.11.25 01:09:31.808,0.97003,0.97013,1.50,2.25
2011.11.25 01:09:31.927,0.97,0.97011,1.50,1.50
2011.11.25 01:09:32.167,0.96997,0.97007,2.25,1.50
2011.11.25 01:09:32.743,0.97,0.9701,1.50,2.25
2011.11.25 01:09:34.096,0.96997,0.97009,2.25,1.50
2011.11.25 01:09:34.221,0.96996,0.97006,2.25,1.50
2011.11.25 01:09:34.806,0.96996,0.97008,3.00,3.00
2011.11.25 01:09:34.925,0.96996,0.97008,1.50,3.00
2011.11.25 01:09:35.171,0.96999,0.97009,1.50,1.50
2011.11.25 01:09:40.059,0.96997,0.97009,1.50,2.25
2011.11.25 01:09:40.625,0.96996,0.97008,1.50,2.25
2011.11.25 01:09:41.404,0.96997,0.97007,1.50,1.50
2011.11.25 01:09:42.315,0.96996,0.97006,1.50,1.50
2011.11.25 01:09:43.507,0.96997,0.97007,1.50,2.25
2011.11.25 01:09:43.747,0.96998,0.97008,2.25,2.25
2011.11.25 01:09:44.304,0.96997,0.97009,1.50,2.25
2011.11.25 01:09:44.425,0.96997,0.97009,1.50,3.00
2011.11.25 01:09:45.086,0.96996,0.97006,1.50,2.25
2011.11.25 01:09:46.518,0.96996,0.97006,1.50,2.25
2011.11.25 01:09:47.074,0.96996,0.97006,1.50,2.25
2011.11.25 01:09:47.578,0.96995,0.97007,1.50,2.25
2011.11.25 01:09:48.135,0.96995,0.97007,1.50,2.25
2011.11.25 01:09:48.478,0.96994,0.97004,1.50,1.50
2011.11.25 01:09:48.706,0.96995,0.97007,1.50,1.50
2011.11.25 01:09:48.828,0.96997,0.97007,1.50,1.50
2011.11.25 01:09:50.236,0.96996,0.97006,1.50,1.50
2011.11.25 01:09:50.810,0.96992,0.97004,2.25,1.50
2011.11.25 01:09:50.926,0.96992,0.97004,1.50,2.25
2011.11.25 01:09:51.524,0.9699,0.96999,1.50,3.75
2011.11.25 01:09:51.656,0.96982,0.96994,2.25,1.50
2011.11.25 01:09:51.779,0.96984,0.96994,1.50,1.50
2011.11.25 01:09:52.143,0.96987,0.96997,3.00,1.50
2011.11.25 01:09:52.266,0.96991,0.97,1.50,1.65
2011.11.25 01:09:53.277,0.96989,0.96999,2.25,1.50
2011.11.25 01:09:54.478,0.9699,0.97,1.50,1.50
2011.11.25 01:09:54.995,0.9699,0.97,2.25,1.50
2011.11.25 01:09:55.244,0.97002,0.97012,2.25,2.87
2011.11.25 01:09:55.609,0.97003,0.97017,2.25,1.37
2011.11.25 01:09:55.728,0.97006,0.97016,1.50,1.50
2011.11.25 01:09:55.966,0.97006,0.97016,1.50,1.50
2011.11.25 01:09:56.089,0.97011,0.97023,2.25,1.50
2011.11.25 01:09:56.205,0.9701,0.9702,2.25,1.50
2011.11.25 01:09:56.764,0.97011,0.97021,2.25,1.50
2011.11.25 01:09:57.271,0.9701,0.9702,1.50,1.50
2011.11.25 01:09:57.796,0.97,0.9701,2.25,1.50
2011.11.25 01:09:57.925,0.96996,0.97008,2.25,1.50
2011.11.25 01:09:58.053,0.96996,0.97006,2.25,1.50
2011.11.25 01:09:58.178,0.96996,0.97006,2.25,1.50
2011.11.25 01:09:58.888,0.96996,0.97008,2.25,3.83
2011.11.25 01:09:59.462,0.96994,0.97006,1.50,1.50
2011.11.25 01:10:00.105,0.96994,0.97006,2.25,1.50
2011.11.25 01:10:00.238,0.96999,0.97009,1.50,1.50
2011.11.25 01:10:00.707,0.96995,0.97005,2.25,1.50
2011.11.25 01:10:01.069,0.96991,0.97001,1.50,1.50
2011.11.25 01:10:01.187,0.96992,0.97004,1.50,2.25
2011.11.25 01:10:01.309,0.96995,0.97005,1.50,1.50
2011.11.25 01:10:01.656,0.96999,0.97009,1.50,2.25
2011.11.25 01:10:01.996,0.96997,0.97009,1.50,2.25
2011.11.25 01:10:02.565,0.96996,0.97008,1.50,1.50
2011.11.25 01:10:03.127,0.96995,0.97007,1.50,2.25
2011.11.25 01:10:04.396,0.96995,0.97007,1.50,2.25
2011.11.25 01:10:04.735,0.96997,0.97007,1.50,2.25
2011.11.25 01:10:05.326,0.96997,0.97007,1.50,2.25
2011.11.25 01:10:06.016,0.96996,0.97006,1.50,1.50
2011.11.25 01:10:09.875,0.96997,0.97007,1.50,1.50
2011.11.25 01:10:10.245,0.96995,0.97007,1.50,1.50
2011.11.25 01:10:10.804,0.96996,0.97006,1.50,1.50
2011.11.25 01:10:11.377,0.96997,0.97007,1.50,1.50
2011.11.25 01:10:12.046,0.96996,0.97006,1.50,1.50
2011.11.25 01:10:13.530,0.96996,0.97006,2.25,1.50
2011.11.25 01:10:13.773,0.97001,0.97007,1.50,1.50
2011.11.25 01:10:13.908,0.9701,0.9702,1.50,2.25
2011.11.25 01:10:14.382,0.97007,0.97019,1.50,1.50
2011.11.25 01:10:16.254,0.97008,0.9702,1.50,2.18
2011.11.25 01:10:16.825,0.97007,0.97019,1.50,1.43
2011.11.25 01:10:18.776,0.97006,0.97016,1.50,1.43
2011.11.25 01:10:19.335,0.97007,0.97017,1.50,1.43
2011.11.25 01:10:20.205,0.97006,0.97016,1.50,1.50
2011.11.25 01:10:21.338,0.97004,0.97014,1.50,1.50
2011.11.25 01:10:25.486,0.97003,0.97013,1.50,1.50
2011.11.25 01:10:26.406,0.97004,0.97014,1.50,1.50
2011.11.25 01:10:26.635,0.97002,0.97014,1.50,1.50
2011.11.25 01:10:27.741,0.97001,0.97011,2.25,1.50
2011.11.25 01:10:28.100,0.96993,0.97005,1.50,2.25
2011.11.25 01:10:28.558,0.9699,0.97,1.50,1.50
2011.11.25 01:10:28.905,0.96992,0.97002,1.50,1.50
2011.11.25 01:10:29.685,0.96994,0.97004,1.50,2.25
2011.11.25 01:10:30.384,0.96992,0.97004,1.50,2.25
2011.11.25 01:10:30.508,0.96987,0.96997,1.50,1.50
2011.11.25 01:10:30.737,0.96985,0.96997,1.50,1.50
2011.11.25 01:10:30.857,0.96989,0.96999,1.50,2.25
2011.11.25 01:10:32.011,0.96989,0.96999,1.50,3.38
2011.11.25 01:10:32.238,0.96983,0.96993,2.25,1.50
2011.11.25 01:10:33.648,0.96986,0.96998,2.25,1.58
2011.11.25 01:10:33.774,0.96989,0.96999,1.50,2.25
2011.11.25 01:10:35.896,0.9699,0.97,1.50,1.50
2011.11.25 01:10:36.246,0.96993,0.97003,1.50,2.25
2011.11.25 01:10:36.805,0.96991,0.97001,1.50,1.50
2011.11.25 01:10:39.475,0.96993,0.97003,1.50,1.50
2011.11.25 01:10:41.757,0.9699,0.97,1.50,1.50
2011.11.25 01:10:43.678,0.96993,0.97003,1.50,2.25
2011.11.25 01:10:44.236,0.96993,0.97003,1.50,2.25
2011.11.25 01:10:44.808,0.96993,0.97003,1.50,2.25
2011.11.25 01:10:45.147,0.96991,0.97002,1.13,2.25
2011.11.25 01:10:45.514,0.96997,0.97002,1.50,1.50
2011.11.25 01:10:45.877,0.96999,0.97011,1.50,1.50
2011.11.25 01:10:45.997,0.96999,0.97011,2.25,1.50
2011.11.25 01:10:46.235,0.97004,0.97016,1.50,1.50
2011.11.25 01:10:46.575,0.97003,0.97013,2.25,1.50
2011.11.25 01:10:47.687,0.97001,0.97011,3.00,1.50
2011.11.25 01:10:48.340,0.97002,0.97012,1.50,1.50
2011.11.25 01:10:48.930,0.97001,0.97013,2.25,2.25
2011.11.25 01:10:49.502,0.96999,0.97004,1.13,1.50
2011.11.25 01:10:49.637,0.96992,0.97001,2.25,1.50
2011.11.25 01:10:49.866,0.96992,0.97003,1.50,1.50
2011.11.25 01:10:49.988,0.96995,0.97005,1.50,1.50
2011.11.25 01:10:50.336,0.96997,0.97007,1.50,1.50
2011.11.25 01:10:50.916,0.96994,0.97006,3.00,1.50
2011.11.25 01:10:51.596,0.96993,0.97003,2.25,1.50
2011.11.25 01:10:52.134,0.96992,0.97004,3.00,1.50
2011.11.25 01:10:52.790,0.96992,0.97004,3.00,1.50
2011.11.25 01:10:56.037,0.96994,0.97004,1.50,1.50
2011.11.25 01:10:56.269,0.96995,0.97007,1.50,1.50
2011.11.25 01:10:56.614,0.96994,0.97004,2.25,1.50
2011.11.25 01:10:58.498,0.96995,0.97007,1.50,1.50
2011.11.25 01:10:58.724,0.96993,0.97005,2.25,1.50
2011.11.25 01:10:58.953,0.96995,0.97007,1.50,1.50
2011.11.25 01:10:59.074,0.96994,0.97004,2.25,1.50
2011.11.25 01:11:00.780,0.96991,0.97001,2.25,1.50
2011.11.25 01:11:00.907,0.96987,0.96999,2.25,1.50
2011.11.25 01:11:01.577,0.96989,0.97001,1.50,1.50
2011.11.25 01:11:01.694,0.96989,0.96999,1.50,1.50
2011.11.25 01:11:03.178,0.96989,0.96999,1.50,2.25
2011.11.25 01:11:03.516,0.96982,0.96992,2.25,1.50
2011.11.25 01:11:03.635,0.96982,0.96992,3.00,1.50
2011.11.25 01:11:04.207,0.96983,0.96992,1.50,1.50
2011.11.25 01:11:04.917,0.96983,0.96992,1.50,1.50
2011.11.25 01:11:05.158,0.96982,0.96992,1.50,1.50
2011.11.25 01:11:12.155,0.96981,0.96991,1.50,1.50
2011.11.25 01:11:12.384,0.96981,0.96993,1.50,1.50
2011.11.25 01:11:12.614,0.96981,0.96991,1.50,1.50
2011.11.25 01:11:13.365,0.96981,0.96993,1.50,1.50
2011.11.25 01:11:13.830,0.96983,0.96993,1.50,2.25
2011.11.25 01:11:14.058,0.96984,0.96996,1.50,1.73
2011.11.25 01:11:14.519,0.9698,0.9699,1.50,1.50
2011.11.25 01:11:15.099,0.96986,0.96998,1.50,2.25
2011.11.25 01:11:15.653,0.96989,0.96999,1.50,2.25
2011.11.25 01:11:15.899,0.96987,0.96997,1.50,2.25
2011.11.25 01:11:16.898,0.96989,0.96999,1.50,2.25
2011.11.25 01:11:17.467,0.96989,0.96999,1.50,2.25
2011.11.25 01:11:17.586,0.96986,0.96996,1.50,1.50
2011.11.25 01:11:18.147,0.96987,0.96997,1.50,2.25
2011.11.25 01:11:18.600,0.96987,0.96997,1.50,2.25
2011.11.25 01:11:19.084,0.96983,0.96993,1.50,1.50
2011.11.25 01:11:19.345,0.96973,0.96985,1.50,2.25
2011.11.25 01:11:19.473,0.96974,0.96985,1.50,2.25
2011.11.25 01:11:20.067,0.96976,0.96988,1.50,2.78
2011.11.25 01:11:20.420,0.96974,0.96984,1.50,2.25
2011.11.25 01:11:20.975,0.96975,0.96985,1.50,2.25
2011.11.25 01:11:21.535,0.96974,0.96984,1.50,2.25
2011.11.25 01:11:22.102,0.96975,0.96985,1.50,2.25
2011.11.25 01:11:22.457,0.96975,0.96982,1.50,1.50
2011.11.25 01:11:22.696,0.96975,0.96984,1.50,2.25
2011.11.25 01:11:23.286,0.96975,0.96985,1.50,3.00
2011.11.25 01:11:23.956,0.96975,0.96985,1.50,2.25
2011.11.25 01:11:24.079,0.96977,0.96987,1.50,3.00
2011.11.25 01:11:24.196,0.9698,0.9699,1.50,2.25
2011.11.25 01:11:24.537,0.96981,0.96989,1.50,1.50
2011.11.25 01:11:24.655,0.96978,0.96989,1.50,1.50
2011.11.25 01:11:25.010,0.96982,0.96992,1.50,3.00
2011.11.25 01:11:25.811,0.96983,0.96995,1.50,3.00
2011.11.25 01:11:25.938,0.96981,0.96993,1.50,2.25
2011.11.25 01:11:26.061,0.96981,0.96993,1.50,2.25
2011.11.25 01:11:27.576,0.96981,0.96993,1.50,2.25
2011.11.25 01:11:27.805,0.96981,0.96991,1.50,2.25
2011.11.25 01:11:29.596,0.96981,0.96991,1.50,4.88
2011.11.25 01:11:29.724,0.96973,0.96983,1.50,1.50
2011.11.25 01:11:30.545,0.96971,0.96983,1.50,3.00
2011.11.25 01:11:30.678,0.96968,0.9698,1.50,2.25
2011.11.25 01:11:31.711,0.96968,0.9698,2.25,1.50
2011.11.25 01:11:32.070,0.96976,0.96988,1.50,2.25
2011.11.25 01:11:32.427,0.96979,0.96989,1.50,2.25
2011.11.25 01:11:32.898,0.96981,0.96992,1.50,1.50
2011.11.25 01:11:33.497,0.96981,0.96991,1.50,2.25
2011.11.25 01:11:35.339,0.96979,0.96989,1.50,2.25
2011.11.25 01:11:36.047,0.9698,0.9699,1.50,2.25
2011.11.25 01:11:36.824,0.96978,0.9699,1.50,2.25
2011.11.25 01:11:37.275,0.96982,0.96992,1.50,1.50
2011.11.25 01:11:37.627,0.96982,0.96988,1.50,1.50
2011.11.25 01:11:37.968,0.96973,0.96987,2.25,1.58
2011.11.25 01:11:38.085,0.96975,0.96985,1.50,2.25
2011.11.25 01:11:38.205,0.96977,0.96987,1.50,3.08
2011.11.25 01:11:38.765,0.96976,0.96986,1.50,2.25
2011.11.25 01:11:39.545,0.96976,0.96986,1.50,2.25
2011.11.25 01:11:40.354,0.96976,0.96986,1.50,2.25
2011.11.25 01:11:40.718,0.9698,0.96988,1.50,1.50
2011.11.25 01:11:41.066,0.9698,0.96989,1.50,1.50
2011.11.25 01:11:41.408,0.96978,0.96989,1.50,1.50
2011.11.25 01:11:41.913,0.96977,0.96987,1.50,2.25
2011.11.25 01:11:44.384,0.96977,0.96987,1.50,2.25
2011.11.25 01:11:44.745,0.96973,0.96983,1.50,1.50
2011.11.25 01:11:45.745,0.96974,0.96985,1.50,1.50
2011.11.25 01:11:48.516,0.96975,0.96985,1.50,3.00
2011.11.25 01:11:49.254,0.96974,0.96984,1.50,2.25
2011.11.25 01:11:49.387,0.96971,0.96981,1.50,1.50
2011.11.25 01:11:49.955,0.96972,0.96982,1.50,2.25
2011.11.25 01:11:50.186,0.96972,0.96982,1.50,3.00
2011.11.25 01:11:50.745,0.96971,0.9698,1.50,1.50
2011.11.25 01:11:51.305,0.96972,0.9698,1.50,1.50
2011.11.25 01:11:53.766,0.9697,0.96981,1.50,1.50
2011.11.25 01:11:54.393,0.96969,0.96979,1.50,2.25
2011.11.25 01:11:54.528,0.96969,0.96978,1.50,2.25
2011.11.25 01:11:54.657,0.9696,0.96972,1.50,1.50
2011.11.25 01:11:55.104,0.96963,0.96975,1.50,2.25
2011.11.25 01:11:58.507,0.96963,0.96975,1.50,2.25
2011.11.25 01:12:04.372,0.96965,0.96977,1.50,1.50
2011.11.25 01:12:04.726,0.9697,0.9698,1.50,3.00
2011.11.25 01:12:05.242,0.96969,0.96979,1.50,2.25
2011.11.25 01:12:06.941,0.96969,0.96979,1.50,3.00
2011.11.25 01:12:07.611,0.96969,0.96979,1.50,2.25
2011.11.25 01:12:15.745,0.96967,0.96977,1.50,1.50
2011.11.25 01:12:16.196,0.96964,0.96976,1.50,1.65
2011.11.25 01:12:16.317,0.96962,0.96972,1.50,1.50
2011.11.25 01:12:21.244,0.96962,0.96974,1.50,1.50
2011.11.25 01:12:21.365,0.96962,0.96972,1.50,1.50
2011.11.25 01:12:21.925,0.96963,0.96973,1.50,1.50
2011.11.25 01:12:22.796,0.96961,0.96973,1.50,1.50
2011.11.25 01:12:23.247,0.96963,0.96973,1.50,1.50
2011.11.25 01:12:23.817,0.96962,0.96977,1.50,3.30
2011.11.25 01:12:23.938,0.96962,0.96977,1.50,1.80
2011.11.25 01:12:24.495,0.96961,0.96977,2.25,1.80
2011.11.25 01:12:29.074,0.96966,0.96976,1.50,1.50
2011.11.25 01:12:32.734,0.96962,0.96974,2.25,1.88
2011.11.25 01:12:32.858,0.96964,0.96976,3.00,2.33
2011.11.25 01:12:33.218,0.9696,0.96972,1.50,3.00
2011.11.25 01:12:33.343,0.96951,0.96964,1.50,1.50
2011.11.25 01:12:33.580,0.96949,0.96963,2.25,1.13
2011.11.25 01:12:33.806,0.96953,0.96963,1.50,1.13
2011.11.25 01:12:34.047,0.96949,0.96963,1.50,1.13
2011.11.25 01:12:36.229,0.96949,0.96961,2.25,1.50
2011.11.25 01:12:36.468,0.96949,0.96961,1.50,2.25
2011.11.25 01:12:37.249,0.96947,0.96959,3.00,1.50
2011.11.25 01:12:37.806,0.9695,0.96962,1.50,2.25
2011.11.25 01:12:37.929,0.96947,0.96964,3.00,2.40
2011.11.25 01:12:38.048,0.9695,0.96965,1.50,2.25
2011.11.25 01:12:38.508,0.96949,0.96966,1.50,5.25
2011.11.25 01:12:39.049,0.96951,0.96967,1.50,3.14
2011.11.25 01:12:39.396,0.96954,0.96964,1.50,1.50
2011.11.25 01:12:39.519,0.96951,0.96966,1.50,2.25
2011.11.25 01:12:40.690,0.96951,0.96959,1.50,1.05
2011.11.25 01:12:40.808,0.96949,0.96958,1.50,1.05
2011.11.25 01:12:41.050,0.96946,0.96958,3.00,1.80
2011.11.25 01:12:41.605,0.96947,0.96957,2.25,1.80
2011.11.25 01:12:41.848,0.9694,0.96948,2.25,1.50
2011.11.25 01:12:42.078,0.96938,0.96948,1.50,1.88
2011.11.25 01:12:43.910,0.96942,0.96952,1.50,1.50
2011.11.25 01:12:44.500,0.96941,0.96953,1.50,1.50
2011.11.25 01:12:45.769,0.96936,0.96948,3.08,1.80
2011.11.25 01:12:46.136,0.96939,0.96943,1.50,1.13
2011.11.25 01:12:46.269,0.96928,0.96939,2.25,2.40
2011.11.25 01:12:46.507,0.96927,0.96939,1.50,2.40
2011.11.25 01:12:47.099,0.96929,0.96939,1.50,2.55
2011.11.25 01:12:47.447,0.9693,0.96942,1.50,2.25
2011.11.25 01:12:48.064,0.96929,0.96941,1.50,2.25
2011.11.25 01:12:48.541,0.9693,0.96942,1.50,1.50
2011.11.25 01:12:48.888,0.96932,0.96944,1.50,1.50
2011.11.25 01:12:49.458,0.96933,0.96943,1.50,1.50
2011.11.25 01:12:49.820,0.96936,0.96946,1.50,2.40
2011.11.25 01:12:50.060,0.9694,0.9695,2.25,1.50
2011.11.25 01:12:50.298,0.9694,0.9695,2.25,1.50
2011.11.25 01:12:50.925,0.96947,0.96957,1.50,2.25
2011.11.25 01:12:51.053,0.96942,0.96954,1.50,1.50
2011.11.25 01:12:51.840,0.96944,0.96956,1.50,2.25
2011.11.25 01:12:52.298,0.96946,0.96956,1.50,2.25
2011.11.25 01:12:52.536,0.96947,0.96959,1.50,1.65
2011.11.25 01:12:53.097,0.96947,0.96959,1.50,2.55
2011.11.25 01:12:54.149,0.96947,0.96959,1.50,2.40
2011.11.25 01:12:54.687,0.96947,0.96959,1.50,2.40
2011.11.25 01:12:55.261,0.96947,0.96959,1.50,2.40
2011.11.25 01:12:55.824,0.96947,0.96959,1.50,2.40
2011.11.25 01:12:56.824,0.96947,0.96959,1.50,2.40
2011.11.25 01:12:57.384,0.96947,0.96959,1.50,2.55
2011.11.25 01:12:57.836,0.96945,0.96955,1.50,1.50
2011.11.25 01:12:58.516,0.96945,0.96957,1.50,2.25
2011.11.25 01:12:59.308,0.96943,0.96955,1.50,2.25
2011.11.25 01:13:00.095,0.96943,0.96955,1.50,2.25
2011.11.25 01:13:00.434,0.96946,0.96956,1.50,2.25
2011.11.25 01:13:01.108,0.96945,0.96955,1.50,2.25
2011.11.25 01:13:01.700,0.96947,0.96957,1.50,2.25
2011.11.25 01:13:03.478,0.96947,0.96957,2.63,1.50
2011.11.25 01:13:03.599,0.96947,0.96959,2.63,2.25
2011.11.25 01:13:04.073,0.96946,0.96958,1.50,2.25
2011.11.25 01:13:04.199,0.96944,0.96956,1.50,1.50
2011.11.25 01:13:04.549,0.96939,0.96951,1.50,1.50
2011.11.25 01:13:05.319,0.96943,0.96955,1.50,2.25
2011.11.25 01:13:05.665,0.96945,0.96955,1.50,2.25
2011.11.25 01:13:06.017,0.96947,0.96955,1.13,1.50
2011.11.25 01:13:06.141,0.96955,0.96964,1.50,1.50
2011.11.25 01:13:06.485,0.96955,0.96965,1.50,2.25
2011.11.25 01:13:06.989,0.96952,0.96964,1.50,2.25
2011.11.25 01:13:07.113,0.96951,0.96961,1.50,1.50
2011.11.25 01:13:08.278,0.96949,0.96961,1.50,1.50
2011.11.25 01:13:08.876,0.9695,0.9696,1.50,1.50
2011.11.25 01:13:09.108,0.96954,0.96964,1.50,2.25
2011.11.25 01:13:09.228,0.96954,0.96964,1.50,2.25
2011.11.25 01:13:09.586,0.96952,0.96962,1.50,1.50
2011.11.25 01:13:09.948,0.96959,0.96969,1.50,2.25
2011.11.25 01:13:10.398,0.96957,0.96969,1.50,2.25
2011.11.25 01:13:11.238,0.96956,0.96968,1.50,2.25
2011.11.25 01:13:11.375,0.96954,0.96966,1.50,2.25
2011.11.25 01:13:11.835,0.9695,0.96962,1.50,2.25
2011.11.25 01:13:11.958,0.96954,0.96964,1.50,2.25
2011.11.25 01:13:12.515,0.96954,0.96964,1.50,2.25
2011.11.25 01:13:13.116,0.96954,0.96964,1.50,2.25
2011.11.25 01:13:13.471,0.9695,0.96962,1.50,2.25
2011.11.25 01:13:13.947,0.96945,0.96955,1.50,1.50
2011.11.25 01:13:14.186,0.96945,0.96957,1.50,2.25
2011.11.25 01:13:14.731,0.96945,0.96957,1.50,2.25
2011.11.25 01:13:15.288,0.96945,0.96955,1.50,1.50
2011.11.25 01:13:15.866,0.96946,0.96956,1.50,2.25
2011.11.25 01:13:16.425,0.96945,0.96957,1.50,2.25
2011.11.25 01:13:16.987,0.96945,0.96957,1.50,2.40
2011.11.25 01:13:17.545,0.96945,0.96955,1.50,2.25
2011.11.25 01:13:18.629,0.96935,0.96945,2.25,2.25
2011.11.25 01:13:19.109,0.96935,0.96947,2.25,2.25
2011.11.25 01:13:19.349,0.96935,0.96947,2.25,2.25
2011.11.25 01:13:19.809,0.96937,0.96949,1.50,2.25
2011.11.25 01:13:20.365,0.96937,0.96949,1.50,2.25
2011.11.25 01:13:20.962,0.96936,0.96952,1.50,2.25
2011.11.25 01:13:21.399,0.96936,0.96952,1.50,2.25
2011.11.25 01:13:22.427,0.96936,0.96946,1.50,2.25
2011.11.25 01:13:23.506,0.96935,0.96945,2.25,2.25
2011.11.25 01:13:24.176,0.96935,0.96945,2.25,2.25
2011.11.25 01:13:24.768,0.96937,0.96947,1.50,2.25
2011.11.25 01:13:26.106,0.96937,0.96947,1.50,2.25
2011.11.25 01:13:26.878,0.96938,0.96948,1.50,2.25
2011.11.25 01:13:27.336,0.96937,0.96947,1.50,2.25
2011.11.25 01:13:27.566,0.96937,0.96947,1.50,2.25
2011.11.25 01:13:28.015,0.96937,0.96947,1.50,2.25
2011.11.25 01:13:28.245,0.96937,0.96947,1.50,2.25
2011.11.25 01:13:28.805,0.96937,0.96947,1.50,2.25
2011.11.25 01:13:29.486,0.96937,0.96947,1.50,2.25
2011.11.25 01:13:29.940,0.96934,0.96946,3.00,2.25
2011.11.25 01:13:30.486,0.96934,0.96946,3.00,2.25
2011.11.25 01:13:30.727,0.96934,0.96946,3.00,2.25
2011.11.25 01:13:31.289,0.96934,0.96946,3.00,2.25
2011.11.25 01:13:31.848,0.96934,0.96946,2.25,2.25
2011.11.25 01:13:32.407,0.96935,0.96948,2.25,1.50
2011.11.25 01:13:33.186,0.96934,0.96948,1.50,3.00
2011.11.25 01:13:33.745,0.96933,0.96948,3.00,3.00
2011.11.25 01:13:34.547,0.96933,0.96948,3.00,3.00
2011.11.25 01:13:34.897,0.96932,0.96937,1.50,1.50
2011.11.25 01:13:35.503,0.96926,0.96935,1.50,1.50
2011.11.25 01:13:35.638,0.96928,0.96938,1.50,1.50
2011.11.25 01:13:36.217,0.96928,0.96938,1.50,2.25
2011.11.25 01:13:36.457,0.96925,0.96937,2.25,2.25
2011.11.25 01:13:36.579,0.96928,0.96938,1.50,2.25
2011.11.25 01:13:36.819,0.96924,0.96936,2.25,1.50
2011.11.25 01:13:37.182,0.9693,0.9694,1.50,2.25
2011.11.25 01:13:37.669,0.96935,0.96945,1.50,2.25
2011.11.25 01:13:38.173,0.96936,0.96947,1.13,2.25
2011.11.25 01:13:38.307,0.96938,0.96951,1.58,1.50
2011.11.25 01:13:38.878,0.96938,0.96953,1.58,1.50
2011.11.25 01:13:40.027,0.96938,0.96956,1.58,3.00
2011.11.25 01:13:40.602,0.96938,0.96956,1.58,3.00
2011.11.25 01:13:40.998,0.96938,0.96948,2.33,1.50
2011.11.25 01:13:41.241,0.96936,0.96947,1.50,1.50
2011.11.25 01:13:41.359,0.96934,0.96942,1.50,1.50
2011.11.25 01:13:41.819,0.96934,0.9694,1.50,1.50
2011.11.25 01:13:42.068,0.96933,0.96943,1.50,2.25
2011.11.25 01:13:42.747,0.96933,0.9694,1.50,1.50
2011.11.25 01:13:43.201,0.96933,0.96943,1.50,2.25
2011.11.25 01:13:43.658,0.96934,0.96944,1.58,1.50
2011.11.25 01:13:43.777,0.96936,0.96946,1.50,1.50
2011.11.25 01:13:44.335,0.96935,0.96945,2.25,1.50
2011.11.25 01:13:45.525,0.96935,0.96945,2.25,1.50
2011.11.25 01:13:46.118,0.96935,0.96945,2.25,1.50
2011.11.25 01:13:46.497,0.96935,0.96947,2.25,2.25
2011.11.25 01:13:47.887,0.96933,0.96943,1.58,1.50
2011.11.25 01:13:48.227,0.96929,0.96941,2.33,1.50
2011.11.25 01:13:48.348,0.96928,0.96938,3.83,1.50
2011.11.25 01:13:48.586,0.96926,0.96936,2.25,1.50
2011.11.25 01:13:48.819,0.96924,0.96934,3.00,1.50
2011.11.25 01:13:48.937,0.96921,0.96933,2.25,1.50
2011.11.25 01:13:49.056,0.96921,0.96933,1.50,1.50
2011.11.25 01:13:54.309,0.96925,0.96933,1.13,1.50
2011.11.25 01:13:54.672,0.96931,0.96941,1.13,1.50
2011.11.25 01:13:55.030,0.96936,0.96942,1.50,2.25
2011.11.25 01:13:55.586,0.96936,0.96942,1.50,2.25
2011.11.25 01:13:56.147,0.96936,0.96942,1.50,1.50
2011.11.25 01:13:56.753,0.96923,0.96941,3.75,1.50
2011.11.25 01:13:57.118,0.96921,0.9694,2.25,1.80
2011.11.25 01:13:57.676,0.96921,0.96939,1.50,1.05
2011.11.25 01:14:00.224,0.9692,0.9694,1.50,1.80
2011.11.25 01:14:02.245,0.9692,0.96939,1.50,1.05
2011.11.25 01:14:03.145,0.9692,0.9694,1.58,1.05
2011.11.25 01:14:03.486,0.96923,0.9694,1.50,1.05
2011.11.25 01:14:04.281,0.96924,0.96943,2.33,1.50
2011.11.25 01:14:05.017,0.96924,0.96943,1.58,1.50
2011.11.25 01:14:05.575,0.96925,0.96944,1.50,1.50
2011.11.25 01:14:06.135,0.96925,0.96944,1.50,1.50
2011.11.25 01:14:07.155,0.96925,0.96944,1.50,1.50
2011.11.25 01:14:08.196,0.96925,0.96944,1.50,1.50
2011.11.25 01:14:08.961,0.96925,0.96944,1.50,1.50
2011.11.25 01:14:09.960,0.96924,0.96944,2.33,1.50
2011.11.25 01:14:12.914,0.96924,0.96944,1.50,1.50
2011.11.25 01:14:14.934,0.96924,0.96944,1.58,1.50
2011.11.25 01:14:16.967,0.96924,0.96944,1.58,1.50
2011.11.25 01:14:18.048,0.96924,0.96944,1.50,1.50
2011.11.25 01:14:18.385,0.96924,0.96944,1.58,1.50
2011.11.25 01:14:19.836,0.96924,0.96944,2.25,1.50
2011.11.25 01:14:20.404,0.96924,0.96944,2.25,1.50
2011.11.25 01:14:21.727,0.96924,0.96944,2.33,1.50
2011.11.25 01:14:21.960,0.96925,0.96944,1.50,1.50
2011.11.25 01:14:22.077,0.96925,0.96944,1.50,1.50
2011.11.25 01:14:22.974,0.96925,0.96945,2.25,1.50
2011.11.25 01:14:23.316,0.96931,0.96947,1.13,1.50
2011.11.25 01:14:23.435,0.96931,0.96947,1.88,1.50
2011.11.25 01:14:24.381,0.96935,0.9695,2.63,1.80
2011.11.25 01:14:24.838,0.96936,0.9695,2.25,1.50
2011.11.25 01:14:25.936,0.96938,0.9695,1.88,1.50
2011.11.25 01:14:27.845,0.96936,0.9695,2.63,1.50
2011.11.25 01:14:28.350,0.96936,0.9695,2.63,1.50
2011.11.25 01:14:30.405,0.96938,0.9695,1.13,1.50
2011.11.25 01:14:30.744,0.96937,0.9695,1.13,1.50
2011.11.25 01:14:31.306,0.96936,0.9695,2.25,1.50
2011.11.25 01:14:32.227,0.96936,0.9695,1.50,1.50
2011.11.25 01:14:32.786,0.96936,0.9695,1.50,1.50
2011.11.25 01:14:33.016,0.96935,0.9695,1.50,1.50
2011.11.25 01:14:33.138,0.9693,0.96948,1.13,1.65
2011.11.25 01:14:33.366,0.96926,0.96947,2.70,2.25
2011.11.25 01:14:34.065,0.96925,0.96945,2.63,1.80
2011.11.25 01:14:35.242,0.96925,0.96945,2.63,1.50
2011.11.25 01:14:35.804,0.96925,0.96944,1.50,1.50
2011.11.25 01:14:36.519,0.96924,0.96944,1.50,1.50
2011.11.25 01:14:37.250,0.96924,0.96944,2.25,1.50
2011.11.25 01:14:40.194,0.96925,0.96944,1.50,1.50
2011.11.25 01:14:40.545,0.96922,0.9694,1.58,1.50
2011.11.25 01:14:40.777,0.9692,0.96938,1.50,1.50
2011.11.25 01:14:42.106,0.96918,0.96938,1.58,1.50
2011.11.25 01:14:43.109,0.96918,0.96934,1.50,1.05
2011.11.25 01:14:43.690,0.96917,0.96935,2.25,1.05
2011.11.25 01:14:44.599,0.96917,0.96934,2.25,1.65
2011.11.25 01:14:45.106,0.96917,0.96934,1.50,2.93
2011.11.25 01:14:45.684,0.96915,0.9693,1.50,1.05
2011.11.25 01:14:46.325,0.96915,0.9693,1.50,1.05
2011.11.25 01:14:46.884,0.96915,0.9693,1.50,1.05
2011.11.25 01:14:48.424,0.96915,0.96931,1.50,1.05
2011.11.25 01:14:48.654,0.9691,0.96931,2.25,1.05
2011.11.25 01:14:50.115,0.96915,0.96932,1.50,1.05
2011.11.25 01:14:50.346,0.96916,0.96933,1.50,1.05
2011.11.25 01:14:50.903,0.96916,0.96933,1.50,1.05
2011.11.25 01:14:51.244,0.96916,0.96935,1.50,1.05
2011.11.25 01:14:52.713,0.96915,0.96935,1.50,1.05
2011.11.25 01:14:52.946,0.96915,0.96934,1.50,1.50
2011.11.25 01:14:53.505,0.96914,0.96932,1.50,1.50
2011.11.25 01:14:54.063,0.96913,0.9693,2.25,1.50
2011.11.25 01:14:54.184,0.96913,0.9693,2.25,2.25
2011.11.25 01:14:54.524,0.9691,0.9693,1.50,1.50
2011.11.25 01:14:54.643,0.96914,0.9693,2.25,1.50
2011.11.25 01:14:55.203,0.96914,0.96931,1.50,1.50
2011.11.25 01:14:55.764,0.96914,0.9693,1.50,1.50
2011.11.25 01:14:56.391,0.96915,0.9693,1.50,1.50
2011.11.25 01:14:57.173,0.96914,0.9693,1.50,1.50
2011.11.25 01:14:58.012,0.96914,0.9693,1.50,1.50
2011.11.25 01:14:58.622,0.96913,0.9693,1.50,1.50
2011.11.25 01:14:59.193,0.96913,0.9693,2.25,1.50
2011.11.25 01:14:59.757,0.96916,0.9693,1.50,1.50
2011.11.25 01:15:00.095,0.96916,0.9693,1.50,1.50
2011.11.25 01:15:00.217,0.96913,0.9693,3.00,1.50
2011.11.25 01:15:00.339,0.96913,0.96928,3.00,1.13
2011.11.25 01:15:01.066,0.96908,0.96923,1.50,1.58
2011.11.25 01:15:01.197,0.96907,0.96925,1.13,1.50
2011.11.25 01:15:01.322,0.96911,0.96929,1.50,2.25
2011.11.25 01:15:01.454,0.9691,0.96928,1.88,1.50
2011.11.25 01:15:01.577,0.96911,0.9693,1.50,1.50
2011.11.25 01:15:01.914,0.96911,0.9693,1.50,1.05
2011.11.25 01:15:02.038,0.96912,0.96931,1.50,1.80
2011.11.25 01:15:02.264,0.96912,0.96931,1.50,1.80
2011.11.25 01:15:02.828,0.96912,0.9693,1.50,1.05
2011.11.25 01:15:03.288,0.9691,0.96925,1.50,1.05
2011.11.25 01:15:03.892,0.9691,0.96926,1.50,1.05
2011.11.25 01:15:04.126,0.9691,0.96925,1.50,1.13
2011.11.25 01:15:04.247,0.9691,0.96926,1.50,1.28
2011.11.25 01:15:04.366,0.9691,0.96926,1.50,1.28
2011.11.25 01:15:04.815,0.9691,0.96926,1.50,1.05
2011.11.25 01:15:05.155,0.96911,0.96928,1.50,1.58
2011.11.25 01:15:05.724,0.96908,0.96926,3.00,1.50
2011.11.25 01:15:05.844,0.96908,0.96926,3.00,2.25
2011.11.25 01:15:06.624,0.96908,0.96926,3.00,1.80
2011.11.25 01:15:07.154,0.96908,0.96926,3.00,1.80
2011.11.25 01:15:07.812,0.96908,0.96926,3.00,1.80
2011.11.25 01:15:08.412,0.96908,0.96926,3.00,1.80
2011.11.25 01:15:09.193,0.96908,0.96926,2.25,1.05
2011.11.25 01:15:09.783,0.96908,0.96926,2.25,1.05
2011.11.25 01:15:10.573,0.96908,0.96926,2.25,1.05
2011.11.25 01:15:11.472,0.96908,0.96926,3.00,1.80
2011.11.25 01:15:12.046,0.96908,0.96926,3.00,1.80
2011.11.25 01:15:12.605,0.96908,0.96926,3.00,1.80
2011.11.25 01:15:13.197,0.96908,0.96926,3.75,1.80
2011.11.25 01:15:13.976,0.96909,0.96926,1.50,1.80
2011.11.25 01:15:14.504,0.96909,0.96926,1.50,1.80
2011.11.25 01:15:15.063,0.96908,0.96926,3.75,1.80
2011.11.25 01:15:15.688,0.96908,0.96926,3.00,1.05
2011.11.25 01:15:16.535,0.96908,0.96926,3.00,1.05
2011.11.25 01:15:17.597,0.96908,0.96926,3.75,1.80
2011.11.25 01:15:18.153,0.96908,0.96926,3.00,1.05
2011.11.25 01:15:18.886,0.96908,0.96926,3.00,1.05
2011.11.25 01:15:19.465,0.96908,0.96926,3.00,1.80
2011.11.25 01:15:20.210,0.96908,0.96926,3.00,1.80
2011.11.25 01:15:20.765,0.96911,0.96926,2.25,1.05
2011.11.25 01:15:20.886,0.96911,0.96929,2.25,2.55
2011.11.25 01:15:21.131,0.96913,0.96934,1.58,2.18
2011.11.25 01:15:21.354,0.96912,0.96934,3.45,1.50
2011.11.25 01:15:22.518,0.96912,0.96934,3.45,1.50
2011.11.25 01:15:23.088,0.96912,0.96934,1.58,1.50
2011.11.25 01:15:23.206,0.96911,0.96933,3.00,1.80
2011.11.25 01:15:23.833,0.96918,0.96933,1.50,1.05
2011.11.25 01:15:24.196,0.96911,0.96932,3.00,1.05
2011.11.25 01:15:24.755,0.96911,0.96931,3.00,1.05
2011.11.25 01:15:27.035,0.96913,0.96931,1.13,1.05
2011.11.25 01:15:27.379,0.96914,0.96934,1.13,1.50
2011.11.25 01:15:27.607,0.96918,0.96936,1.50,1.65
2011.11.25 01:15:27.946,0.96918,0.96936,1.58,2.40
2011.11.25 01:15:28.508,0.96917,0.96934,1.50,1.50
2011.11.25 01:15:29.082,0.96911,0.96933,2.25,2.25
2011.11.25 01:15:29.215,0.96911,0.96931,2.25,1.05
2011.11.25 01:15:31.537,0.96911,0.96932,2.25,2.18
2011.11.25 01:15:34.204,0.96911,0.96931,2.25,1.05
2011.11.25 01:15:34.985,0.96911,0.96931,2.25,1.05
2011.11.25 01:15:35.336,0.96913,0.96932,1.50,1.43
2011.11.25 01:15:35.815,0.96913,0.96931,1.50,1.88
2011.11.25 01:15:36.156,0.96908,0.96926,3.08,1.50
2011.11.25 01:15:36.276,0.96908,0.96926,1.50,1.50
2011.11.25 01:15:36.398,0.96908,0.96926,1.50,1.80
2011.11.25 01:15:37.177,0.96908,0.96925,1.50,1.05
2011.11.25 01:15:37.735,0.96908,0.96925,1.50,1.05
2011.11.25 01:15:38.286,0.9691,0.96927,3.00,1.65
2011.11.25 01:15:38.626,0.9691,0.96929,3.00,1.80
2011.11.25 01:15:38.965,0.96907,0.96927,1.50,2.40
2011.11.25 01:15:40.221,0.96905,0.96923,1.50,1.35
2011.11.25 01:15:40.787,0.96904,0.96922,1.50,2.25
2011.11.25 01:15:41.380,0.96901,0.9692,1.50,1.05
2011.11.25 01:15:42.498,0.96901,0.96919,1.50,1.05
2011.11.25 01:15:43.315,0.96898,0.96918,1.58,1.80
2011.11.25 01:15:43.447,0.96898,0.96915,1.50,1.05
2011.11.25 01:15:44.028,0.96898,0.96915,1.50,1.05
2011.11.25 01:15:44.376,0.96898,0.96915,1.50,1.05
2011.11.25 01:15:44.945,0.96898,0.96916,1.50,1.80
2011.11.25 01:15:45.285,0.969,0.96915,1.50,1.05
2011.11.25 01:15:45.846,0.969,0.96915,1.50,1.05
2011.11.25 01:15:46.792,0.96898,0.96915,2.25,1.05
2011.11.25 01:15:48.231,0.96898,0.96915,2.25,1.05
2011.11.25 01:15:48.588,0.96901,0.96921,1.50,1.13
2011.11.25 01:15:51.216,0.969,0.96916,1.50,1.50
2011.11.25 01:15:53.257,0.96897,0.96915,1.50,1.80
2011.11.25 01:15:53.815,0.96897,0.96915,1.50,1.80
2011.11.25 01:15:54.505,0.96897,0.96915,1.50,1.80
2011.11.25 01:15:55.648,0.96898,0.96915,1.50,1.05
2011.11.25 01:15:56.187,0.96899,0.96917,1.50,1.88
2011.11.25 01:15:56.316,0.969,0.96919,2.25,1.05
2011.11.25 01:15:56.657,0.969,0.9692,1.50,1.05
2011.11.25 01:15:57.230,0.96902,0.9692,1.50,1.05
2011.11.25 01:15:57.346,0.96905,0.96923,1.50,2.18
2011.11.25 01:15:57.466,0.96905,0.96922,1.50,1.50
2011.11.25 01:15:57.812,0.96905,0.96923,1.50,1.50
2011.11.25 01:15:58.048,0.96903,0.96922,2.25,2.70
2011.11.25 01:15:58.625,0.96901,0.96919,1.50,1.05
2011.11.25 01:15:59.185,0.96901,0.96919,1.50,1.05
2011.11.25 01:15:59.748,0.96901,0.96919,1.50,1.05
2011.11.25 01:16:02.224,0.96901,0.96919,2.25,1.05
2011.11.25 01:16:02.455,0.96904,0.96921,1.50,1.05
2011.11.25 01:16:03.025,0.96904,0.96921,1.50,1.05
2011.11.25 01:16:04.477,0.96904,0.96921,1.50,1.05
2011.11.25 01:16:05.281,0.96904,0.96921,1.50,1.05
2011.11.25 01:16:06.014,0.96904,0.96921,1.50,1.05
2011.11.25 01:16:06.366,0.96904,0.96923,2.25,2.72
2011.11.25 01:16:06.945,0.96904,0.96922,2.25,1.05
2011.11.25 01:16:07.291,0.96909,0.96923,1.50,3.15
2011.11.25 01:16:07.408,0.96914,0.96923,1.50,2.10
2011.11.25 01:16:07.756,0.96914,0.96936,1.50,1.50
2011.11.25 01:16:08.097,0.96914,0.96929,1.50,1.50
2011.11.25 01:16:08.218,0.96913,0.96928,1.50,1.50
2011.11.25 01:16:08.557,0.96912,0.96927,1.50,1.50
2011.11.25 01:16:09.306,0.96911,0.96927,2.63,1.50
2011.11.25 01:16:10.098,0.96911,0.96928,2.63,3.23
2011.11.25 01:16:10.655,0.9691,0.96927,1.13,1.73
2011.11.25 01:16:10.999,0.96911,0.96928,1.88,1.50
2011.11.25 01:16:11.361,0.96913,0.96933,1.50,2.18
2011.11.25 01:16:12.476,0.96912,0.96933,2.25,1.50
2011.11.25 01:16:12.706,0.96913,0.9693,1.50,1.50
2011.11.25 01:16:12.936,0.96913,0.96934,1.50,1.50
2011.11.25 01:16:13.419,0.96913,0.96931,1.50,1.50
2011.11.25 01:16:13.666,0.96913,0.9693,1.50,1.50
2011.11.25 01:16:14.556,0.96911,0.96928,1.88,2.25
2011.11.25 01:16:14.678,0.96911,0.96927,2.63,1.50
2011.11.25 01:16:15.236,0.96912,0.96933,1.20,2.25
2011.11.25 01:16:15.354,0.96913,0.96933,1.58,2.25
2011.11.25 01:16:15.586,0.96913,0.96933,1.58,2.25
2011.11.25 01:16:15.705,0.96913,0.96933,1.58,2.25
2011.11.25 01:16:16.396,0.96913,0.96933,1.58,2.25
2011.11.25 01:16:16.845,0.96912,0.96929,1.58,1.43
2011.11.25 01:16:17.189,0.96911,0.96933,1.50,2.33
2011.11.25 01:16:17.529,0.96913,0.96931,1.50,1.50
2011.11.25 01:16:18.087,0.96913,0.96929,1.58,1.50
2011.11.25 01:16:18.426,0.96913,0.96928,1.50,1.50
2011.11.25 01:16:18.937,0.96913,0.96928,2.25,1.50
2011.11.25 01:16:19.373,0.96917,0.96929,1.50,1.50
2011.11.25 01:16:19.507,0.96916,0.96934,1.50,1.50
2011.11.25 01:16:19.625,0.96916,0.96935,1.50,1.50
2011.11.25 01:16:20.296,0.96916,0.96934,1.50,1.50
2011.11.25 01:16:22.757,0.96914,0.96933,1.50,1.80
2011.11.25 01:16:22.985,0.96914,0.96932,1.50,1.65
2011.11.25 01:16:23.545,0.96914,0.96932,1.50,1.05
2011.11.25 01:16:25.208,0.96911,0.96929,1.95,1.05
2011.11.25 01:16:25.971,0.96914,0.96928,2.25,1.50
2011.11.25 01:16:26.102,0.9692,0.96936,2.25,1.05
2011.11.25 01:16:26.458,0.9692,0.96936,1.50,1.05
2011.11.25 01:16:27.030,0.9692,0.96937,1.50,1.50
2011.11.25 01:16:27.586,0.9692,0.96937,1.50,1.50
2011.11.25 01:16:29.547,0.9692,0.96937,1.50,1.50
2011.11.25 01:16:30.052,0.9692,0.96937,1.50,1.50
2011.11.25 01:16:31.426,0.9692,0.96936,1.50,1.50
2011.11.25 01:16:33.426,0.9692,0.96937,2.25,1.50
2011.11.25 01:16:34.096,0.9692,0.96937,1.50,1.50
2011.11.25 01:16:34.767,0.9692,0.96937,2.25,1.50
2011.11.25 01:16:35.431,0.9692,0.96936,2.25,1.50
2011.11.25 01:16:35.676,0.96915,0.96936,1.88,2.25
2011.11.25 01:16:35.906,0.96915,0.96936,1.50,2.25
2011.11.25 01:16:36.247,0.96915,0.96934,1.50,1.50
2011.11.25 01:16:36.475,0.96915,0.96934,1.50,1.50
2011.11.25 01:16:37.679,0.96911,0.96933,1.20,1.50
2011.11.25 01:16:37.919,0.9691,0.96924,1.50,1.50
2011.11.25 01:16:38.387,0.96908,0.96928,1.13,2.48
2011.11.25 01:16:38.627,0.96909,0.96927,1.88,2.48
2011.11.25 01:16:39.189,0.96909,0.96927,3.38,1.50
2011.11.25 01:16:39.670,0.96911,0.96928,1.50,2.48
2011.11.25 01:16:39.809,0.96913,0.9693,1.50,1.05
2011.11.25 01:16:40.379,0.96913,0.96929,1.50,1.05
2011.11.25 01:16:40.936,0.96913,0.9693,1.50,1.05
2011.11.25 01:16:41.802,0.96915,0.96929,1.50,1.05
2011.11.25 01:16:42.377,0.96915,0.96929,1.50,1.05
2011.11.25 01:16:43.029,0.96915,0.9693,1.50,1.05
2011.11.25 01:16:43.597,0.96913,0.96929,1.50,1.05
2011.11.25 01:16:44.285,0.96913,0.9693,1.50,1.05
2011.11.25 01:16:44.412,0.96913,0.9693,1.50,1.05
2011.11.25 01:16:44.940,0.96913,0.96929,1.50,1.05
2011.11.25 01:16:45.275,0.96913,0.96929,1.50,1.05
2011.11.25 01:16:45.872,0.96913,0.9693,1.50,1.05
2011.11.25 01:16:46.448,0.96913,0.9693,1.50,1.05
2011.11.25 01:16:47.025,0.96914,0.9693,1.50,1.05
2011.11.25 01:16:47.584,0.96914,0.96929,1.50,1.05
2011.11.25 01:16:48.149,0.96914,0.9693,1.50,1.05
2011.11.25 01:16:48.846,0.96914,0.96929,1.50,1.05
2011.11.25 01:16:49.675,0.96915,0.96929,1.50,1.05
2011.11.25 01:16:49.906,0.96918,0.96934,1.50,2.85
2011.11.25 01:16:50.247,0.96921,0.96934,1.88,1.50
2011.11.25 01:16:50.598,0.96929,0.96942,1.50,1.05
2011.11.25 01:16:51.149,0.96919,0.96938,1.50,1.50
2011.11.25 01:16:51.715,0.96918,0.96938,3.45,1.50
2011.11.25 01:16:52.727,0.96918,0.96938,3.00,1.50
2011.11.25 01:16:53.065,0.96921,0.96941,1.50,1.65
2011.11.25 01:16:53.295,0.96921,0.96941,1.50,1.65
2011.11.25 01:16:53.757,0.96929,0.96941,1.05,1.50
2011.11.25 01:16:54.106,0.96936,0.96944,1.50,1.88
2011.11.25 01:16:54.349,0.96931,0.9695,2.25,1.88
2011.11.25 01:16:54.468,0.96932,0.96953,1.50,2.25
2011.11.25 01:16:54.586,0.96932,0.96953,1.50,2.25
2011.11.25 01:16:54.935,0.96931,0.96953,1.50,2.25
2011.11.25 01:16:55.165,0.96931,0.96952,2.25,1.50
2011.11.25 01:16:55.397,0.96935,0.96952,1.50,1.50
2011.11.25 01:16:55.752,0.96941,0.96954,1.50,1.50
2011.11.25 01:16:56.365,0.96941,0.96959,4.13,1.50
2011.11.25 01:16:56.495,0.96946,0.96964,1.50,2.25
2011.11.25 01:16:56.860,0.96957,0.96967,1.50,1.50
2011.11.25 01:16:56.982,0.96966,0.96975,1.50,1.13
2011.11.25 01:16:57.112,0.96967,0.96981,1.50,1.50
2011.11.25 01:16:57.237,0.96967,0.96982,1.50,1.13
2011.11.25 01:16:57.360,0.9697,0.96983,1.50,1.13
2011.11.25 01:16:57.478,0.9697,0.96985,1.50,1.88
2011.11.25 01:16:57.598,0.96972,0.96987,1.50,1.13
2011.11.25 01:16:57.721,0.96974,0.96989,1.50,1.13
2011.11.25 01:16:58.066,0.96975,0.96991,1.50,1.50
2011.11.25 01:16:58.187,0.96975,0.96994,2.25,1.50
2011.11.25 01:16:58.536,0.96974,0.96988,1.50,1.13
2011.11.25 01:16:59.334,0.96974,0.96981,1.50,1.13
2011.11.25 01:16:59.465,0.96963,0.96974,2.25,1.50
2011.11.25 01:16:59.594,0.96956,0.96974,1.62,1.50
2011.11.25 01:16:59.839,0.9696,0.9698,1.50,1.50
2011.11.25 01:17:00.175,0.9696,0.96981,1.50,1.50
2011.11.25 01:17:00.407,0.96959,0.96978,1.50,1.50
2011.11.25 01:17:00.528,0.96959,0.96975,1.50,1.13
2011.11.25 01:17:00.646,0.96958,0.96974,1.50,1.50
2011.11.25 01:17:00.769,0.96957,0.96973,1.50,3.75
2011.11.25 01:17:00.888,0.9695,0.96971,1.50,2.25
2011.11.25 01:17:01.115,0.9695,0.96969,1.50,1.50
2011.11.25 01:17:11.017,0.96948,0.96966,2.25,2.25
2011.11.25 01:17:11.355,0.96948,0.96966,2.25,2.25
2011.11.25 01:17:11.915,0.96948,0.96966,2.25,2.25
2011.11.25 01:17:12.656,0.96943,0.96961,1.50,1.50
2011.11.25 01:17:12.789,0.96938,0.96959,1.88,2.25
2011.11.25 01:17:14.366,0.96939,0.96961,2.25,1.50
2011.11.25 01:17:14.596,0.96941,0.96961,1.50,1.50
2011.11.25 01:17:15.154,0.96941,0.96961,1.50,1.50
2011.11.25 01:17:16.667,0.96941,0.96962,1.50,2.63
2011.11.25 01:17:17.227,0.9694,0.96961,1.50,2.63
2011.11.25 01:17:17.565,0.96938,0.9696,3.00,1.50
2011.11.25 01:17:19.265,0.96938,0.9696,3.00,1.50
2011.11.25 01:17:19.785,0.96938,0.9696,2.25,1.50
2011.11.25 01:17:20.238,0.9694,0.9696,1.50,1.50
2011.11.25 01:17:21.135,0.96945,0.96962,1.13,1.13
2011.11.25 01:17:21.706,0.96944,0.96962,2.25,1.13
2011.11.25 01:17:22.155,0.96944,0.96962,2.25,1.13
2011.11.25 01:17:25.724,0.96944,0.96962,1.50,1.50
2011.11.25 01:17:29.630,0.96944,0.96962,2.25,1.88
2011.11.25 01:17:29.751,0.96949,0.96962,2.25,1.13
2011.11.25 01:17:30.378,0.96958,0.96966,1.50,1.13
2011.11.25 01:17:30.505,0.96958,0.96979,3.08,1.13
2011.11.25 01:17:30.629,0.96959,0.96979,1.50,1.13
2011.11.25 01:17:31.188,0.96959,0.96978,1.50,1.13
2011.11.25 01:17:32.077,0.96959,0.96978,1.50,1.13
2011.11.25 01:17:34.047,0.96957,0.96974,1.58,1.50
2011.11.25 01:17:34.281,0.96952,0.96967,1.58,1.50
2011.11.25 01:17:34.843,0.96952,0.96963,1.50,1.50
2011.11.25 01:17:34.970,0.96945,0.96962,1.50,1.50
2011.11.25 01:17:36.417,0.96945,0.96963,1.50,2.25
2011.11.25 01:17:36.646,0.96948,0.96963,1.50,1.50
2011.11.25 01:17:36.989,0.96963,0.9697,1.50,1.50
2011.11.25 01:17:37.227,0.96967,0.96979,1.50,1.50
2011.11.25 01:17:37.348,0.96968,0.96984,1.50,1.50
2011.11.25 01:17:37.906,0.96968,0.96984,2.25,1.50
2011.11.25 01:17:38.467,0.96968,0.96983,2.25,1.50
2011.11.25 01:17:39.018,0.96959,0.96977,2.25,1.13
2011.11.25 01:17:39.368,0.96959,0.96979,2.25,1.13
2011.11.25 01:17:39.708,0.96957,0.96975,1.58,1.13
2011.11.25 01:17:40.057,0.96953,0.96969,1.58,1.50
2011.11.25 01:17:40.179,0.9695,0.96967,2.25,1.50
2011.11.25 01:17:40.297,0.9695,0.96967,1.50,1.50
2011.11.25 01:17:40.878,0.96948,0.96968,1.50,1.88
2011.11.25 01:17:41.106,0.96948,0.96968,1.50,1.88
2011.11.25 01:17:41.445,0.96948,0.96968,1.50,1.50
2011.11.25 01:17:42.815,0.96947,0.96968,2.25,1.88
2011.11.25 01:17:44.825,0.96947,0.96966,2.25,1.50
2011.11.25 01:17:46.656,0.96945,0.96966,2.25,1.50
2011.11.25 01:17:47.216,0.96945,0.96962,2.25,1.50
2011.11.25 01:17:47.335,0.96945,0.96962,2.25,1.50
2011.11.25 01:17:48.230,0.96945,0.9696,2.25,2.25
2011.11.25 01:17:48.350,0.9694,0.96957,3.00,1.50
2011.11.25 01:17:48.467,0.9694,0.96956,1.50,1.50
2011.11.25 01:17:49.246,0.96939,0.96956,2.25,1.50
2011.11.25 01:17:49.758,0.9694,0.96957,1.50,1.50
2011.11.25 01:17:49.888,0.96944,0.96962,1.50,1.50
2011.11.25 01:17:50.007,0.96944,0.96962,1.50,2.25
2011.11.25 01:17:50.367,0.96954,0.96968,1.50,2.12
2011.11.25 01:17:50.493,0.96954,0.96969,1.50,1.50
2011.11.25 01:17:50.620,0.96954,0.96969,1.50,1.35
2011.11.25 01:17:50.972,0.96961,0.96979,1.50,2.12
2011.11.25 01:17:51.088,0.96959,0.9698,2.25,1.13
2011.11.25 01:17:51.647,0.96961,0.96981,1.50,1.50
2011.11.25 01:17:51.772,0.96962,0.96982,1.50,1.50
2011.11.25 01:17:52.008,0.96962,0.96982,1.50,1.50
2011.11.25 01:17:52.615,0.96963,0.96981,1.50,1.50
2011.11.25 01:17:53.175,0.96963,0.96982,1.50,1.50
2011.11.25 01:17:53.517,0.96964,0.96983,2.25,1.50
2011.11.25 01:17:54.085,0.96966,0.96984,1.50,1.50
2011.11.25 01:17:54.645,0.96966,0.96984,1.50,1.50
2011.11.25 01:17:55.316,0.96965,0.96984,1.50,2.25
2011.11.25 01:17:55.656,0.96965,0.96982,1.50,1.50
2011.11.25 01:17:56.003,0.96956,0.96972,1.50,1.88
2011.11.25 01:17:56.240,0.96955,0.96974,1.50,2.25
2011.11.25 01:17:56.855,0.96957,0.96974,1.50,2.25
2011.11.25 01:17:57.595,0.96957,0.96974,1.50,1.50
2011.11.25 01:17:58.155,0.96957,0.96974,1.50,2.25
2011.11.25 01:17:58.936,0.96957,0.96974,1.50,1.50
2011.11.25 01:17:59.288,0.96966,0.96984,1.50,2.87
2011.11.25 01:17:59.407,0.96967,0.96984,1.50,1.50
2011.11.25 01:17:59.526,0.96965,0.96984,1.50,1.50
2011.11.25 01:18:00.088,0.96964,0.96983,2.25,1.50
2011.11.25 01:18:00.208,0.96964,0.96982,2.25,2.25
2011.11.25 01:18:00.327,0.96964,0.96981,2.25,1.50
2011.11.25 01:18:00.446,0.96959,0.96976,1.50,1.50
2011.11.25 01:18:00.568,0.96959,0.96976,1.50,1.50
2011.11.25 01:18:01.398,0.96959,0.96976,1.50,1.50
2011.11.25 01:18:03.057,0.96956,0.96972,1.50,1.50
2011.11.25 01:18:03.625,0.96955,0.96974,1.50,1.50
2011.11.25 01:18:03.967,0.96952,0.96969,1.58,2.25
2011.11.25 01:18:04.197,0.96948,0.96968,2.25,1.88
2011.11.25 01:18:04.766,0.96948,0.96966,1.50,1.50
2011.11.25 01:18:05.219,0.96952,0.96968,1.50,1.13
2011.11.25 01:18:06.129,0.96949,0.96964,1.50,1.50
2011.11.25 01:18:06.490,0.96954,0.96972,1.13,1.50
2011.11.25 01:18:06.609,0.96954,0.96972,1.88,1.50
2011.11.25 01:18:06.736,0.96955,0.96973,1.88,1.50
2011.11.25 01:18:07.416,0.96958,0.96973,1.50,1.50
2011.11.25 01:18:07.983,0.96958,0.96973,1.50,1.50
2011.11.25 01:18:08.566,0.96958,0.96973,1.50,1.50
2011.11.25 01:18:09.357,0.96959,0.96974,1.50,1.50
2011.11.25 01:18:10.142,0.9696,0.96974,2.25,1.50
2011.11.25 01:18:10.278,0.96967,0.96983,1.13,1.50
2011.11.25 01:18:10.399,0.96967,0.96983,1.13,1.50
2011.11.25 01:18:10.628,0.96968,0.96983,1.13,1.50
2011.11.25 01:18:10.866,0.96968,0.96983,1.50,2.25
2011.11.25 01:18:11.229,0.96966,0.96981,2.25,1.50
2011.11.25 01:18:11.578,0.96959,0.96978,1.50,1.50
2011.11.25 01:18:15.770,0.96958,0.96975,1.58,1.50
2011.11.25 01:18:16.217,0.96959,0.96975,1.50,1.50
2011.11.25 01:18:16.335,0.96959,0.96976,2.25,1.13
2011.11.25 01:18:16.456,0.96959,0.96978,2.25,1.50
2011.11.25 01:18:16.685,0.96959,0.96978,2.25,1.50
2011.11.25 01:18:18.945,0.96958,0.96978,1.50,1.50
2011.11.25 01:18:19.292,0.96957,0.96973,1.58,1.50
2011.11.25 01:18:19.649,0.9695,0.96971,3.38,1.50
2011.11.25 01:18:24.476,0.96951,0.96972,1.50,1.88
2011.11.25 01:18:25.357,0.96954,0.96972,1.50,1.50
2011.11.25 01:18:28.055,0.96954,0.96972,1.50,1.50
2011.11.25 01:18:28.804,0.96954,0.96972,1.50,1.50
2011.11.25 01:18:29.145,0.9696,0.96973,3.75,1.50
2011.11.25 01:18:29.485,0.9696,0.96976,4.50,3.38
2011.11.25 01:18:30.330,0.96961,0.96979,2.25,1.95
2011.11.25 01:18:30.569,0.96964,0.96981,1.50,1.13
2011.11.25 01:18:34.635,0.96962,0.96979,1.58,1.50
2011.11.25 01:18:34.978,0.96957,0.96973,1.50,1.50
2011.11.25 01:18:35.432,0.96958,0.96973,1.50,1.50
2011.11.25 01:18:35.666,0.9696,0.96977,1.88,1.50
2011.11.25 01:18:35.787,0.96962,0.96978,1.50,1.50
2011.11.25 01:18:36.345,0.96962,0.96978,1.50,1.50
2011.11.25 01:18:37.346,0.96964,0.96979,1.95,1.50
2011.11.25 01:18:37.789,0.96965,0.96979,2.25,1.50
2011.11.25 01:18:38.154,0.96971,0.96985,1.50,2.25
2011.11.25 01:18:38.281,0.96971,0.96984,1.13,1.50
2011.11.25 01:18:38.400,0.9697,0.96984,1.13,3.00
2011.11.25 01:18:38.758,0.9697,0.96984,1.13,1.50
2011.11.25 01:18:39.326,0.9697,0.96984,1.13,2.25
2011.11.25 01:18:39.935,0.96971,0.96984,1.13,1.50
2011.11.25 01:18:40.496,0.9697,0.96984,1.13,2.25
2011.11.25 01:18:41.319,0.96969,0.96984,1.88,2.25
2011.11.25 01:18:41.945,0.96969,0.96984,1.13,1.50
2011.11.25 01:18:42.174,0.96969,0.96984,2.25,1.50
2011.11.25 01:18:42.625,0.96969,0.96984,1.13,2.25
2011.11.25 01:18:43.185,0.9697,0.96984,1.13,1.50
2011.11.25 01:18:43.747,0.96969,0.96984,1.88,2.25
2011.11.25 01:18:44.305,0.96968,0.96984,1.13,3.00
2011.11.25 01:18:44.974,0.96968,0.96982,1.13,1.50
2011.11.25 01:18:45.571,0.96968,0.96983,1.88,1.50
2011.11.25 01:18:46.350,0.96968,0.96984,1.88,2.25
2011.11.25 01:18:46.809,0.96969,0.96984,1.88,2.25
2011.11.25 01:18:47.048,0.96969,0.96984,3.00,1.50
2011.11.25 01:18:47.171,0.96972,0.96986,1.50,1.50
2011.11.25 01:18:47.726,0.96972,0.96986,1.13,1.50
2011.11.25 01:18:48.285,0.96973,0.96987,1.13,1.58
2011.11.25 01:18:51.826,0.96973,0.96987,2.25,1.50
2011.11.25 01:18:51.950,0.96974,0.96987,1.13,1.58
2011.11.25 01:18:52.301,0.96976,0.96988,1.13,2.33
2011.11.25 01:18:52.857,0.96976,0.96988,1.13,2.33
2011.11.25 01:18:53.087,0.96973,0.96987,1.13,2.25
2011.11.25 01:18:53.207,0.96971,0.96987,1.13,2.33
2011.11.25 01:18:53.657,0.96974,0.96987,1.13,1.58
2011.11.25 01:18:54.316,0.96974,0.96988,1.13,2.33
2011.11.25 01:18:54.885,0.96973,0.96989,1.13,3.08
2011.11.25 01:18:55.502,0.96972,0.96989,2.63,4.20
2011.11.25 01:18:56.131,0.96974,0.96989,1.13,3.45
2011.11.25 01:18:56.973,0.96972,0.96988,2.63,1.58
2011.11.25 01:18:57.759,0.96974,0.96989,1.88,1.95
2011.11.25 01:18:57.989,0.96977,0.96993,1.50,1.58
2011.11.25 01:18:58.546,0.96978,0.96994,1.50,1.50
2011.11.25 01:19:00.268,0.96978,0.96994,1.50,1.50
2011.11.25 01:19:00.827,0.96978,0.96994,1.50,1.50
2011.11.25 01:19:01.387,0.96977,0.96994,1.50,1.50
2011.11.25 01:19:03.724,0.96978,0.96994,1.50,1.50
2011.11.25 01:19:05.087,0.96978,0.96994,1.50,2.25
2011.11.25 01:19:05.647,0.96978,0.96994,1.50,1.50
2011.11.25 01:19:06.207,0.96976,0.96994,1.50,1.50
2011.11.25 01:19:06.814,0.96977,0.96993,1.50,1.50
2011.11.25 01:19:07.936,0.96977,0.96994,1.50,2.25
2011.11.25 01:19:08.720,0.96977,0.96994,1.50,2.25
2011.11.25 01:19:09.285,0.96976,0.96993,2.25,1.13
2011.11.25 01:19:09.736,0.96976,0.9699,1.50,1.13
2011.11.25 01:19:10.336,0.96976,0.96989,1.50,1.13
2011.11.25 01:19:10.703,0.96973,0.96989,2.25,1.88
2011.11.25 01:19:11.293,0.9697,0.96987,1.50,1.13
2011.11.25 01:19:11.758,0.9697,0.96984,1.50,1.13
2011.11.25 01:19:11.999,0.96967,0.96983,1.50,1.13
2011.11.25 01:19:12.241,0.96967,0.96982,2.25,1.13
2011.11.25 01:19:12.854,0.96968,0.9699,1.50,1.13
2011.11.25 01:19:16.516,0.96968,0.96991,2.25,2.25
2011.11.25 01:19:17.079,0.96967,0.96985,1.50,1.50
2011.11.25 01:19:17.638,0.96969,0.96986,1.50,1.50
2011.11.25 01:19:18.196,0.96969,0.96986,1.50,1.50
2011.11.25 01:19:22.087,0.96969,0.96986,2.25,1.50
2011.11.25 01:19:22.871,0.96969,0.96986,1.50,1.50
2011.11.25 01:19:23.466,0.96969,0.96986,1.50,1.50
2011.11.25 01:19:26.959,0.96971,0.96989,1.50,1.50
2011.11.25 01:19:30.838,0.96972,0.96992,1.43,1.88
2011.11.25 01:19:30.957,0.96972,0.96993,1.43,1.50
2011.11.25 01:19:35.549,0.96971,0.96991,2.33,1.13
2011.11.25 01:19:36.437,0.96971,0.96988,1.50,1.13
2011.11.25 01:19:36.785,0.96969,0.96988,2.25,1.13
2011.11.25 01:19:37.346,0.96971,0.9699,1.50,1.13
2011.11.25 01:19:37.905,0.96971,0.9699,1.50,1.88
2011.11.25 01:19:41.055,0.96971,0.9699,1.50,2.25
2011.11.25 01:19:41.178,0.96969,0.9699,1.50,1.88
2011.11.25 01:19:41.298,0.96969,0.96988,1.50,1.13
2011.11.25 01:19:41.528,0.96968,0.96986,1.50,1.50
2011.11.25 01:19:41.646,0.96968,0.96986,2.25,1.50
2011.11.25 01:19:41.986,0.9697,0.96991,1.50,1.13
2011.11.25 01:19:44.315,0.9697,0.96989,1.50,1.50
2011.11.25 01:19:45.434,0.9697,0.9699,1.50,2.63
2011.11.25 01:19:45.664,0.9697,0.9699,1.50,2.63
2011.11.25 01:19:46.518,0.9697,0.96989,1.50,1.50
2011.11.25 01:19:51.085,0.96971,0.96989,1.50,1.50
2011.11.25 01:19:51.645,0.9697,0.96989,2.25,1.13
2011.11.25 01:19:51.875,0.9697,0.96992,2.25,1.50
2011.11.25 01:19:53.206,0.9697,0.9699,1.50,1.88
2011.11.25 01:19:53.766,0.9697,0.96988,1.50,1.88
2011.11.25 01:19:54.106,0.9697,0.96988,1.50,1.88
2011.11.25 01:19:54.675,0.9697,0.96988,1.50,1.88
2011.11.25 01:19:55.405,0.9697,0.96988,1.50,1.88
2011.11.25 01:19:55.526,0.9697,0.96988,1.50,1.88
2011.11.25 01:19:55.646,0.9697,0.96988,1.50,1.88
2011.11.25 01:19:57.406,0.9697,0.96988,1.50,1.88
2011.11.25 01:19:58.524,0.9697,0.96988,1.50,1.88
2011.11.25 01:19:59.418,0.9697,0.96985,1.50,1.13
2011.11.25 01:19:59.783,0.96967,0.96982,1.50,1.13
2011.11.25 01:20:00.032,0.96965,0.9698,1.50,1.88
2011.11.25 01:20:00.150,0.96961,0.96979,1.80,1.50
2011.11.25 01:20:00.775,0.96958,0.96978,3.00,1.13
2011.11.25 01:20:01.445,0.96958,0.9698,3.75,2.25
2011.11.25 01:20:01.676,0.96958,0.9698,3.08,2.63
2011.11.25 01:20:03.240,0.96964,0.96982,1.50,2.63
2011.11.25 01:20:03.797,0.96964,0.96982,1.50,1.50
2011.11.25 01:20:04.136,0.96959,0.96982,1.05,3.08
2011.11.25 01:20:04.258,0.96959,0.9698,1.05,1.50
2011.11.25 01:20:04.487,0.96958,0.9698,3.00,1.50
2011.11.25 01:20:05.094,0.96961,0.96981,1.13,1.50
2011.11.25 01:20:05.336,0.96966,0.96982,1.50,1.50
2011.11.25 01:20:06.995,0.96965,0.96982,1.50,1.50
2011.11.25 01:20:07.557,0.96964,0.96982,1.50,1.50
2011.11.25 01:20:07.680,0.96967,0.96982,3.00,1.50
2011.11.25 01:20:08.017,0.96972,0.96991,2.33,1.50
2011.11.25 01:20:08.136,0.96974,0.96992,1.50,2.63
2011.11.25 01:20:08.696,0.96974,0.96991,1.50,2.25
2011.11.25 01:20:08.816,0.96973,0.9699,1.58,1.50
2011.11.25 01:20:09.046,0.96972,0.9699,1.50,1.50
2011.11.25 01:20:09.274,0.96968,0.9699,1.35,1.50
2011.11.25 01:20:11.778,0.9697,0.96991,1.13,3.00
2011.11.25 01:20:12.356,0.96973,0.96993,1.95,3.00
2011.11.25 01:20:12.697,0.96974,0.96992,1.50,1.50
2011.11.25 01:20:16.857,0.96977,0.96995,1.88,1.50
2011.11.25 01:20:16.976,0.96979,0.96996,1.50,1.50
2011.11.25 01:20:17.535,0.96978,0.96995,1.50,1.50
2011.11.25 01:20:20.300,0.96978,0.96995,2.25,2.25
2011.11.25 01:20:20.659,0.9698,0.96996,1.13,1.50
2011.11.25 01:20:20.782,0.96981,0.96997,1.13,1.50
2011.11.25 01:20:21.393,0.96981,0.96997,1.13,1.50
2011.11.25 01:20:21.749,0.96982,0.96997,1.13,1.50
2011.11.25 01:20:22.216,0.96984,0.96997,1.50,1.58
2011.11.25 01:20:22.457,0.96984,0.96997,1.35,1.58
2011.11.25 01:20:23.456,0.96981,0.96996,1.13,1.50
2011.11.25 01:20:24.024,0.9698,0.96995,1.88,1.50
2011.11.25 01:20:24.586,0.96979,0.96995,1.13,2.25
2011.11.25 01:20:24.937,0.96974,0.96994,1.88,2.25
2011.11.25 01:20:25.520,0.96972,0.96992,1.13,1.58
2011.11.25 01:20:25.868,0.96967,0.9699,2.70,1.50
2011.11.25 01:20:28.036,0.96966,0.96988,2.93,1.50
2011.11.25 01:20:29.716,0.96968,0.96988,1.58,1.50
2011.11.25 01:20:31.835,0.96968,0.96989,1.50,1.50
2011.11.25 01:20:33.275,0.96966,0.96988,1.95,1.50
2011.11.25 01:20:33.614,0.96968,0.9699,1.20,2.25
2011.11.25 01:20:34.244,0.96968,0.9699,1.95,2.25
2011.11.25 01:20:35.105,0.96969,0.9699,1.13,2.25
2011.11.25 01:20:35.689,0.96971,0.9699,1.50,1.50
2011.11.25 01:20:35.810,0.96973,0.96995,1.20,1.50
2011.11.25 01:20:36.365,0.96974,0.96994,1.50,2.25
2011.11.25 01:20:36.687,0.96977,0.96994,1.50,2.25
2011.11.25 01:20:37.356,0.96984,0.97003,2.25,1.50
2011.11.25 01:20:38.145,0.96984,0.97003,3.00,1.50
2011.11.25 01:20:38.794,0.96984,0.97003,2.25,1.50
2011.11.25 01:20:39.956,0.96983,0.97001,2.33,1.50
2011.11.25 01:20:40.296,0.96979,0.97,1.50,1.88
2011.11.25 01:20:40.749,0.96974,0.96995,2.25,2.25
2011.11.25 01:20:40.866,0.96973,0.96992,1.58,1.50
2011.11.25 01:20:40.988,0.96972,0.96992,2.25,2.33
2011.11.25 01:20:41.215,0.96972,0.9699,1.50,1.50
2011.11.25 01:20:43.546,0.96972,0.96993,3.00,1.58
2011.11.25 01:20:43.775,0.96977,0.96995,1.50,3.00
2011.11.25 01:20:46.940,0.96979,0.96997,1.50,1.50
2011.11.25 01:20:47.835,0.96978,0.97,2.63,1.50
2011.11.25 01:20:48.946,0.96978,0.97,3.00,1.50
2011.11.25 01:20:49.505,0.96979,0.97,1.50,1.50
2011.11.25 01:20:50.183,0.96977,0.97,2.33,1.50
2011.11.25 01:20:52.685,0.96979,0.96999,1.50,1.13
2011.11.25 01:20:56.547,0.96978,0.96996,1.58,2.25
2011.11.25 01:20:57.064,0.96977,0.96996,1.50,1.50
2011.11.25 01:21:00.138,0.96978,0.96998,1.50,1.20
2011.11.25 01:21:00.488,0.96983,0.97003,1.58,1.50
2011.11.25 01:21:01.380,0.96984,0.97003,1.13,1.50
2011.11.25 01:21:01.938,0.96984,0.97003,1.13,1.50
2011.11.25 01:21:02.386,0.96984,0.97002,1.88,1.50
2011.11.25 01:21:03.761,0.96983,0.97001,1.88,1.50
2011.11.25 01:21:04.108,0.96977,0.96997,2.70,1.88
2011.11.25 01:21:04.676,0.96977,0.96996,1.50,1.88
2011.11.25 01:21:05.237,0.96977,0.96995,1.50,1.50
2011.11.25 01:21:06.556,0.96978,0.96996,1.50,1.50
2011.11.25 01:21:11.065,0.96978,0.96997,1.50,1.50
2011.11.25 01:21:11.297,0.96974,0.96997,2.25,1.58
2011.11.25 01:21:11.966,0.96974,0.96997,2.25,1.58
2011.11.25 01:21:12.531,0.96974,0.96997,2.25,1.58
2011.11.25 01:21:12.920,0.96974,0.96993,1.50,1.50
2011.11.25 01:21:13.366,0.96973,0.96992,1.73,1.58
2011.11.25 01:21:13.486,0.96974,0.96992,1.73,1.58
2011.11.25 01:21:13.936,0.96974,0.96993,1.50,2.33
2011.11.25 01:21:14.386,0.96974,0.96994,2.25,1.50
2011.11.25 01:21:14.888,0.96973,0.96994,2.70,1.50
2011.11.25 01:21:16.028,0.96973,0.96992,2.33,1.50
2011.11.25 01:21:16.255,0.96974,0.96992,1.50,1.50
2011.11.25 01:21:17.226,0.96974,0.96992,1.50,1.50
2011.11.25 01:21:19.165,0.96974,0.96993,1.50,1.58
2011.11.25 01:21:19.507,0.96975,0.96992,1.50,1.58
2011.11.25 01:21:19.737,0.96976,0.96996,2.70,1.50
2011.11.25 01:21:21.137,0.96979,0.96997,1.50,1.50
2011.11.25 01:21:21.262,0.96984,0.97,1.13,1.50
2011.11.25 01:21:21.379,0.96987,0.97002,1.50,1.50
2011.11.25 01:21:21.499,0.96987,0.97002,1.50,1.50
2011.11.25 01:21:22.151,0.96987,0.97004,1.50,2.25
2011.11.25 01:21:22.266,0.96987,0.97004,2.25,1.50
2011.11.25 01:21:22.496,0.96987,0.97004,1.13,1.50
2011.11.25 01:21:22.837,0.96988,0.97005,2.63,3.00
2011.11.25 01:21:23.397,0.96989,0.97006,2.63,1.50
2011.11.25 01:21:23.966,0.96988,0.97006,2.63,2.25
2011.11.25 01:21:24.535,0.96988,0.97006,2.25,2.25
2011.11.25 01:21:25.435,0.96988,0.97006,1.50,1.50
2011.11.25 01:21:25.886,0.96989,0.97006,1.50,1.50
2011.11.25 01:21:26.247,0.96996,0.97012,2.25,1.50
2011.11.25 01:21:26.475,0.96996,0.97014,2.63,2.25
2011.11.25 01:21:27.072,0.96999,0.97014,1.50,2.25
2011.11.25 01:21:27.790,0.96993,0.97013,3.38,1.58
2011.11.25 01:21:27.907,0.96993,0.97013,3.00,1.58
2011.11.25 01:21:28.492,0.96994,0.97013,1.88,1.58
2011.11.25 01:21:29.088,0.96995,0.97013,1.13,1.20
2011.11.25 01:21:30.017,0.96996,0.97013,1.88,1.20
2011.11.25 01:21:30.478,0.96996,0.97014,2.25,1.95
2011.11.25 01:21:31.049,0.96996,0.97013,1.50,1.50
2011.11.25 01:21:31.996,0.96996,0.97013,1.13,1.50
2011.11.25 01:21:32.337,0.96998,0.97013,1.50,1.95
2011.11.25 01:21:32.576,0.96993,0.97012,2.63,1.58
2011.11.25 01:21:32.926,0.96997,0.97014,1.50,2.63
2011.11.25 01:21:33.499,0.96994,0.97013,1.50,1.50
2011.11.25 01:21:34.076,0.96997,0.97013,1.50,1.20
2011.11.25 01:21:36.356,0.96998,0.97013,1.50,1.20
2011.11.25 01:21:36.885,0.96994,0.97014,1.73,2.63
2011.11.25 01:21:37.120,0.96994,0.97013,1.50,1.58
2011.11.25 01:21:37.907,0.96994,0.97013,2.25,1.58
2011.11.25 01:21:38.796,0.96998,0.97014,1.50,2.70
2011.11.25 01:21:39.465,0.96998,0.97015,1.88,2.25
2011.11.25 01:21:40.465,0.96998,0.97014,1.13,1.50
2011.11.25 01:21:41.178,0.96998,0.97014,1.88,1.50
2011.11.25 01:21:41.517,0.96997,0.97014,1.50,2.25
2011.11.25 01:21:42.122,0.96992,0.97013,2.25,1.88
2011.11.25 01:21:42.239,0.96992,0.97013,2.25,2.10
2011.11.25 01:21:42.794,0.96992,0.97013,2.25,2.10
2011.11.25 01:21:43.356,0.96992,0.97013,2.25,1.95
2011.11.25 01:21:43.915,0.96993,0.97013,1.50,1.95
2011.11.25 01:21:44.478,0.96994,0.97013,1.50,1.95
2011.11.25 01:21:45.037,0.96994,0.97013,1.50,1.58
2011.11.25 01:21:46.047,0.96994,0.97013,1.50,1.58
2011.11.25 01:21:46.275,0.96994,0.97013,1.50,1.58
2011.11.25 01:21:46.841,0.96994,0.97013,1.50,1.58
2011.11.25 01:21:47.425,0.96994,0.97012,1.50,1.58
2011.11.25 01:21:50.279,0.96994,0.97013,1.50,1.95
2011.11.25 01:21:50.615,0.96994,0.97013,1.50,1.95
2011.11.25 01:21:53.026,0.96993,0.97013,1.50,1.95
2011.11.25 01:21:54.136,0.96991,0.97013,3.00,1.58
2011.11.25 01:21:54.695,0.96992,0.97012,1.50,1.58
2011.11.25 01:21:57.355,0.96991,0.97012,1.50,1.58
2011.11.25 01:21:57.915,0.96992,0.97012,2.25,1.95
2011.11.25 01:21:58.257,0.96995,0.97013,1.50,1.50
2011.11.25 01:21:59.255,0.96995,0.97012,2.25,1.50
2011.11.25 01:21:59.705,0.96996,0.97013,1.50,1.50
2011.11.25 01:22:00.267,0.96996,0.97013,1.50,1.50
2011.11.25 01:22:00.496,0.96998,0.97013,1.50,1.50
2011.11.25 01:22:01.055,0.96997,0.97013,1.50,1.50
2011.11.25 01:22:01.752,0.96997,0.97013,1.13,1.50
2011.11.25 01:22:03.645,0.96998,0.97013,1.88,1.50
2011.11.25 01:22:04.173,0.96998,0.97012,2.63,1.50
2011.11.25 01:22:04.746,0.96999,0.97014,1.13,1.50
2011.11.25 01:22:05.305,0.96998,0.97013,1.50,1.50
2011.11.25 01:22:05.876,0.96998,0.97013,1.50,1.50
2011.11.25 01:22:06.455,0.96998,0.97013,1.50,1.50
2011.11.25 01:22:07.654,0.96998,0.97013,1.50,1.50
2011.11.25 01:22:08.215,0.96998,0.97013,1.50,1.50
2011.11.25 01:22:10.236,0.96998,0.97012,2.25,1.50
2011.11.25 01:22:10.466,0.96999,0.97019,1.50,1.13
2011.11.25 01:22:11.245,0.97001,0.97021,1.50,1.13
2011.11.25 01:22:12.763,0.97,0.97021,1.50,1.20
2011.11.25 01:22:13.326,0.97001,0.97023,2.25,2.33
2011.11.25 01:22:13.695,0.97001,0.97023,2.25,2.33
2011.11.25 01:22:14.386,0.97001,0.97022,1.50,1.58
2011.11.25 01:22:14.945,0.97001,0.97022,1.50,1.58
2011.11.25 01:22:15.426,0.97001,0.97023,2.63,1.95
2011.11.25 01:22:16.635,0.97001,0.97023,2.25,1.95
2011.11.25 01:22:17.284,0.97001,0.97023,2.25,1.95
2011.11.25 01:22:17.627,0.97002,0.97023,1.13,1.95
2011.11.25 01:22:18.186,0.97001,0.97023,2.90,1.95
2011.11.25 01:22:20.225,0.97007,0.97022,3.30,1.58
2011.11.25 01:22:20.352,0.9701,0.97023,1.50,1.20
2011.11.25 01:22:20.467,0.97012,0.97027,1.50,2.25
2011.11.25 01:22:20.698,0.97008,0.97027,1.50,1.50
2011.11.25 01:22:21.270,0.97006,0.97027,2.33,1.50
2011.11.25 01:22:23.376,0.97006,0.97027,2.60,1.50
2011.11.25 01:22:23.934,0.97007,0.97027,1.20,1.50
2011.11.25 01:22:24.496,0.97007,0.97026,1.10,1.50
2011.11.25 01:22:25.066,0.97004,0.97022,3.27,1.50
2011.11.25 01:22:27.946,0.97004,0.97022,1.50,1.50
2011.11.25 01:22:30.681,0.97006,0.97022,1.35,1.50
2011.11.25 01:22:30.918,0.97011,0.97027,1.50,2.10
2011.11.25 01:22:31.147,0.97011,0.97033,2.33,1.88
2011.11.25 01:22:31.386,0.97014,0.97032,1.50,1.50
2011.11.25 01:22:31.726,0.97013,0.97033,2.25,1.88
2011.11.25 01:22:35.325,0.97015,0.97033,1.50,1.50
2011.11.25 01:22:36.120,0.97015,0.97032,1.50,1.50
2011.11.25 01:22:37.236,0.97015,0.97033,1.50,1.50
2011.11.25 01:22:37.357,0.97016,0.97033,1.88,1.50
2011.11.25 01:22:37.478,0.97017,0.97034,1.13,2.25
2011.11.25 01:22:37.598,0.9702,0.97034,1.13,2.25
2011.11.25 01:22:37.947,0.97017,0.97034,3.38,2.25
2011.11.25 01:22:38.838,0.97016,0.97034,1.88,2.25
2011.11.25 01:22:39.395,0.97017,0.97034,1.88,2.25
2011.11.25 01:22:39.920,0.9703,0.97039,1.50,1.37
2011.11.25 01:22:40.048,0.9703,0.97046,1.88,1.58
2011.11.25 01:22:40.170,0.97031,0.97051,1.50,1.50
2011.11.25 01:22:40.290,0.97031,0.97051,1.50,1.50
2011.11.25 01:22:40.529,0.97033,0.97053,1.50,3.08
2011.11.25 01:22:41.132,0.97036,0.97052,1.13,1.58
2011.11.25 01:22:41.699,0.97034,0.97053,1.88,1.58
2011.11.25 01:22:42.255,0.97034,0.97053,1.88,1.58
2011.11.25 01:22:43.257,0.97034,0.9705,1.50,1.13
2011.11.25 01:22:43.611,0.97034,0.97048,1.50,1.13
2011.11.25 01:22:43.729,0.97034,0.97049,2.25,2.70
2011.11.25 01:22:43.852,0.97034,0.97049,2.25,1.58
2011.11.25 01:22:43.968,0.97034,0.97053,1.50,1.88
2011.11.25 01:22:44.309,0.97034,0.97051,1.50,1.50
2011.11.25 01:22:45.087,0.97033,0.97051,1.50,1.13
2011.11.25 01:22:45.207,0.97033,0.97051,1.50,3.98
2011.11.25 01:22:45.327,0.9703,0.97043,1.88,1.50
2011.11.25 01:22:45.557,0.97026,0.97042,1.50,1.50
2011.11.25 01:22:46.690,0.97026,0.97043,1.50,2.63
2011.11.25 01:22:46.837,0.97027,0.97045,1.50,1.13
2011.11.25 01:22:47.188,0.97027,0.97042,1.50,1.50
2011.11.25 01:22:47.646,0.97027,0.97042,1.50,2.25
2011.11.25 01:22:48.990,0.97027,0.97042,1.50,1.58
2011.11.25 01:22:51.426,0.97024,0.97039,1.50,1.50
2011.11.25 01:22:51.767,0.97024,0.97038,1.50,2.33
2011.11.25 01:22:52.267,0.97022,0.97038,1.50,2.25
2011.11.25 01:22:52.390,0.97022,0.97038,1.50,1.50
2011.11.25 01:22:52.513,0.97022,0.97038,1.50,1.58
2011.11.25 01:22:52.757,0.97022,0.97042,2.33,1.88
2011.11.25 01:22:52.876,0.97023,0.97044,1.58,1.88
2011.11.25 01:22:52.997,0.97025,0.97042,1.50,1.50
2011.11.25 01:22:53.226,0.97025,0.97043,1.50,1.50
2011.11.25 01:22:54.346,0.97025,0.97043,1.50,1.50
2011.11.25 01:22:54.906,0.97025,0.97042,1.50,1.50
2011.11.25 01:22:56.127,0.97025,0.97043,1.02,2.25
2011.11.25 01:22:56.248,0.97025,0.97043,1.02,1.50
2011.11.25 01:22:56.937,0.97024,0.97041,1.20,2.25
2011.11.25 01:22:57.058,0.97022,0.97036,1.50,1.50
2011.11.25 01:22:57.296,0.97021,0.97039,2.25,1.88
2011.11.25 01:22:57.531,0.97024,0.97043,2.10,1.58
2011.11.25 01:22:58.085,0.97024,0.97044,2.48,1.50
2011.11.25 01:22:58.538,0.97023,0.97043,2.33,1.50
2011.11.25 01:22:58.659,0.97023,0.97043,1.58,1.50
2011.11.25 01:22:59.216,0.97023,0.97041,1.50,1.50
2011.11.25 01:22:59.666,0.97022,0.9704,1.02,1.50
2011.11.25 01:23:04.644,0.9702,0.9704,1.50,1.50
2011.11.25 01:23:08.456,0.9702,0.9704,1.50,1.50
2011.11.25 01:23:08.798,0.97019,0.97039,1.02,1.95
2011.11.25 01:23:08.917,0.97019,0.97039,1.02,1.50
2011.11.25 01:23:09.536,0.97019,0.97039,1.02,2.25
2011.11.25 01:23:10.098,0.97018,0.9704,2.15,1.50
2011.11.25 01:23:10.666,0.97023,0.97043,3.00,1.50
2011.11.25 01:23:11.243,0.97024,0.97043,1.50,1.50
2011.11.25 01:23:11.805,0.97025,0.97043,1.50,1.50
2011.11.25 01:23:12.852,0.97023,0.97042,1.02,2.33
2011.11.25 01:23:13.426,0.97022,0.97041,1.50,2.33
2011.11.25 01:23:13.988,0.97019,0.9704,1.50,1.50
2011.11.25 01:23:14.544,0.97019,0.9704,1.50,1.50
2011.11.25 01:23:14.669,0.97022,0.9704,1.50,1.50
2011.11.25 01:23:15.005,0.97025,0.97042,1.88,2.33
2011.11.25 01:23:16.006,0.97025,0.97042,1.88,2.33
2011.11.25 01:23:17.847,0.97025,0.97043,1.88,1.20
2011.11.25 01:23:17.966,0.97024,0.97045,1.13,1.50
2011.11.25 01:23:19.897,0.97025,0.97046,1.13,3.08
2011.11.25 01:23:20.456,0.97027,0.97046,1.02,2.25
2011.11.25 01:23:21.016,0.97027,0.97045,1.02,1.50
2011.11.25 01:23:21.699,0.97027,0.97044,1.02,1.50
2011.11.25 01:23:21.820,0.97025,0.97043,1.02,1.50
2011.11.25 01:23:21.937,0.97024,0.97043,1.02,1.58
2011.11.25 01:23:22.496,0.97024,0.97042,1.02,1.58
2011.11.25 01:23:22.947,0.97025,0.97042,1.02,1.58
2011.11.25 01:23:28.195,0.97023,0.97042,1.77,3.08
2011.11.25 01:23:30.697,0.97023,0.97042,2.15,2.33
2011.11.25 01:23:31.036,0.97023,0.97042,2.15,2.33
2011.11.25 01:23:31.627,0.97023,0.9704,2.15,1.50
2011.11.25 01:23:32.185,0.97023,0.9704,1.02,1.50
2011.11.25 01:23:32.426,0.97024,0.97042,1.77,2.33
2011.11.25 01:23:32.769,0.97025,0.97042,1.77,1.58
2011.11.25 01:23:33.556,0.97026,0.97044,1.77,2.25
2011.11.25 01:23:34.095,0.97027,0.97044,1.02,2.25
2011.11.25 01:23:35.436,0.97027,0.97044,1.02,2.25
2011.11.25 01:23:39.516,0.97026,0.97044,1.02,3.00
2011.11.25 01:23:41.470,0.97025,0.97042,1.02,1.50
2011.11.25 01:23:41.817,0.97021,0.97041,2.52,1.50
2011.11.25 01:23:45.556,0.97019,0.97039,1.77,1.50
2011.11.25 01:23:45.678,0.97019,0.97039,1.77,2.25
2011.11.25 01:23:46.579,0.9702,0.97039,1.02,2.63
2011.11.25 01:23:46.714,0.97017,0.97035,1.58,2.25
2011.11.25 01:23:47.276,0.97016,0.97034,1.02,1.50
2011.11.25 01:23:47.836,0.97018,0.97034,1.02,1.50
2011.11.25 01:23:48.396,0.97019,0.97038,1.77,1.50
2011.11.25 01:23:48.956,0.9702,0.97038,1.02,1.50
2011.11.25 01:23:53.736,0.9702,0.97038,1.02,1.50
2011.11.25 01:23:54.298,0.9702,0.97038,1.02,1.50
2011.11.25 01:23:55.079,0.9702,0.97035,1.02,1.50
2011.11.25 01:23:55.211,0.97016,0.9703,2.25,1.50
2011.11.25 01:23:55.570,0.97009,0.9703,2.37,2.25
2011.11.25 01:23:55.689,0.97009,0.9703,3.12,2.25
2011.11.25 01:24:01.116,0.97011,0.9703,2.52,1.50
2011.11.25 01:24:01.236,0.97013,0.9703,1.50,1.50
2011.11.25 01:24:01.468,0.97014,0.9703,1.50,1.50
2011.11.25 01:24:02.038,0.97014,0.9703,1.50,1.50
2011.11.25 01:24:02.158,0.97014,0.97032,2.25,1.58
2011.11.25 01:24:02.499,0.97017,0.97034,1.50,2.25
2011.11.25 01:24:03.122,0.97019,0.97039,1.50,2.25
2011.11.25 01:24:04.007,0.97018,0.97037,3.83,1.50
2011.11.25 01:24:04.127,0.97018,0.97034,3.00,1.50
2011.11.25 01:24:04.468,0.97018,0.97034,2.33,1.50
2011.11.25 01:24:04.817,0.97018,0.97034,1.50,1.50
2011.11.25 01:24:07.697,0.97017,0.97034,1.58,1.50
2011.11.25 01:24:07.928,0.97016,0.97034,1.50,1.50
2011.11.25 01:24:08.536,0.97018,0.97034,1.50,2.25
2011.11.25 01:24:09.098,0.97017,0.97034,1.58,2.25
2011.11.25 01:24:11.357,0.97018,0.97034,1.58,1.50
2011.11.25 01:24:11.597,0.97016,0.97031,1.58,1.50
2011.11.25 01:24:11.720,0.97013,0.9703,1.50,1.50
2011.11.25 01:24:11.947,0.97009,0.9703,2.25,1.50
2011.11.25 01:24:12.285,0.97009,0.9703,1.50,1.50
2011.11.25 01:24:12.850,0.97008,0.97028,1.85,1.50
2011.11.25 01:24:20.006,0.97007,0.97027,2.60,1.50
2011.11.25 01:24:21.584,0.97007,0.97027,3.35,1.50
2011.11.25 01:24:24.948,0.97007,0.97026,1.85,2.25
2011.11.25 01:24:25.181,0.97006,0.97018,1.58,1.50
2011.11.25 01:24:25.299,0.97004,0.97017,1.02,2.25
2011.11.25 01:24:25.817,0.96997,0.97016,1.58,1.50
2011.11.25 01:24:26.497,0.96996,0.97016,3.35,2.25
2011.11.25 01:24:27.059,0.96997,0.97015,1.10,1.88
2011.11.25 01:24:27.676,0.96997,0.97015,1.10,1.88
2011.11.25 01:24:28.870,0.96998,0.97015,1.10,1.50
2011.11.25 01:24:29.317,0.96998,0.97015,1.02,1.50
2011.11.25 01:24:30.028,0.96998,0.97017,1.77,1.50
2011.11.25 01:24:32.047,0.96999,0.97017,1.02,1.50
2011.11.25 01:24:32.608,0.96999,0.97018,2.52,1.50
2011.11.25 01:24:36.167,0.96999,0.97018,1.50,1.50
2011.11.25 01:24:37.027,0.97,0.97018,1.13,1.50
2011.11.25 01:24:37.257,0.97,0.9702,1.50,1.50
2011.11.25 01:24:38.476,0.96999,0.97018,2.25,1.50
2011.11.25 01:24:39.386,0.96999,0.97018,2.25,1.50
2011.11.25 01:24:39.615,0.96999,0.97018,2.25,1.50
2011.11.25 01:24:40.936,0.96999,0.97018,2.25,1.50
2011.11.25 01:24:43.646,0.97,0.97018,1.13,1.50
2011.11.25 01:24:47.398,0.97,0.97018,1.13,1.50
2011.11.25 01:24:47.847,0.96999,0.97017,2.25,1.50
2011.11.25 01:24:48.186,0.96998,0.97016,2.25,1.50
2011.11.25 01:24:53.427,0.96999,0.97017,1.50,1.50
2011.11.25 01:24:53.988,0.96998,0.97015,1.58,1.50
2011.11.25 01:24:54.449,0.96992,0.97012,3.08,1.50
2011.11.25 01:24:54.568,0.96992,0.97011,2.25,1.50
2011.11.25 01:24:55.130,0.9699,0.97009,1.50,1.50
2011.11.25 01:24:55.246,0.9699,0.97009,1.50,1.50
2011.11.25 01:24:55.700,0.9699,0.97009,1.50,1.50
2011.11.25 01:24:56.090,0.9699,0.97009,1.50,1.50
2011.11.25 01:24:57.267,0.96991,0.97009,1.13,1.50
2011.11.25 01:24:58.639,0.9699,0.97009,1.50,1.50
2011.11.25 01:24:58.871,0.9699,0.97009,1.50,1.50
2011.11.25 01:24:59.206,0.96989,0.97009,2.25,1.50
2011.11.25 01:25:00.567,0.96987,0.97005,1.50,2.25
2011.11.25 01:25:00.690,0.96986,0.97005,3.38,2.25
2011.11.25 01:25:01.246,0.96987,0.97005,1.13,3.00
2011.11.25 01:25:01.805,0.96987,0.97005,1.88,3.00
2011.11.25 01:25:02.145,0.96986,0.97005,3.00,3.00
2011.11.25 01:25:02.710,0.96986,0.97005,3.00,2.25
2011.11.25 01:25:02.827,0.96986,0.97005,3.75,2.25
2011.11.25 01:25:03.537,0.96988,0.97005,1.50,2.25
2011.11.25 01:25:04.457,0.96986,0.97005,4.50,2.25
2011.11.25 01:25:04.905,0.96986,0.97005,3.75,2.25
2011.11.25 01:25:05.135,0.96986,0.97005,3.00,2.25
2011.11.25 01:25:05.695,0.96988,0.97005,1.13,2.25
2011.11.25 01:25:06.256,0.96987,0.97005,1.13,2.25
2011.11.25 01:25:06.945,0.96987,0.97005,1.13,2.25
2011.11.25 01:25:08.183,0.96987,0.97005,1.13,2.25
2011.11.25 01:25:08.745,0.96987,0.97005,1.13,2.25
2011.11.25 01:25:09.415,0.96987,0.97005,1.13,2.25
2011.11.25 01:25:09.975,0.96986,0.97003,1.50,1.50
2011.11.25 01:25:10.097,0.96986,0.97003,1.50,1.50
2011.11.25 01:25:10.657,0.96986,0.97003,1.50,1.50
2011.11.25 01:25:11.649,0.96987,0.97003,1.50,1.50
2011.11.25 01:25:15.678,0.96988,0.97003,1.50,1.50
2011.11.25 01:25:16.029,0.96988,0.97005,1.88,1.50
2011.11.25 01:25:17.326,0.96988,0.97005,1.50,1.50
2011.11.25 01:25:18.087,0.96988,0.97005,1.13,2.25
2011.11.25 01:25:18.646,0.96987,0.97005,2.63,1.50
2011.11.25 01:25:19.137,0.96988,0.97005,1.88,1.50
2011.11.25 01:25:20.297,0.96988,0.97005,2.25,1.50
2011.11.25 01:25:20.865,0.96987,0.97005,2.25,1.50
2011.11.25 01:25:21.424,0.96987,0.97005,2.25,1.50
2011.11.25 01:25:21.987,0.96987,0.97005,2.25,1.50
2011.11.25 01:25:22.109,0.96988,0.97009,2.63,2.33
2011.11.25 01:25:22.348,0.96989,0.97009,1.13,1.50
2011.11.25 01:25:22.907,0.9699,0.97009,1.50,1.50
2011.11.25 01:25:23.784,0.96987,0.97005,1.58,1.88
2011.11.25 01:25:24.139,0.9698,0.96999,1.50,1.50
2011.11.25 01:25:24.697,0.96979,0.96999,1.50,1.50
2011.11.25 01:25:26.489,0.9698,0.96999,2.25,1.50
2011.11.25 01:25:26.718,0.96981,0.96999,1.50,1.50
2011.11.25 01:25:27.276,0.96981,0.96999,4.13,1.50
2011.11.25 01:25:27.396,0.96981,0.96999,4.13,1.50
2011.11.25 01:25:28.070,0.96982,0.96999,1.13,1.50
2011.11.25 01:25:28.679,0.96981,0.96999,1.50,1.50
2011.11.25 01:25:29.955,0.96981,0.96999,2.25,1.50
2011.11.25 01:25:30.514,0.9698,0.96999,1.50,1.50
2011.11.25 01:25:32.456,0.96978,0.96998,1.95,1.50
2011.11.25 01:25:32.577,0.96977,0.96998,4.20,2.25
2011.11.25 01:25:32.806,0.96977,0.96997,3.75,1.58
2011.11.25 01:25:36.105,0.96977,0.96996,2.25,1.58
2011.11.25 01:25:37.335,0.96977,0.96996,2.25,1.58
2011.11.25 01:25:39.466,0.96976,0.96995,4.13,1.50
2011.11.25 01:25:40.356,0.96976,0.96995,3.75,1.50
2011.11.25 01:25:40.945,0.96978,0.96995,1.50,1.50
2011.11.25 01:25:42.508,0.96976,0.96992,2.25,1.50
2011.11.25 01:25:43.065,0.96975,0.96992,1.50,2.33
2011.11.25 01:25:43.626,0.96972,0.96992,2.25,3.00
2011.11.25 01:25:45.427,0.96972,0.96992,2.25,2.25
2011.11.25 01:25:47.275,0.96975,0.96992,1.50,3.08
2011.11.25 01:25:47.825,0.96975,0.96991,1.50,1.50
2011.11.25 01:25:50.356,0.96973,0.96991,1.50,1.50
2011.11.25 01:25:52.540,0.96971,0.96988,1.50,3.00
2011.11.25 01:25:53.646,0.9697,0.96987,1.50,1.50
2011.11.25 01:25:53.766,0.9697,0.96986,1.50,1.50
2011.11.25 01:25:53.995,0.9697,0.96986,1.50,1.50
2011.11.25 01:25:54.655,0.9697,0.96986,1.50,1.50
2011.11.25 01:26:00.478,0.96971,0.96988,1.50,1.58
2011.11.25 01:26:00.836,0.96972,0.96991,1.13,1.50
2011.11.25 01:26:00.957,0.96972,0.96991,1.13,1.50
2011.11.25 01:26:02.518,0.96976,0.96993,1.50,3.08
2011.11.25 01:26:03.081,0.96976,0.96992,1.50,1.50
2011.11.25 01:26:04.387,0.96976,0.96991,1.50,1.50
2011.11.25 01:26:04.949,0.96976,0.96993,1.50,1.58
2011.11.25 01:26:05.178,0.96978,0.96996,1.13,1.50
2011.11.25 01:26:05.786,0.96988,0.97005,1.50,2.25
2011.11.25 01:26:05.917,0.96989,0.97007,1.50,1.50
2011.11.25 01:26:06.260,0.9699,0.97009,1.58,1.50
2011.11.25 01:26:06.379,0.9699,0.9701,1.58,1.50
2011.11.25 01:26:06.936,0.96992,0.9701,1.20,1.50
2011.11.25 01:26:07.645,0.96992,0.9701,1.20,1.50
2011.11.25 01:26:08.206,0.96991,0.9701,1.20,1.50
2011.11.25 01:26:09.536,0.96992,0.97009,1.20,1.50
2011.11.25 01:26:12.807,0.96992,0.97009,1.20,1.50
2011.11.25 01:26:20.817,0.96991,0.9701,1.20,2.25
2011.11.25 01:26:34.716,0.96993,0.97011,1.95,1.50
2011.11.25 01:26:35.218,0.96997,0.97012,1.13,1.50
2011.11.25 01:26:35.338,0.96996,0.97013,2.63,1.50
2011.11.25 01:26:36.090,0.96998,0.97013,1.13,1.50
2011.11.25 01:26:36.676,0.96998,0.97013,1.13,1.50
2011.11.25 01:26:37.457,0.96997,0.97013,2.63,1.50
2011.11.25 01:26:38.016,0.96998,0.97012,1.13,1.50
2011.11.25 01:26:39.247,0.97002,0.97014,1.13,2.25
2011.11.25 01:26:39.806,0.97002,0.97015,1.13,2.25
2011.11.25 01:26:40.167,0.96999,0.97013,1.13,1.50
2011.11.25 01:26:40.736,0.96998,0.97013,2.63,1.50
2011.11.25 01:26:41.628,0.96998,0.97013,1.88,1.50
2011.11.25 01:26:41.745,0.96998,0.97013,1.88,1.50
2011.11.25 01:26:42.457,0.97002,0.97015,1.35,2.25
2011.11.25 01:26:43.029,0.97004,0.97015,1.13,1.50
2011.11.25 01:26:43.627,0.97003,0.97015,2.10,1.50
2011.11.25 01:26:43.858,0.97003,0.97019,1.88,1.13
2011.11.25 01:26:43.977,0.97004,0.97022,2.25,1.58
2011.11.25 01:26:44.568,0.97004,0.97022,2.25,1.58
2011.11.25 01:26:45.627,0.97004,0.97023,1.50,2.33
2011.11.25 01:26:45.869,0.97006,0.97025,2.63,3.38
2011.11.25 01:26:46.433,0.97007,0.97024,1.50,1.50
2011.11.25 01:26:46.987,0.97006,0.97024,2.25,1.50
2011.11.25 01:26:47.338,0.97003,0.97024,2.33,2.25
2011.11.25 01:26:47.963,0.97002,0.9702,1.50,1.50
2011.11.25 01:26:49.297,0.97001,0.9702,1.50,1.50
2011.11.25 01:26:49.416,0.97001,0.97018,1.50,1.50
2011.11.25 01:26:49.646,0.97001,0.9702,1.50,1.50
2011.11.25 01:26:50.205,0.96999,0.9702,1.50,1.50
2011.11.25 01:26:50.867,0.97001,0.97021,1.50,1.50
2011.11.25 01:26:50.993,0.97001,0.97015,1.50,1.50
2011.11.25 01:26:51.336,0.96995,0.97014,1.50,1.50
2011.11.25 01:26:53.629,0.96996,0.97014,1.50,1.88
2011.11.25 01:26:54.414,0.96993,0.97009,1.50,1.50
2011.11.25 01:26:54.650,0.96988,0.97005,2.25,1.50
2011.11.25 01:26:57.396,0.96988,0.97006,2.25,1.50
2011.11.25 01:26:57.518,0.96992,0.97009,2.10,2.33
2011.11.25 01:26:57.748,0.96993,0.9701,1.50,1.50
2011.11.25 01:26:57.867,0.96993,0.97013,2.25,1.50
2011.11.25 01:26:57.986,0.96993,0.97013,2.25,1.50
2011.11.25 01:26:58.439,0.96994,0.97012,2.25,1.50
2011.11.25 01:26:58.558,0.96994,0.97012,2.25,1.50
2011.11.25 01:27:00.459,0.96994,0.97012,1.50,1.50
2011.11.25 01:27:05.929,0.96993,0.97013,1.50,1.58
2011.11.25 01:27:06.156,0.96993,0.97013,1.50,2.33
2011.11.25 01:27:06.719,0.96992,0.97012,1.50,2.70
2011.11.25 01:27:06.949,0.96992,0.9701,1.50,1.50
2011.11.25 01:27:07.176,0.96992,0.9701,1.50,1.50
2011.11.25 01:27:09.017,0.96991,0.9701,1.50,1.50
2011.11.25 01:27:09.575,0.96992,0.9701,1.50,1.50
2011.11.25 01:27:09.915,0.96992,0.9701,1.50,1.50
2011.11.25 01:27:10.037,0.96992,0.9701,1.50,1.50
2011.11.25 01:27:10.714,0.96992,0.97008,1.50,1.13
2011.11.25 01:27:10.851,0.96987,0.97003,1.50,1.50
2011.11.25 01:27:11.517,0.96987,0.97002,1.50,1.50
2011.11.25 01:27:14.036,0.96985,0.97003,1.50,1.50
2011.11.25 01:27:14.266,0.96986,0.97003,1.50,1.50
2011.11.25 01:27:21.335,0.96986,0.97002,2.25,1.50
2011.11.25 01:27:21.935,0.96986,0.97003,2.25,1.50
2011.11.25 01:27:22.544,0.96986,0.97002,2.25,1.50
2011.11.25 01:27:23.094,0.96986,0.97003,2.25,1.50
2011.11.25 01:27:24.335,0.96986,0.97002,2.25,1.50
2011.11.25 01:27:24.856,0.96986,0.97003,2.25,1.50
2011.11.25 01:27:25.097,0.96986,0.97002,1.50,1.13
2011.11.25 01:27:26.915,0.96986,0.97002,1.50,1.13
2011.11.25 01:27:27.476,0.96986,0.97003,1.88,1.50
2011.11.25 01:27:30.216,0.96991,0.97006,1.50,2.25
2011.11.25 01:27:30.448,0.96992,0.97008,1.88,1.50
2011.11.25 01:27:30.571,0.96992,0.97014,2.33,2.63
2011.11.25 01:27:30.797,0.96993,0.97014,1.13,2.25
2011.11.25 01:27:31.151,0.96998,0.97016,1.58,1.50
2011.11.25 01:27:31.270,0.96998,0.97018,2.25,1.50
2011.11.25 01:27:31.863,0.96998,0.97018,1.58,1.50
2011.11.25 01:27:32.416,0.96998,0.97018,2.33,1.50
2011.11.25 01:27:34.215,0.96998,0.97014,1.50,1.50
2011.11.25 01:27:34.340,0.96997,0.97011,1.58,1.13
2011.11.25 01:27:34.457,0.96994,0.97009,1.50,1.50
2011.11.25 01:27:34.581,0.9699,0.97009,1.50,2.25
2011.11.25 01:27:34.697,0.9699,0.97008,1.50,1.50
2011.11.25 01:27:34.817,0.9699,0.97008,1.50,1.50
2011.11.25 01:27:35.387,0.96989,0.97008,2.25,1.50
2011.11.25 01:27:35.940,0.9699,0.97008,1.50,1.50
2011.11.25 01:27:36.507,0.96989,0.97008,2.25,2.63
2011.11.25 01:27:37.666,0.96987,0.97004,1.50,1.50
2011.11.25 01:27:37.896,0.96986,0.97004,2.25,1.88
2011.11.25 01:27:40.538,0.96986,0.97005,3.00,3.75
2011.11.25 01:27:42.080,0.96988,0.97005,1.50,2.25
2011.11.25 01:27:42.199,0.96988,0.97008,3.00,1.73
2011.11.25 01:27:42.668,0.96989,0.9701,1.50,1.50
2011.11.25 01:27:43.207,0.96991,0.97011,1.50,1.50
2011.11.25 01:27:44.976,0.96991,0.97013,2.25,3.08
2011.11.25 01:27:54.317,0.96991,0.97011,1.50,1.50
2011.11.25 01:27:54.656,0.96991,0.9701,1.50,1.88
2011.11.25 01:27:55.886,0.96991,0.97011,1.50,1.50
2011.11.25 01:27:56.514,0.96991,0.97011,1.50,2.25
2011.11.25 01:27:56.747,0.96991,0.97009,1.50,1.50
2011.11.25 01:27:57.200,0.9699,0.97009,1.50,1.58
2011.11.25 01:27:59.688,0.96987,0.97006,1.58,1.50
2011.11.25 01:28:00.136,0.96987,0.97006,2.25,2.70
2011.11.25 01:28:03.116,0.96987,0.97004,1.50,1.13
2011.11.25 01:28:03.676,0.96986,0.97003,1.50,1.50
2011.11.25 01:28:04.247,0.96986,0.97005,2.25,1.50
2011.11.25 01:28:04.366,0.96987,0.97005,1.50,1.50
2011.11.25 01:28:04.927,0.96987,0.97005,1.50,1.50
2011.11.25 01:28:05.408,0.96987,0.97005,1.50,1.50
2011.11.25 01:28:06.020,0.96986,0.97005,2.25,1.88
2011.11.25 01:28:06.571,0.96986,0.97005,2.25,1.88
2011.11.25 01:28:07.855,0.96986,0.97005,2.25,1.88
2011.11.25 01:28:08.417,0.96987,0.97005,1.50,2.63
2011.11.25 01:28:09.916,0.96985,0.97004,3.00,1.88
2011.11.25 01:28:10.478,0.96986,0.97004,1.50,1.13
2011.11.25 01:28:12.420,0.96986,0.97004,1.50,1.88
2011.11.25 01:28:13.806,0.96985,0.97004,3.00,1.88
2011.11.25 01:28:17.426,0.96985,0.97004,3.00,1.50
2011.11.25 01:28:18.506,0.96986,0.97003,1.50,1.13
2011.11.25 01:28:19.715,0.96985,0.97003,3.00,1.88
2011.11.25 01:28:20.059,0.96986,0.97002,1.50,1.13
2011.11.25 01:28:20.422,0.9698,0.96999,1.50,1.73
2011.11.25 01:28:20.987,0.9698,0.96999,1.50,1.50
2011.11.25 01:28:21.326,0.9698,0.96999,1.50,1.50
2011.11.25 01:28:24.010,0.96978,0.96996,1.50,1.50
2011.11.25 01:28:24.129,0.96977,0.96996,1.88,1.50
2011.11.25 01:28:25.710,0.96976,0.96988,1.50,1.50
2011.11.25 01:28:25.951,0.96969,0.96985,1.50,1.13
2011.11.25 01:28:26.068,0.9697,0.9699,1.13,3.15
2011.11.25 01:28:26.193,0.96976,0.9699,1.13,2.40
2011.11.25 01:28:26.322,0.96977,0.96993,1.50,1.58
2011.11.25 01:28:26.886,0.96977,0.96992,1.50,1.50
2011.11.25 01:28:29.571,0.96977,0.96992,1.50,1.58
2011.11.25 01:28:31.466,0.96978,0.96993,1.13,1.50
2011.11.25 01:28:34.766,0.96977,0.96993,1.13,1.50
2011.11.25 01:28:34.995,0.96977,0.96993,1.13,1.50
2011.11.25 01:28:35.577,0.96973,0.96991,1.58,1.50
2011.11.25 01:28:35.698,0.96972,0.96991,1.50,1.50
2011.11.25 01:28:38.027,0.96972,0.96991,1.50,1.50
2011.11.25 01:28:41.335,0.96973,0.96991,1.13,2.25
2011.11.25 01:28:42.060,0.96973,0.9699,1.88,1.50
2011.11.25 01:28:43.279,0.96972,0.9699,2.63,1.50
2011.11.25 01:28:43.505,0.96972,0.9699,2.63,1.50
2011.11.25 01:28:44.069,0.96973,0.9699,1.13,1.50
2011.11.25 01:28:44.757,0.96975,0.96991,1.88,1.50
2011.11.25 01:28:49.427,0.96975,0.96993,1.88,1.50
2011.11.25 01:28:51.396,0.96975,0.96993,1.50,1.50
2011.11.25 01:28:51.955,0.96975,0.96993,1.50,1.50
2011.11.25 01:28:52.185,0.96975,0.96993,1.50,1.50
2011.11.25 01:28:52.918,0.96975,0.96993,1.50,1.50
2011.11.25 01:28:53.485,0.96974,0.96993,2.63,1.50
2011.11.25 01:28:54.157,0.96974,0.96993,2.25,1.50
2011.11.25 01:28:55.385,0.96974,0.96993,2.25,1.50
2011.11.25 01:28:57.985,0.96975,0.96993,1.50,1.50
2011.11.25 01:29:01.207,0.96974,0.96993,2.25,1.50
2011.11.25 01:29:01.766,0.96974,0.96993,3.00,1.50
2011.11.25 01:29:03.366,0.96974,0.96993,3.00,1.50
2011.11.25 01:29:03.820,0.96974,0.96992,2.25,3.23
2011.11.25 01:29:04.319,0.96971,0.9699,1.50,1.88
2011.11.25 01:29:04.449,0.9697,0.9699,1.50,2.63
2011.11.25 01:29:06.917,0.9697,0.9699,1.50,1.50
2011.11.25 01:29:07.148,0.96972,0.96991,1.88,2.25
2011.11.25 01:29:07.379,0.96972,0.96991,1.50,3.00
2011.11.25 01:29:07.935,0.96973,0.96991,1.13,2.25
2011.11.25 01:29:08.797,0.96973,0.96991,1.13,2.25
2011.11.25 01:29:08.916,0.96974,0.96991,1.13,2.25
2011.11.25 01:29:16.886,0.96974,0.96991,1.13,2.25
2011.11.25 01:29:17.790,0.96975,0.96991,1.13,1.50
2011.11.25 01:29:18.689,0.96975,0.96991,1.88,1.50
2011.11.25 01:29:18.921,0.96978,0.96993,1.50,1.50
2011.11.25 01:29:19.163,0.9698,0.96993,1.13,1.50
2011.11.25 01:29:19.531,0.9699,0.97006,1.13,2.12
2011.11.25 01:29:19.772,0.9699,0.9701,1.13,1.50
2011.11.25 01:29:20.007,0.96988,0.97009,1.13,1.20
2011.11.25 01:29:20.788,0.96988,0.97009,1.13,1.20
2011.11.25 01:29:21.140,0.9699,0.97009,1.50,1.58
2011.11.25 01:29:22.708,0.96989,0.97009,1.50,1.58
2011.11.25 01:29:22.945,0.96989,0.97007,1.50,1.88
2011.11.25 01:29:23.301,0.96985,0.97,1.50,1.50
2011.11.25 01:29:26.039,0.96981,0.97001,1.50,1.88
2011.11.25 01:29:26.378,0.96981,0.97,1.50,1.50
2011.11.25 01:29:26.937,0.96981,0.97001,2.25,1.50
2011.11.25 01:29:29.476,0.96981,0.97001,1.50,2.25
2011.11.25 01:29:29.596,0.96981,0.97001,1.50,2.63
2011.11.25 01:29:29.826,0.96981,0.97,1.50,1.50
2011.11.25 01:29:30.771,0.96981,0.97001,1.50,1.50
2011.11.25 01:29:31.333,0.96981,0.97,3.00,1.50
2011.11.25 01:29:31.557,0.96982,0.97,1.50,1.50
2011.11.25 01:29:34.438,0.96983,0.97001,1.50,1.50
2011.11.25 01:29:34.995,0.96983,0.97001,1.50,1.50
2011.11.25 01:29:35.562,0.96983,0.97001,1.50,1.50
2011.11.25 01:29:36.131,0.96983,0.97001,1.50,1.50
2011.11.25 01:29:36.927,0.96983,0.97001,2.25,1.50
2011.11.25 01:29:37.266,0.96983,0.97001,2.25,1.50
2011.11.25 01:29:37.826,0.96984,0.97002,1.13,2.33
2011.11.25 01:29:39.298,0.96985,0.97002,1.50,1.50
2011.11.25 01:29:40.080,0.96986,0.97002,1.88,1.50
2011.11.25 01:29:40.907,0.96989,0.97002,1.50,1.50
2011.11.25 01:29:41.014,0.96991,0.97006,1.13,1.50
2011.11.25 01:29:41.249,0.96994,0.97013,2.63,1.50
2011.11.25 01:29:41.588,0.96997,0.97013,1.13,1.50
2011.11.25 01:29:41.708,0.96998,0.97017,1.95,1.50
2011.11.25 01:29:41.827,0.96998,0.97017,1.95,1.50
2011.11.25 01:29:42.386,0.96998,0.97017,3.45,1.50
2011.11.25 01:29:42.948,0.97,0.97019,1.50,1.50
2011.11.25 01:29:43.287,0.97,0.97019,1.88,1.50
2011.11.25 01:29:45.714,0.97004,0.97019,1.13,1.50
2011.11.25 01:29:45.844,0.97003,0.9702,1.13,1.50
2011.11.25 01:29:45.970,0.97004,0.97021,1.88,2.25
2011.11.25 01:29:46.528,0.97004,0.97022,1.88,2.33
2011.11.25 01:29:47.505,0.97009,0.97022,1.13,1.58
2011.11.25 01:29:48.099,0.97008,0.97024,1.13,2.70
2011.11.25 01:29:48.947,0.97007,0.9702,1.13,1.50
2011.11.25 01:29:49.078,0.97002,0.9702,1.50,1.50
2011.11.25 01:29:49.198,0.97002,0.97021,1.50,1.50
2011.11.25 01:29:49.647,0.97002,0.97021,1.50,1.50
2011.11.25 01:29:49.766,0.97002,0.97021,1.50,1.50
2011.11.25 01:29:50.527,0.97002,0.97021,1.50,1.50
2011.11.25 01:29:50.999,0.97002,0.97021,1.50,1.50
2011.11.25 01:29:51.556,0.97002,0.97021,1.50,1.50
2011.11.25 01:29:52.446,0.97002,0.97021,1.50,1.50
2011.11.25 01:29:55.626,0.97002,0.97021,1.50,1.50
2011.11.25 01:29:56.199,0.96999,0.9702,1.50,4.58
2011.11.25 01:29:56.537,0.96999,0.97018,1.50,2.33
2011.11.25 01:29:57.428,0.96997,0.97017,1.50,1.65
2011.11.25 01:29:58.546,0.96996,0.97015,2.25,3.00
2011.11.25 01:29:59.106,0.96996,0.97015,1.50,2.25
2011.11.25 01:29:59.779,0.96996,0.97012,1.50,2.10
2011.11.25 01:29:59.898,0.96994,0.97012,1.50,2.85
2011.11.25 01:30:00.018,0.96992,0.97009,1.13,1.50
2011.11.25 01:30:00.471,0.96992,0.97009,1.88,1.50
2011.11.25 01:30:00.591,0.96994,0.97011,1.13,1.50
2011.11.25 01:30:00.711,0.96994,0.97012,1.13,1.50
2011.11.25 01:30:01.048,0.96998,0.97014,1.13,1.50
2011.11.25 01:30:01.168,0.96998,0.97015,1.13,1.50
2011.11.25 01:30:01.727,0.96999,0.97017,1.13,2.33
2011.11.25 01:30:02.286,0.96997,0.97015,1.50,1.50
2011.11.25 01:30:02.520,0.96994,0.97013,1.50,1.50
2011.11.25 01:30:02.748,0.96991,0.97012,2.25,1.58
2011.11.25 01:30:03.745,0.96991,0.97012,1.50,1.58
2011.11.25 01:30:04.200,0.96991,0.97012,1.50,2.25
2011.11.25 01:30:05.095,0.96991,0.97012,1.50,3.45
2011.11.25 01:30:05.547,0.96991,0.97006,1.50,1.65
2011.11.25 01:30:05.777,0.96989,0.97006,1.50,1.65
2011.11.25 01:30:06.337,0.96989,0.9701,1.50,2.63
2011.11.25 01:30:06.787,0.96986,0.97005,2.70,1.50
2011.11.25 01:30:07.020,0.96984,0.97002,1.50,1.50
2011.11.25 01:30:07.357,0.96985,0.97005,1.88,1.50
2011.11.25 01:30:07.698,0.96989,0.97007,1.13,1.65
2011.11.25 01:30:07.818,0.96989,0.97009,1.13,1.50
2011.11.25 01:30:08.268,0.96989,0.97008,1.50,1.65
2011.11.25 01:30:09.840,0.96989,0.97008,1.50,1.50
2011.11.25 01:30:10.509,0.96989,0.97008,1.88,1.50
2011.11.25 01:30:11.066,0.9699,0.97011,1.13,1.50
2011.11.25 01:30:12.506,0.9699,0.97011,1.13,1.50
2011.11.25 01:30:12.846,0.96991,0.97011,1.13,1.50
2011.11.25 01:30:13.547,0.96991,0.97011,1.13,1.50
2011.11.25 01:30:14.107,0.96991,0.97011,1.50,1.50
2011.11.25 01:30:14.447,0.96992,0.9701,1.50,1.50
2011.11.25 01:30:15.117,0.96992,0.9701,1.50,1.50
2011.11.25 01:30:15.626,0.96991,0.97007,1.50,1.50
2011.11.25 01:30:16.186,0.96989,0.97006,1.50,1.50
2011.11.25 01:30:17.076,0.96992,0.97009,1.50,2.63
2011.11.25 01:30:17.198,0.96992,0.9701,1.50,1.50
2011.11.25 01:30:17.724,0.96992,0.9701,1.50,1.50
2011.11.25 01:30:18.296,0.9699,0.9701,1.50,1.50
2011.11.25 01:30:20.096,0.9699,0.9701,1.88,1.50
2011.11.25 01:30:21.751,0.9699,0.9701,1.50,1.50
2011.11.25 01:30:21.866,0.9699,0.9701,1.50,1.50
2011.11.25 01:30:29.316,0.9699,0.9701,1.50,2.25
2011.11.25 01:30:29.878,0.96989,0.97008,2.63,1.50
2011.11.25 01:30:30.591,0.9699,0.97009,1.13,1.50
2011.11.25 01:30:30.937,0.9699,0.97011,1.13,1.50
2011.11.25 01:30:32.406,0.96991,0.97011,3.00,1.50
2011.11.25 01:30:32.968,0.96994,0.97012,1.50,1.50
2011.11.25 01:30:33.876,0.96994,0.97012,1.50,1.50
2011.11.25 01:30:33.998,0.96994,0.97012,1.50,1.50
2011.11.25 01:30:34.132,0.96994,0.97012,1.50,1.50
2011.11.25 01:30:34.697,0.96994,0.97013,1.50,1.50
2011.11.25 01:30:34.822,0.96997,0.97014,1.13,1.50
2011.11.25 01:30:35.377,0.96996,0.97015,1.88,1.50
2011.11.25 01:30:35.937,0.96996,0.97015,1.88,1.50
2011.11.25 01:30:36.496,0.96996,0.97015,1.50,1.50
2011.11.25 01:30:37.068,0.96996,0.97015,1.50,1.50
2011.11.25 01:30:37.500,0.96996,0.97015,1.50,1.65
2011.11.25 01:30:37.838,0.96995,0.97012,1.50,1.05
2011.11.25 01:30:40.249,0.96994,0.97011,1.50,1.05
2011.11.25 01:30:40.479,0.96991,0.97011,1.50,1.80
2011.11.25 01:30:40.840,0.96987,0.97004,1.58,2.25
2011.11.25 01:30:41.200,0.9698,0.97,1.50,2.25
2011.11.25 01:30:41.319,0.96983,0.97,2.25,2.25
2011.11.25 01:30:41.913,0.9698,0.96998,1.50,1.50
2011.11.25 01:30:42.051,0.96983,0.96999,2.25,1.50
2011.11.25 01:30:42.387,0.9698,0.96999,1.50,1.50
2011.11.25 01:30:43.277,0.9698,0.96999,1.50,1.88
2011.11.25 01:30:43.506,0.9698,0.96997,1.50,1.65
2011.11.25 01:30:44.066,0.96979,0.96996,1.50,1.50
2011.11.25 01:30:44.626,0.96979,0.96996,1.50,1.50
2011.11.25 01:30:45.187,0.96979,0.96996,1.50,1.50
2011.11.25 01:30:45.747,0.96979,0.96996,1.50,1.65
2011.11.25 01:30:47.162,0.96977,0.96996,1.58,1.50
2011.11.25 01:30:48.057,0.96977,0.96996,1.58,1.50
2011.11.25 01:30:49.266,0.96977,0.96995,1.58,1.50
2011.11.25 01:30:49.838,0.96977,0.96993,1.50,1.50
2011.11.25 01:30:52.377,0.96977,0.96993,1.50,1.50
2011.11.25 01:30:52.608,0.96978,0.96996,1.50,1.50
2011.11.25 01:30:54.307,0.96977,0.96995,1.50,1.35
2011.11.25 01:30:54.866,0.96977,0.96995,1.50,2.10
2011.11.25 01:30:55.948,0.96976,0.96993,1.58,1.50
2011.11.25 01:30:56.506,0.96977,0.96995,1.50,1.50
2011.11.25 01:30:57.066,0.96977,0.96995,1.50,1.50
2011.11.25 01:30:57.646,0.96977,0.96995,1.50,1.50
2011.11.25 01:30:58.208,0.96976,0.96995,2.25,2.25
2011.11.25 01:30:59.231,0.96976,0.96988,2.25,1.35
2011.11.25 01:30:59.590,0.96969,0.96985,1.05,2.25
2011.11.25 01:30:59.819,0.96967,0.96985,1.50,2.25
2011.11.25 01:31:00.325,0.96965,0.96982,1.50,1.50
2011.11.25 01:31:00.800,0.9696,0.9698,1.50,1.50
2011.11.25 01:31:01.366,0.96958,0.9698,1.58,1.50
2011.11.25 01:31:05.096,0.96957,0.96972,2.33,2.25
2011.11.25 01:31:05.339,0.96953,0.96971,1.50,1.50
2011.11.25 01:31:06.290,0.96953,0.96972,1.50,2.33
2011.11.25 01:31:06.407,0.96953,0.96972,1.50,2.33
2011.11.25 01:31:06.967,0.96953,0.96973,1.50,3.08
2011.11.25 01:31:07.827,0.96953,0.96971,1.50,1.50
2011.11.25 01:31:08.405,0.96953,0.96972,1.50,2.33
2011.11.25 01:31:08.965,0.96953,0.96971,1.50,1.50
2011.11.25 01:31:09.528,0.9695,0.96971,2.25,1.50
2011.11.25 01:31:11.224,0.96954,0.96971,1.50,1.50
2011.11.25 01:31:11.567,0.96956,0.96974,1.50,1.50
2011.11.25 01:31:12.709,0.96955,0.96974,1.50,1.50
2011.11.25 01:31:13.049,0.96958,0.96978,1.13,1.58
2011.11.25 01:31:13.170,0.96958,0.96978,1.13,1.50
2011.11.25 01:31:13.406,0.96961,0.96979,1.50,1.50
2011.11.25 01:31:13.867,0.96957,0.96979,2.55,1.50
2011.11.25 01:31:14.096,0.96957,0.96979,2.55,1.50
2011.11.25 01:31:16.771,0.96959,0.96979,1.50,1.50
2011.11.25 01:31:17.336,0.96962,0.96979,1.88,1.50
2011.11.25 01:31:17.690,0.96964,0.96979,1.13,1.50
2011.11.25 01:31:18.053,0.96969,0.96984,1.50,1.50
2011.11.25 01:31:18.412,0.96975,0.96993,1.88,2.33
2011.11.25 01:31:18.531,0.96975,0.96993,1.88,2.25
2011.11.25 01:31:18.767,0.96974,0.96992,1.50,1.50
2011.11.25 01:31:19.219,0.96974,0.96993,1.50,1.58
2011.11.25 01:31:19.560,0.96973,0.96992,1.50,1.50
2011.11.25 01:31:19.681,0.96972,0.96992,1.50,2.25
2011.11.25 01:31:20.236,0.96972,0.96991,1.50,1.50
2011.11.25 01:31:20.873,0.96969,0.96989,1.88,1.50
2011.11.25 01:31:20.991,0.96968,0.96986,1.50,1.58
2011.11.25 01:31:25.234,0.9697,0.96987,1.50,1.50
2011.11.25 01:31:25.578,0.96972,0.96991,1.50,2.25
2011.11.25 01:31:25.698,0.96969,0.96989,1.88,1.50
2011.11.25 01:31:26.052,0.96968,0.96986,2.25,1.50
2011.11.25 01:31:26.276,0.96968,0.96986,2.63,1.50
2011.11.25 01:31:26.876,0.96968,0.96988,2.63,1.50
2011.11.25 01:31:27.548,0.9697,0.96989,1.50,1.50
2011.11.25 01:31:27.776,0.96971,0.96989,1.13,1.50
2011.11.25 01:31:28.437,0.9697,0.96989,1.13,1.50
2011.11.25 01:31:31.108,0.96969,0.96988,1.88,1.50
2011.11.25 01:31:31.335,0.96967,0.96988,2.33,1.50
2011.11.25 01:31:31.576,0.96967,0.96984,1.50,1.50
2011.11.25 01:31:31.918,0.96965,0.96981,1.50,1.50
2011.11.25 01:31:32.039,0.96965,0.9698,1.50,1.50
2011.11.25 01:31:32.827,0.96965,0.9698,1.50,1.50
2011.11.25 01:31:35.197,0.96964,0.96981,1.50,2.33
2011.11.25 01:31:35.537,0.96961,0.9698,1.13,1.50
2011.11.25 01:31:36.090,0.96959,0.96978,1.13,1.50
2011.11.25 01:31:37.432,0.96959,0.96979,1.88,1.50
2011.11.25 01:31:39.704,0.96964,0.96982,1.50,1.50
2011.11.25 01:31:39.831,0.96964,0.96983,2.25,2.33
2011.11.25 01:31:39.949,0.96967,0.96983,1.88,1.50
2011.11.25 01:31:40.517,0.9697,0.96985,1.13,1.50
2011.11.25 01:31:40.860,0.96973,0.9699,1.50,1.13
2011.11.25 01:31:41.099,0.96976,0.96994,1.13,1.50
2011.11.25 01:31:41.656,0.96975,0.96993,2.25,1.50
2011.11.25 01:31:42.368,0.96975,0.96993,2.63,1.50
2011.11.25 01:31:42.957,0.96975,0.96993,2.63,1.50
2011.11.25 01:31:43.078,0.96976,0.96993,1.88,1.50
2011.11.25 01:31:43.636,0.96976,0.96993,2.63,1.50
2011.11.25 01:31:46.529,0.96976,0.96993,1.50,1.50
2011.11.25 01:31:46.761,0.96974,0.96992,1.88,1.50
2011.11.25 01:31:46.992,0.96972,0.96986,1.58,2.10
2011.11.25 01:31:47.338,0.96966,0.96983,1.50,1.50
2011.11.25 01:31:47.577,0.96968,0.96985,1.58,1.50
2011.11.25 01:31:47.807,0.96968,0.96985,1.95,1.50
2011.11.25 01:31:48.256,0.96969,0.96989,1.13,1.50
2011.11.25 01:31:48.486,0.96969,0.96989,1.13,1.50
2011.11.25 01:31:49.087,0.96968,0.96989,2.25,1.50
2011.11.25 01:31:49.837,0.96968,0.96989,2.63,1.50
2011.11.25 01:31:50.397,0.96971,0.96991,2.63,1.50
2011.11.25 01:31:50.744,0.96971,0.96983,1.50,1.88
2011.11.25 01:31:50.996,0.96961,0.96975,3.98,1.50
2011.11.25 01:31:51.243,0.9696,0.96974,2.25,1.13
2011.11.25 01:31:51.482,0.96958,0.96978,1.50,1.20
2011.11.25 01:31:51.713,0.96955,0.96973,2.25,2.25
2011.11.25 01:31:51.838,0.96951,0.96967,1.43,1.50
2011.11.25 01:31:52.973,0.96948,0.96966,2.25,1.50
2011.11.25 01:31:53.859,0.9695,0.96967,1.88,1.58
2011.11.25 01:31:54.417,0.96951,0.96966,1.50,1.50
2011.11.25 01:31:54.538,0.9695,0.96967,1.13,1.58
2011.11.25 01:31:54.878,0.96951,0.96967,1.13,1.58
2011.11.25 01:31:55.437,0.96951,0.96967,1.13,1.58
2011.11.25 01:31:56.021,0.96948,0.96965,2.25,1.50
2011.11.25 01:31:56.251,0.96947,0.96963,1.50,1.50
2011.11.25 01:31:56.588,0.96947,0.96962,1.50,1.13
2011.11.25 01:31:57.231,0.96947,0.96961,1.50,1.88
2011.11.25 01:31:57.568,0.96947,0.96963,1.50,2.63
2011.11.25 01:31:58.128,0.96947,0.96966,2.25,1.88
2011.11.25 01:32:00.718,0.96947,0.96963,2.25,1.35
2011.11.25 01:32:01.280,0.96947,0.96962,1.50,1.58
2011.11.25 01:32:02.065,0.96948,0.96966,1.50,1.58
2011.11.25 01:32:02.192,0.96948,0.96966,1.50,1.58
2011.11.25 01:32:02.420,0.96947,0.96964,2.25,1.35
2011.11.25 01:32:03.007,0.96941,0.96962,2.25,1.58
2011.11.25 01:32:03.129,0.96941,0.96961,2.25,1.50
2011.11.25 01:32:03.708,0.96938,0.96957,1.50,2.70
2011.11.25 01:32:03.832,0.96937,0.96954,1.50,1.50
2011.11.25 01:32:06.931,0.96938,0.96954,2.25,1.50
2011.11.25 01:32:07.160,0.96941,0.96957,1.28,1.50
2011.11.25 01:32:07.280,0.96943,0.96961,1.88,1.58
2011.11.25 01:32:07.402,0.96944,0.96961,1.50,1.58
2011.11.25 01:32:07.752,0.96947,0.96966,2.55,1.58
2011.11.25 01:32:07.978,0.96949,0.96968,1.05,1.50
2011.11.25 01:32:08.648,0.96949,0.96968,1.05,1.50
2011.11.25 01:32:08.992,0.96948,0.96967,1.05,1.50
2011.11.25 01:32:09.219,0.96947,0.96964,1.65,1.50
2011.11.25 01:32:09.558,0.96947,0.96962,1.50,1.58
2011.11.25 01:32:09.913,0.96945,0.96955,1.50,1.13
2011.11.25 01:32:10.514,0.96939,0.96954,1.80,1.13
2011.11.25 01:32:10.650,0.96936,0.9695,2.55,1.13
2011.11.25 01:32:10.884,0.96935,0.96948,1.80,1.13
2011.11.25 01:32:11.470,0.96936,0.96947,1.80,1.13
2011.11.25 01:32:12.030,0.96936,0.96947,1.80,1.13
2011.11.25 01:32:12.366,0.96937,0.96952,1.50,1.65
2011.11.25 01:32:12.843,0.96936,0.96946,1.80,1.13
2011.11.25 01:32:13.297,0.96934,0.96947,1.05,1.13
2011.11.25 01:32:13.528,0.96934,0.96948,1.05,1.13
2011.11.25 01:32:14.085,0.96934,0.96949,1.05,1.88
2011.11.25 01:32:14.646,0.96934,0.96949,1.05,1.88
2011.11.25 01:32:15.211,0.96934,0.96951,1.05,2.25
2011.11.25 01:32:15.332,0.96934,0.96949,1.05,1.13
2011.11.25 01:32:15.692,0.96931,0.96939,1.58,1.28
2011.11.25 01:32:15.810,0.96922,0.96937,1.50,1.28
2011.11.25 01:32:16.271,0.96918,0.96934,2.25,1.50
2011.11.25 01:32:16.515,0.96914,0.96932,2.25,1.58
2011.11.25 01:32:20.528,0.96912,0.96931,1.50,1.58
2011.11.25 01:32:20.760,0.96914,0.96932,1.80,1.58
2011.11.25 01:32:20.990,0.96918,0.96935,1.50,1.50
2011.11.25 01:32:21.218,0.96923,0.96938,1.50,1.50
2011.11.25 01:32:21.451,0.96924,0.96939,1.50,1.50
2011.11.25 01:32:22.040,0.96923,0.9694,2.25,1.50
2011.11.25 01:32:23.148,0.96924,0.96939,1.50,1.50
2011.11.25 01:32:23.397,0.96924,0.96939,2.25,2.25
2011.11.25 01:32:23.643,0.96916,0.96934,2.33,1.50
2011.11.25 01:32:23.882,0.96915,0.96932,2.25,1.58
2011.11.25 01:32:24.229,0.96913,0.96932,1.50,1.58
2011.11.25 01:32:25.640,0.96913,0.96932,1.88,1.58
2011.11.25 01:32:26.110,0.96911,0.96929,1.50,1.95
2011.11.25 01:32:26.230,0.9691,0.96925,1.13,1.50
2011.11.25 01:32:26.799,0.96908,0.96926,1.88,1.50
2011.11.25 01:32:27.254,0.96911,0.96926,1.13,1.58
2011.11.25 01:32:28.052,0.9691,0.96927,1.88,2.33
2011.11.25 01:32:28.617,0.96909,0.96925,1.13,1.50
2011.11.25 01:32:29.370,0.96908,0.96925,1.88,1.50
2011.11.25 01:32:30.047,0.96908,0.96924,1.50,1.50
2011.11.25 01:32:30.608,0.96907,0.96924,1.50,1.50
2011.11.25 01:32:31.169,0.96907,0.96924,1.05,1.50
2011.11.25 01:32:32.207,0.96906,0.96924,2.55,1.50
2011.11.25 01:32:33.098,0.96907,0.96924,1.50,1.50
2011.11.25 01:32:33.676,0.96907,0.96922,2.55,1.50
2011.11.25 01:32:35.556,0.96907,0.96922,1.50,1.50
2011.11.25 01:32:36.346,0.96907,0.96922,1.80,1.50
2011.11.25 01:32:37.241,0.96909,0.96924,1.35,1.50
2011.11.25 01:32:37.468,0.9691,0.96927,1.05,1.50
2011.11.25 01:32:37.697,0.96911,0.96928,1.05,1.50
2011.11.25 01:32:38.477,0.96908,0.96928,1.13,1.50
2011.11.25 01:32:39.587,0.96908,0.96928,3.68,1.50
2011.11.25 01:32:40.161,0.96908,0.96927,2.55,1.50
2011.11.25 01:32:40.499,0.96906,0.96925,1.50,1.50
2011.11.25 01:32:41.716,0.96906,0.96925,1.50,1.50
2011.11.25 01:32:42.278,0.96907,0.96925,1.50,1.50
2011.11.25 01:32:43.796,0.96907,0.96925,1.50,1.50
2011.11.25 01:32:44.356,0.96907,0.96925,1.50,1.50
2011.11.25 01:32:46.772,0.96906,0.96925,2.25,1.50
2011.11.25 01:32:47.582,0.96906,0.96921,2.25,1.50
2011.11.25 01:32:47.920,0.96906,0.96923,1.50,2.25
2011.11.25 01:32:48.159,0.96906,0.96925,1.50,2.25
2011.11.25 01:32:48.713,0.96907,0.96928,2.63,1.50
2011.11.25 01:32:49.828,0.96912,0.96928,1.13,1.50
2011.11.25 01:32:50.398,0.96909,0.96928,2.63,2.33
2011.11.25 01:32:50.751,0.96905,0.96923,3.15,1.13
2011.11.25 01:32:50.982,0.96904,0.96923,2.25,1.58
2011.11.25 01:32:51.548,0.96904,0.96923,2.25,1.58
2011.11.25 01:32:52.334,0.96905,0.96923,1.50,1.58
2011.11.25 01:32:52.469,0.96908,0.96926,1.13,1.58
2011.11.25 01:32:53.949,0.96908,0.96924,1.88,1.50
2011.11.25 01:32:54.303,0.9691,0.96926,1.13,1.50
2011.11.25 01:32:54.648,0.96907,0.96922,1.13,1.50
2011.11.25 01:32:55.660,0.96907,0.96923,1.88,1.50
2011.11.25 01:32:56.225,0.96908,0.96923,1.13,1.50
2011.11.25 01:32:56.788,0.96907,0.96923,1.13,1.50
2011.11.25 01:32:57.348,0.96906,0.96923,1.88,1.50
2011.11.25 01:32:58.416,0.96906,0.96923,2.63,1.50
2011.11.25 01:32:59.028,0.96907,0.96923,1.13,1.50
2011.11.25 01:32:59.262,0.96909,0.96924,2.25,1.50
2011.11.25 01:32:59.819,0.96911,0.96924,1.88,2.25
2011.11.25 01:33:00.392,0.96911,0.96924,1.13,1.50
2011.11.25 01:33:01.148,0.96911,0.96924,1.13,1.50
2011.11.25 01:33:01.382,0.96909,0.96924,1.50,1.50
2011.11.25 01:33:01.734,0.96906,0.96923,2.63,1.50
2011.11.25 01:33:02.399,0.96906,0.96923,2.25,1.50
2011.11.25 01:33:02.957,0.96906,0.96922,2.25,1.50
2011.11.25 01:33:05.060,0.96903,0.96922,1.50,1.50
2011.11.25 01:33:05.181,0.96903,0.96921,1.50,1.13
2011.11.25 01:33:05.300,0.96902,0.96922,1.50,1.58
2011.11.25 01:33:06.660,0.96903,0.96922,1.50,2.33
2011.11.25 01:33:08.212,0.96903,0.96922,3.00,2.33
2011.11.25 01:33:08.768,0.96906,0.96923,2.25,1.50
2011.11.25 01:33:09.111,0.96906,0.96923,3.38,1.50
2011.11.25 01:33:09.340,0.96906,0.96923,3.38,1.50
2011.11.25 01:33:09.803,0.96908,0.96925,2.25,1.50
2011.11.25 01:33:10.029,0.9691,0.96929,1.50,1.50
2011.11.25 01:33:10.370,0.9691,0.96929,1.50,1.50
2011.11.25 01:33:10.613,0.9691,0.96929,1.50,1.50
2011.11.25 01:33:11.227,0.96912,0.96931,1.88,1.50
2011.11.25 01:33:12.211,0.9691,0.96925,1.88,1.50
2011.11.25 01:33:12.440,0.96908,0.96924,1.50,2.25
2011.11.25 01:33:12.782,0.9691,0.96924,1.13,1.50
2011.11.25 01:33:13.122,0.96914,0.96927,1.88,1.58
2011.11.25 01:33:13.240,0.96911,0.96929,1.50,1.20
2011.11.25 01:33:13.360,0.96915,0.96924,1.88,1.50
2011.11.25 01:33:13.600,0.96918,0.9693,1.88,2.12
2011.11.25 01:33:13.721,0.96918,0.96932,1.88,1.50
2011.11.25 01:33:13.841,0.96919,0.96932,1.13,1.50
2011.11.25 01:33:14.070,0.96915,0.96933,1.50,2.25
2011.11.25 01:33:14.299,0.96914,0.96932,1.50,1.58
2011.11.25 01:33:15.075,0.96916,0.96932,1.50,2.33
2011.11.25 01:33:15.630,0.96915,0.96932,1.13,2.33
2011.11.25 01:33:15.969,0.96911,0.9693,1.50,1.50
2011.11.25 01:33:16.091,0.96909,0.96931,1.05,2.70
2011.11.25 01:33:16.213,0.96908,0.96926,1.65,1.50
2011.11.25 01:33:16.550,0.96905,0.96924,1.50,2.25
2011.11.25 01:33:17.108,0.96905,0.96924,1.50,2.25
2011.11.25 01:33:17.229,0.96904,0.96922,2.25,1.50
2011.11.25 01:33:18.580,0.96903,0.96923,2.55,2.63
2011.11.25 01:33:18.701,0.96903,0.96922,1.50,1.58
2011.11.25 01:33:18.932,0.96904,0.96922,1.50,2.25
2011.11.25 01:33:19.268,0.96901,0.96922,1.50,1.58
2011.11.25 01:33:19.827,0.96901,0.96922,1.50,1.95
2011.11.25 01:33:20.609,0.96902,0.96922,1.50,2.33
2011.11.25 01:33:21.392,0.96904,0.96922,1.50,2.33
2011.11.25 01:33:23.198,0.96903,0.96922,1.13,1.58
2011.11.25 01:33:24.147,0.96903,0.96922,1.13,1.58
2011.11.25 01:33:24.804,0.96901,0.96922,1.50,1.58
2011.11.25 01:33:25.458,0.96901,0.96922,1.50,1.58
2011.11.25 01:33:26.125,0.96902,0.96922,1.50,2.33
2011.11.25 01:33:26.559,0.96901,0.96922,1.50,1.58
2011.11.25 01:33:27.228,0.96902,0.96922,1.50,1.58
2011.11.25 01:33:27.812,0.96902,0.96921,1.50,1.95
2011.11.25 01:33:28.991,0.96901,0.96921,1.50,2.63
2011.11.25 01:33:29.122,0.96905,0.96923,1.50,1.58
2011.11.25 01:33:29.691,0.96904,0.96922,1.50,1.58
2011.11.25 01:33:29.919,0.96904,0.96923,1.50,1.95
2011.11.25 01:33:30.700,0.96904,0.96923,1.50,1.95
2011.11.25 01:33:31.278,0.96904,0.96923,1.50,1.58
2011.11.25 01:33:31.839,0.96904,0.96923,1.50,1.58
2011.11.25 01:33:32.198,0.96905,0.96925,1.88,2.25
2011.11.25 01:33:32.326,0.96909,0.96927,1.88,2.25
2011.11.25 01:33:32.450,0.9691,0.96928,1.50,1.50
2011.11.25 01:33:33.069,0.96911,0.96931,2.25,1.50
2011.11.25 01:33:33.189,0.96911,0.9693,1.50,1.50
2011.11.25 01:33:34.021,0.96911,0.9693,1.50,3.00
2011.11.25 01:33:34.144,0.96909,0.96926,1.50,1.50
2011.11.25 01:33:34.491,0.96903,0.96923,1.50,1.58
2011.11.25 01:33:35.059,0.96903,0.96923,1.50,1.58
2011.11.25 01:33:35.859,0.96903,0.96923,2.63,1.58
2011.11.25 01:33:36.367,0.96907,0.96926,1.13,3.00
2011.11.25 01:33:36.500,0.96911,0.9693,1.50,1.50
2011.11.25 01:33:36.619,0.96911,0.9693,2.63,1.50
2011.11.25 01:33:37.415,0.96915,0.9693,2.25,1.50
2011.11.25 01:33:37.656,0.96916,0.96934,1.13,2.33
2011.11.25 01:33:39.889,0.96914,0.96934,3.00,2.25
2011.11.25 01:33:40.449,0.96914,0.96933,2.25,1.50
2011.11.25 01:33:40.789,0.96914,0.96932,1.50,1.88
2011.11.25 01:33:40.910,0.96914,0.96931,1.50,1.13
2011.11.25 01:33:41.140,0.96912,0.96929,1.58,1.13
2011.11.25 01:33:41.261,0.96912,0.96928,1.50,1.50
2011.11.25 01:33:41.625,0.96907,0.96923,1.50,1.13
2011.11.25 01:33:41.980,0.96904,0.96921,1.50,1.13
2011.11.25 01:33:42.579,0.96902,0.96921,2.10,1.13
2011.11.25 01:33:43.040,0.96902,0.9692,2.10,1.13
2011.11.25 01:33:43.721,0.96903,0.96921,1.50,1.13
2011.11.25 01:33:44.284,0.96905,0.96923,1.50,2.33
2011.11.25 01:33:44.642,0.96907,0.96928,2.25,1.58
2011.11.25 01:33:44.984,0.96912,0.96931,1.50,1.50
2011.11.25 01:33:45.431,0.96913,0.96933,1.50,2.33
2011.11.25 01:33:46.268,0.96915,0.96932,1.50,1.50
2011.11.25 01:33:46.515,0.96916,0.96934,1.50,1.50
2011.11.25 01:33:46.850,0.96917,0.96934,1.50,1.50
2011.11.25 01:33:48.102,0.96917,0.96933,1.50,1.50
2011.11.25 01:33:48.659,0.96916,0.96933,2.25,1.50
2011.11.25 01:33:49.617,0.96916,0.96933,2.25,1.50
2011.11.25 01:33:51.607,0.96916,0.96933,2.25,1.50
2011.11.25 01:33:52.134,0.96916,0.96933,2.25,1.50
2011.11.25 01:33:53.620,0.96916,0.96932,1.50,1.50
2011.11.25 01:33:54.013,0.96916,0.96932,1.50,1.50
2011.11.25 01:33:54.137,0.96915,0.96932,1.50,1.50
2011.11.25 01:33:54.261,0.96913,0.96933,1.50,1.58
2011.11.25 01:33:54.490,0.96913,0.96932,1.50,1.50
2011.11.25 01:33:54.721,0.96912,0.9693,1.50,1.13
2011.11.25 01:33:55.061,0.96908,0.96926,2.33,1.13
2011.11.25 01:33:55.403,0.96907,0.96925,1.50,1.50
2011.11.25 01:33:55.961,0.96905,0.96922,1.50,1.50
2011.11.25 01:33:56.763,0.96904,0.96922,1.50,1.20
2011.11.25 01:33:56.991,0.96902,0.9692,1.50,1.13
2011.11.25 01:33:57.552,0.96904,0.96922,1.95,1.50
2011.11.25 01:33:57.903,0.96907,0.96924,2.25,1.50
2011.11.25 01:33:58.251,0.96909,0.96926,1.50,1.50
2011.11.25 01:33:58.602,0.96913,0.9693,1.50,1.50
2011.11.25 01:33:58.724,0.96913,0.9693,1.88,1.50
2011.11.25 01:33:58.842,0.96917,0.96933,1.50,1.58
2011.11.25 01:33:59.399,0.96917,0.96932,1.50,1.50
2011.11.25 01:34:00.509,0.96917,0.96934,1.50,2.25
2011.11.25 01:34:01.179,0.96917,0.96934,1.50,2.25
2011.11.25 01:34:01.740,0.96916,0.96931,1.50,2.10
2011.11.25 01:34:02.255,0.96909,0.9693,1.50,1.50
2011.11.25 01:34:02.599,0.9691,0.96927,2.25,1.50
2011.11.25 01:34:02.937,0.96909,0.96926,1.50,1.20
2011.11.25 01:34:03.399,0.9691,0.9693,2.25,1.95
2011.11.25 01:34:03.523,0.9691,0.9693,1.50,1.50
2011.11.25 01:34:03.640,0.96913,0.96934,1.50,1.88
2011.11.25 01:34:03.989,0.96913,0.96932,2.25,1.58
2011.11.25 01:34:04.221,0.96912,0.9693,1.50,1.50
2011.11.25 01:34:04.340,0.96909,0.96926,1.13,1.50
2011.11.25 01:34:04.462,0.96908,0.96925,2.25,1.88
2011.11.25 01:34:04.583,0.96908,0.96924,1.50,1.20
2011.11.25 01:34:04.699,0.96906,0.96923,3.00,1.58
2011.11.25 01:34:05.042,0.96907,0.96926,3.38,1.50
2011.11.25 01:34:06.145,0.96907,0.96927,3.38,2.33
2011.11.25 01:34:07.649,0.96907,0.96926,2.25,1.50
2011.11.25 01:34:07.991,0.96907,0.96924,1.50,1.50
2011.11.25 01:34:08.726,0.96907,0.96927,1.50,1.50
2011.11.25 01:34:09.413,0.96909,0.96927,1.50,1.58
2011.11.25 01:34:09.531,0.96911,0.96928,1.50,1.20
2011.11.25 01:34:09.651,0.96911,0.96928,1.50,1.43
2011.11.25 01:34:10.016,0.96905,0.96914,1.13,1.73
2011.11.25 01:34:10.263,0.96888,0.96905,2.25,1.13
2011.11.25 01:34:10.865,0.96887,0.96905,1.50,1.50
2011.11.25 01:34:11.399,0.96896,0.96905,1.13,1.50
2011.11.25 01:34:11.533,0.96907,0.9692,1.50,1.50
2011.11.25 01:34:11.659,0.96908,0.96925,1.50,1.50
2011.11.25 01:34:12.002,0.96913,0.96934,1.50,1.50
2011.11.25 01:34:12.122,0.96914,0.96934,1.50,2.25
2011.11.25 01:34:12.248,0.96914,0.96934,1.50,2.25
2011.11.25 01:34:12.725,0.96912,0.9693,1.50,1.13
2011.11.25 01:34:12.856,0.96912,0.96928,1.50,1.13
2011.11.25 01:34:13.572,0.96906,0.96917,2.39,1.50
2011.11.25 01:34:13.699,0.96896,0.96914,2.25,1.50
2011.11.25 01:34:13.827,0.96896,0.96914,1.50,1.50
2011.11.25 01:34:14.402,0.96896,0.96914,1.50,2.63
2011.11.25 01:34:14.970,0.96894,0.96913,1.88,1.13
2011.11.25 01:34:15.088,0.96894,0.96913,1.88,1.88
2011.11.25 01:34:16.100,0.96894,0.96912,1.88,1.13
2011.11.25 01:34:17.001,0.96894,0.96914,1.50,2.25
2011.11.25 01:34:17.360,0.96894,0.96911,1.50,1.13
2011.11.25 01:34:17.601,0.96891,0.96909,2.79,1.88
2011.11.25 01:34:17.720,0.9689,0.96908,1.50,2.25
2011.11.25 01:34:18.289,0.9689,0.96907,1.50,2.25
2011.11.25 01:34:18.867,0.9689,0.96907,1.50,1.88
2011.11.25 01:34:19.429,0.9689,0.96907,1.50,1.88
2011.11.25 01:34:20.025,0.96889,0.96907,1.50,2.63
2011.11.25 01:34:20.621,0.9689,0.96907,1.50,1.88
2011.11.25 01:34:21.178,0.9689,0.96908,1.50,1.50
2011.11.25 01:34:22.028,0.9689,0.96907,1.50,1.88
2011.11.25 01:34:23.900,0.96892,0.96907,1.50,1.50
2011.11.25 01:34:24.239,0.96892,0.96909,1.50,1.50
2011.11.25 01:34:24.800,0.96892,0.9691,1.50,2.25
2011.11.25 01:34:26.303,0.96896,0.9691,1.13,2.25
2011.11.25 01:34:26.664,0.96903,0.96914,1.50,1.50
2011.11.25 01:34:26.792,0.96903,0.96922,1.88,2.87
2011.11.25 01:34:26.915,0.96905,0.96924,1.88,2.25
2011.11.25 01:34:27.030,0.96908,0.96924,1.50,1.50
2011.11.25 01:34:27.262,0.96908,0.96926,1.50,1.50
2011.11.25 01:34:28.804,0.96905,0.96925,1.58,1.50
2011.11.25 01:34:28.924,0.96905,0.96924,2.25,1.50
2011.11.25 01:34:29.164,0.96907,0.96924,1.50,2.25
2011.11.25 01:34:29.402,0.96904,0.96921,2.25,1.50
2011.11.25 01:34:29.520,0.96902,0.96922,1.50,2.25
2011.11.25 01:34:29.748,0.96901,0.9692,1.50,1.50
2011.11.25 01:34:30.211,0.96901,0.96919,1.50,1.50
2011.11.25 01:34:30.439,0.96901,0.96919,1.50,1.50
2011.11.25 01:34:30.889,0.96901,0.96919,1.50,1.50
2011.11.25 01:34:31.890,0.969,0.96919,1.50,1.50
2011.11.25 01:34:33.332,0.96901,0.96919,1.50,2.25
2011.11.25 01:34:33.694,0.96897,0.96914,2.25,2.25
2011.11.25 01:34:34.261,0.96895,0.96914,1.50,1.50
2011.11.25 01:34:34.613,0.96894,0.96912,2.25,1.50
2011.11.25 01:34:35.171,0.96895,0.96913,1.50,1.50
2011.11.25 01:34:35.949,0.96895,0.96912,1.50,1.50
2011.11.25 01:34:36.299,0.96901,0.96915,1.50,1.50
2011.11.25 01:34:36.854,0.96905,0.96924,1.50,1.50
2011.11.25 01:34:37.458,0.96909,0.96924,1.50,1.50
2011.11.25 01:34:37.702,0.9691,0.9693,3.00,1.50
2011.11.25 01:34:39.265,0.9691,0.96926,1.50,1.50
2011.11.25 01:34:39.933,0.96906,0.96925,1.50,1.88
2011.11.25 01:34:40.304,0.96898,0.96916,1.50,2.25
2011.11.25 01:34:40.421,0.96897,0.96913,2.25,1.50
2011.11.25 01:34:40.544,0.96897,0.96913,1.50,1.50
2011.11.25 01:34:40.786,0.96896,0.96911,1.50,1.13
2011.11.25 01:34:41.141,0.96894,0.96911,1.50,1.13
2011.11.25 01:34:41.483,0.96894,0.96909,1.50,2.03
2011.11.25 01:34:42.042,0.96894,0.96911,1.50,1.28
2011.11.25 01:34:42.160,0.96894,0.96912,1.50,1.88
2011.11.25 01:34:42.500,0.96893,0.96911,1.50,1.13
2011.11.25 01:34:42.620,0.96892,0.9691,2.25,1.13
2011.11.25 01:34:43.501,0.96893,0.96909,1.50,1.13
2011.11.25 01:34:44.061,0.96892,0.96908,1.50,1.88
2011.11.25 01:34:44.618,0.96892,0.96908,1.50,1.13
2011.11.25 01:34:45.200,0.96892,0.96908,2.25,1.13
2011.11.25 01:34:46.200,0.96892,0.96909,1.50,1.88
2011.11.25 01:34:47.994,0.96892,0.96907,1.50,1.13
2011.11.25 01:34:48.549,0.96892,0.96908,1.50,1.13
2011.11.25 01:34:48.669,0.96892,0.96909,1.50,1.50
2011.11.25 01:34:49.426,0.96892,0.96908,1.50,1.13
2011.11.25 01:34:50.007,0.96892,0.96908,1.50,1.13
2011.11.25 01:34:50.461,0.96893,0.9691,1.50,1.13
2011.11.25 01:34:50.811,0.96893,0.96912,2.25,1.13
2011.11.25 01:34:51.370,0.96894,0.96912,1.50,1.88
2011.11.25 01:34:52.548,0.96895,0.96912,1.50,1.50
2011.11.25 01:34:53.108,0.96893,0.96909,1.50,1.13
2011.11.25 01:34:53.668,0.96893,0.96909,1.50,1.13
2011.11.25 01:34:54.059,0.96893,0.96909,1.50,1.13
2011.11.25 01:34:54.400,0.96893,0.9691,1.50,1.88
2011.11.25 01:34:54.630,0.96893,0.9691,1.50,1.88
2011.11.25 01:34:54.860,0.96893,0.96909,1.50,1.13
2011.11.25 01:34:55.418,0.96893,0.9691,1.50,1.88
2011.11.25 01:34:56.013,0.96893,0.9691,1.50,1.88
2011.11.25 01:34:56.359,0.96893,0.96911,1.50,1.13
2011.11.25 01:34:56.922,0.96893,0.96909,1.50,1.13
2011.11.25 01:34:57.603,0.96893,0.96911,1.50,1.88
2011.11.25 01:34:58.278,0.96893,0.9691,1.50,1.13
2011.11.25 01:34:58.953,0.96893,0.9691,1.50,1.13
2011.11.25 01:35:00.540,0.96893,0.96909,1.50,1.13
2011.11.25 01:35:00.768,0.96892,0.96907,1.50,1.13
2011.11.25 01:35:01.012,0.96892,0.96905,1.50,1.13
2011.11.25 01:35:01.533,0.96884,0.96903,1.13,1.50
2011.11.25 01:35:01.651,0.9688,0.96903,1.88,1.58
2011.11.25 01:35:01.772,0.96884,0.96903,1.50,1.58
2011.11.25 01:35:02.134,0.96884,0.96905,3.00,2.33
2011.11.25 01:35:02.256,0.96887,0.96905,1.50,1.50
2011.11.25 01:35:02.820,0.96885,0.96905,1.50,1.50
2011.11.25 01:35:03.380,0.96886,0.96905,1.50,1.50
2011.11.25 01:35:04.079,0.96885,0.96905,1.50,1.50
2011.11.25 01:35:04.933,0.96889,0.96907,1.50,1.20
2011.11.25 01:35:07.400,0.96889,0.96909,1.50,1.50
2011.11.25 01:35:07.919,0.9689,0.96909,1.50,1.50
2011.11.25 01:35:08.944,0.96887,0.96908,3.08,1.88
2011.11.25 01:35:09.170,0.96887,0.96907,1.50,2.70
2011.11.25 01:35:09.729,0.96887,0.96907,1.50,2.63
2011.11.25 01:35:10.509,0.96887,0.96907,1.50,2.33
2011.11.25 01:35:11.070,0.96887,0.96907,1.50,2.33
2011.11.25 01:35:11.420,0.96889,0.96908,2.25,1.50
2011.11.25 01:35:11.649,0.96889,0.96908,2.25,1.50
2011.11.25 01:35:12.765,0.9689,0.96908,1.50,1.50
2011.11.25 01:35:13.297,0.96891,0.96912,2.25,3.08
2011.11.25 01:35:13.870,0.96891,0.96912,2.25,3.00
2011.11.25 01:35:14.221,0.96898,0.96912,1.50,2.25
2011.11.25 01:35:14.582,0.969,0.96914,1.88,1.13
2011.11.25 01:35:14.706,0.96904,0.96923,1.50,2.12
2011.11.25 01:35:15.062,0.96904,0.96925,1.50,1.50
2011.11.25 01:35:15.182,0.96904,0.96925,1.50,1.50
2011.11.25 01:35:19.313,0.96908,0.96926,1.58,1.50
2011.11.25 01:35:19.552,0.96907,0.96926,3.08,1.50
2011.11.25 01:35:19.676,0.96913,0.96928,1.50,1.50
2011.11.25 01:35:19.805,0.96915,0.96931,1.50,1.50
2011.11.25 01:35:20.051,0.96918,0.96933,1.50,1.13
2011.11.25 01:35:20.173,0.96919,0.96936,1.50,2.25
2011.11.25 01:35:22.518,0.96919,0.96939,1.50,1.50
2011.11.25 01:35:23.689,0.96918,0.96939,3.75,1.50
2011.11.25 01:35:24.248,0.96919,0.96939,1.50,1.50
2011.11.25 01:35:24.808,0.96918,0.96939,3.00,1.50
2011.11.25 01:35:25.368,0.96918,0.96939,2.25,1.50
2011.11.25 01:35:25.830,0.96918,0.96935,1.50,1.50
2011.11.25 01:35:26.073,0.96915,0.96932,1.50,1.50
2011.11.25 01:35:26.301,0.9691,0.96931,1.50,1.50
2011.11.25 01:35:27.366,0.96907,0.96926,2.33,1.50
2011.11.25 01:35:27.500,0.96908,0.96929,2.33,1.50
2011.11.25 01:35:27.949,0.9691,0.96929,1.50,1.50
2011.11.25 01:35:30.169,0.9691,0.96929,2.25,1.50
2011.11.25 01:35:31.721,0.9691,0.96929,1.50,1.50
2011.11.25 01:35:31.949,0.96909,0.96929,1.50,1.50
2011.11.25 01:35:33.451,0.96908,0.96929,2.33,1.50
2011.11.25 01:35:33.681,0.96908,0.96929,1.58,1.50
2011.11.25 01:35:35.559,0.96908,0.96929,1.58,1.50
2011.11.25 01:35:36.228,0.96908,0.96929,1.88,1.50
2011.11.25 01:35:36.568,0.96914,0.96929,1.73,1.50
2011.11.25 01:35:36.799,0.96908,0.96929,2.63,1.50
2011.11.25 01:35:36.918,0.96908,0.96929,2.63,1.50
2011.11.25 01:35:38.339,0.96908,0.96929,3.90,1.50
2011.11.25 01:35:38.900,0.96908,0.96929,2.25,1.50
2011.11.25 01:35:39.458,0.96909,0.96929,1.50,1.50
2011.11.25 01:35:40.350,0.96908,0.96929,2.33,1.50
2011.11.25 01:35:44.622,0.96909,0.96929,1.50,1.50
2011.11.25 01:35:45.949,0.96909,0.96929,1.50,1.50
2011.11.25 01:35:50.411,0.9691,0.96929,1.88,1.50
2011.11.25 01:35:50.750,0.96909,0.96929,1.50,1.50
2011.11.25 01:35:50.874,0.96913,0.96929,1.73,1.50
2011.11.25 01:35:51.238,0.96917,0.96933,3.00,1.50
2011.11.25 01:35:51.937,0.96926,0.9694,1.50,1.50
2011.11.25 01:35:52.068,0.96926,0.96947,4.20,1.50
2011.11.25 01:35:52.191,0.96928,0.96947,1.50,1.50
2011.11.25 01:35:52.763,0.96927,0.96947,1.58,2.25
2011.11.25 01:35:53.318,0.96927,0.96947,1.58,2.25
2011.11.25 01:35:54.401,0.96927,0.96947,2.25,2.25
2011.11.25 01:35:54.962,0.96929,0.96947,1.73,2.25
2011.11.25 01:35:55.204,0.96931,0.96949,1.20,2.25
2011.11.25 01:35:55.321,0.96933,0.96949,1.13,2.25
2011.11.25 01:35:55.440,0.96933,0.96949,1.13,2.25
2011.11.25 01:35:55.561,0.96934,0.96949,1.13,2.25
2011.11.25 01:35:55.805,0.96934,0.96949,2.33,1.50
2011.11.25 01:35:55.923,0.96932,0.96948,1.58,2.25
2011.11.25 01:35:56.520,0.96928,0.96947,1.88,1.50
2011.11.25 01:35:56.640,0.96928,0.96947,1.88,1.50
2011.11.25 01:35:57.002,0.96933,0.96953,3.38,1.50
2011.11.25 01:35:57.581,0.96934,0.96953,2.25,1.50
2011.11.25 01:35:58.559,0.96934,0.96952,1.88,1.58
2011.11.25 01:35:58.680,0.96932,0.96952,1.50,2.33
2011.11.25 01:35:58.799,0.96932,0.9695,1.50,1.50
2011.11.25 01:35:59.360,0.96931,0.9695,1.50,2.25
2011.11.25 01:35:59.481,0.96928,0.96948,2.25,1.50
2011.11.25 01:36:01.039,0.96929,0.96948,1.50,1.50
2011.11.25 01:36:01.599,0.96929,0.96948,2.25,1.50
2011.11.25 01:36:02.134,0.96926,0.96943,1.50,1.50
2011.11.25 01:36:02.475,0.96928,0.96944,1.50,1.50
2011.11.25 01:36:02.591,0.96929,0.96948,1.50,1.50
2011.11.25 01:36:02.713,0.9693,0.96948,1.65,1.50
2011.11.25 01:36:03.183,0.96931,0.96948,1.50,1.50
2011.11.25 01:36:03.655,0.96934,0.96951,1.50,1.58
2011.11.25 01:36:04.681,0.9693,0.96951,1.50,1.50
2011.11.25 01:36:05.351,0.9693,0.96951,1.50,1.58
2011.11.25 01:36:05.473,0.9693,0.96951,1.50,1.50
2011.11.25 01:36:05.593,0.96928,0.9695,3.00,1.13
2011.11.25 01:36:05.715,0.96928,0.96949,3.00,1.50
2011.11.25 01:36:05.834,0.96928,0.96947,1.50,1.50
2011.11.25 01:36:06.197,0.9692,0.9694,3.23,1.88
2011.11.25 01:36:06.323,0.96917,0.96936,1.50,1.50
2011.11.25 01:36:06.673,0.96916,0.96936,1.50,1.50
2011.11.25 01:36:07.371,0.96916,0.96935,1.50,1.50
2011.11.25 01:36:07.738,0.96919,0.96938,2.25,1.50
2011.11.25 01:36:08.096,0.96926,0.96943,1.50,3.08
2011.11.25 01:36:08.345,0.96928,0.96949,2.63,2.63
2011.11.25 01:36:08.462,0.96928,0.96949,4.13,1.50
2011.11.25 01:36:09.030,0.96928,0.96949,3.38,1.50
2011.11.25 01:36:10.392,0.96926,0.96942,1.50,1.50
2011.11.25 01:36:10.632,0.96925,0.96942,1.50,2.33
2011.11.25 01:36:11.792,0.9692,0.96941,3.00,1.50
2011.11.25 01:36:13.301,0.9692,0.96938,1.50,1.50
2011.11.25 01:36:13.548,0.96917,0.96938,1.13,1.95
2011.11.25 01:36:13.790,0.96917,0.96938,1.13,1.95
2011.11.25 01:36:14.360,0.96918,0.96939,2.63,1.50
2011.11.25 01:36:14.822,0.96918,0.96939,1.50,1.50
2011.11.25 01:36:15.619,0.96917,0.96939,3.75,1.50
2011.11.25 01:36:16.139,0.96917,0.96938,3.75,1.50
2011.11.25 01:36:16.719,0.96917,0.96938,1.50,2.70
2011.11.25 01:36:17.771,0.96917,0.96937,1.50,1.20
2011.11.25 01:36:18.234,0.96917,0.96936,1.50,1.88
2011.11.25 01:36:18.593,0.96917,0.96936,2.25,1.50
2011.11.25 01:36:18.714,0.96917,0.96937,1.50,1.50
2011.11.25 01:36:18.940,0.96919,0.96936,1.50,1.50
2011.11.25 01:36:19.060,0.96919,0.96936,1.50,1.88
2011.11.25 01:36:19.411,0.96913,0.96932,1.50,1.58
2011.11.25 01:36:20.349,0.96908,0.96927,2.33,1.50
2011.11.25 01:36:20.715,0.96907,0.96922,1.50,2.25
2011.11.25 01:36:20.833,0.96899,0.96919,1.50,1.50
2011.11.25 01:36:21.072,0.96899,0.96919,1.50,1.88
2011.11.25 01:36:21.629,0.96898,0.96918,2.33,1.50
2011.11.25 01:36:24.089,0.96898,0.96918,1.50,1.88
2011.11.25 01:36:24.698,0.969,0.96921,1.50,1.50
2011.11.25 01:36:25.600,0.96903,0.96922,1.50,1.58
2011.11.25 01:36:28.941,0.96906,0.96922,1.50,1.50
2011.11.25 01:36:29.829,0.96905,0.96922,1.50,1.58
2011.11.25 01:36:30.310,0.96908,0.96923,1.50,1.58
2011.11.25 01:36:30.443,0.9691,0.96927,1.50,1.50
2011.11.25 01:36:30.562,0.9691,0.96927,2.25,1.50
2011.11.25 01:36:30.805,0.96915,0.96935,1.35,1.50
2011.11.25 01:36:31.269,0.96917,0.96937,1.50,2.33
2011.11.25 01:36:31.722,0.96917,0.96936,1.50,1.88
2011.11.25 01:36:32.292,0.96917,0.96934,1.50,1.58
2011.11.25 01:36:32.639,0.96917,0.96937,3.08,1.50
2011.11.25 01:36:32.982,0.96919,0.96939,1.50,2.63
2011.11.25 01:36:33.340,0.9692,0.96938,1.50,1.50
2011.11.25 01:36:43.614,0.96919,0.9694,2.25,2.63
2011.11.25 01:36:45.008,0.96919,0.9694,2.25,2.63
2011.11.25 01:36:45.570,0.96919,0.96936,2.25,1.50
2011.11.25 01:36:45.911,0.96919,0.96937,2.25,1.28
2011.11.25 01:36:46.148,0.96919,0.96938,2.25,2.25
2011.11.25 01:36:48.280,0.96916,0.96933,2.33,1.50
2011.11.25 01:36:48.511,0.96915,0.9693,1.50,1.50
2011.11.25 01:36:48.861,0.96913,0.9693,1.58,2.25
2011.11.25 01:36:49.089,0.96909,0.9693,1.50,3.00
2011.11.25 01:36:49.702,0.96909,0.9693,2.25,2.25
2011.11.25 01:36:50.168,0.9691,0.96931,1.50,1.13
2011.11.25 01:36:50.303,0.96914,0.96933,1.88,2.25
2011.11.25 01:36:50.540,0.96916,0.96933,1.50,2.33
2011.11.25 01:36:50.993,0.96916,0.96934,1.50,2.33
2011.11.25 01:36:51.341,0.96918,0.96935,2.63,2.25
2011.11.25 01:36:51.461,0.9692,0.96939,1.50,1.13
2011.11.25 01:36:52.020,0.9692,0.9694,1.50,1.50
2011.11.25 01:36:53.182,0.9692,0.9694,1.50,1.88
2011.11.25 01:36:53.855,0.9692,0.9694,1.50,1.50
2011.11.25 01:36:54.557,0.96918,0.96934,1.13,1.50
2011.11.25 01:36:54.683,0.96917,0.96934,1.50,1.50
2011.11.25 01:36:55.249,0.96916,0.96933,1.50,1.50
2011.11.25 01:36:55.965,0.96914,0.96933,2.25,1.50
2011.11.25 01:36:56.519,0.96914,0.96933,1.50,1.50
2011.11.25 01:36:57.448,0.96914,0.96933,2.25,1.50
2011.11.25 01:36:58.818,0.96914,0.96932,2.25,1.50
2011.11.25 01:37:01.072,0.96914,0.96932,2.25,1.50
2011.11.25 01:37:01.310,0.96914,0.9693,2.25,1.13
2011.11.25 01:37:01.949,0.9691,0.96927,2.33,1.13
2011.11.25 01:37:02.079,0.9691,0.96928,1.50,1.50
2011.11.25 01:37:04.198,0.9691,0.96929,1.50,1.88
2011.11.25 01:37:04.668,0.9691,0.96926,1.50,1.13
2011.11.25 01:37:05.022,0.9691,0.96922,1.50,1.13
2011.11.25 01:37:05.360,0.96907,0.96921,1.50,1.13
2011.11.25 01:37:05.700,0.96902,0.96922,1.50,1.95
2011.11.25 01:37:05.820,0.96902,0.96922,1.50,1.88
2011.11.25 01:37:07.202,0.96902,0.96922,1.50,1.50
2011.11.25 01:37:07.429,0.96904,0.96923,1.50,3.45
2011.11.25 01:37:07.983,0.96904,0.96923,1.50,3.08
2011.11.25 01:37:08.539,0.96904,0.96923,1.50,3.08
2011.11.25 01:37:10.003,0.96905,0.96923,1.13,1.58
2011.11.25 01:37:10.351,0.96906,0.96927,2.33,1.50
2011.11.25 01:37:10.579,0.96908,0.96929,2.25,1.50
2011.11.25 01:37:11.097,0.9691,0.9693,1.50,1.50
2011.11.25 01:37:13.321,0.96912,0.9693,1.50,1.50
2011.11.25 01:37:13.660,0.96913,0.96931,1.50,1.50
2011.11.25 01:37:14.004,0.96917,0.96932,1.50,1.50
2011.11.25 01:37:14.121,0.96918,0.96936,1.58,2.48
2011.11.25 01:37:14.240,0.96919,0.96936,2.25,1.50
2011.11.25 01:37:14.468,0.96919,0.96941,1.88,1.13
2011.11.25 01:37:14.820,0.96918,0.96936,1.58,2.25
2011.11.25 01:37:15.160,0.96914,0.96937,1.50,2.63
2011.11.25 01:37:15.630,0.96914,0.96934,1.50,1.50
2011.11.25 01:37:15.980,0.96912,0.96933,1.50,2.70
2011.11.25 01:37:16.319,0.96912,0.96932,1.50,1.20
2011.11.25 01:37:16.883,0.96912,0.96929,1.50,1.50
2011.11.25 01:37:17.247,0.96902,0.96915,5.70,1.88
2011.11.25 01:37:17.823,0.96908,0.96921,1.13,4.50
2011.11.25 01:37:17.951,0.96904,0.96925,1.13,2.25
2011.11.25 01:37:18.180,0.96907,0.96925,1.58,1.50
2011.11.25 01:37:18.756,0.96906,0.96914,2.33,2.63
2011.11.25 01:37:19.006,0.96896,0.96905,1.88,1.13
2011.11.25 01:37:19.136,0.96895,0.9691,2.25,1.50
2011.11.25 01:37:19.382,0.96894,0.96915,1.50,1.13
2011.11.25 01:37:19.500,0.96894,0.96917,1.50,1.88
2011.11.25 01:37:19.622,0.96894,0.96916,1.58,1.88
2011.11.25 01:37:20.399,0.96894,0.96916,2.33,1.50
2011.11.25 01:37:20.861,0.96898,0.96917,1.58,1.50
2011.11.25 01:37:21.422,0.96895,0.96915,2.25,1.50
2011.11.25 01:37:21.895,0.96895,0.96912,1.50,1.50
2011.11.25 01:37:22.458,0.96895,0.96913,1.50,2.25
2011.11.25 01:37:23.139,0.96895,0.96913,1.50,1.58
2011.11.25 01:37:23.592,0.96898,0.96914,1.50,1.50
2011.11.25 01:37:24.149,0.96895,0.96914,1.50,1.50
2011.11.25 01:37:24.611,0.96889,0.9691,1.58,1.13
2011.11.25 01:37:24.950,0.96887,0.96905,1.50,1.50
2011.11.25 01:37:25.071,0.96887,0.96905,1.50,1.50
2011.11.25 01:37:25.520,0.96888,0.96905,1.50,1.50
2011.11.25 01:37:26.079,0.96888,0.96905,1.50,1.50
2011.11.25 01:37:26.861,0.96886,0.96904,1.50,1.50
2011.11.25 01:37:27.559,0.96884,0.969,1.50,1.13
2011.11.25 01:37:27.801,0.96883,0.969,1.50,1.50
2011.11.25 01:37:28.390,0.96881,0.96901,1.50,1.50
2011.11.25 01:37:28.842,0.96883,0.96902,1.50,2.25
2011.11.25 01:37:29.301,0.96883,0.96901,1.50,1.50
2011.11.25 01:37:29.869,0.96881,0.96901,1.50,1.50
2011.11.25 01:37:30.428,0.96881,0.96901,1.50,1.50
2011.11.25 01:37:30.989,0.96881,0.96902,1.50,1.50
2011.11.25 01:37:31.561,0.96881,0.96901,1.50,1.50
2011.11.25 01:37:31.682,0.96881,0.96901,1.50,1.50
2011.11.25 01:37:32.772,0.96881,0.96897,1.50,1.13
2011.11.25 01:37:33.332,0.96878,0.96897,1.50,2.25
2011.11.25 01:37:33.890,0.96878,0.96897,2.25,1.58
2011.11.25 01:37:34.353,0.96878,0.969,4.20,1.50
2011.11.25 01:37:35.623,0.96878,0.96899,3.08,1.50
2011.11.25 01:37:36.224,0.96878,0.96897,1.50,1.50
2011.11.25 01:37:36.779,0.96878,0.96897,2.25,1.50
2011.11.25 01:37:38.258,0.96878,0.96897,1.50,1.58
2011.11.25 01:37:38.819,0.96878,0.96897,2.25,1.58
2011.11.25 01:37:39.380,0.96879,0.96898,1.13,1.58
2011.11.25 01:37:39.747,0.96881,0.96896,1.50,1.50
2011.11.25 01:37:40.234,0.96875,0.96893,1.88,2.48
2011.11.25 01:37:40.351,0.96875,0.96893,1.88,2.33
2011.11.25 01:37:40.920,0.96876,0.96892,1.50,1.50
2011.11.25 01:37:41.151,0.96874,0.96892,2.63,1.58
2011.11.25 01:37:42.116,0.96875,0.96893,1.88,2.33
2011.11.25 01:37:42.680,0.96875,0.96893,1.88,2.33
2011.11.25 01:37:43.128,0.96876,0.96893,1.50,2.33
2011.11.25 01:37:43.718,0.96882,0.96894,1.50,1.50
2011.11.25 01:37:44.301,0.9688,0.96894,1.88,1.50
2011.11.25 01:37:44.860,0.96876,0.96894,1.50,2.25
2011.11.25 01:37:45.419,0.96876,0.96894,1.50,1.50
2011.11.25 01:37:46.269,0.96876,0.96895,1.50,3.00
2011.11.25 01:37:46.870,0.96875,0.96893,1.50,2.25
2011.11.25 01:37:46.991,0.96875,0.96893,1.50,3.00
2011.11.25 01:37:47.114,0.96875,0.96893,1.50,2.25
2011.11.25 01:37:47.451,0.96875,0.96893,1.50,2.63
2011.11.25 01:37:48.014,0.96875,0.96893,1.50,1.50
2011.11.25 01:37:48.571,0.96875,0.96893,1.50,1.88
2011.11.25 01:37:48.799,0.96875,0.96892,1.50,1.13
2011.11.25 01:37:49.034,0.96873,0.96892,2.25,2.85
2011.11.25 01:37:49.392,0.96868,0.9689,1.50,2.63
2011.11.25 01:37:49.510,0.96868,0.96889,1.50,1.58
2011.11.25 01:37:49.752,0.96872,0.9689,2.25,1.95
2011.11.25 01:37:50.092,0.96874,0.96892,2.25,1.88
2011.11.25 01:37:51.630,0.96878,0.96893,1.50,1.50
2011.11.25 01:37:51.871,0.96878,0.96893,1.50,1.50
2011.11.25 01:37:51.994,0.96876,0.9689,1.13,2.10
2011.11.25 01:37:52.352,0.96875,0.9689,1.50,2.25
2011.11.25 01:37:52.471,0.96874,0.96888,1.13,1.50
2011.11.25 01:37:52.934,0.96872,0.9689,1.88,1.50
2011.11.25 01:37:53.271,0.9687,0.96888,1.50,1.58
2011.11.25 01:37:53.829,0.96871,0.96888,1.50,2.33
2011.11.25 01:37:54.060,0.9687,0.96888,2.63,2.33
2011.11.25 01:37:55.319,0.9687,0.96888,1.88,1.58
2011.11.25 01:37:55.891,0.9687,0.96888,1.50,1.58
2011.11.25 01:37:56.570,0.9687,0.96888,3.38,1.50
2011.11.25 01:37:57.136,0.96871,0.96889,1.50,2.25
2011.11.25 01:37:57.800,0.96871,0.96889,1.50,1.50
2011.11.25 01:37:58.358,0.96871,0.9689,1.88,2.25
2011.11.25 01:37:58.940,0.96871,0.9689,1.13,3.00
2011.11.25 01:37:59.568,0.9687,0.9689,4.88,2.25
2011.11.25 01:38:00.141,0.9687,0.9689,4.88,3.00
2011.11.25 01:38:01.459,0.96873,0.96889,2.25,1.50
2011.11.25 01:38:01.593,0.96874,0.96894,2.25,3.00
2011.11.25 01:38:02.151,0.96872,0.96892,1.13,2.33
2011.11.25 01:38:02.762,0.96871,0.96892,3.38,1.58
2011.11.25 01:38:03.671,0.96872,0.96892,1.13,1.58
2011.11.25 01:38:05.469,0.96871,0.96892,2.25,1.95
2011.11.25 01:38:05.812,0.96874,0.96891,1.50,1.13
2011.11.25 01:38:06.050,0.96874,0.96892,1.50,1.50
2011.11.25 01:38:06.632,0.96874,0.96893,1.50,3.00
2011.11.25 01:38:07.969,0.96874,0.96892,1.50,1.50
2011.11.25 01:38:08.328,0.96874,0.96893,2.25,1.50
2011.11.25 01:38:08.889,0.96874,0.96893,2.25,2.25
2011.11.25 01:38:09.579,0.96876,0.96894,1.13,3.00
2011.11.25 01:38:10.704,0.96879,0.96896,1.50,1.50
2011.11.25 01:38:10.821,0.96879,0.96899,1.50,1.50
2011.11.25 01:38:11.062,0.96877,0.96895,1.58,1.50
2011.11.25 01:38:11.399,0.96876,0.96894,1.50,1.50
2011.11.25 01:38:11.959,0.96876,0.96894,1.88,1.50
2011.11.25 01:38:12.080,0.96876,0.96894,1.88,1.50
2011.11.25 01:38:14.218,0.96876,0.96895,1.50,2.25
2011.11.25 01:38:15.220,0.96881,0.96898,1.88,1.50
2011.11.25 01:38:15.452,0.9688,0.96899,1.13,1.50
2011.11.25 01:38:15.569,0.9688,0.969,1.13,1.50
2011.11.25 01:38:16.129,0.96879,0.96901,2.25,1.50
2011.11.25 01:38:16.689,0.9688,0.96901,1.50,1.50
2011.11.25 01:38:17.249,0.96879,0.96901,3.00,1.50
2011.11.25 01:38:17.703,0.96878,0.96898,2.25,1.50
2011.11.25 01:38:17.941,0.96876,0.96893,1.50,1.50
2011.11.25 01:38:18.281,0.96878,0.96893,1.50,1.50
2011.11.25 01:38:18.511,0.96879,0.96899,1.50,1.50
2011.11.25 01:38:19.058,0.96879,0.96899,1.50,1.88
2011.11.25 01:38:21.259,0.96879,0.96899,2.25,1.50
2011.11.25 01:38:21.379,0.9688,0.96899,1.50,1.50
2011.11.25 01:38:21.940,0.96882,0.96901,1.88,1.50
2011.11.25 01:38:22.951,0.96881,0.96901,2.63,1.50
2011.11.25 01:38:23.400,0.96881,0.96901,1.13,1.50
2011.11.25 01:38:23.959,0.96881,0.96901,1.88,1.50
2011.11.25 01:38:25.261,0.96881,0.96901,1.50,2.63
2011.11.25 01:38:25.599,0.96879,0.96898,1.50,1.50
2011.11.25 01:38:26.958,0.96877,0.96897,2.70,1.13
2011.11.25 01:38:29.079,0.96876,0.96892,1.50,1.50
2011.11.25 01:38:29.714,0.96876,0.96893,1.50,1.50
2011.11.25 01:38:31.389,0.96876,0.96893,1.50,1.50
2011.11.25 01:38:31.958,0.96876,0.96894,1.50,2.25
2011.11.25 01:38:32.519,0.96876,0.96893,1.50,1.50
2011.11.25 01:38:32.798,0.96876,0.96893,1.50,1.50
2011.11.25 01:38:33.303,0.96876,0.96892,1.50,1.50
2011.11.25 01:38:35.748,0.96876,0.96893,1.50,1.50
2011.11.25 01:38:36.278,0.96876,0.96893,1.50,1.50
2011.11.25 01:38:37.448,0.96876,0.96893,1.50,1.50
2011.11.25 01:38:38.142,0.96876,0.96894,1.50,2.25
2011.11.25 01:38:38.708,0.96876,0.96892,1.50,1.50
2011.11.25 01:38:39.600,0.96876,0.96892,1.50,1.50
2011.11.25 01:38:39.963,0.96872,0.9689,1.50,1.13
2011.11.25 01:38:40.192,0.9687,0.96888,2.25,1.50
2011.11.25 01:38:40.873,0.96871,0.9689,1.50,1.88
2011.11.25 01:38:40.995,0.96871,0.9689,1.50,1.50
2011.11.25 01:38:41.549,0.96871,0.9689,1.50,1.50
2011.11.25 01:38:43.384,0.96869,0.9689,1.50,2.25
2011.11.25 01:38:43.741,0.96866,0.96883,1.50,1.58
2011.11.25 01:38:44.313,0.96867,0.96887,2.25,1.50
2011.11.25 01:38:44.760,0.96871,0.96887,1.50,1.58
2011.11.25 01:38:45.211,0.96871,0.96889,1.50,1.13
2011.11.25 01:38:45.442,0.96871,0.9689,1.50,1.88
2011.11.25 01:38:46.000,0.96869,0.9689,3.00,1.50
2011.11.25 01:38:46.350,0.96871,0.9689,2.25,1.50
2011.11.25 01:38:47.930,0.96871,0.9689,2.25,1.50
2011.11.25 01:38:48.599,0.96871,0.9689,2.25,1.50
2011.11.25 01:38:49.663,0.96876,0.96892,1.50,1.88
2011.11.25 01:38:49.784,0.96876,0.96892,1.50,1.88
2011.11.25 01:38:50.581,0.96876,0.96892,2.63,1.50
2011.11.25 01:38:51.140,0.96876,0.96893,1.50,1.50
2011.11.25 01:38:51.589,0.96877,0.96893,1.50,1.50
2011.11.25 01:38:52.150,0.96877,0.96894,1.50,1.50
2011.11.25 01:38:53.089,0.96876,0.96893,2.25,1.50
2011.11.25 01:38:53.319,0.96876,0.96893,2.25,1.50
2011.11.25 01:38:53.989,0.96876,0.96893,1.50,1.50
2011.11.25 01:38:54.548,0.96876,0.96894,1.50,2.25
2011.11.25 01:38:55.382,0.96876,0.96893,1.50,2.25
2011.11.25 01:38:55.720,0.96876,0.96894,1.50,1.50
2011.11.25 01:38:56.878,0.96876,0.96893,1.50,1.50
2011.11.25 01:38:57.330,0.96874,0.96891,1.50,1.50
2011.11.25 01:38:57.684,0.96868,0.96885,1.50,1.13
2011.11.25 01:38:57.805,0.96866,0.96883,1.50,1.50
2011.11.25 01:38:57.926,0.96863,0.96882,1.50,1.58
2011.11.25 01:38:58.512,0.96863,0.96882,1.50,1.50
2011.11.25 01:38:59.075,0.96863,0.96883,1.50,1.58
2011.11.25 01:38:59.852,0.96863,0.96883,1.50,1.58
2011.11.25 01:39:00.534,0.96862,0.96883,1.50,1.58
2011.11.25 01:39:01.088,0.96862,0.96883,1.50,1.58
2011.11.25 01:39:02.758,0.96862,0.96882,1.50,1.50
2011.11.25 01:39:03.432,0.96861,0.96883,1.88,1.95
2011.11.25 01:39:03.548,0.96861,0.96883,1.88,1.95
2011.11.25 01:39:03.893,0.96865,0.96884,1.50,2.70
2011.11.25 01:39:04.229,0.96865,0.96882,1.50,1.58
2011.11.25 01:39:04.877,0.96865,0.96883,1.50,1.58
2011.11.25 01:39:05.230,0.96865,0.96883,1.50,1.58
2011.11.25 01:39:05.820,0.96862,0.96882,1.50,1.58
2011.11.25 01:39:06.051,0.96865,0.96883,1.50,1.58
2011.11.25 01:39:07.058,0.96867,0.96885,1.50,1.13
2011.11.25 01:39:07.181,0.96867,0.96885,1.50,1.13
2011.11.25 01:39:07.982,0.96866,0.96879,1.50,2.25
2011.11.25 01:39:08.210,0.96859,0.96878,1.13,2.25
2011.11.25 01:39:08.332,0.96859,0.96877,1.13,1.50
2011.11.25 01:39:10.852,0.96859,0.96877,1.13,1.50
2011.11.25 01:39:11.081,0.96859,0.96877,1.13,1.50
2011.11.25 01:39:11.308,0.9686,0.96876,1.13,1.50
2011.11.25 01:39:11.868,0.96859,0.96877,1.50,1.50
2011.11.25 01:39:13.781,0.96858,0.96877,3.75,1.50
2011.11.25 01:39:14.608,0.96858,0.96877,3.00,1.50
2011.11.25 01:39:15.168,0.96858,0.96877,2.70,1.50
2011.11.25 01:39:15.729,0.96858,0.96877,1.95,1.50
2011.11.25 01:39:16.073,0.96858,0.96877,1.95,1.50
2011.11.25 01:39:16.638,0.96859,0.96877,1.13,1.50
2011.11.25 01:39:17.219,0.9686,0.96876,1.88,1.50
2011.11.25 01:39:18.241,0.96859,0.96877,1.13,1.50
2011.11.25 01:39:18.598,0.96859,0.96877,1.13,1.50
2011.11.25 01:39:26.882,0.96861,0.96878,1.88,1.50
2011.11.25 01:39:27.438,0.96861,0.96882,3.38,2.33
2011.11.25 01:39:31.830,0.96861,0.96878,2.25,1.13
2011.11.25 01:39:34.280,0.96862,0.96882,3.00,3.08
2011.11.25 01:39:46.410,0.96864,0.96882,1.50,2.25
2011.11.25 01:39:46.749,0.9686,0.96879,1.88,1.50
2011.11.25 01:39:52.310,0.96858,0.96876,1.50,2.25
2011.11.25 01:39:55.161,0.96855,0.96873,2.63,1.58
2011.11.25 01:39:55.959,0.96855,0.96873,1.50,1.58
2011.11.25 01:39:56.412,0.96855,0.96873,1.50,2.33
2011.11.25 01:39:56.980,0.96855,0.96869,1.50,3.83
2011.11.25 01:39:58.409,0.96855,0.96868,1.50,1.20
2011.11.25 01:39:59.050,0.96859,0.96867,1.50,1.20
2011.11.25 01:39:59.831,0.96855,0.96866,1.50,1.88
2011.11.25 01:40:00.180,0.96854,0.96863,1.50,1.13
2011.11.25 01:40:01.300,0.96852,0.96861,1.50,1.13
2011.11.25 01:40:01.753,0.96849,0.96856,1.50,1.13
2011.11.25 01:40:01.872,0.96851,0.96858,1.50,1.88
2011.11.25 01:40:02.440,0.96852,0.96857,1.50,1.20
2011.11.25 01:40:03.580,0.96851,0.96857,1.50,1.20
2011.11.25 01:40:03.810,0.96849,0.96856,1.50,1.13
2011.11.25 01:40:04.481,0.96843,0.96853,1.50,1.50
2011.11.25 01:40:04.601,0.96835,0.9685,1.50,1.13
2011.11.25 01:40:05.147,0.96833,0.96851,1.50,1.88
2011.11.25 01:40:05.940,0.96834,0.96851,1.50,1.88
2011.11.25 01:40:07.580,0.96833,0.96851,1.58,1.50
2011.11.25 01:40:08.139,0.96831,0.96851,2.70,1.88
2011.11.25 01:40:08.729,0.96831,0.96851,4.13,1.88
2011.11.25 01:40:09.413,0.96832,0.96851,2.70,1.88
2011.11.25 01:40:09.970,0.96832,0.96851,2.33,1.50
2011.11.25 01:40:10.817,0.96832,0.96851,2.33,1.50
2011.11.25 01:40:11.390,0.96831,0.9685,4.13,1.13
2011.11.25 01:40:13.460,0.96832,0.96853,1.95,2.25
2011.11.25 01:40:14.020,0.96833,0.96853,1.58,1.88
2011.11.25 01:40:14.609,0.96833,0.96853,1.58,1.50
2011.11.25 01:40:14.964,0.96829,0.96851,2.85,1.13
2011.11.25 01:40:15.301,0.96832,0.96853,1.20,2.25
2011.11.25 01:40:15.861,0.96831,0.96851,1.35,1.50
2011.11.25 01:40:16.090,0.96832,0.96852,1.95,1.50
2011.11.25 01:40:16.648,0.96832,0.96853,1.20,1.50
2011.11.25 01:40:17.328,0.96832,0.96852,1.20,1.50
2011.11.25 01:40:19.209,0.96831,0.96852,2.55,1.88
2011.11.25 01:40:19.772,0.96832,0.96852,1.58,1.88
2011.11.25 01:40:20.112,0.96829,0.96851,2.25,1.13
2011.11.25 01:40:21.639,0.96833,0.96852,1.50,1.50
2011.11.25 01:40:22.201,0.96832,0.96852,1.58,1.50
2011.11.25 01:40:22.870,0.96833,0.96852,1.58,1.88
2011.11.25 01:40:25.077,0.96833,0.96853,1.43,1.50
2011.11.25 01:40:26.948,0.96833,0.96852,2.18,1.50
2011.11.25 01:40:27.508,0.96833,0.96853,2.55,1.88
2011.11.25 01:40:28.175,0.96833,0.96853,2.55,1.88
2011.11.25 01:40:29.438,0.96833,0.96852,3.30,1.50
2011.11.25 01:40:30.139,0.96833,0.96853,1.35,1.88
2011.11.25 01:40:30.768,0.96835,0.96853,1.88,1.50
2011.11.25 01:40:31.221,0.96839,0.96852,1.13,1.50
2011.11.25 01:40:31.562,0.96841,0.96853,1.13,1.50
2011.11.25 01:40:32.009,0.96841,0.96855,1.13,2.25
2011.11.25 01:40:32.568,0.9684,0.96854,1.88,1.50
2011.11.25 01:40:33.135,0.96842,0.96855,1.13,2.25
2011.11.25 01:40:33.691,0.96843,0.96854,1.88,1.50
2011.11.25 01:40:33.809,0.96839,0.96855,1.50,2.25
2011.11.25 01:40:34.368,0.96839,0.96855,1.13,2.25
2011.11.25 01:40:35.103,0.96839,0.96855,1.13,2.25
2011.11.25 01:40:35.653,0.9684,0.96854,1.13,1.50
2011.11.25 01:40:36.208,0.9684,0.96855,1.13,2.25
2011.11.25 01:40:36.768,0.9684,0.96854,1.13,1.50
2011.11.25 01:40:37.416,0.9684,0.96854,1.88,1.50
2011.11.25 01:40:37.720,0.96841,0.96854,2.25,1.50
2011.11.25 01:40:38.073,0.96848,0.96864,1.50,1.37
2011.11.25 01:40:38.190,0.96848,0.96871,1.58,2.12
2011.11.25 01:40:38.864,0.9685,0.96872,1.50,1.88
2011.11.25 01:40:38.982,0.96854,0.96871,1.35,1.13
2011.11.25 01:40:39.526,0.96857,0.96874,1.13,1.50
2011.11.25 01:40:39.647,0.96859,0.96877,1.58,1.13
2011.11.25 01:40:40.213,0.96857,0.96876,1.58,3.00
2011.11.25 01:40:40.442,0.96853,0.9687,2.25,1.13
2011.11.25 01:40:40.778,0.96848,0.96869,1.50,1.88
2011.11.25 01:40:41.338,0.96848,0.96869,2.33,1.88
2011.11.25 01:40:41.898,0.96848,0.96869,2.33,1.50
2011.11.25 01:40:42.460,0.96848,0.96867,1.58,1.13
2011.11.25 01:40:43.910,0.96848,0.96868,1.58,1.50
2011.11.25 01:40:44.400,0.96848,0.96867,2.25,1.50
2011.11.25 01:40:44.739,0.96848,0.96869,2.33,1.50
2011.11.25 01:40:46.068,0.96848,0.96869,1.50,1.50
2011.11.25 01:40:46.849,0.96848,0.96869,2.63,1.50
2011.11.25 01:40:48.521,0.96848,0.96869,1.50,1.50
2011.11.25 01:40:49.079,0.96848,0.96869,2.70,1.50
2011.11.25 01:40:49.528,0.96848,0.96869,1.50,1.88
2011.11.25 01:40:50.088,0.96848,0.96869,2.70,1.50
2011.11.25 01:40:52.348,0.96848,0.96872,2.33,2.70
2011.11.25 01:40:53.008,0.96848,0.96869,2.33,1.50
2011.11.25 01:40:54.641,0.96848,0.96869,1.58,1.50
2011.11.25 01:40:54.767,0.96848,0.96867,1.58,1.50
2011.11.25 01:40:55.116,0.96843,0.9686,1.13,2.03
2011.11.25 01:40:55.350,0.96837,0.96855,2.25,2.03
2011.11.25 01:40:55.582,0.96832,0.96854,2.63,1.35
2011.11.25 01:40:56.712,0.96832,0.96853,1.88,1.20
2011.11.25 01:40:57.051,0.96832,0.96853,1.50,1.20
2011.11.25 01:40:57.609,0.96832,0.96852,1.50,1.13
2011.11.25 01:40:57.981,0.96832,0.9685,1.50,1.13
2011.11.25 01:40:58.540,0.9683,0.9685,1.50,1.13
2011.11.25 01:40:59.129,0.9683,0.9685,1.41,1.13
2011.11.25 01:40:59.688,0.9683,0.96849,1.78,1.13
2011.11.25 01:41:04.174,0.9683,0.96851,1.41,2.25
2011.11.25 01:41:04.284,0.96835,0.96855,2.16,1.88
2011.11.25 01:41:05.243,0.96835,0.96856,2.91,1.13
2011.11.25 01:41:05.799,0.96835,0.96856,2.91,1.50
2011.11.25 01:41:07.389,0.96837,0.96857,1.41,1.58
2011.11.25 01:41:07.730,0.96842,0.96861,1.26,3.25
2011.11.25 01:41:07.853,0.96842,0.96861,1.26,2.50
2011.11.25 01:41:07.973,0.96843,0.96864,1.41,2.33
2011.11.25 01:41:08.201,0.96843,0.96864,1.78,1.50
2011.11.25 01:41:08.648,0.96844,0.96864,1.41,1.50
2011.11.25 01:41:09.743,0.96844,0.96864,1.41,1.50
2011.11.25 01:41:10.359,0.96844,0.96864,1.78,1.88
2011.11.25 01:41:11.148,0.96844,0.96864,1.41,1.50
2011.11.25 01:41:11.964,0.96844,0.96864,1.41,1.50
2011.11.25 01:41:12.597,0.96844,0.96864,1.41,1.50
2011.11.25 01:41:15.208,0.96847,0.96864,1.50,1.88
2011.11.25 01:41:15.440,0.96847,0.96865,1.95,1.50
2011.11.25 01:41:15.941,0.96848,0.96867,1.13,1.35
2011.11.25 01:41:18.343,0.96847,0.96865,1.95,1.13
2011.11.25 01:41:18.472,0.96844,0.96859,1.88,1.13
2011.11.25 01:41:18.704,0.96843,0.96863,2.25,1.88
2011.11.25 01:41:18.932,0.96843,0.96862,1.58,1.88
2011.11.25 01:41:19.158,0.96843,0.96863,1.50,1.13
2011.11.25 01:41:20.208,0.96843,0.96863,1.58,2.25
2011.11.25 01:41:20.551,0.96843,0.96863,2.25,1.50
2011.11.25 01:41:20.911,0.96843,0.9686,1.58,1.13
2011.11.25 01:41:22.198,0.96843,0.9686,1.58,1.13
2011.11.25 01:41:23.100,0.96843,0.9686,1.58,1.13
2011.11.25 01:41:23.228,0.96847,0.96863,1.35,1.50
2011.11.25 01:41:23.354,0.96847,0.96865,2.85,1.37
2011.11.25 01:41:23.470,0.96847,0.96868,2.93,2.12
2011.11.25 01:41:23.931,0.96847,0.96868,3.68,1.13
2011.11.25 01:41:24.491,0.96848,0.96868,1.58,1.13
2011.11.25 01:41:25.379,0.96847,0.96868,2.33,1.13
2011.11.25 01:41:25.938,0.96847,0.96868,3.08,1.13
2011.11.25 01:41:26.279,0.96847,0.96868,2.70,1.13
2011.11.25 01:41:27.432,0.96847,0.96863,1.95,2.25
2011.11.25 01:41:27.792,0.96842,0.96862,4.50,2.18
2011.11.25 01:41:28.362,0.96844,0.96862,2.25,2.12
2011.11.25 01:41:28.488,0.96847,0.96868,1.95,1.13
2011.11.25 01:41:28.721,0.96848,0.96867,1.58,1.13
2011.11.25 01:41:31.459,0.9685,0.96869,1.50,1.50
2011.11.25 01:41:32.029,0.9685,0.96873,1.50,3.08
2011.11.25 01:41:32.374,0.96853,0.96874,2.63,2.33
2011.11.25 01:41:32.930,0.96856,0.96875,1.13,1.50
2011.11.25 01:41:33.505,0.96856,0.96874,1.13,1.50
2011.11.25 01:41:34.069,0.96856,0.96875,1.13,1.50
2011.11.25 01:41:35.581,0.96856,0.96874,1.50,1.50
2011.11.25 01:41:36.294,0.96857,0.96875,1.73,1.50
2011.11.25 01:41:36.631,0.96861,0.96875,1.88,1.50
2011.11.25 01:41:36.751,0.96864,0.96881,1.35,1.37
2011.11.25 01:41:36.874,0.96865,0.96885,1.88,1.58
2011.11.25 01:41:37.221,0.96867,0.96885,1.50,2.25
2011.11.25 01:41:37.345,0.96867,0.96887,1.50,2.12
2011.11.25 01:41:37.465,0.96866,0.96888,1.50,1.95
2011.11.25 01:41:37.692,0.96866,0.96888,1.58,1.13
2011.11.25 01:41:38.248,0.96866,0.96888,1.58,1.13
2011.11.25 01:41:38.802,0.96866,0.96888,1.58,1.13
2011.11.25 01:41:39.840,0.96866,0.96888,2.70,1.88
2011.11.25 01:41:40.599,0.96868,0.96888,2.33,1.13
2011.11.25 01:41:42.439,0.96868,0.9689,1.58,1.88
2011.11.25 01:41:43.008,0.96868,0.9689,2.25,1.50
2011.11.25 01:41:43.464,0.9687,0.9689,1.50,1.88
2011.11.25 01:41:44.130,0.96868,0.96888,1.88,1.13
2011.11.25 01:41:44.471,0.96864,0.96879,3.00,1.13
2011.11.25 01:41:44.591,0.96864,0.9688,1.50,1.50
2011.11.25 01:41:44.711,0.96861,0.96878,1.20,1.50
2011.11.25 01:41:44.942,0.96857,0.96873,2.33,1.13
2011.11.25 01:41:45.063,0.96857,0.96872,1.58,1.13
2011.11.25 01:41:45.185,0.96854,0.96872,3.00,1.20
2011.11.25 01:41:45.749,0.96859,0.96877,1.50,1.13
2011.11.25 01:41:46.311,0.96859,0.96878,1.50,1.13
2011.11.25 01:41:46.979,0.96859,0.96878,1.50,1.13
2011.11.25 01:41:47.539,0.96859,0.96878,1.50,1.13
2011.11.25 01:41:51.979,0.96858,0.96878,3.08,1.13
2011.11.25 01:41:52.222,0.96857,0.96876,2.33,1.95
2011.11.25 01:41:52.756,0.96856,0.96871,1.50,1.13
2011.11.25 01:41:53.425,0.9686,0.96875,1.13,1.13
2011.11.25 01:41:53.543,0.96864,0.96877,1.50,1.13
2011.11.25 01:41:53.663,0.96864,0.96879,1.50,2.12
2011.11.25 01:41:53.784,0.9686,0.96881,1.88,4.13
2011.11.25 01:41:53.902,0.96859,0.96878,1.13,1.20
2011.11.25 01:41:54.023,0.96856,0.96878,1.50,1.58
2011.11.25 01:41:54.590,0.96856,0.96878,1.50,1.58
2011.11.25 01:41:54.949,0.96862,0.96876,1.50,1.50
2011.11.25 01:41:55.300,0.96858,0.96872,1.50,1.58
2011.11.25 01:41:55.419,0.96851,0.96872,1.13,1.50
2011.11.25 01:41:55.992,0.96852,0.9687,1.50,1.50
2011.11.25 01:41:56.609,0.96852,0.9687,2.25,1.50
2011.11.25 01:41:56.742,0.96855,0.96876,1.50,1.13
2011.11.25 01:41:58.359,0.96856,0.96877,1.50,1.20
2011.11.25 01:41:58.701,0.96862,0.96881,1.50,2.63
2011.11.25 01:41:58.822,0.96861,0.96879,1.58,1.50
2011.11.25 01:41:58.939,0.96859,0.96879,1.50,1.58
2011.11.25 01:41:59.170,0.96856,0.96879,1.50,1.58
2011.11.25 01:42:01.264,0.96859,0.96879,1.13,2.33
2011.11.25 01:42:01.383,0.9686,0.96882,1.13,1.20
2011.11.25 01:42:01.499,0.9686,0.96883,1.13,1.58
2011.11.25 01:42:02.091,0.96863,0.96883,1.50,1.58
2011.11.25 01:42:02.441,0.96868,0.96887,2.33,1.13
2011.11.25 01:42:02.998,0.96867,0.96889,3.08,1.13
2011.11.25 01:42:03.565,0.96867,0.96889,3.08,1.50
2011.11.25 01:42:05.730,0.96867,0.96889,3.08,1.13
2011.11.25 01:42:06.084,0.96869,0.9689,1.50,1.13
2011.11.25 01:42:06.203,0.96875,0.96893,1.50,1.37
2011.11.25 01:42:06.321,0.96878,0.96893,1.13,2.12
2011.11.25 01:42:06.553,0.96881,0.96899,1.50,2.85
2011.11.25 01:42:07.037,0.9688,0.969,1.50,1.13
2011.11.25 01:42:07.159,0.96879,0.96901,2.25,1.13
2011.11.25 01:42:07.391,0.96879,0.969,1.50,1.13
2011.11.25 01:42:07.741,0.96878,0.96899,2.25,1.88
2011.11.25 01:42:08.084,0.96878,0.96893,1.58,2.25
2011.11.25 01:42:08.204,0.96873,0.96889,1.50,1.13
2011.11.25 01:42:08.554,0.96867,0.96887,1.58,1.13
2011.11.25 01:42:08.892,0.96866,0.9688,1.13,1.13
2011.11.25 01:42:09.130,0.96864,0.9688,1.50,1.50
2011.11.25 01:42:09.689,0.96863,0.9688,1.50,1.13
2011.11.25 01:42:11.498,0.96861,0.96878,1.58,2.25
2011.11.25 01:42:11.632,0.96857,0.96877,2.33,1.13
2011.11.25 01:42:11.750,0.96857,0.96877,2.33,1.13
2011.11.25 01:42:12.490,0.96857,0.96877,1.58,1.13
2011.11.25 01:42:12.950,0.96855,0.96877,1.13,1.65
2011.11.25 01:42:13.291,0.96854,0.96876,1.13,1.58
2011.11.25 01:42:13.522,0.96854,0.96874,1.13,1.45
2011.11.25 01:42:13.861,0.96853,0.96871,2.25,1.13
2011.11.25 01:42:14.419,0.96853,0.96871,2.25,1.13
2011.11.25 01:42:16.893,0.96851,0.96869,1.50,2.10
2011.11.25 01:42:17.131,0.96853,0.96869,1.50,1.13
2011.11.25 01:42:17.255,0.96854,0.96874,1.13,2.12
2011.11.25 01:42:17.591,0.96854,0.96878,1.13,3.08
2011.11.25 01:42:18.136,0.96854,0.96877,1.13,1.58
2011.11.25 01:42:20.410,0.96853,0.96874,3.08,1.88
2011.11.25 01:42:20.759,0.96849,0.96868,1.13,1.58
2011.11.25 01:42:21.208,0.96848,0.96868,2.63,1.58
2011.11.25 01:42:21.772,0.96853,0.96873,1.50,1.58
2011.11.25 01:42:21.889,0.96854,0.96873,1.50,1.50
2011.11.25 01:42:22.121,0.96855,0.96875,1.65,1.50
2011.11.25 01:42:22.898,0.96855,0.96875,2.40,1.50
2011.11.25 01:42:23.471,0.96857,0.96878,2.85,1.13
2011.11.25 01:42:24.290,0.96857,0.96878,2.85,1.13
2011.11.25 01:42:27.928,0.96858,0.96881,1.13,1.13
2011.11.25 01:42:28.543,0.96858,0.96878,1.88,1.13
2011.11.25 01:42:29.099,0.96858,0.96878,1.50,1.13
2011.11.25 01:42:34.860,0.96855,0.96876,1.50,1.50
2011.11.25 01:42:34.981,0.96853,0.96876,1.88,1.50
2011.11.25 01:42:35.539,0.96854,0.96877,2.25,2.25
2011.11.25 01:42:36.297,0.96854,0.96877,1.65,2.33
2011.11.25 01:42:36.531,0.96857,0.96879,1.88,1.20
2011.11.25 01:42:36.652,0.96858,0.9688,1.88,1.88
2011.11.25 01:42:36.773,0.9686,0.96882,1.13,1.50
2011.11.25 01:42:37.000,0.96861,0.96883,1.88,1.58
2011.11.25 01:42:37.120,0.96861,0.96882,1.88,1.50
2011.11.25 01:42:37.240,0.96866,0.96882,1.13,1.50
2011.11.25 01:42:37.471,0.96866,0.96886,2.25,2.25
2011.11.25 01:42:37.701,0.96866,0.96889,3.45,1.50
2011.11.25 01:42:39.232,0.96866,0.96889,3.60,1.88
2011.11.25 01:42:39.791,0.96868,0.96889,1.50,1.88
2011.11.25 01:42:39.910,0.96865,0.96882,1.50,1.50
2011.11.25 01:42:40.459,0.96866,0.96887,1.88,1.20
2011.11.25 01:42:41.471,0.96868,0.96887,1.13,1.28
2011.11.25 01:42:42.142,0.96868,0.96888,1.88,1.20
2011.11.25 01:42:42.259,0.96869,0.96889,1.73,1.50
2011.11.25 01:42:42.381,0.96871,0.96891,1.88,1.50
2011.11.25 01:42:42.939,0.96872,0.96893,1.13,1.58
2011.11.25 01:42:43.833,0.96871,0.9689,1.88,2.87
2011.11.25 01:42:44.195,0.96866,0.96883,1.50,1.50
2011.11.25 01:42:44.751,0.96865,0.96883,1.88,1.50
2011.11.25 01:42:45.101,0.96858,0.96876,2.33,1.50
2011.11.25 01:42:45.780,0.96858,0.96876,2.25,1.50
2011.11.25 01:42:46.670,0.96858,0.96875,2.33,1.50
2011.11.25 01:42:47.279,0.9686,0.96875,1.50,1.50
2011.11.25 01:42:50.859,0.9686,0.96875,1.50,1.50
2011.11.25 01:42:52.006,0.96856,0.96871,2.33,1.50
2011.11.25 01:42:52.367,0.96854,0.9687,1.50,2.93
2011.11.25 01:42:52.613,0.96856,0.96872,1.50,1.37
2011.11.25 01:42:52.731,0.96856,0.96872,1.50,1.37
2011.11.25 01:42:52.852,0.96856,0.96874,1.50,2.25
2011.11.25 01:42:54.243,0.96856,0.96875,1.65,1.50
2011.11.25 01:42:55.117,0.96852,0.96872,1.50,1.58
2011.11.25 01:42:55.244,0.96852,0.96872,1.50,1.58
2011.11.25 01:43:12.121,0.96852,0.96871,1.50,1.50
2011.11.25 01:43:12.679,0.96853,0.96871,1.50,1.50
2011.11.25 01:43:15.277,0.96854,0.96871,1.50,1.50
2011.11.25 01:43:16.729,0.96854,0.96871,1.50,2.25
2011.11.25 01:43:17.288,0.96854,0.96871,1.50,2.25
2011.11.25 01:43:22.612,0.96854,0.96871,1.50,2.25
2011.11.25 01:43:23.499,0.96853,0.9687,1.50,1.50
2011.11.25 01:43:24.009,0.96853,0.9687,1.50,1.50
2011.11.25 01:43:24.571,0.96852,0.9687,1.50,2.25
2011.11.25 01:43:24.801,0.9685,0.96869,1.50,1.50
2011.11.25 01:43:25.472,0.9685,0.9687,2.25,3.00
2011.11.25 01:43:34.759,0.96851,0.96869,1.50,1.50
2011.11.25 01:43:38.128,0.96854,0.96869,1.35,1.50
2011.11.25 01:43:38.688,0.96854,0.9687,1.35,1.50
2011.11.25 01:43:39.668,0.96854,0.9687,2.10,1.50
2011.11.25 01:43:40.228,0.96852,0.96871,1.35,2.25
2011.11.25 01:43:44.240,0.9685,0.96869,1.95,1.13
2011.11.25 01:43:44.690,0.9685,0.96867,2.25,1.13
2011.11.25 01:43:45.263,0.96849,0.96863,1.50,2.25
2011.11.25 01:43:45.784,0.96846,0.96863,1.50,3.00
2011.11.25 01:43:48.071,0.96846,0.96863,1.50,3.00
2011.11.25 01:43:48.864,0.96846,0.96862,1.50,1.50
2011.11.25 01:43:49.720,0.96846,0.96862,1.50,1.50
2011.11.25 01:43:50.376,0.96846,0.96862,1.50,2.25
2011.11.25 01:43:53.460,0.96846,0.96862,1.50,1.50
2011.11.25 01:43:54.057,0.96846,0.96862,1.50,1.50
2011.11.25 01:43:54.618,0.96846,0.96862,1.50,1.50
2011.11.25 01:43:55.564,0.96846,0.96862,1.50,1.50
2011.11.25 01:43:56.228,0.96846,0.96862,1.50,1.50
2011.11.25 01:43:57.430,0.96846,0.9686,1.50,1.13
2011.11.25 01:43:57.552,0.96845,0.96858,1.50,2.25
2011.11.25 01:43:57.780,0.96838,0.96856,1.50,1.50
2011.11.25 01:43:57.899,0.96838,0.96855,1.50,1.50
2011.11.25 01:44:00.321,0.96838,0.96855,1.88,1.50
2011.11.25 01:44:00.881,0.96838,0.96855,1.50,1.50
2011.11.25 01:44:01.451,0.96838,0.96857,1.50,2.25
2011.11.25 01:44:02.309,0.96838,0.96853,1.50,1.50
2011.11.25 01:44:02.430,0.96838,0.96853,1.50,1.50
2011.11.25 01:44:02.772,0.96838,0.96856,2.63,1.50
2011.11.25 01:44:02.890,0.96838,0.96858,2.63,1.58
2011.11.25 01:44:03.013,0.96838,0.96859,3.38,1.50
2011.11.25 01:44:03.461,0.96842,0.96861,1.13,2.25
2011.11.25 01:44:04.021,0.96842,0.96861,2.63,2.25
2011.11.25 01:44:04.384,0.96849,0.96866,1.50,1.50
2011.11.25 01:44:04.505,0.9685,0.96867,1.50,1.37
2011.11.25 01:44:04.972,0.9685,0.9687,1.50,1.50
2011.11.25 01:44:05.764,0.96849,0.96868,2.25,1.50
2011.11.25 01:44:06.220,0.96851,0.96868,1.50,1.50
2011.11.25 01:44:06.728,0.96849,0.96862,1.50,1.50
2011.11.25 01:44:08.696,0.96852,0.96867,1.50,1.20
2011.11.25 01:44:08.813,0.96854,0.96869,1.50,1.58
2011.11.25 01:44:08.931,0.96854,0.9687,2.25,1.50
2011.11.25 01:44:09.055,0.9686,0.9687,1.50,2.25
2011.11.25 01:44:09.403,0.96864,0.96873,1.50,3.00
2011.11.25 01:44:09.525,0.96861,0.96871,1.50,2.25
2011.11.25 01:44:10.083,0.96863,0.96872,1.50,1.50
2011.11.25 01:44:10.724,0.96862,0.96872,1.50,3.00
2011.11.25 01:44:11.582,0.96862,0.96872,1.50,3.00
2011.11.25 01:44:12.709,0.96864,0.96873,2.85,1.50
2011.11.25 01:44:12.952,0.96871,0.96881,1.50,2.40
2011.11.25 01:44:13.072,0.96871,0.96881,1.50,1.50
2011.11.25 01:44:13.196,0.96875,0.96883,1.50,1.50
2011.11.25 01:44:13.427,0.96873,0.96883,1.50,1.50
2011.11.25 01:44:13.558,0.96871,0.96882,1.50,1.50
2011.11.25 01:44:14.380,0.96871,0.96881,1.50,2.25
2011.11.25 01:44:15.478,0.96869,0.96879,1.50,1.50
2011.11.25 01:44:15.725,0.96866,0.96878,2.25,1.50
2011.11.25 01:44:16.174,0.96867,0.96878,1.13,1.50
2011.11.25 01:44:16.415,0.96866,0.96878,2.63,1.50
2011.11.25 01:44:16.994,0.96864,0.96876,1.50,1.50
2011.11.25 01:44:17.353,0.96867,0.96877,1.50,1.50
2011.11.25 01:44:17.931,0.96866,0.96878,1.50,1.50
2011.11.25 01:44:18.714,0.96866,0.96878,1.50,2.25
2011.11.25 01:44:19.388,0.96859,0.96869,1.50,1.50
2011.11.25 01:44:19.520,0.96855,0.96867,2.25,1.50
2011.11.25 01:44:19.641,0.96859,0.96869,1.50,1.50
2011.11.25 01:44:20.312,0.96862,0.96871,1.50,1.50
2011.11.25 01:44:21.983,0.96862,0.96872,1.50,1.50
2011.11.25 01:44:22.108,0.96865,0.96874,1.50,1.50
2011.11.25 01:44:22.234,0.96869,0.9688,1.50,1.50
2011.11.25 01:44:22.571,0.96867,0.96877,1.50,1.50
2011.11.25 01:44:23.233,0.96867,0.96879,1.50,1.50
2011.11.25 01:44:30.581,0.9687,0.9688,1.50,2.25
2011.11.25 01:44:31.162,0.96872,0.96882,1.50,3.08
2011.11.25 01:44:31.501,0.9687,0.9688,1.50,1.50
2011.11.25 01:44:35.140,0.96871,0.96883,1.50,3.83
2011.11.25 01:44:35.707,0.96871,0.96883,1.50,3.83
2011.11.25 01:44:36.241,0.96871,0.96883,1.50,3.83
2011.11.25 01:44:37.363,0.96877,0.96883,1.50,1.50
2011.11.25 01:44:37.726,0.96868,0.9688,3.00,1.50
2011.11.25 01:44:37.952,0.96873,0.9688,1.50,1.50
2011.11.25 01:44:39.795,0.96873,0.96884,1.50,2.87
2011.11.25 01:44:39.916,0.96876,0.96884,1.50,2.87
2011.11.25 01:44:40.263,0.96879,0.96889,1.50,1.50
2011.11.25 01:44:40.508,0.96881,0.96891,1.50,2.25
2011.11.25 01:44:40.875,0.96884,0.96894,1.50,4.13
2011.11.25 01:44:41.463,0.96881,0.96893,1.50,3.00
2011.11.25 01:44:42.832,0.96884,0.96893,1.50,1.50
2011.11.25 01:44:43.432,0.96885,0.96895,1.50,2.63
2011.11.25 01:44:46.201,0.96885,0.96895,1.50,1.50
2011.11.25 01:44:46.762,0.96887,0.96894,1.50,1.50
2011.11.25 01:44:49.109,0.96878,0.96889,1.50,1.13
2011.11.25 01:44:49.243,0.96873,0.96885,2.25,1.50
2011.11.25 01:44:49.367,0.96873,0.96885,2.25,1.50
2011.11.25 01:44:49.494,0.96871,0.96883,1.50,1.50
2011.11.25 01:44:50.082,0.96874,0.96884,1.50,2.25
2011.11.25 01:44:50.421,0.96874,0.96886,1.50,2.25
2011.11.25 01:44:52.015,0.96879,0.96889,1.50,2.25
2011.11.25 01:44:52.377,0.96884,0.96892,1.50,1.37
2011.11.25 01:44:52.502,0.96884,0.96896,1.50,3.62
2011.11.25 01:44:52.865,0.96886,0.96896,1.50,1.50
2011.11.25 01:44:54.014,0.96884,0.96894,1.50,1.50
2011.11.25 01:44:54.600,0.96885,0.96895,1.50,1.50
2011.11.25 01:44:55.517,0.96883,0.96893,1.50,1.50
2011.11.25 01:44:56.184,0.96889,0.969,1.50,1.50
2011.11.25 01:44:56.309,0.96889,0.96901,1.50,2.25
2011.11.25 01:44:56.436,0.96889,0.96901,3.00,1.50
2011.11.25 01:44:56.794,0.96896,0.96908,1.50,1.50
2011.11.25 01:44:58.222,0.96895,0.96907,1.50,1.50
2011.11.25 01:44:58.341,0.96895,0.96907,1.50,2.25
2011.11.25 01:44:58.684,0.96895,0.96904,1.50,1.50
2011.11.25 01:44:58.802,0.96893,0.96905,1.50,3.00
2011.11.25 01:44:59.166,0.96889,0.96899,2.25,1.50
2011.11.25 01:44:59.287,0.96888,0.96898,1.50,1.50
2011.11.25 01:45:00.011,0.96891,0.96901,1.50,1.50
2011.11.25 01:45:00.375,0.96889,0.96899,1.50,1.50
2011.11.25 01:45:00.858,0.96896,0.96905,1.50,1.50
2011.11.25 01:45:01.343,0.96895,0.96905,1.50,1.50
2011.11.25 01:45:01.862,0.96895,0.96905,1.50,3.00
2011.11.25 01:45:02.435,0.9689,0.96902,2.25,1.50
2011.11.25 01:45:02.553,0.96889,0.96899,2.25,1.50
2011.11.25 01:45:02.905,0.96891,0.96901,1.50,1.50
2011.11.25 01:45:03.598,0.96891,0.969,1.50,1.50
2011.11.25 01:45:03.730,0.96886,0.96896,1.50,1.50
2011.11.25 01:45:03.851,0.96884,0.96894,2.25,1.50
2011.11.25 01:45:04.410,0.96885,0.96895,1.50,1.50
2011.11.25 01:45:04.977,0.96886,0.96898,1.50,1.50
2011.11.25 01:45:05.584,0.96885,0.96897,1.50,2.63
2011.11.25 01:45:06.174,0.96886,0.96898,1.50,2.25
2011.11.25 01:45:06.772,0.96886,0.96898,1.50,1.50
2011.11.25 01:45:07.015,0.96888,0.969,1.50,2.25
2011.11.25 01:45:08.106,0.96889,0.96901,1.50,1.50
2011.11.25 01:45:08.705,0.96888,0.96898,1.50,1.50
2011.11.25 01:45:09.066,0.96899,0.96904,1.50,2.25
2011.11.25 01:45:09.193,0.96899,0.96904,1.50,2.25
2011.11.25 01:45:09.312,0.96901,0.96906,1.50,1.50
2011.11.25 01:45:09.434,0.96901,0.96909,1.50,1.69
2011.11.25 01:45:09.554,0.96901,0.9691,1.50,2.25
2011.11.25 01:45:10.014,0.96898,0.9691,1.50,3.75
2011.11.25 01:45:11.657,0.96897,0.96909,1.50,1.50
2011.11.25 01:45:12.261,0.96898,0.96908,1.50,1.50
2011.11.25 01:45:13.161,0.96899,0.96909,1.50,1.50
2011.11.25 01:45:15.181,0.96899,0.96909,1.50,2.44
2011.11.25 01:45:15.698,0.96891,0.96905,1.50,1.50
2011.11.25 01:45:15.833,0.96895,0.96902,1.50,1.50
2011.11.25 01:45:16.402,0.96895,0.96903,1.50,1.50
2011.11.25 01:45:16.931,0.96895,0.96903,1.50,1.50
2011.11.25 01:45:17.272,0.96895,0.96905,1.50,3.00
2011.11.25 01:45:17.392,0.96898,0.96909,1.50,1.13
2011.11.25 01:45:17.512,0.96898,0.9691,1.50,3.75
2011.11.25 01:45:17.635,0.96901,0.9691,1.50,2.25
2011.11.25 01:45:18.232,0.969,0.9691,1.50,1.50
2011.11.25 01:45:18.574,0.96898,0.9691,1.50,3.75
2011.11.25 01:45:18.694,0.969,0.9691,1.50,2.25
2011.11.25 01:45:19.052,0.96903,0.96912,1.50,1.50
2011.11.25 01:45:19.173,0.969,0.96912,1.50,2.25
2011.11.25 01:45:20.075,0.969,0.96912,1.50,3.00
2011.11.25 01:45:21.006,0.96902,0.96912,1.50,1.50
2011.11.25 01:45:21.353,0.96909,0.96919,1.50,3.00
2011.11.25 01:45:21.581,0.96907,0.96919,1.50,2.25
2011.11.25 01:45:23.963,0.96905,0.96917,1.50,1.50
2011.11.25 01:45:24.479,0.96901,0.96913,2.25,1.50
2011.11.25 01:45:24.821,0.969,0.96912,1.50,3.00
2011.11.25 01:45:25.516,0.96903,0.96913,1.50,3.00
2011.11.25 01:45:25.852,0.96901,0.96911,1.50,2.25
2011.11.25 01:45:26.531,0.96901,0.96911,1.50,2.25
2011.11.25 01:45:27.201,0.96901,0.96911,1.50,2.25
2011.11.25 01:45:28.067,0.96901,0.96911,1.50,2.25
2011.11.25 01:45:30.332,0.96903,0.96915,1.50,3.75
2011.11.25 01:45:30.574,0.96904,0.96916,1.50,2.25
2011.11.25 01:45:30.693,0.96904,0.96915,1.50,1.50
2011.11.25 01:45:31.059,0.96898,0.9691,2.25,1.50
2011.11.25 01:45:31.186,0.96895,0.96905,2.25,1.50
2011.11.25 01:45:31.307,0.96895,0.96905,2.25,1.50
2011.11.25 01:45:31.544,0.96896,0.96908,1.50,1.50
2011.11.25 01:45:32.524,0.96895,0.96905,1.50,3.00
2011.11.25 01:45:32.650,0.96888,0.969,2.25,1.50
2011.11.25 01:45:32.899,0.96888,0.969,1.50,1.50
2011.11.25 01:45:33.030,0.96885,0.96895,2.25,1.50
2011.11.25 01:45:33.277,0.96886,0.96898,2.25,1.88
2011.11.25 01:45:33.881,0.96886,0.96896,1.50,2.25
2011.11.25 01:45:35.728,0.96886,0.96898,1.50,2.25
2011.11.25 01:45:36.196,0.96885,0.96896,1.50,1.50
2011.11.25 01:45:36.560,0.96882,0.96893,1.50,1.50
2011.11.25 01:45:36.808,0.96875,0.96887,2.25,1.50
2011.11.25 01:45:36.934,0.96875,0.96887,1.50,2.25
2011.11.25 01:45:37.176,0.96873,0.96885,1.50,3.00
2011.11.25 01:45:37.415,0.96869,0.96879,2.25,1.50
2011.11.25 01:45:37.535,0.96867,0.96879,2.25,1.50
2011.11.25 01:45:37.774,0.96872,0.96882,1.50,1.50
2011.11.25 01:45:39.872,0.96874,0.96884,1.50,2.25
2011.11.25 01:45:40.236,0.96881,0.96891,1.50,3.00
2011.11.25 01:45:40.595,0.9689,0.96898,1.50,1.58
2011.11.25 01:45:41.043,0.96887,0.96897,1.50,2.25
2011.11.25 01:45:41.600,0.96887,0.96897,1.50,1.50
2011.11.25 01:45:43.355,0.96895,0.96903,1.50,1.50
2011.11.25 01:45:43.475,0.96895,0.96905,1.50,2.85
2011.11.25 01:45:43.593,0.96897,0.96905,1.50,1.35
2011.11.25 01:45:43.836,0.969,0.9691,1.50,1.50
2011.11.25 01:45:44.525,0.96898,0.9691,1.58,1.50
2011.11.25 01:45:44.644,0.96898,0.96908,1.58,1.50
2011.11.25 01:45:45.591,0.96899,0.96909,1.50,1.50
2011.11.25 01:45:46.182,0.96898,0.96908,1.50,1.50
2011.11.25 01:45:46.422,0.96898,0.9691,1.50,1.50
2011.11.25 01:45:47.763,0.96898,0.9691,1.50,2.25
2011.11.25 01:45:47.884,0.96896,0.96908,1.50,1.50
2011.11.25 01:45:48.006,0.96896,0.96906,1.50,1.50
2011.11.25 01:45:48.126,0.96893,0.96905,1.50,1.50
2011.11.25 01:45:48.877,0.9689,0.96902,1.50,1.50
2011.11.25 01:45:49.472,0.96891,0.96903,1.50,1.50
2011.11.25 01:45:51.568,0.96886,0.96898,2.33,1.88
2011.11.25 01:45:51.695,0.96885,0.96895,1.58,1.50
2011.11.25 01:45:52.180,0.96877,0.96889,2.25,1.50
2011.11.25 01:45:52.710,0.96877,0.96889,1.50,1.50
2011.11.25 01:45:53.721,0.9688,0.9689,1.50,1.50
2011.11.25 01:45:54.061,0.96878,0.9689,1.50,1.50
2011.11.25 01:45:55.917,0.9688,0.9689,1.50,1.50
2011.11.25 01:45:57.886,0.96882,0.96892,1.50,1.50
2011.11.25 01:46:06.235,0.96883,0.96895,1.50,2.25
2011.11.25 01:46:07.582,0.96882,0.96892,1.50,1.50
2011.11.25 01:46:09.090,0.96881,0.96893,1.50,2.25
2011.11.25 01:46:11.189,0.96881,0.96891,1.50,1.50
2011.11.25 01:46:17.655,0.96878,0.9689,1.50,1.50
2011.11.25 01:46:17.893,0.9688,0.9689,1.50,3.00
2011.11.25 01:46:18.473,0.9688,0.9689,1.50,2.25
2011.11.25 01:46:22.541,0.96879,0.96889,1.50,2.25
2011.11.25 01:46:22.771,0.96876,0.96888,1.50,1.50
2011.11.25 01:46:23.261,0.96879,0.96889,1.50,2.25
2011.11.25 01:46:26.503,0.96879,0.96887,1.50,1.50
2011.11.25 01:46:26.859,0.96879,0.96889,1.50,2.25
2011.11.25 01:46:26.985,0.96877,0.96887,1.50,1.50
2011.11.25 01:46:27.211,0.96878,0.9689,1.50,2.25
2011.11.25 01:46:27.332,0.96877,0.96887,1.50,1.50
2011.11.25 01:46:28.581,0.96878,0.9689,1.50,1.50
2011.11.25 01:46:28.816,0.96883,0.96892,1.50,1.58
2011.11.25 01:46:29.042,0.96883,0.96893,1.50,1.50
2011.11.25 01:46:29.621,0.96884,0.96893,1.50,1.50
2011.11.25 01:46:30.226,0.96894,0.96904,1.50,2.50
2011.11.25 01:46:30.582,0.96898,0.96908,1.50,1.50
2011.11.25 01:46:30.944,0.96897,0.96907,1.50,1.50
2011.11.25 01:46:31.297,0.96886,0.96898,2.78,1.50
2011.11.25 01:46:31.430,0.96886,0.96896,2.25,1.50
2011.11.25 01:46:31.674,0.96884,0.96894,2.10,1.50
2011.11.25 01:46:32.132,0.96881,0.96891,1.50,1.50
2011.11.25 01:46:32.781,0.96879,0.96891,2.25,1.50
2011.11.25 01:46:32.909,0.96881,0.96893,1.50,1.50
2011.11.25 01:46:37.303,0.96881,0.96893,2.25,1.50
2011.11.25 01:46:37.664,0.96889,0.96899,2.33,2.25
2011.11.25 01:46:37.784,0.96889,0.96899,2.29,1.50
2011.11.25 01:46:37.904,0.96891,0.96901,1.50,2.25
2011.11.25 01:46:38.024,0.96888,0.96898,1.50,1.50
2011.11.25 01:46:38.263,0.96888,0.969,1.50,1.50
2011.11.25 01:46:38.835,0.9689,0.96902,2.25,3.08
2011.11.25 01:46:39.062,0.96891,0.96903,2.25,1.50
2011.11.25 01:46:39.632,0.9689,0.96902,1.50,2.25
2011.11.25 01:46:43.234,0.96893,0.96903,1.50,2.25
2011.11.25 01:46:43.597,0.969,0.9691,1.50,2.37
2011.11.25 01:46:43.833,0.96898,0.96908,1.50,1.62
2011.11.25 01:46:44.062,0.96895,0.96907,2.25,1.50
2011.11.25 01:46:44.631,0.96895,0.96907,1.50,1.50
2011.11.25 01:46:45.553,0.96894,0.96904,1.50,1.50
2011.11.25 01:46:46.016,0.96891,0.96902,3.00,1.13
2011.11.25 01:46:46.143,0.96891,0.96902,1.50,1.50
2011.11.25 01:46:46.263,0.96889,0.96901,1.50,2.25
2011.11.25 01:46:46.854,0.96888,0.96898,1.50,1.50
2011.11.25 01:46:46.976,0.96885,0.96897,1.50,1.50
2011.11.25 01:46:47.097,0.96884,0.96894,2.25,1.50
2011.11.25 01:46:47.452,0.9688,0.9689,2.25,1.50
2011.11.25 01:46:47.683,0.96881,0.96893,1.50,1.50
2011.11.25 01:46:48.389,0.96881,0.96891,1.50,2.25
2011.11.25 01:46:48.516,0.96876,0.96888,3.00,1.50
2011.11.25 01:46:48.863,0.96879,0.96891,1.50,3.00
2011.11.25 01:46:49.467,0.9688,0.96892,1.50,3.75
2011.11.25 01:46:49.592,0.96883,0.96895,1.50,2.25
2011.11.25 01:46:50.126,0.96883,0.96895,1.50,1.50
2011.11.25 01:46:51.031,0.96881,0.96893,1.50,1.50
2011.11.25 01:46:52.438,0.96881,0.96893,1.50,3.00
2011.11.25 01:46:52.795,0.96881,0.96892,1.50,2.33
2011.11.25 01:46:53.035,0.96879,0.96889,1.50,1.50
2011.11.25 01:46:53.550,0.96881,0.96891,2.25,1.50
2011.11.25 01:46:53.916,0.96887,0.96899,1.50,2.48
2011.11.25 01:46:54.491,0.96887,0.96899,1.50,2.48
2011.11.25 01:46:55.871,0.96887,0.96899,1.50,2.48
2011.11.25 01:46:56.508,0.96887,0.96899,1.50,2.48
2011.11.25 01:46:57.776,0.96887,0.96899,1.50,2.48
2011.11.25 01:46:58.579,0.96887,0.96897,1.50,1.73
2011.11.25 01:46:59.246,0.96886,0.96896,1.50,1.50
2011.11.25 01:47:00.482,0.96886,0.96898,1.50,1.50
2011.11.25 01:47:01.508,0.96884,0.96894,2.25,1.50
2011.11.25 01:47:01.637,0.96881,0.96893,1.50,1.50
2011.11.25 01:47:01.754,0.96879,0.96891,2.25,1.50
2011.11.25 01:47:02.641,0.9688,0.9689,2.25,1.50
2011.11.25 01:47:04.485,0.96882,0.96894,1.50,1.50
2011.11.25 01:47:04.604,0.96884,0.96896,1.50,1.50
2011.11.25 01:47:04.955,0.96886,0.96896,1.50,1.50
2011.11.25 01:47:05.434,0.96881,0.9689,2.25,2.25
2011.11.25 01:47:06.178,0.96883,0.96889,1.50,1.50
2011.11.25 01:47:06.318,0.96885,0.96895,1.50,2.25
2011.11.25 01:47:06.566,0.96883,0.96895,1.50,1.50
2011.11.25 01:47:07.286,0.96884,0.96896,1.50,1.50
2011.11.25 01:47:08.096,0.96886,0.96898,1.50,1.50
2011.11.25 01:47:09.855,0.96886,0.96896,1.50,1.50
2011.11.25 01:47:10.444,0.96886,0.96896,1.50,2.25
2011.11.25 01:47:10.809,0.96878,0.96888,2.25,1.50
2011.11.25 01:47:11.059,0.96876,0.96886,3.00,1.50
2011.11.25 01:47:11.185,0.96876,0.96886,1.50,1.50
2011.11.25 01:47:11.427,0.96876,0.96886,1.50,2.10
2011.11.25 01:47:12.003,0.96873,0.96882,2.25,1.50
2011.11.25 01:47:12.133,0.96864,0.96876,2.25,1.50
2011.11.25 01:47:12.614,0.96864,0.96874,1.50,1.50
2011.11.25 01:47:13.194,0.96865,0.96875,1.50,1.50
2011.11.25 01:47:13.802,0.96868,0.9688,1.50,2.25
2011.11.25 01:47:13.925,0.9687,0.9688,1.50,1.50
2011.11.25 01:47:14.454,0.96872,0.96883,1.50,1.13
2011.11.25 01:47:14.583,0.96874,0.96884,1.50,1.50
2011.11.25 01:47:14.708,0.9687,0.96882,1.50,1.50
2011.11.25 01:47:15.233,0.96871,0.96883,2.25,1.50
2011.11.25 01:47:15.883,0.96871,0.96881,2.25,1.50
2011.11.25 01:47:16.247,0.96875,0.96887,1.50,3.00
2011.11.25 01:47:16.374,0.96879,0.96889,1.50,2.25
2011.11.25 01:47:16.724,0.9688,0.9689,1.50,1.62
2011.11.25 01:47:16.844,0.96878,0.9689,1.50,1.62
2011.11.25 01:47:17.629,0.96878,0.9689,1.50,1.62
2011.11.25 01:47:18.244,0.96871,0.96882,1.50,1.50
2011.11.25 01:47:18.605,0.96869,0.96879,2.25,1.50
2011.11.25 01:47:18.952,0.96866,0.96876,2.25,1.50
2011.11.25 01:47:19.414,0.96868,0.96878,1.50,1.50
2011.11.25 01:47:19.652,0.96869,0.96881,1.50,1.50
2011.11.25 01:47:19.894,0.96873,0.96883,1.50,2.25
2011.11.25 01:47:20.800,0.96869,0.96881,1.50,1.50
2011.11.25 01:47:21.276,0.96869,0.96879,1.50,1.50
2011.11.25 01:47:21.636,0.96866,0.96878,1.50,1.88
2011.11.25 01:47:21.758,0.96866,0.96878,1.50,4.50
2011.11.25 01:47:22.237,0.96862,0.96874,1.50,1.50
2011.11.25 01:47:22.586,0.96864,0.96875,1.50,1.50
2011.11.25 01:47:23.254,0.9686,0.9687,2.25,1.50
2011.11.25 01:47:23.378,0.96861,0.96873,2.25,1.50
2011.11.25 01:47:23.903,0.96862,0.96874,2.25,1.50
2011.11.25 01:47:24.481,0.96863,0.96875,2.25,2.25
2011.11.25 01:47:29.584,0.96864,0.96876,2.25,1.50
2011.11.25 01:47:29.933,0.96866,0.96878,1.50,2.25
2011.11.25 01:47:31.046,0.96868,0.9688,1.50,2.25
2011.11.25 01:47:31.593,0.9687,0.9688,1.50,1.50
2011.11.25 01:47:31.718,0.96868,0.9688,2.25,1.50
2011.11.25 01:47:32.415,0.96867,0.96877,2.25,1.50
2011.11.25 01:47:32.773,0.96863,0.96875,2.25,1.50
2011.11.25 01:47:33.012,0.96866,0.96878,2.25,1.50
2011.11.25 01:47:35.332,0.96864,0.96876,2.25,1.50
2011.11.25 01:47:37.257,0.96869,0.96881,1.50,2.25
2011.11.25 01:47:37.862,0.96868,0.9688,2.25,1.50
2011.11.25 01:47:38.457,0.96869,0.9688,1.13,1.50
2011.11.25 01:47:38.707,0.96876,0.96888,1.50,2.63
2011.11.25 01:47:38.836,0.96874,0.96884,1.50,1.50
2011.11.25 01:47:39.073,0.96871,0.96883,2.25,1.50
2011.11.25 01:47:39.193,0.96873,0.96885,1.50,1.50
2011.11.25 01:47:41.353,0.96871,0.96881,2.25,1.50
2011.11.25 01:47:41.714,0.96863,0.96874,2.25,1.50
2011.11.25 01:47:41.833,0.96862,0.96872,2.25,1.50
2011.11.25 01:47:42.072,0.96862,0.96872,2.25,1.50
2011.11.25 01:47:42.192,0.96865,0.96875,2.25,1.50
2011.11.25 01:47:45.097,0.96867,0.96877,2.25,1.50
2011.11.25 01:47:45.455,0.96868,0.96878,2.25,1.50
2011.11.25 01:47:45.694,0.96871,0.96882,1.50,1.50
2011.11.25 01:47:45.937,0.96874,0.96886,1.50,2.25
2011.11.25 01:47:46.063,0.96876,0.96888,1.50,3.75
2011.11.25 01:47:46.182,0.96876,0.96886,1.50,1.50
2011.11.25 01:47:46.411,0.96873,0.96885,2.25,1.50
2011.11.25 01:47:47.574,0.96866,0.96876,2.63,1.50
2011.11.25 01:47:47.696,0.96866,0.96876,1.50,1.50
2011.11.25 01:47:47.933,0.96863,0.96875,2.25,1.50
2011.11.25 01:47:48.573,0.96864,0.96876,2.25,1.50
2011.11.25 01:47:49.381,0.96864,0.96876,1.50,1.50
2011.11.25 01:47:53.571,0.96866,0.96878,1.50,1.50
2011.11.25 01:47:54.134,0.96866,0.96878,2.25,1.50
2011.11.25 01:47:54.673,0.96879,0.96889,1.50,2.12
2011.11.25 01:47:54.796,0.96878,0.9689,1.50,4.37
2011.11.25 01:47:55.507,0.96878,0.9689,1.50,3.00
2011.11.25 01:47:55.986,0.9688,0.9689,1.50,3.75
2011.11.25 01:47:56.343,0.96877,0.96887,1.50,1.50
2011.11.25 01:47:57.165,0.96877,0.96887,2.63,1.50
2011.11.25 01:47:57.291,0.96879,0.96891,1.50,2.25
2011.11.25 01:47:57.886,0.96878,0.9689,2.25,1.50
2011.11.25 01:47:58.571,0.96877,0.96887,1.05,1.50
2011.11.25 01:47:59.151,0.96877,0.96887,1.50,1.50
2011.11.25 01:47:59.272,0.96874,0.96886,2.25,1.50
2011.11.25 01:47:59.766,0.96876,0.96886,1.50,1.50
2011.11.25 01:48:00.919,0.96874,0.96884,1.50,1.50
2011.11.25 01:48:01.280,0.96871,0.96882,1.50,1.50
2011.11.25 01:48:01.643,0.96866,0.96878,1.50,1.50
2011.11.25 01:48:01.768,0.96866,0.96878,2.78,1.50
2011.11.25 01:48:02.141,0.96875,0.96882,1.50,1.50
2011.11.25 01:48:02.264,0.96875,0.96885,1.50,1.50
2011.11.25 01:48:02.494,0.96879,0.96889,1.50,1.88
2011.11.25 01:48:03.037,0.96879,0.96889,1.50,1.50
2011.11.25 01:48:03.371,0.96877,0.96887,1.50,1.50
2011.11.25 01:48:06.625,0.96879,0.96889,1.50,1.50
2011.11.25 01:48:08.633,0.96877,0.96887,1.65,1.50
2011.11.25 01:48:08.862,0.96875,0.96887,1.50,1.50
2011.11.25 01:48:12.962,0.96869,0.96879,2.25,1.50
2011.11.25 01:48:13.551,0.96868,0.9688,1.50,1.50
2011.11.25 01:48:13.903,0.96866,0.96878,1.50,1.50
2011.11.25 01:48:14.263,0.96863,0.96875,2.25,1.50
2011.11.25 01:48:14.601,0.96867,0.96877,1.50,1.50
2011.11.25 01:48:15.751,0.96866,0.96878,1.50,1.50
2011.11.25 01:48:16.804,0.96868,0.96878,1.50,1.50
2011.11.25 01:48:18.155,0.96873,0.96882,1.50,2.25
2011.11.25 01:48:18.743,0.96873,0.96882,1.50,2.33
2011.11.25 01:48:18.979,0.96869,0.96881,1.50,2.25
2011.11.25 01:48:19.571,0.96868,0.9688,1.50,2.25
2011.11.25 01:48:21.362,0.9687,0.9688,1.50,1.50
2011.11.25 01:48:22.350,0.96869,0.96879,1.50,1.50
2011.11.25 01:48:25.702,0.96866,0.96878,1.50,1.50
2011.11.25 01:48:29.182,0.96866,0.96878,1.88,2.25
2011.11.25 01:48:29.534,0.96863,0.96873,2.25,1.50
2011.11.25 01:48:29.776,0.96859,0.96869,2.25,1.50
2011.11.25 01:48:29.895,0.96861,0.96871,1.50,1.50
2011.11.25 01:48:30.013,0.96862,0.96874,1.50,1.50
2011.11.25 01:48:30.708,0.9686,0.96872,2.25,1.50
2011.11.25 01:48:31.055,0.96862,0.96874,1.50,1.50
2011.11.25 01:48:33.086,0.96862,0.96872,1.50,1.50
2011.11.25 01:48:33.202,0.96862,0.96874,1.50,1.50
2011.11.25 01:48:35.384,0.96862,0.96872,1.50,1.50
2011.11.25 01:48:36.371,0.96863,0.96873,1.50,1.50
2011.11.25 01:48:37.416,0.96865,0.96877,1.50,2.25
2011.11.25 01:48:37.991,0.96865,0.96877,1.50,2.25
2011.11.25 01:48:38.115,0.96864,0.96874,1.50,1.50
2011.11.25 01:48:39.952,0.9686,0.9687,1.50,1.50
2011.11.25 01:48:40.401,0.96862,0.96872,1.50,1.50
2011.11.25 01:48:41.172,0.96863,0.96873,1.50,1.50
2011.11.25 01:48:45.217,0.96866,0.96876,1.50,1.50
2011.11.25 01:48:45.335,0.96867,0.96879,1.50,3.00
2011.11.25 01:48:45.676,0.96866,0.96876,1.50,1.50
2011.11.25 01:48:46.235,0.96869,0.96881,1.50,3.00
2011.11.25 01:48:46.355,0.96872,0.9688,1.50,1.50
2011.11.25 01:48:46.714,0.96874,0.96883,1.50,1.50
2011.11.25 01:48:46.944,0.96871,0.96882,1.50,1.50
2011.11.25 01:48:47.536,0.96871,0.96882,1.50,1.50
2011.11.25 01:48:48.306,0.96871,0.96883,1.50,3.75
2011.11.25 01:48:48.892,0.96874,0.96883,1.50,2.25
2011.11.25 01:48:49.011,0.96871,0.96883,1.50,3.75
2011.11.25 01:48:49.136,0.96868,0.9688,2.25,1.50
2011.11.25 01:48:49.941,0.9687,0.9688,1.50,1.50
2011.11.25 01:48:50.501,0.96869,0.96881,1.50,2.25
2011.11.25 01:48:52.281,0.96869,0.96879,1.50,1.50
2011.11.25 01:48:52.645,0.96865,0.96875,2.25,1.50
2011.11.25 01:48:53.211,0.96868,0.96878,1.50,1.50
2011.11.25 01:48:53.551,0.96866,0.96878,1.50,1.50
2011.11.25 01:48:57.323,0.96868,0.96878,1.50,1.50
2011.11.25 01:48:57.686,0.96874,0.96883,1.50,1.50
2011.11.25 01:48:58.044,0.96878,0.96888,1.50,3.00
2011.11.25 01:48:58.394,0.96876,0.96886,1.50,1.50
2011.11.25 01:48:59.202,0.96875,0.96887,1.50,1.50
2011.11.25 01:49:00.555,0.96876,0.96888,1.50,1.50
2011.11.25 01:49:00.678,0.96875,0.96885,1.50,1.50
2011.11.25 01:49:01.050,0.96872,0.96882,2.25,1.50
2011.11.25 01:49:01.415,0.96871,0.96882,1.50,1.58
2011.11.25 01:49:01.534,0.96867,0.96879,1.50,1.50
2011.11.25 01:49:01.891,0.9687,0.9688,1.50,1.50
2011.11.25 01:49:02.123,0.96868,0.9688,1.50,1.50
2011.11.25 01:49:06.055,0.96869,0.96881,1.50,2.25
2011.11.25 01:49:06.174,0.96873,0.96883,1.50,3.00
2011.11.25 01:49:06.536,0.96877,0.96887,1.50,3.00
2011.11.25 01:49:06.656,0.96874,0.96886,1.50,2.25
2011.11.25 01:49:06.992,0.96876,0.96888,1.50,2.25
2011.11.25 01:49:07.545,0.96879,0.96889,1.50,3.00
2011.11.25 01:49:07.668,0.96877,0.96887,1.50,1.50
2011.11.25 01:49:08.155,0.96879,0.96888,1.50,1.50
2011.11.25 01:49:08.744,0.96879,0.96888,1.50,1.50
2011.11.25 01:49:08.862,0.96877,0.96887,1.50,1.50
2011.11.25 01:49:15.030,0.96876,0.96886,1.50,1.50
2011.11.25 01:49:17.024,0.96877,0.96887,1.50,1.50
2011.11.25 01:49:19.952,0.96879,0.96889,1.50,2.25
2011.11.25 01:49:26.550,0.96879,0.96889,1.50,2.25
2011.11.25 01:49:27.712,0.96877,0.96887,1.50,1.50
2011.11.25 01:49:28.513,0.96875,0.96887,1.50,1.50
2011.11.25 01:49:29.587,0.96875,0.96887,1.50,3.00
2011.11.25 01:49:30.301,0.96873,0.96885,1.50,1.50
2011.11.25 01:49:30.550,0.96873,0.96885,1.50,2.25
2011.11.25 01:49:30.674,0.96871,0.96883,1.50,2.25
2011.11.25 01:49:31.257,0.96875,0.96885,1.50,2.25
2011.11.25 01:49:31.831,0.96875,0.96887,1.50,2.25
2011.11.25 01:49:33.952,0.96875,0.96886,1.50,1.50
2011.11.25 01:49:34.940,0.96875,0.96887,1.50,3.00
2011.11.25 01:49:35.454,0.96881,0.96889,1.50,1.50
2011.11.25 01:49:35.580,0.9688,0.96891,1.50,1.50
2011.11.25 01:49:36.654,0.9688,0.96892,1.50,2.25
2011.11.25 01:49:37.222,0.9688,0.96892,1.50,2.25
2011.11.25 01:49:37.795,0.9688,0.96892,1.50,2.25
2011.11.25 01:49:38.665,0.96882,0.96892,1.50,2.25
2011.11.25 01:49:39.000,0.96882,0.96891,1.50,1.50
2011.11.25 01:49:39.624,0.96881,0.96891,1.50,2.25
2011.11.25 01:49:39.972,0.96881,0.96891,1.50,3.00
2011.11.25 01:49:40.098,0.96876,0.96888,2.25,1.50
2011.11.25 01:49:40.351,0.96872,0.96883,1.50,1.50
2011.11.25 01:49:40.474,0.96871,0.96881,1.50,1.50
2011.11.25 01:49:40.596,0.96869,0.96881,2.44,1.50
2011.11.25 01:49:40.834,0.96873,0.96885,1.50,1.50
2011.11.25 01:49:41.175,0.96869,0.96881,2.25,1.50
2011.11.25 01:49:41.535,0.96865,0.96875,2.25,1.50
2011.11.25 01:49:42.325,0.96865,0.96875,1.50,1.50
2011.11.25 01:49:42.690,0.96867,0.96877,1.50,1.50
2011.11.25 01:49:43.277,0.96867,0.96879,1.50,1.88
2011.11.25 01:49:44.182,0.96867,0.96879,1.50,1.50
2011.11.25 01:49:45.661,0.96868,0.9688,1.50,2.25
2011.11.25 01:49:46.225,0.96869,0.96881,1.50,1.50
2011.11.25 01:49:46.905,0.96866,0.96878,1.50,1.50
2011.11.25 01:49:47.378,0.96872,0.96882,1.50,2.25
2011.11.25 01:49:47.849,0.96877,0.96885,1.50,1.50
2011.11.25 01:49:48.082,0.96875,0.96887,1.50,3.00
2011.11.25 01:49:48.561,0.96873,0.96885,1.50,1.50
2011.11.25 01:49:48.693,0.96872,0.96882,1.50,1.50
2011.11.25 01:49:49.285,0.9687,0.9688,1.50,1.50
2011.11.25 01:49:49.643,0.96866,0.96876,2.25,1.50
2011.11.25 01:49:49.762,0.96867,0.96879,2.25,1.50
2011.11.25 01:49:55.326,0.96866,0.96878,1.50,1.50
2011.11.25 01:49:55.956,0.96868,0.96878,1.50,1.50
2011.11.25 01:49:56.316,0.96873,0.96885,1.50,2.25
2011.11.25 01:49:57.853,0.96871,0.96883,2.25,1.50
2011.11.25 01:49:58.202,0.96871,0.96881,2.25,1.50
2011.11.25 01:49:58.551,0.96874,0.96884,1.50,1.50
2011.11.25 01:49:59.076,0.96875,0.96885,1.50,1.50
2011.11.25 01:49:59.309,0.96871,0.96882,1.50,1.50
2011.11.25 01:49:59.551,0.96873,0.96883,1.50,2.25
2011.11.25 01:49:59.671,0.96871,0.96883,3.00,1.50
2011.11.25 01:50:00.242,0.9687,0.96882,1.50,2.25
2011.11.25 01:50:00.600,0.96874,0.96886,1.50,3.00
2011.11.25 01:50:01.619,0.96871,0.96883,3.00,1.50
2011.11.25 01:50:04.439,0.96873,0.96885,1.50,1.50
2011.11.25 01:50:05.002,0.96874,0.96886,1.50,2.25
2011.11.25 01:50:05.349,0.96874,0.96884,1.50,1.50
2011.11.25 01:50:06.694,0.96871,0.96883,2.25,1.50
2011.11.25 01:50:06.820,0.96871,0.96881,2.25,1.50
2011.11.25 01:50:07.387,0.96872,0.96882,1.50,1.50
2011.11.25 01:50:07.633,0.96872,0.96884,1.50,1.50
2011.11.25 01:50:10.789,0.96871,0.96881,1.50,1.50
2011.11.25 01:50:12.290,0.96871,0.96879,1.50,1.13
2011.11.25 01:50:12.534,0.96863,0.96871,2.10,1.50
2011.11.25 01:50:12.873,0.96863,0.96875,2.10,1.50
2011.11.25 01:50:13.454,0.96863,0.96875,1.50,1.50
2011.11.25 01:50:14.200,0.96865,0.96875,1.50,1.50
2011.11.25 01:50:14.825,0.96867,0.96877,1.50,1.50
2011.11.25 01:50:15.192,0.96864,0.96874,1.50,1.50
2011.11.25 01:50:15.551,0.96866,0.96876,1.50,1.50
2011.11.25 01:50:16.110,0.96864,0.96874,1.50,1.50
2011.11.25 01:50:17.019,0.96866,0.96876,1.50,1.50
2011.11.25 01:50:17.369,0.96869,0.96879,1.50,1.50
2011.11.25 01:50:17.719,0.96865,0.96876,1.50,1.50
2011.11.25 01:50:18.169,0.96864,0.96876,1.50,1.50
2011.11.25 01:50:18.991,0.96864,0.96874,1.50,1.50
2011.11.25 01:50:19.356,0.9686,0.96872,2.25,1.50
2011.11.25 01:50:19.485,0.96856,0.96866,2.25,1.50
2011.11.25 01:50:20.069,0.96856,0.96866,2.25,1.50
2011.11.25 01:50:20.418,0.96861,0.96871,1.50,1.50
2011.11.25 01:50:21.098,0.96859,0.96869,1.50,1.50
2011.11.25 01:50:23.329,0.96857,0.96867,2.25,1.50
2011.11.25 01:50:23.668,0.96855,0.96865,3.00,1.50
2011.11.25 01:50:24.019,0.96858,0.96868,1.50,1.50
2011.11.25 01:50:24.954,0.96857,0.96867,2.25,1.50
2011.11.25 01:50:25.084,0.96859,0.96869,1.50,1.50
2011.11.25 01:50:25.748,0.96859,0.96871,1.50,1.50
2011.11.25 01:50:26.312,0.96861,0.96871,1.50,1.50
2011.11.25 01:50:26.431,0.96865,0.96877,1.50,3.08
2011.11.25 01:50:27.141,0.96867,0.96877,1.50,1.50
2011.11.25 01:50:29.700,0.96864,0.96876,2.25,1.50
2011.11.25 01:50:30.172,0.96864,0.96874,1.50,1.13
2011.11.25 01:50:30.531,0.96856,0.96866,2.25,1.50
2011.11.25 01:50:30.879,0.96858,0.96868,1.50,1.50
2011.11.25 01:50:31.219,0.96856,0.96866,2.25,1.50
2011.11.25 01:50:32.023,0.96856,0.96866,2.25,1.50
2011.11.25 01:50:32.480,0.96856,0.96866,3.00,1.50
2011.11.25 01:50:34.154,0.96857,0.96869,1.88,1.50
2011.11.25 01:50:34.273,0.9686,0.9687,2.25,1.50
2011.11.25 01:50:34.396,0.96862,0.96874,2.25,1.50
2011.11.25 01:50:34.526,0.96865,0.96875,1.50,1.50
2011.11.25 01:50:36.345,0.96864,0.96876,3.00,1.50
2011.11.25 01:50:36.699,0.96864,0.96876,3.00,1.50
2011.11.25 01:50:37.626,0.96864,0.96876,2.25,1.50
2011.11.25 01:50:37.751,0.96863,0.96875,2.25,1.50
2011.11.25 01:50:37.874,0.96862,0.96872,1.50,1.50
2011.11.25 01:50:38.112,0.9686,0.96872,3.75,1.50
2011.11.25 01:50:40.837,0.96863,0.96873,2.25,1.50
2011.11.25 01:50:40.966,0.96864,0.96876,2.25,1.50
2011.11.25 01:50:41.090,0.96864,0.96874,2.25,1.50
2011.11.25 01:50:41.448,0.96864,0.96876,2.25,1.50
2011.11.25 01:50:42.010,0.96863,0.96875,1.50,1.50
2011.11.25 01:50:42.128,0.9686,0.96871,2.25,1.50
2011.11.25 01:50:42.485,0.96862,0.96872,2.85,1.50
2011.11.25 01:50:42.614,0.96865,0.96875,2.25,1.50
2011.11.25 01:50:42.742,0.96867,0.96877,1.50,1.50
2011.11.25 01:50:43.089,0.96861,0.9687,1.50,1.50
2011.11.25 01:50:43.453,0.96862,0.96872,2.25,1.50
2011.11.25 01:50:44.186,0.96865,0.96875,1.50,1.50
2011.11.25 01:50:44.309,0.96863,0.96875,2.25,1.50
2011.11.25 01:50:45.393,0.96865,0.96875,1.50,1.50
2011.11.25 01:50:45.972,0.96864,0.96874,1.50,1.50
2011.11.25 01:50:46.682,0.96863,0.96875,3.00,1.50
2011.11.25 01:50:52.260,0.96863,0.96875,3.00,1.50
2011.11.25 01:50:52.839,0.96865,0.96875,2.25,1.50
2011.11.25 01:50:53.190,0.96867,0.96877,2.25,1.50
2011.11.25 01:50:53.545,0.9688,0.96884,1.35,1.50
2011.11.25 01:50:53.671,0.9688,0.96891,2.48,1.50
2011.11.25 01:50:53.796,0.9688,0.96895,1.50,2.12
2011.11.25 01:50:53.921,0.9688,0.96895,1.50,2.87
2011.11.25 01:50:54.042,0.96878,0.96888,1.50,1.50
2011.11.25 01:50:54.504,0.96877,0.96888,2.78,1.50
2011.11.25 01:50:54.636,0.96876,0.96888,1.50,1.50
2011.11.25 01:50:55.004,0.96873,0.96883,2.25,1.50
2011.11.25 01:50:55.132,0.96875,0.96885,2.25,1.50
2011.11.25 01:50:55.660,0.96874,0.96884,2.25,1.50
2011.11.25 01:50:56.484,0.96885,0.96893,2.25,1.58
2011.11.25 01:50:56.724,0.9689,0.96897,1.50,1.37
2011.11.25 01:50:56.853,0.96891,0.96902,1.50,1.50
2011.11.25 01:50:57.460,0.96891,0.96903,1.50,2.25
2011.11.25 01:50:58.034,0.96891,0.96901,2.25,1.50
2011.11.25 01:50:58.619,0.96891,0.96899,1.50,1.50
2011.11.25 01:51:12.321,0.96889,0.96899,3.00,1.50
2011.11.25 01:51:18.087,0.96889,0.96899,2.25,1.50
2011.11.25 01:51:18.456,0.96888,0.96896,1.50,1.50
2011.11.25 01:51:18.702,0.9688,0.9689,2.25,1.50
2011.11.25 01:51:19.063,0.9688,0.9689,1.50,2.63
2011.11.25 01:51:19.304,0.96877,0.96889,1.50,3.38
2011.11.25 01:51:19.439,0.9687,0.9688,2.25,1.50
2011.11.25 01:51:19.560,0.96871,0.96883,3.00,1.50
2011.11.25 01:51:20.107,0.96871,0.96883,1.50,1.50
2011.11.25 01:51:20.234,0.96869,0.96879,2.25,1.50
2011.11.25 01:51:20.950,0.9687,0.9688,2.25,1.50
2011.11.25 01:51:21.302,0.96873,0.96883,1.50,1.50
2011.11.25 01:51:25.471,0.96876,0.96883,2.25,1.50
2011.11.25 01:51:25.595,0.9688,0.96892,1.50,2.25
2011.11.25 01:51:25.840,0.96881,0.96893,1.50,1.50
2011.11.25 01:51:25.962,0.96884,0.96894,1.50,2.25
2011.11.25 01:51:26.530,0.96883,0.96895,1.50,1.50
2011.11.25 01:51:26.868,0.96881,0.96891,2.25,1.50
2011.11.25 01:51:27.209,0.96883,0.96895,1.50,1.50
2011.11.25 01:51:28.118,0.96882,0.96892,2.25,1.50
2011.11.25 01:51:29.118,0.96879,0.96889,3.38,1.50
2011.11.25 01:51:29.352,0.9688,0.96892,3.00,1.50
2011.11.25 01:51:30.172,0.96884,0.96896,1.50,1.50
2011.11.25 01:51:30.700,0.96886,0.96898,1.50,1.50
2011.11.25 01:51:31.279,0.96887,0.96899,2.25,1.50
2011.11.25 01:51:31.619,0.96887,0.96899,2.25,2.25
2011.11.25 01:51:34.399,0.96886,0.96898,2.25,1.50
2011.11.25 01:51:34.643,0.96884,0.96894,2.25,1.50
2011.11.25 01:51:34.990,0.96884,0.96892,1.50,1.50
2011.11.25 01:51:35.113,0.96884,0.96896,2.25,1.50
2011.11.25 01:51:35.352,0.96884,0.96896,3.75,1.50
2011.11.25 01:51:36.791,0.96887,0.96897,2.25,1.50
2011.11.25 01:51:39.102,0.96887,0.96897,2.25,1.50
2011.11.25 01:51:42.109,0.96885,0.96897,3.00,1.50
2011.11.25 01:51:42.700,0.96886,0.96898,1.50,1.88
2011.11.25 01:51:43.248,0.96885,0.96897,2.25,1.50
2011.11.25 01:51:43.724,0.96885,0.96894,1.50,1.50
2011.11.25 01:51:44.091,0.96881,0.96891,2.25,1.50
2011.11.25 01:51:44.442,0.96884,0.96891,1.13,1.50
2011.11.25 01:51:44.564,0.96884,0.96894,2.63,1.50
2011.11.25 01:51:45.019,0.96885,0.96894,1.50,1.50
2011.11.25 01:51:45.141,0.96888,0.969,1.50,1.50
2011.11.25 01:51:45.259,0.9689,0.969,1.50,1.50
2011.11.25 01:51:45.708,0.96888,0.96898,1.50,1.50
2011.11.25 01:51:47.349,0.96888,0.96898,2.25,1.50
2011.11.25 01:51:47.592,0.96897,0.96907,1.50,2.63
2011.11.25 01:51:47.711,0.96898,0.96909,1.50,1.13
2011.11.25 01:51:48.170,0.96895,0.96907,1.50,1.50
2011.11.25 01:51:48.731,0.96895,0.96907,2.25,1.50
2011.11.25 01:51:53.442,0.96897,0.96907,1.50,1.50
2011.11.25 01:51:54.104,0.96896,0.96906,2.25,1.50
2011.11.25 01:51:57.713,0.96903,0.96912,2.85,1.13
2011.11.25 01:51:57.834,0.96905,0.96914,1.35,2.25
2011.11.25 01:51:58.734,0.969,0.96907,1.50,1.50
2011.11.25 01:51:59.528,0.96899,0.96908,1.50,1.50
2011.11.25 01:51:59.653,0.96899,0.9691,1.50,1.50
2011.11.25 01:51:59.776,0.969,0.96912,2.25,1.50
2011.11.25 01:52:02.033,0.969,0.96912,2.48,1.50
2011.11.25 01:52:02.621,0.96907,0.96915,1.13,1.50
2011.11.25 01:52:02.961,0.96915,0.96927,4.65,1.50
2011.11.25 01:52:03.203,0.9692,0.9693,1.50,1.50
2011.11.25 01:52:03.321,0.96915,0.96924,1.50,1.50
2011.11.25 01:52:03.440,0.96914,0.96924,1.50,1.50
2011.11.25 01:52:03.902,0.96912,0.96924,2.25,1.50
2011.11.25 01:52:04.479,0.96912,0.96924,2.25,1.50
2011.11.25 01:52:05.582,0.96914,0.96924,1.50,1.50
2011.11.25 01:52:06.091,0.96913,0.96923,1.50,1.50
2011.11.25 01:52:09.989,0.96914,0.96924,1.50,1.50
2011.11.25 01:52:14.521,0.96909,0.96919,2.25,1.50
2011.11.25 01:52:14.639,0.96909,0.96919,1.50,1.50
2011.11.25 01:52:14.760,0.96907,0.96915,1.88,1.50
2011.11.25 01:52:15.463,0.96904,0.96915,1.50,1.50
2011.11.25 01:52:15.584,0.96903,0.96914,1.50,1.50
2011.11.25 01:52:15.716,0.969,0.9691,3.00,1.50
2011.11.25 01:52:16.306,0.969,0.9691,2.25,1.50
2011.11.25 01:52:18.552,0.96902,0.96912,1.50,1.50
2011.11.25 01:52:18.782,0.96904,0.96914,1.50,1.50
2011.11.25 01:52:19.228,0.96902,0.96914,1.50,1.50
2011.11.25 01:52:22.208,0.96903,0.96915,1.50,1.50
2011.11.25 01:52:22.768,0.96902,0.96914,3.00,1.50
2011.11.25 01:52:27.423,0.96912,0.96916,1.13,1.50
2011.11.25 01:52:27.782,0.9692,0.96931,1.50,1.13
2011.11.25 01:52:27.905,0.96923,0.9693,1.50,1.13
2011.11.25 01:52:28.034,0.96919,0.9693,2.25,1.13
2011.11.25 01:52:29.929,0.9692,0.96929,1.50,1.50
2011.11.25 01:52:30.510,0.9692,0.96929,1.50,1.50
2011.11.25 01:52:32.296,0.9692,0.96924,1.50,1.50
2011.11.25 01:52:32.663,0.96907,0.96916,1.50,1.50
2011.11.25 01:52:32.781,0.96906,0.96916,3.00,1.50
2011.11.25 01:52:33.234,0.96906,0.96911,1.50,1.50
2011.11.25 01:52:33.363,0.969,0.96909,1.50,1.50
2011.11.25 01:52:33.720,0.96901,0.96911,1.50,1.50
2011.11.25 01:52:34.740,0.96901,0.96913,2.25,1.50
2011.11.25 01:52:34.974,0.96903,0.96912,1.50,1.50
2011.11.25 01:52:35.343,0.96909,0.96921,1.13,2.25
2011.11.25 01:52:35.584,0.96911,0.96922,1.88,1.50
2011.11.25 01:52:35.833,0.96914,0.96926,1.50,1.50
2011.11.25 01:52:35.949,0.96912,0.96924,2.25,1.50
2011.11.25 01:52:37.106,0.96913,0.96925,1.50,1.50
2011.11.25 01:52:37.870,0.96915,0.96927,1.50,1.50
2011.11.25 01:52:41.074,0.96915,0.96925,1.50,1.50
2011.11.25 01:52:41.674,0.96913,0.96925,2.25,1.50
2011.11.25 01:52:53.310,0.96915,0.96927,1.50,1.50
2011.11.25 01:52:55.307,0.96914,0.96926,2.25,1.50
2011.11.25 01:52:57.185,0.9691,0.9692,3.00,1.50
2011.11.25 01:52:57.420,0.9691,0.96922,3.00,1.50
2011.11.25 01:52:57.543,0.9691,0.9692,3.00,1.50
2011.11.25 01:52:57.665,0.9691,0.96922,3.00,1.50
2011.11.25 01:52:57.792,0.96913,0.96925,2.25,1.50
2011.11.25 01:52:58.258,0.96916,0.96926,1.50,1.50
2011.11.25 01:52:59.280,0.96914,0.96924,1.50,1.50
2011.11.25 01:52:59.513,0.96912,0.96924,1.50,1.50
2011.11.25 01:52:59.638,0.96911,0.96921,3.00,1.50
2011.11.25 01:52:59.989,0.96912,0.96924,1.50,1.50
2011.11.25 01:53:00.328,0.96914,0.96924,1.50,1.50
2011.11.25 01:53:00.850,0.96913,0.96923,1.50,1.50
2011.11.25 01:53:01.080,0.96913,0.96925,1.50,1.50
2011.11.25 01:53:02.642,0.96912,0.96924,1.50,1.50
2011.11.25 01:53:05.718,0.96922,0.96928,1.88,1.13
2011.11.25 01:53:05.964,0.9693,0.96938,1.50,2.25
2011.11.25 01:53:06.337,0.96931,0.96935,2.82,1.50
2011.11.25 01:53:06.466,0.96934,0.96946,2.25,1.50
2011.11.25 01:53:06.592,0.96934,0.96943,1.50,1.50
2011.11.25 01:53:06.944,0.96931,0.9694,3.00,1.50
2011.11.25 01:53:07.299,0.96931,0.9694,3.00,1.50
2011.11.25 01:53:07.419,0.96931,0.96942,3.00,1.50
2011.11.25 01:53:07.762,0.96936,0.96948,1.50,2.55
2011.11.25 01:53:08.419,0.96934,0.96946,1.50,1.50
2011.11.25 01:53:12.719,0.96936,0.96946,1.50,1.50
2011.11.25 01:53:14.972,0.96941,0.96951,1.50,2.25
2011.11.25 01:53:15.091,0.96939,0.96951,1.50,2.25
2011.11.25 01:53:15.671,0.96939,0.96951,1.50,2.25
2011.11.25 01:53:15.901,0.96941,0.96951,1.50,2.25
2011.11.25 01:53:16.141,0.96941,0.96951,1.50,1.50
2011.11.25 01:53:16.600,0.96939,0.96951,1.50,1.50
2011.11.25 01:53:16.719,0.96941,0.96951,1.50,1.50
2011.11.25 01:53:17.070,0.96945,0.96953,1.50,1.80
2011.11.25 01:53:17.189,0.96945,0.96957,1.50,3.75
2011.11.25 01:53:17.312,0.96945,0.96957,1.50,2.25
2011.11.25 01:53:17.879,0.96944,0.96956,1.50,1.50
2011.11.25 01:53:21.441,0.96941,0.96953,2.25,1.50
2011.11.25 01:53:22.025,0.9694,0.9695,1.50,1.50
2011.11.25 01:53:22.701,0.9694,0.96952,1.50,1.50
2011.11.25 01:53:22.821,0.9694,0.9695,1.50,1.50
2011.11.25 01:53:23.164,0.96938,0.96948,2.25,1.50
2011.11.25 01:53:23.724,0.96938,0.96948,1.50,1.50
2011.11.25 01:53:24.087,0.96928,0.96937,1.13,1.50
2011.11.25 01:53:24.215,0.96927,0.96937,4.50,1.50
2011.11.25 01:53:24.580,0.9693,0.9694,1.50,1.50
2011.11.25 01:53:25.057,0.96933,0.96943,1.50,1.50
2011.11.25 01:53:25.304,0.96936,0.96948,1.50,2.25
2011.11.25 01:53:25.661,0.96938,0.9695,1.50,2.25
2011.11.25 01:53:27.933,0.96936,0.96948,2.25,1.88
2011.11.25 01:53:28.295,0.96934,0.96945,2.25,1.88
2011.11.25 01:53:28.423,0.96926,0.96936,2.25,1.50
2011.11.25 01:53:28.771,0.96928,0.96938,1.50,1.50
2011.11.25 01:53:29.568,0.96928,0.9694,1.50,1.50
2011.11.25 01:53:29.696,0.96928,0.96938,1.50,1.50
2011.11.25 01:53:31.045,0.96925,0.96937,1.50,1.50
2011.11.25 01:53:31.769,0.96925,0.96937,2.25,2.25
2011.11.25 01:53:32.349,0.96925,0.96937,1.50,2.25
2011.11.25 01:53:34.741,0.96927,0.96939,2.25,3.15
2011.11.25 01:53:34.859,0.96927,0.96939,2.25,1.65
2011.11.25 01:53:35.209,0.96929,0.96939,1.50,1.50
2011.11.25 01:53:36.026,0.96927,0.96939,2.25,1.50
2011.11.25 01:53:37.054,0.96928,0.96939,2.10,1.50
2011.11.25 01:53:37.173,0.96933,0.96943,1.50,1.50
2011.11.25 01:53:37.728,0.96932,0.96942,1.50,1.50
2011.11.25 01:53:38.319,0.9693,0.96942,3.75,1.50
2011.11.25 01:53:41.272,0.96931,0.96943,2.25,1.50
2011.11.25 01:53:41.392,0.9693,0.9694,1.50,1.50
2011.11.25 01:53:41.970,0.9693,0.9694,2.25,1.50
2011.11.25 01:53:42.548,0.96931,0.96941,2.25,1.50
2011.11.25 01:53:42.888,0.96932,0.96944,1.50,1.50
2011.11.25 01:53:47.993,0.96931,0.96943,1.50,1.50
2011.11.25 01:53:49.078,0.96933,0.96943,1.50,1.50
2011.11.25 01:53:49.418,0.96931,0.96941,2.25,1.50
2011.11.25 01:53:50.399,0.96927,0.96938,2.33,1.50
2011.11.25 01:53:50.642,0.96924,0.96936,4.50,1.50
2011.11.25 01:53:50.880,0.96923,0.96933,2.25,1.50
2011.11.25 01:53:51.486,0.96923,0.96933,1.50,1.50
2011.11.25 01:53:51.850,0.96925,0.96935,1.50,1.50
2011.11.25 01:53:52.638,0.96922,0.96934,1.50,1.50
2011.11.25 01:53:53.150,0.96924,0.96934,1.50,1.50
2011.11.25 01:53:53.708,0.96921,0.96933,2.25,1.50
2011.11.25 01:53:54.062,0.96928,0.96938,2.25,2.25
2011.11.25 01:53:54.649,0.96928,0.9694,1.50,2.25
2011.11.25 01:53:55.132,0.96925,0.96937,2.25,1.50
2011.11.25 01:53:56.819,0.96925,0.96937,2.25,1.50
2011.11.25 01:53:58.530,0.96928,0.96938,1.50,1.50
2011.11.25 01:53:58.868,0.96926,0.96936,2.25,1.50
2011.11.25 01:53:59.098,0.96927,0.96939,1.50,1.50
2011.11.25 01:53:59.218,0.96925,0.96937,2.25,1.50
2011.11.25 01:53:59.558,0.96927,0.96939,1.50,1.50
2011.11.25 01:54:00.399,0.96925,0.96937,2.25,1.50
2011.11.25 01:54:01.128,0.96928,0.96938,1.50,1.50
2011.11.25 01:54:02.387,0.96925,0.96937,2.25,1.50
2011.11.25 01:54:03.039,0.96925,0.96937,2.25,1.50
2011.11.25 01:54:04.327,0.96925,0.96937,2.25,1.50
2011.11.25 01:54:05.599,0.96925,0.96937,2.25,1.50
2011.11.25 01:54:06.169,0.96928,0.96938,1.50,1.50
2011.11.25 01:54:06.749,0.96925,0.96937,2.25,1.50
2011.11.25 01:54:08.601,0.96924,0.96936,3.00,1.50
2011.11.25 01:54:09.047,0.96926,0.96938,2.25,1.50
2011.11.25 01:54:09.898,0.96926,0.96938,1.50,1.50
2011.11.25 01:54:10.253,0.96925,0.96935,1.50,1.50
2011.11.25 01:54:11.171,0.96925,0.96937,1.50,1.50
2011.11.25 01:54:13.732,0.96925,0.96937,1.50,3.00
2011.11.25 01:54:14.211,0.96919,0.96931,1.50,1.50
2011.11.25 01:54:14.577,0.9692,0.9693,1.50,1.88
2011.11.25 01:54:14.820,0.96918,0.96928,2.25,1.88
2011.11.25 01:54:15.171,0.9692,0.9693,1.50,1.88
2011.11.25 01:54:16.773,0.96919,0.96929,2.07,1.50
2011.11.25 01:54:17.130,0.96925,0.96935,1.50,1.50
2011.11.25 01:54:17.490,0.96922,0.96932,1.50,1.50
2011.11.25 01:54:17.719,0.96919,0.96931,3.00,1.50
2011.11.25 01:54:17.840,0.96921,0.96931,1.50,1.50
2011.11.25 01:54:19.491,0.96919,0.96931,2.25,1.50
2011.11.25 01:54:19.613,0.96917,0.96927,3.00,1.50
2011.11.25 01:54:20.068,0.96919,0.96929,1.50,1.50
2011.11.25 01:54:21.747,0.96922,0.96932,1.50,1.50
2011.11.25 01:54:22.110,0.96924,0.96934,1.50,2.25
2011.11.25 01:54:22.476,0.96914,0.96921,2.25,1.88
2011.11.25 01:54:22.724,0.96905,0.96916,1.50,1.50
2011.11.25 01:54:22.953,0.96904,0.96916,3.00,1.50
2011.11.25 01:54:23.070,0.96908,0.9692,1.50,2.25
2011.11.25 01:54:23.629,0.96907,0.96919,1.50,2.25
2011.11.25 01:54:23.981,0.96909,0.96921,1.50,1.50
2011.11.25 01:54:24.211,0.96911,0.96923,1.50,3.38
2011.11.25 01:54:24.832,0.96911,0.96923,2.25,2.25
2011.11.25 01:54:24.960,0.96916,0.96926,1.50,1.50
2011.11.25 01:54:25.083,0.96914,0.96926,2.25,1.50
2011.11.25 01:54:25.200,0.96916,0.96926,1.50,1.50
2011.11.25 01:54:30.310,0.9692,0.96931,1.50,1.05
2011.11.25 01:54:30.432,0.9692,0.96932,1.50,2.25
2011.11.25 01:54:31.015,0.96926,0.96938,2.63,1.50
2011.11.25 01:54:31.699,0.96928,0.9694,1.50,1.65
2011.11.25 01:54:31.929,0.96927,0.96938,1.50,1.50
2011.11.25 01:54:32.276,0.96927,0.96934,1.50,1.50
2011.11.25 01:54:32.900,0.96926,0.96938,2.25,1.50
2011.11.25 01:54:35.062,0.96924,0.96933,1.50,1.50
2011.11.25 01:54:35.508,0.96925,0.96935,2.25,1.50
2011.11.25 01:54:36.255,0.96926,0.96936,2.25,1.50
2011.11.25 01:54:36.972,0.96925,0.96935,2.25,1.50
2011.11.25 01:54:37.106,0.9692,0.9693,1.50,2.25
2011.11.25 01:54:37.485,0.96916,0.96925,1.88,1.50
2011.11.25 01:54:37.619,0.96916,0.96927,2.63,1.50
2011.11.25 01:54:37.985,0.96915,0.96925,2.25,1.88
2011.11.25 01:54:38.116,0.96913,0.96921,2.25,2.25
2011.11.25 01:54:38.241,0.9691,0.96921,1.88,2.25
2011.11.25 01:54:38.365,0.96908,0.96919,1.50,1.88
2011.11.25 01:54:38.489,0.96907,0.96916,1.50,1.80
2011.11.25 01:54:38.724,0.96904,0.96916,2.25,1.80
2011.11.25 01:54:38.841,0.96901,0.96913,2.25,1.50
2011.11.25 01:54:39.383,0.96906,0.96916,2.25,1.50
2011.11.25 01:54:39.750,0.96932,0.9694,1.50,1.13
2011.11.25 01:54:40.112,0.96929,0.96938,2.25,2.85
2011.11.25 01:54:40.477,0.96924,0.96934,1.50,1.80
2011.11.25 01:54:40.603,0.96921,0.96932,1.50,1.50
2011.11.25 01:54:40.939,0.96924,0.96934,1.50,1.50
2011.11.25 01:54:41.530,0.96923,0.96934,1.50,1.50
2011.11.25 01:54:42.214,0.96924,0.96934,1.50,1.50
2011.11.25 01:54:42.572,0.96921,0.9693,1.88,1.50
2011.11.25 01:54:42.698,0.96923,0.96933,2.25,1.50
2011.11.25 01:54:42.941,0.9692,0.96932,3.00,1.50
2011.11.25 01:54:43.294,0.96921,0.96932,1.50,1.50
2011.11.25 01:54:43.416,0.96922,0.96934,2.25,1.50
2011.11.25 01:54:43.542,0.96924,0.96934,1.50,1.50
2011.11.25 01:54:44.698,0.96923,0.96933,1.50,1.50
2011.11.25 01:54:45.345,0.96923,0.96935,1.50,1.50
2011.11.25 01:54:47.045,0.96923,0.96933,1.50,1.50
2011.11.25 01:54:47.515,0.96923,0.96935,1.50,1.50
2011.11.25 01:54:48.192,0.96923,0.96933,1.50,1.50
2011.11.25 01:54:48.762,0.96922,0.96931,1.50,1.50
2011.11.25 01:54:49.229,0.96919,0.96931,2.25,1.50
2011.11.25 01:54:51.562,0.96918,0.96928,3.00,1.50
2011.11.25 01:54:52.285,0.96918,0.96928,3.38,1.50
2011.11.25 01:54:52.654,0.9692,0.96929,1.50,1.50
2011.11.25 01:54:52.772,0.9692,0.96931,1.50,1.50
2011.11.25 01:54:52.890,0.96922,0.96934,1.50,1.50
2011.11.25 01:54:53.921,0.96922,0.96934,2.25,1.50
2011.11.25 01:54:54.041,0.96924,0.96936,1.50,1.50
2011.11.25 01:54:54.646,0.96925,0.96935,1.50,1.50
2011.11.25 01:54:54.893,0.96932,0.96941,1.50,1.05
2011.11.25 01:54:55.135,0.96932,0.96944,1.50,2.25
2011.11.25 01:54:55.688,0.96933,0.96944,1.50,1.50
2011.11.25 01:54:55.930,0.96934,0.96946,2.25,1.50
2011.11.25 01:54:57.616,0.96935,0.96947,1.50,1.50
2011.11.25 01:54:58.210,0.96936,0.96946,1.50,1.50
2011.11.25 01:54:58.717,0.96935,0.96947,2.25,1.50
2011.11.25 01:54:59.500,0.96934,0.96946,3.00,1.50
2011.11.25 01:54:59.619,0.96936,0.96946,1.50,1.50
2011.11.25 01:55:00.484,0.96934,0.96946,3.00,1.50
2011.11.25 01:55:00.711,0.96934,0.96943,1.50,1.50
2011.11.25 01:55:01.291,0.96932,0.96944,3.00,1.50
2011.11.25 01:55:01.741,0.96934,0.96946,2.25,1.50
2011.11.25 01:55:02.323,0.96935,0.96947,1.50,1.50
2011.11.25 01:55:02.447,0.96932,0.9694,1.50,2.25
2011.11.25 01:55:02.577,0.9693,0.96937,1.13,1.50
2011.11.25 01:55:02.824,0.96927,0.96936,1.50,1.50
2011.11.25 01:55:03.328,0.96926,0.96936,1.50,1.50
2011.11.25 01:55:03.448,0.96931,0.96943,1.50,1.50
2011.11.25 01:55:03.693,0.96928,0.9694,2.25,1.50
2011.11.25 01:55:04.031,0.9693,0.9694,1.50,1.50
2011.11.25 01:55:04.148,0.9693,0.96942,1.50,1.50
2011.11.25 01:55:05.630,0.96929,0.96941,1.50,1.50
2011.11.25 01:55:05.751,0.96928,0.96938,2.25,1.50
2011.11.25 01:55:06.112,0.96924,0.96934,3.00,1.50
2011.11.25 01:55:06.229,0.96922,0.96934,2.25,1.50
2011.11.25 01:55:06.352,0.96924,0.96934,1.50,1.50
2011.11.25 01:55:06.710,0.96926,0.96938,1.50,2.40
2011.11.25 01:55:08.015,0.96928,0.9694,1.50,2.55
2011.11.25 01:55:08.385,0.96931,0.96941,1.50,2.25
2011.11.25 01:55:08.759,0.96931,0.96941,1.50,1.50
2011.11.25 01:55:09.331,0.96929,0.96941,3.00,1.50
2011.11.25 01:55:10.108,0.96929,0.96941,3.00,1.50
2011.11.25 01:55:10.682,0.96929,0.96941,2.25,1.50
2011.11.25 01:55:11.252,0.96929,0.96941,2.25,1.50
2011.11.25 01:55:12.161,0.9693,0.96942,1.50,1.50
2011.11.25 01:55:12.743,0.96929,0.96941,1.50,1.88
2011.11.25 01:55:13.660,0.96929,0.96941,2.25,2.63
2011.11.25 01:55:15.027,0.96931,0.96943,1.88,1.50
2011.11.25 01:55:15.152,0.96937,0.96947,2.25,2.25
2011.11.25 01:55:15.272,0.96937,0.96947,2.25,1.50
2011.11.25 01:55:15.891,0.96937,0.96947,2.25,1.50
2011.11.25 01:55:16.020,0.96934,0.96946,1.50,1.50
2011.11.25 01:55:19.592,0.96933,0.96943,1.50,1.50
2011.11.25 01:55:19.710,0.96931,0.96943,2.25,1.50
2011.11.25 01:55:20.049,0.96933,0.96943,1.50,1.50
2011.11.25 01:55:20.169,0.96931,0.96943,2.25,1.50
2011.11.25 01:55:20.599,0.96933,0.96943,1.50,1.50
2011.11.25 01:55:21.955,0.96932,0.96942,1.50,1.50
2011.11.25 01:55:22.074,0.96932,0.96944,1.50,1.50
2011.11.25 01:55:23.567,0.96932,0.96944,1.50,2.25
2011.11.25 01:55:23.921,0.9693,0.9694,2.25,1.50
2011.11.25 01:55:24.480,0.96932,0.96943,1.50,1.65
2011.11.25 01:55:25.061,0.96931,0.96943,1.50,3.15
2011.11.25 01:55:25.635,0.96932,0.96943,1.50,1.65
2011.11.25 01:55:27.000,0.96931,0.96943,1.50,2.40
2011.11.25 01:55:27.118,0.96928,0.9694,2.25,1.50
2011.11.25 01:55:27.459,0.96927,0.96937,1.50,1.50
2011.11.25 01:55:28.048,0.96928,0.96938,2.25,1.50
2011.11.25 01:55:28.608,0.96928,0.9694,2.25,1.50
2011.11.25 01:55:29.292,0.96929,0.96939,2.25,1.50
2011.11.25 01:55:31.078,0.96928,0.96938,2.25,1.50
2011.11.25 01:55:31.638,0.96929,0.96939,2.25,1.50
2011.11.25 01:55:32.199,0.96928,0.96938,1.50,1.50
2011.11.25 01:55:32.767,0.96929,0.96939,1.50,1.50
2011.11.25 01:55:33.331,0.96926,0.96936,3.00,1.50
2011.11.25 01:55:33.563,0.96925,0.96935,2.25,1.50
2011.11.25 01:55:34.047,0.96923,0.96933,3.75,1.50
2011.11.25 01:55:34.409,0.9692,0.9693,3.00,1.50
2011.11.25 01:55:34.878,0.96921,0.96933,2.25,1.50
2011.11.25 01:55:35.007,0.9692,0.96931,1.50,1.50
2011.11.25 01:55:35.130,0.9692,0.96931,1.50,1.50
2011.11.25 01:55:35.251,0.96924,0.96934,1.50,2.25
2011.11.25 01:55:35.818,0.96923,0.96933,1.50,1.50
2011.11.25 01:55:42.640,0.96918,0.9693,3.83,1.50
2011.11.25 01:55:43.211,0.96918,0.96927,1.50,1.50
2011.11.25 01:55:43.562,0.96917,0.96927,2.25,1.50
2011.11.25 01:55:43.899,0.96918,0.9693,2.25,3.38
2011.11.25 01:55:44.461,0.96918,0.9693,1.50,1.50
2011.11.25 01:55:44.691,0.96916,0.96928,3.00,1.50
2011.11.25 01:55:45.041,0.96919,0.96929,1.50,1.50
2011.11.25 01:55:46.431,0.96921,0.96931,1.50,2.25
2011.11.25 01:55:47.380,0.96921,0.96931,1.50,2.25
2011.11.25 01:55:47.926,0.96921,0.96931,1.50,2.25
2011.11.25 01:55:50.161,0.96921,0.96931,1.50,2.25
2011.11.25 01:55:50.511,0.96923,0.96933,1.50,2.25
2011.11.25 01:55:50.630,0.96918,0.96928,1.58,1.50
2011.11.25 01:55:50.753,0.96916,0.96926,3.75,1.50
2011.11.25 01:55:51.089,0.96918,0.96928,1.50,2.25
2011.11.25 01:55:51.652,0.9692,0.9693,1.50,1.13
2011.11.25 01:55:52.010,0.96924,0.96934,2.25,2.25
2011.11.25 01:55:52.129,0.96924,0.96934,1.50,2.25
2011.11.25 01:55:52.588,0.96924,0.96934,1.50,2.25
2011.11.25 01:55:52.709,0.96922,0.96934,1.50,2.25
2011.11.25 01:55:54.527,0.96921,0.96931,1.50,1.50
2011.11.25 01:55:57.315,0.96924,0.96935,1.50,1.50
2011.11.25 01:55:57.898,0.96924,0.96935,1.50,1.50
2011.11.25 01:55:58.238,0.96922,0.96932,1.50,1.50
2011.11.25 01:56:00.494,0.9692,0.9693,1.50,1.50
2011.11.25 01:56:00.610,0.9692,0.96932,1.50,1.50
2011.11.25 01:56:00.840,0.96922,0.96934,1.50,2.25
2011.11.25 01:56:01.178,0.96925,0.96935,1.50,3.00
2011.11.25 01:56:01.410,0.96922,0.96932,1.50,1.50
2011.11.25 01:56:03.032,0.9692,0.9693,1.50,1.50
2011.11.25 01:56:03.678,0.96922,0.96932,1.50,1.50
2011.11.25 01:56:04.030,0.96925,0.96933,1.50,1.50
2011.11.25 01:56:04.151,0.9692,0.9693,1.50,1.50
2011.11.25 01:56:04.599,0.96922,0.96933,1.50,1.50
2011.11.25 01:56:10.571,0.96922,0.96932,1.50,2.25
2011.11.25 01:56:11.359,0.96922,0.96932,1.50,2.25
2011.11.25 01:56:12.045,0.96922,0.96932,1.50,2.25
2011.11.25 01:56:12.171,0.9692,0.9693,1.50,1.50
2011.11.25 01:56:12.741,0.9692,0.96932,1.50,2.25
2011.11.25 01:56:13.510,0.9692,0.96932,1.50,2.25
2011.11.25 01:56:13.876,0.96917,0.96929,1.58,2.25
2011.11.25 01:56:14.427,0.9692,0.9693,1.50,1.50
2011.11.25 01:56:15.033,0.96919,0.96931,1.50,2.25
2011.11.25 01:56:15.501,0.96921,0.96931,1.50,2.25
2011.11.25 01:56:16.092,0.9692,0.9693,1.50,1.50
2011.11.25 01:56:18.708,0.96921,0.96931,1.50,1.50
2011.11.25 01:56:19.639,0.9692,0.9693,1.50,1.50
2011.11.25 01:56:20.013,0.96914,0.96923,1.50,1.50
2011.11.25 01:56:20.132,0.9691,0.96922,1.50,1.50
2011.11.25 01:56:20.592,0.96912,0.96924,1.50,2.25
2011.11.25 01:56:21.170,0.96912,0.96924,1.50,2.25
2011.11.25 01:56:22.810,0.96914,0.96926,1.50,2.25
2011.11.25 01:56:23.039,0.96916,0.96926,1.50,2.25
2011.11.25 01:56:23.160,0.96914,0.96926,1.50,2.25
2011.11.25 01:56:23.503,0.96913,0.96923,2.25,1.50
2011.11.25 01:56:23.620,0.96914,0.96926,1.50,1.50
2011.11.25 01:56:24.137,0.96915,0.96926,1.50,1.50
2011.11.25 01:56:24.267,0.96916,0.96928,2.25,1.50
2011.11.25 01:56:26.741,0.96916,0.96928,3.00,1.50
2011.11.25 01:56:27.884,0.96916,0.96926,1.50,1.50
2011.11.25 01:56:28.122,0.96914,0.96926,1.50,2.25
2011.11.25 01:56:28.507,0.96912,0.96922,1.58,1.50
2011.11.25 01:56:28.645,0.96908,0.9692,1.50,1.50
2011.11.25 01:56:29.232,0.96911,0.96921,1.50,1.50
2011.11.25 01:56:29.789,0.9691,0.9692,1.50,1.50
2011.11.25 01:56:30.910,0.96912,0.96922,1.50,1.50
2011.11.25 01:56:32.589,0.96913,0.96925,1.50,1.50
2011.11.25 01:56:32.835,0.96914,0.96924,1.50,2.25
2011.11.25 01:56:33.408,0.96914,0.96924,1.50,2.25
2011.11.25 01:56:35.593,0.96916,0.96926,1.50,1.50
2011.11.25 01:56:35.942,0.96919,0.96929,1.50,2.25
2011.11.25 01:56:36.583,0.96918,0.96928,1.50,1.50
2011.11.25 01:56:39.511,0.96919,0.9693,1.50,1.50
2011.11.25 01:56:39.859,0.96922,0.96932,1.50,2.25
2011.11.25 01:56:40.089,0.96922,0.96932,2.25,1.50
2011.11.25 01:56:40.431,0.96924,0.96936,1.50,1.50
2011.11.25 01:56:40.550,0.96927,0.96937,1.50,2.25
2011.11.25 01:56:46.298,0.96927,0.96937,1.50,2.25
2011.11.25 01:56:46.798,0.96927,0.96937,1.50,2.25
2011.11.25 01:56:49.490,0.96929,0.96939,1.50,2.25
2011.11.25 01:56:49.828,0.96927,0.96939,1.50,2.25
2011.11.25 01:56:52.062,0.9693,0.9694,1.50,2.25
2011.11.25 01:56:52.599,0.9693,0.96942,1.50,2.25
2011.11.25 01:56:52.720,0.96928,0.9694,1.50,1.50
2011.11.25 01:56:54.550,0.96931,0.96941,1.50,1.50
2011.11.25 01:56:54.780,0.96929,0.96941,1.50,1.50
2011.11.25 01:56:55.228,0.96931,0.96941,1.50,1.50
2011.11.25 01:56:55.347,0.96929,0.96941,1.50,1.50
2011.11.25 01:56:55.862,0.9693,0.96942,1.50,2.25
2011.11.25 01:56:57.785,0.96936,0.96945,1.50,1.50
2011.11.25 01:56:57.912,0.96936,0.96946,1.50,1.50
2011.11.25 01:56:58.034,0.96935,0.96945,1.50,2.25
2011.11.25 01:56:58.501,0.96933,0.96943,1.50,1.50
2011.11.25 01:56:58.917,0.96929,0.96937,1.50,1.50
2011.11.25 01:56:59.162,0.96929,0.96939,3.00,1.50
2011.11.25 01:57:00.749,0.96934,0.96939,1.13,1.50
2011.11.25 01:57:00.876,0.96936,0.96948,1.50,1.88
2011.11.25 01:57:01.121,0.96936,0.96948,1.50,2.25
2011.11.25 01:57:01.690,0.96937,0.96947,1.50,1.50
2011.11.25 01:57:05.100,0.96937,0.96947,1.50,2.25
2011.11.25 01:57:05.669,0.96937,0.96947,1.50,2.25
2011.11.25 01:57:06.239,0.96937,0.96947,1.50,2.25
2011.11.25 01:57:06.583,0.96934,0.96946,2.25,2.25
2011.11.25 01:57:08.482,0.96935,0.96947,1.50,2.25
2011.11.25 01:57:08.723,0.96935,0.96947,1.50,2.25
2011.11.25 01:57:08.965,0.96932,0.96944,1.50,1.50
2011.11.25 01:57:10.459,0.96935,0.96945,1.50,2.25
2011.11.25 01:57:12.343,0.9694,0.96949,1.50,1.13
2011.11.25 01:57:12.920,0.96937,0.96947,1.50,1.50
2011.11.25 01:57:13.722,0.96938,0.96948,1.50,2.63
2011.11.25 01:57:14.294,0.96939,0.96948,1.13,1.50
2011.11.25 01:57:14.414,0.9694,0.9695,1.88,2.25
2011.11.25 01:57:14.540,0.96947,0.96955,1.13,3.00
2011.11.25 01:57:14.902,0.96952,0.96959,1.50,2.10
2011.11.25 01:57:15.022,0.96952,0.96962,1.50,2.25
2011.11.25 01:57:15.142,0.96955,0.96965,1.50,2.25
2011.11.25 01:57:15.260,0.96955,0.96965,1.50,2.25
2011.11.25 01:57:15.821,0.96954,0.96964,1.50,2.25
2011.11.25 01:57:16.775,0.96956,0.96966,1.50,2.25
2011.11.25 01:57:16.893,0.96956,0.96966,1.50,2.25
2011.11.25 01:57:17.009,0.96953,0.96965,1.50,2.25
2011.11.25 01:57:17.627,0.96953,0.96965,1.50,2.25
2011.11.25 01:57:18.189,0.96953,0.96965,1.50,2.25
2011.11.25 01:57:18.310,0.96955,0.96967,1.50,2.25
2011.11.25 01:57:18.794,0.96957,0.96969,1.50,2.25
2011.11.25 01:57:19.464,0.96962,0.96972,1.50,3.75
2011.11.25 01:57:19.799,0.96959,0.96969,1.50,1.50
2011.11.25 01:57:21.383,0.96957,0.96967,1.50,1.50
2011.11.25 01:57:21.622,0.96957,0.96969,1.50,2.25
2011.11.25 01:57:23.141,0.96957,0.96969,1.50,2.25
2011.11.25 01:57:23.260,0.96955,0.96967,1.50,1.50
2011.11.25 01:57:23.830,0.96954,0.96966,1.50,2.25
2011.11.25 01:57:24.718,0.96954,0.96966,1.50,2.25
2011.11.25 01:57:26.051,0.96954,0.96966,1.50,2.25
2011.11.25 01:57:26.520,0.96952,0.96964,2.25,2.63
2011.11.25 01:57:27.042,0.96948,0.96957,1.13,1.50
2011.11.25 01:57:27.171,0.9695,0.9696,2.25,1.50
2011.11.25 01:57:27.418,0.96948,0.96956,1.50,1.50
2011.11.25 01:57:27.661,0.96947,0.96955,1.50,1.50
2011.11.25 01:57:28.012,0.96942,0.96954,2.33,1.50
2011.11.25 01:57:28.351,0.96945,0.96955,1.50,1.50
2011.11.25 01:57:32.253,0.96947,0.96959,1.50,1.50
2011.11.25 01:57:32.969,0.9695,0.96962,1.50,2.25
2011.11.25 01:57:33.337,0.96953,0.96963,1.50,1.50
2011.11.25 01:57:33.706,0.96953,0.96961,1.50,1.50
2011.11.25 01:57:33.836,0.96945,0.96953,2.25,1.50
2011.11.25 01:57:34.592,0.96943,0.96953,1.50,1.50
2011.11.25 01:57:35.051,0.96943,0.96953,1.50,2.25
2011.11.25 01:57:35.629,0.96942,0.96954,1.50,2.25
2011.11.25 01:57:36.321,0.96942,0.96954,1.50,2.25
2011.11.25 01:57:37.529,0.96942,0.96954,1.50,2.25
2011.11.25 01:57:38.070,0.96942,0.96954,1.50,2.25
2011.11.25 01:57:38.419,0.96942,0.96954,1.50,2.25
2011.11.25 01:57:38.994,0.96941,0.96953,1.50,2.10
2011.11.25 01:57:39.111,0.96937,0.96949,3.00,1.50
2011.11.25 01:57:39.341,0.96937,0.96949,1.50,1.50
2011.11.25 01:57:39.909,0.96938,0.9695,1.50,2.25
2011.11.25 01:57:40.301,0.96941,0.96951,1.50,2.25
2011.11.25 01:57:40.869,0.96943,0.96953,1.50,1.50
2011.11.25 01:57:41.112,0.96944,0.96956,1.50,2.25
2011.11.25 01:57:41.678,0.96944,0.96956,1.50,2.25
2011.11.25 01:57:42.645,0.96942,0.96954,1.50,2.25
2011.11.25 01:57:44.390,0.96942,0.96954,1.50,2.25
2011.11.25 01:57:44.960,0.96942,0.96952,1.50,1.50
2011.11.25 01:57:45.529,0.96943,0.96953,1.50,1.50
2011.11.25 01:57:47.102,0.96942,0.96952,1.50,1.50
2011.11.25 01:57:47.225,0.96942,0.96954,1.50,2.25
2011.11.25 01:57:47.473,0.96942,0.96954,1.50,2.25
2011.11.25 01:57:47.595,0.96942,0.96953,1.50,1.13
2011.11.25 01:57:47.849,0.96936,0.96948,4.13,1.50
2011.11.25 01:57:48.452,0.96937,0.96947,2.33,1.50
2011.11.25 01:57:48.572,0.96937,0.96949,2.33,1.88
2011.11.25 01:57:48.815,0.96936,0.96946,1.50,1.50
2011.11.25 01:57:49.627,0.96934,0.96945,3.00,1.13
2011.11.25 01:57:49.745,0.96934,0.9694,1.50,1.13
2011.11.25 01:57:50.000,0.96925,0.96937,1.50,1.88
2011.11.25 01:57:50.126,0.96925,0.96936,2.25,1.69
2011.11.25 01:57:50.378,0.96924,0.96934,1.50,2.25
2011.11.25 01:57:50.508,0.96921,0.96933,1.50,1.50
2011.11.25 01:57:50.632,0.96923,0.96935,1.50,2.25
2011.11.25 01:57:50.981,0.96925,0.96937,1.50,2.25
2011.11.25 01:57:51.769,0.96925,0.96935,2.25,2.25
2011.11.25 01:57:52.133,0.96933,0.96945,1.50,1.50
2011.11.25 01:57:52.256,0.96933,0.96945,1.50,2.25
2011.11.25 01:57:52.380,0.96933,0.96945,1.50,2.25
2011.11.25 01:57:52.953,0.96931,0.96943,1.50,2.25
2011.11.25 01:57:53.514,0.96932,0.96944,2.25,2.25
2011.11.25 01:57:53.634,0.96933,0.96944,1.13,2.25
2011.11.25 01:57:53.982,0.96934,0.96944,1.13,1.50
2011.11.25 01:57:54.228,0.96942,0.96954,1.50,2.25
2011.11.25 01:57:54.827,0.9694,0.96952,1.50,1.50
2011.11.25 01:57:54.960,0.96943,0.96953,1.50,2.25
2011.11.25 01:57:55.082,0.96941,0.96953,1.50,2.25
2011.11.25 01:57:55.530,0.96943,0.96953,1.50,2.25
2011.11.25 01:57:55.894,0.96937,0.96949,1.50,2.25
2011.11.25 01:57:56.011,0.96934,0.96946,2.25,2.25
2011.11.25 01:57:56.134,0.96933,0.96943,2.25,1.50
2011.11.25 01:57:56.373,0.96936,0.96948,1.50,1.50
2011.11.25 01:57:56.613,0.96934,0.96946,2.25,1.50
2011.11.25 01:57:57.180,0.96935,0.96945,2.25,1.50
2011.11.25 01:57:57.694,0.96936,0.96946,1.50,1.50
2011.11.25 01:57:58.366,0.96935,0.96947,2.25,2.25
2011.11.25 01:58:00.369,0.96935,0.96947,3.00,1.50
2011.11.25 01:58:00.932,0.96938,0.96948,1.50,1.50
2011.11.25 01:58:01.395,0.96936,0.96948,1.50,2.25
2011.11.25 01:58:01.510,0.96936,0.96948,1.50,2.25
2011.11.25 01:58:01.752,0.96931,0.96943,2.25,1.50
2011.11.25 01:58:02.309,0.96932,0.96944,2.25,1.50
2011.11.25 01:58:03.550,0.96932,0.96944,2.25,1.50
2011.11.25 01:58:03.790,0.96931,0.96943,2.25,1.50
2011.11.25 01:58:03.909,0.96933,0.96943,1.50,1.50
2011.11.25 01:58:04.963,0.96935,0.96947,1.50,1.50
2011.11.25 01:58:05.087,0.96938,0.96948,1.50,1.50
2011.11.25 01:58:05.452,0.96941,0.96951,1.50,2.25
2011.11.25 01:58:05.697,0.96944,0.96956,1.50,2.25
2011.11.25 01:58:05.830,0.96947,0.96958,1.50,1.37
2011.11.25 01:58:06.384,0.9695,0.96962,1.50,2.25
2011.11.25 01:58:06.859,0.96951,0.96961,1.50,1.50
2011.11.25 01:58:07.545,0.96949,0.96959,1.50,1.50
2011.11.25 01:58:07.791,0.96949,0.96961,1.50,1.50
2011.11.25 01:58:08.373,0.96948,0.9696,2.25,1.50
2011.11.25 01:58:08.645,0.96949,0.96961,2.25,1.88
2011.11.25 01:58:09.285,0.96939,0.96949,2.25,1.50
2011.11.25 01:58:09.414,0.96939,0.96951,2.25,1.50
2011.11.25 01:58:10.733,0.96943,0.96953,1.50,2.25
2011.11.25 01:58:11.070,0.96943,0.96953,2.25,1.50
2011.11.25 01:58:11.424,0.96943,0.96953,2.25,1.50
2011.11.25 01:58:11.664,0.96949,0.96961,1.50,1.50
2011.11.25 01:58:11.781,0.96949,0.96959,1.50,1.50
2011.11.25 01:58:12.479,0.96946,0.96958,1.50,1.50
2011.11.25 01:58:13.138,0.96942,0.96952,1.50,1.50
2011.11.25 01:58:13.497,0.96939,0.96949,2.25,1.50
2011.11.25 01:58:13.860,0.96934,0.96946,2.25,1.50
2011.11.25 01:58:14.101,0.96936,0.96948,2.25,1.50
2011.11.25 01:58:14.450,0.96937,0.96947,2.25,1.50
2011.11.25 01:58:15.031,0.96937,0.96947,1.50,1.50
2011.11.25 01:58:16.250,0.96937,0.96949,2.25,1.50
2011.11.25 01:58:17.849,0.96937,0.96949,2.25,1.50
2011.11.25 01:58:18.201,0.96937,0.96947,2.25,1.50
2011.11.25 01:58:18.440,0.9694,0.9695,1.50,1.50
2011.11.25 01:58:18.781,0.96942,0.96954,1.50,2.25
2011.11.25 01:58:19.680,0.96941,0.96953,1.50,1.50
2011.11.25 01:58:20.143,0.96947,0.96957,1.50,2.33
2011.11.25 01:58:21.385,0.96944,0.96956,2.25,1.50
2011.11.25 01:58:21.980,0.96946,0.96956,1.50,1.50
2011.11.25 01:58:22.875,0.9695,0.9696,1.50,1.50
2011.11.25 01:58:24.183,0.96948,0.96958,2.25,1.13
2011.11.25 01:58:24.540,0.96948,0.96955,1.50,1.50
2011.11.25 01:58:24.902,0.9694,0.9695,2.25,1.50
2011.11.25 01:58:26.317,0.96942,0.96954,2.25,1.50
2011.11.25 01:58:26.443,0.96946,0.96956,1.50,1.50
2011.11.25 01:58:26.565,0.96948,0.9696,1.50,2.25
2011.11.25 01:58:26.691,0.9695,0.9696,1.50,2.25
2011.11.25 01:58:27.043,0.96948,0.96958,2.25,1.50
2011.11.25 01:58:27.160,0.9695,0.96962,1.50,1.50
2011.11.25 01:58:27.613,0.96949,0.96959,2.25,1.50
2011.11.25 01:58:28.210,0.96949,0.96959,2.25,1.50
2011.11.25 01:58:28.722,0.9695,0.9696,2.25,1.50
2011.11.25 01:58:29.293,0.96946,0.96958,2.25,1.50
2011.11.25 01:58:29.410,0.96946,0.96958,2.25,1.50
2011.11.25 01:58:29.863,0.96941,0.96953,2.25,1.50
2011.11.25 01:58:30.595,0.96943,0.96953,1.50,1.50
2011.11.25 01:58:31.401,0.96945,0.96957,1.50,2.25
2011.11.25 01:58:32.364,0.96944,0.96956,1.50,2.25
2011.11.25 01:58:33.370,0.96945,0.96957,1.50,2.25
2011.11.25 01:58:34.040,0.96945,0.96957,2.25,2.25
2011.11.25 01:58:34.608,0.96948,0.96958,1.50,2.25
2011.11.25 01:58:35.238,0.96954,0.96963,1.50,1.50
2011.11.25 01:58:35.365,0.96952,0.96962,1.50,2.25
2011.11.25 01:58:36.784,0.96949,0.96959,2.25,1.50
2011.11.25 01:58:37.019,0.96949,0.96961,2.25,1.50
2011.11.25 01:58:38.556,0.96949,0.96957,2.25,1.35
2011.11.25 01:58:38.803,0.96944,0.96953,1.50,1.50
2011.11.25 01:58:39.672,0.96944,0.96953,1.50,2.33
2011.11.25 01:58:39.800,0.96941,0.96951,1.50,1.50
2011.11.25 01:58:40.744,0.96946,0.96953,1.50,1.20
2011.11.25 01:58:41.101,0.96946,0.96959,2.25,2.87
2011.11.25 01:58:41.330,0.96949,0.96959,1.50,3.00
2011.11.25 01:58:42.277,0.96949,0.96959,2.25,2.25
2011.11.25 01:58:42.400,0.96953,0.96963,1.50,2.33
2011.11.25 01:58:42.520,0.96953,0.96963,1.50,2.25
2011.11.25 01:58:42.640,0.96948,0.96963,2.25,3.00
2011.11.25 01:58:42.873,0.96953,0.96963,1.50,2.25
2011.11.25 01:58:42.990,0.96949,0.96959,2.25,1.50
2011.11.25 01:58:43.482,0.96949,0.96959,1.50,2.25
2011.11.25 01:58:43.831,0.96949,0.96961,2.25,1.50
2011.11.25 01:58:44.419,0.96948,0.9696,2.25,1.50
2011.11.25 01:58:44.650,0.96948,0.9696,2.25,2.25
2011.11.25 01:58:45.110,0.96948,0.9696,2.25,1.50
2011.11.25 01:58:45.668,0.96948,0.9696,2.25,1.50
2011.11.25 01:58:45.789,0.9695,0.96962,2.25,2.25
2011.11.25 01:58:46.350,0.96953,0.96964,1.50,2.25
2011.11.25 01:58:47.578,0.96953,0.96964,1.50,2.25
2011.11.25 01:58:48.456,0.96952,0.96962,1.50,2.25
2011.11.25 01:58:48.827,0.96959,0.96965,1.50,1.50
2011.11.25 01:58:48.958,0.96959,0.96967,1.50,1.50
2011.11.25 01:58:49.084,0.96959,0.96969,1.50,2.85
2011.11.25 01:58:49.556,0.96955,0.96965,1.50,1.50
2011.11.25 01:58:51.337,0.9696,0.9697,1.50,2.10
2011.11.25 01:58:51.909,0.96959,0.96969,1.50,2.10
2011.11.25 01:58:52.473,0.96958,0.9697,2.25,2.10
2011.11.25 01:58:53.039,0.96956,0.96968,2.25,1.50
2011.11.25 01:58:53.603,0.9696,0.96971,1.50,2.85
2011.11.25 01:58:54.390,0.9696,0.96971,1.50,1.50
2011.11.25 01:58:54.742,0.9696,0.96968,1.50,1.50
2011.11.25 01:58:54.988,0.96952,0.96964,2.25,1.50
2011.11.25 01:58:55.114,0.96956,0.96966,1.50,1.50
2011.11.25 01:58:55.798,0.96956,0.96968,1.50,1.50
2011.11.25 01:58:56.389,0.96957,0.96969,1.50,1.50
2011.11.25 01:58:56.741,0.9696,0.9697,1.50,1.50
2011.11.25 01:58:58.079,0.96961,0.96973,1.50,2.33
2011.11.25 01:58:58.589,0.96958,0.9697,2.25,1.50
2011.11.25 01:58:59.261,0.96958,0.9697,1.50,1.50
2011.11.25 01:58:59.901,0.96956,0.96968,1.50,1.50
2011.11.25 01:59:00.489,0.96957,0.96969,1.50,1.50
2011.11.25 01:59:01.059,0.96957,0.96969,2.25,1.50
2011.11.25 01:59:01.559,0.96957,0.96969,1.50,1.50
2011.11.25 01:59:04.652,0.9696,0.96972,1.50,1.58
2011.11.25 01:59:05.401,0.96969,0.96981,1.50,2.25
2011.11.25 01:59:05.959,0.96968,0.9698,1.50,1.50
2011.11.25 01:59:06.299,0.96966,0.96978,1.50,1.50
2011.11.25 01:59:06.694,0.96967,0.96978,1.50,2.07
2011.11.25 01:59:06.923,0.96962,0.96972,2.25,1.50
2011.11.25 01:59:07.372,0.9696,0.9697,2.25,1.50
2011.11.25 01:59:07.715,0.96962,0.96972,1.50,1.50
2011.11.25 01:59:08.311,0.9696,0.9697,1.50,1.50
2011.11.25 01:59:08.670,0.96957,0.96967,2.25,1.50
2011.11.25 01:59:08.789,0.96957,0.96969,2.25,1.50
2011.11.25 01:59:09.471,0.96957,0.96969,1.50,2.63
2011.11.25 01:59:09.902,0.96957,0.96969,1.50,3.38
2011.11.25 01:59:10.030,0.96955,0.96965,2.25,1.50
2011.11.25 01:59:10.265,0.96957,0.96969,1.50,1.50
2011.11.25 01:59:10.390,0.96959,0.96971,1.50,1.88
2011.11.25 01:59:10.969,0.96958,0.96969,1.50,1.13
2011.11.25 01:59:14.442,0.96958,0.96968,1.50,1.13
2011.11.25 01:59:14.800,0.96958,0.96966,1.50,1.13
2011.11.25 01:59:15.454,0.96952,0.96962,1.50,1.50
2011.11.25 01:59:15.694,0.96954,0.96966,1.50,2.25
2011.11.25 01:59:15.814,0.96954,0.96964,1.50,1.50
2011.11.25 01:59:16.163,0.96958,0.96969,1.50,1.50
2011.11.25 01:59:16.718,0.96957,0.96967,1.50,1.50
2011.11.25 01:59:17.550,0.96958,0.9697,1.50,3.38
2011.11.25 01:59:18.569,0.96958,0.9697,2.25,2.25
2011.11.25 01:59:18.810,0.96959,0.9697,1.50,1.50
2011.11.25 01:59:19.039,0.96961,0.96973,2.25,1.50
2011.11.25 01:59:19.600,0.96962,0.96974,1.50,2.25
2011.11.25 01:59:19.721,0.96962,0.96972,1.50,1.50
2011.11.25 01:59:21.080,0.96964,0.96976,1.50,2.25
2011.11.25 01:59:21.202,0.96968,0.9698,1.50,2.25
2011.11.25 01:59:21.549,0.9697,0.9698,1.50,2.25
2011.11.25 01:59:21.668,0.96967,0.96979,1.50,2.25
2011.11.25 01:59:22.679,0.96966,0.96978,1.50,1.50
2011.11.25 01:59:23.582,0.96968,0.9698,1.50,1.50
2011.11.25 01:59:23.939,0.96968,0.96978,1.50,1.58
2011.11.25 01:59:24.169,0.96966,0.96978,1.50,3.45
2011.11.25 01:59:24.289,0.96964,0.96974,1.50,1.50
2011.11.25 01:59:24.850,0.96964,0.96976,1.50,1.50
2011.11.25 01:59:25.211,0.96964,0.96974,1.50,1.50
2011.11.25 01:59:25.569,0.96967,0.96979,1.50,2.25
2011.11.25 01:59:25.695,0.96969,0.96981,1.50,1.80
2011.11.25 01:59:26.302,0.96973,0.96985,1.50,1.50
2011.11.25 01:59:26.893,0.96978,0.96984,1.50,1.50
2011.11.25 01:59:27.251,0.96986,0.96994,1.50,1.50
2011.11.25 01:59:27.378,0.96983,0.96993,1.50,1.50
2011.11.25 01:59:27.502,0.96981,0.96993,1.50,2.25
2011.11.25 01:59:27.742,0.96979,0.96991,1.50,1.50
2011.11.25 01:59:28.310,0.96979,0.96991,1.50,2.25
2011.11.25 01:59:29.539,0.96979,0.96991,1.50,1.50
2011.11.25 01:59:29.894,0.96977,0.96985,1.50,1.50
2011.11.25 01:59:30.515,0.96969,0.96981,3.75,1.50
2011.11.25 01:59:30.651,0.96969,0.96981,3.00,1.50
2011.11.25 01:59:30.886,0.96979,0.9699,1.50,1.50
2011.11.25 01:59:31.012,0.96977,0.96989,1.50,1.50
2011.11.25 01:59:33.680,0.96974,0.96986,1.50,1.50
2011.11.25 01:59:34.019,0.96973,0.96983,1.50,1.50
2011.11.25 01:59:34.291,0.96974,0.96986,1.50,2.25
2011.11.25 01:59:36.851,0.96977,0.96987,1.50,1.50
2011.11.25 01:59:37.460,0.96971,0.96981,1.50,1.50
2011.11.25 01:59:37.586,0.96971,0.96983,1.50,1.50
2011.11.25 01:59:43.119,0.96971,0.96983,2.25,1.50
2011.11.25 01:59:43.363,0.96976,0.96988,1.50,1.50
2011.11.25 01:59:43.480,0.96979,0.96989,1.50,2.25
2011.11.25 01:59:44.161,0.96979,0.96991,1.50,2.25
2011.11.25 01:59:45.150,0.96979,0.96991,4.13,1.50
2011.11.25 01:59:45.282,0.96988,0.96998,1.50,1.50
2011.11.25 01:59:45.647,0.96986,0.96996,1.50,2.25
2011.11.25 01:59:45.778,0.9698,0.96992,1.50,1.50
2011.11.25 01:59:45.901,0.96978,0.9699,1.50,1.50
2011.11.25 01:59:46.252,0.9698,0.9699,1.50,1.50
2011.11.25 01:59:47.500,0.9698,0.9699,2.25,1.50
2011.11.25 01:59:47.740,0.96986,0.96998,1.50,2.25
2011.11.25 01:59:48.243,0.96985,0.96997,1.50,2.25
2011.11.25 01:59:49.352,0.96982,0.96994,2.25,1.50
2011.11.25 01:59:49.709,0.9698,0.96992,1.50,1.50
2011.11.25 01:59:51.283,0.96981,0.96993,1.50,1.50
2011.11.25 01:59:51.630,0.96988,0.97,1.50,2.25
2011.11.25 01:59:52.202,0.96989,0.96999,1.50,3.38
2011.11.25 01:59:52.441,0.96989,0.96999,1.50,4.95
2011.11.25 01:59:52.681,0.96983,0.96995,2.25,1.50
2011.11.25 01:59:53.141,0.96986,0.96998,1.50,1.50
2011.11.25 01:59:53.709,0.96985,0.96997,1.50,1.50
2011.11.25 01:59:54.629,0.96985,0.96997,1.50,2.25
2011.11.25 01:59:54.753,0.96983,0.96995,1.50,2.25
2011.11.25 01:59:54.871,0.96981,0.96993,1.50,1.50
2011.11.25 01:59:57.132,0.9698,0.96992,1.50,1.50
2011.11.25 01:59:57.251,0.96982,0.96992,1.50,1.50
2011.11.25 01:59:58.293,0.96985,0.96997,1.50,1.50
2011.11.25 01:59:59.106,0.96988,0.97,2.25,1.50
2011.11.25 01:59:59.478,0.96991,0.97003,1.50,2.25
2011.11.25 01:59:59.840,0.9699,0.97,1.50,1.50
