2015.09.30 14:00:00.223,0.70222,0.70232,1.35,1.50
2015.09.30 14:00:00.375,0.70222,0.70231,1.30,1.37
2015.09.30 14:00:00.478,0.70222,0.70232,2.85,1.00
2015.09.30 14:00:01.249,0.70224,0.70233,1.35,1.12
2015.09.30 14:00:01.300,0.70226,0.70233,1.00,1.00
2015.09.30 14:00:01.503,0.70228,0.70238,1.00,1.87
2015.09.30 14:00:02.135,0.70229,0.70238,1.00,1.37
2015.09.30 14:00:02.591,0.70231,0.70238,1.00,1.00
2015.09.30 14:00:02.904,0.70233,0.70241,1.00,1.12
2015.09.30 14:00:03.633,0.70232,0.70241,1.00,1.12
2015.09.30 14:00:04.147,0.70231,0.70241,1.12,1.12
2015.09.30 14:00:06.126,0.70231,0.7024,1.00,1.00
2015.09.30 14:00:06.228,0.7023,0.7024,1.00,1.75
2015.09.30 14:00:06.543,0.70226,0.70235,1.57,1.00
2015.09.30 14:00:06.646,0.70225,0.70234,1.37,1.12
2015.09.30 14:00:06.942,0.70224,0.70236,1.12,2.25
2015.09.30 14:00:06.995,0.70226,0.70236,1.00,3.00
2015.09.30 14:00:07.302,0.70224,0.70235,1.30,1.50
2015.09.30 14:00:07.894,0.70224,0.70234,1.00,1.50
2015.09.30 14:00:12.723,0.70224,0.70235,1.00,1.87
2015.09.30 14:00:13.701,0.70224,0.70235,1.12,1.75
2015.09.30 14:00:23.357,0.70225,0.70233,1.00,1.37
2015.09.30 14:00:23.720,0.70224,0.70233,1.00,2.25
2015.09.30 14:00:24.125,0.70222,0.70231,1.00,1.75
2015.09.30 14:00:24.651,0.70222,0.70232,2.85,1.50
2015.09.30 14:00:26.625,0.70224,0.70234,1.72,1.12
2015.09.30 14:00:26.778,0.70225,0.70235,1.37,1.00
2015.09.30 14:00:27.284,0.70227,0.70237,1.87,1.50
2015.09.30 14:00:27.796,0.70229,0.70239,1.75,1.00
2015.09.30 14:00:28.099,0.70229,0.70237,1.75,1.00
2015.09.30 14:00:28.453,0.70229,0.70237,1.00,1.00
2015.09.30 14:00:28.954,0.70227,0.70236,1.50,1.00
2015.09.30 14:00:29.461,0.70229,0.70237,1.12,1.12
2015.09.30 14:00:35.944,0.70229,0.70239,1.50,1.00
2015.09.30 14:00:36.599,0.7023,0.70241,1.37,1.87
2015.09.30 14:00:37.774,0.70229,0.70238,1.75,1.00
2015.09.30 14:00:37.876,0.70227,0.70236,1.87,1.00
2015.09.30 14:00:37.977,0.70226,0.70236,1.12,2.25
2015.09.30 14:00:38.554,0.70223,0.70233,1.37,1.00
2015.09.30 14:00:38.859,0.70222,0.70232,1.12,2.25
2015.09.30 14:00:41.963,0.70222,0.70232,1.50,1.12
2015.09.30 14:00:45.944,0.70223,0.70232,1.00,1.12
2015.09.30 14:00:47.541,0.70222,0.70233,2.25,2.25
2015.09.30 14:00:50.663,0.70223,0.70234,1.00,3.75
2015.09.30 14:00:51.207,0.70222,0.70232,1.12,1.12
2015.09.30 14:00:55.405,0.70222,0.70231,1.12,1.00
2015.09.30 14:00:56.259,0.70221,0.70231,1.87,1.87
2015.09.30 14:00:56.978,0.70223,0.70231,1.00,1.37
2015.09.30 14:00:57.269,0.70223,0.70233,2.25,1.12
2015.09.30 14:00:57.829,0.70227,0.70234,1.00,1.37
2015.09.30 14:00:58.343,0.70227,0.70234,1.00,1.00
2015.09.30 14:00:59.822,0.70225,0.70234,2.25,1.00
2015.09.30 14:01:00.284,0.70227,0.70234,1.00,1.00
2015.09.30 14:01:00.643,0.70229,0.70236,1.00,1.00
2015.09.30 14:01:01.098,0.70229,0.70238,1.37,1.00
2015.09.30 14:01:01.921,0.70228,0.70238,1.50,1.00
2015.09.30 14:01:03.408,0.70228,0.70237,1.37,1.00
2015.09.30 14:01:04.059,0.70227,0.70237,1.37,1.87
2015.09.30 14:01:05.837,0.70225,0.70235,3.37,1.00
2015.09.30 14:01:05.888,0.70225,0.70235,2.62,1.50
2015.09.30 14:01:06.287,0.70223,0.70234,1.87,1.75
2015.09.30 14:01:06.794,0.70224,0.70233,1.30,1.50
2015.09.30 14:01:07.104,0.70222,0.70232,1.72,2.25
2015.09.30 14:01:07.424,0.70221,0.70231,3.22,2.25
2015.09.30 14:01:08.127,0.70222,0.70232,2.47,1.85
2015.09.30 14:01:08.178,0.70224,0.70233,2.10,1.95
2015.09.30 14:01:08.229,0.70223,0.70233,2.85,1.95
2015.09.30 14:01:08.735,0.70224,0.70233,1.35,1.50
2015.09.30 14:01:12.736,0.70223,0.70235,2.47,3.37
2015.09.30 14:01:13.248,0.70223,0.70234,3.97,1.50
2015.09.30 14:01:14.258,0.70223,0.70235,4.35,1.87
2015.09.30 14:01:14.855,0.70223,0.70235,4.35,1.87
2015.09.30 14:01:15.533,0.70223,0.70234,2.25,1.50
2015.09.30 14:01:16.155,0.70224,0.70235,2.10,1.87
2015.09.30 14:01:16.257,0.70223,0.70235,2.85,1.87
2015.09.30 14:01:16.765,0.70223,0.70235,4.35,1.87
2015.09.30 14:01:17.443,0.70223,0.70235,2.85,1.87
2015.09.30 14:01:18.100,0.70223,0.70234,2.85,2.25
2015.09.30 14:01:18.398,0.70223,0.70234,2.10,1.75
2015.09.30 14:01:18.805,0.70222,0.70234,2.10,1.75
2015.09.30 14:01:22.489,0.70223,0.70233,2.10,2.25
2015.09.30 14:01:24.197,0.70223,0.70233,1.67,1.50
2015.09.30 14:01:24.720,0.70223,0.70231,1.67,1.00
2015.09.30 14:01:25.729,0.70222,0.7023,2.85,1.00
2015.09.30 14:01:26.866,0.70223,0.70231,2.47,1.00
2015.09.30 14:01:27.469,0.70224,0.70233,1.30,1.00
2015.09.30 14:01:27.622,0.70225,0.70234,3.60,1.12
2015.09.30 14:01:28.145,0.70225,0.70233,1.87,1.00
2015.09.30 14:01:28.399,0.70224,0.70232,1.00,1.00
2015.09.30 14:01:30.464,0.70224,0.70231,1.30,1.00
2015.09.30 14:01:30.975,0.70222,0.70233,2.05,1.37
2015.09.30 14:01:34.364,0.70224,0.70231,1.30,1.00
2015.09.30 14:01:35.628,0.70222,0.70231,3.22,1.00
2015.09.30 14:01:36.135,0.70222,0.70231,1.35,1.00
2015.09.30 14:01:36.237,0.70223,0.70231,2.10,1.00
2015.09.30 14:01:36.796,0.70224,0.70231,2.47,1.00
2015.09.30 14:01:39.839,0.70223,0.70231,1.35,1.00
2015.09.30 14:01:40.372,0.70224,0.70231,2.10,1.00
2015.09.30 14:01:40.878,0.70223,0.70232,2.85,1.00
2015.09.30 14:01:41.416,0.70224,0.70232,1.35,1.00
2015.09.30 14:01:41.467,0.70223,0.70235,5.47,1.50
2015.09.30 14:01:42.925,0.70227,0.70237,1.00,1.75
2015.09.30 14:01:43.026,0.70227,0.70238,1.75,1.50
2015.09.30 14:01:43.542,0.70229,0.70238,1.00,1.00
2015.09.30 14:01:44.800,0.70229,0.70239,1.00,1.50
2015.09.30 14:01:44.851,0.70227,0.70239,2.62,1.12
2015.09.30 14:01:46.869,0.70229,0.70239,1.87,1.00
2015.09.30 14:01:48.718,0.70228,0.70239,1.50,1.50
2015.09.30 14:01:51.985,0.70228,0.70239,1.50,1.37
2015.09.30 14:01:57.265,0.7023,0.70239,1.00,1.00
2015.09.30 14:01:59.269,0.70228,0.70239,1.87,1.12
2015.09.30 14:01:59.573,0.70228,0.70237,1.12,1.50
2015.09.30 14:01:59.996,0.70226,0.70237,1.00,1.50
2015.09.30 14:02:02.644,0.70227,0.70237,1.37,1.50
2015.09.30 14:02:03.156,0.70227,0.70236,1.87,1.00
2015.09.30 14:02:03.308,0.70228,0.70239,1.72,1.50
2015.09.30 14:02:03.840,0.7023,0.70239,1.00,1.50
2015.09.30 14:02:04.555,0.70232,0.70241,2.47,2.25
2015.09.30 14:02:05.064,0.70232,0.70241,1.30,1.37
2015.09.30 14:02:05.591,0.70233,0.70241,1.30,1.12
2015.09.30 14:02:06.096,0.70233,0.70241,2.47,1.12
2015.09.30 14:02:06.701,0.70233,0.70241,1.30,1.12
2015.09.30 14:02:09.780,0.70233,0.70241,2.47,1.12
2015.09.30 14:02:10.315,0.70233,0.70242,2.47,1.00
2015.09.30 14:02:10.821,0.70233,0.70242,1.30,1.00
2015.09.30 14:02:12.772,0.70231,0.70241,3.22,1.00
2015.09.30 14:02:13.278,0.70231,0.7024,1.87,1.00
2015.09.30 14:02:16.080,0.70233,0.7024,1.37,1.00
2015.09.30 14:02:16.181,0.70233,0.7024,1.12,1.00
2015.09.30 14:02:16.434,0.70234,0.70246,1.12,1.87
2015.09.30 14:02:16.542,0.70236,0.70246,1.12,1.57
2015.09.30 14:02:16.593,0.70236,0.70245,2.62,1.00
2015.09.30 14:02:17.098,0.70236,0.70246,1.12,1.57
2015.09.30 14:02:17.667,0.70236,0.70246,1.87,1.00
2015.09.30 14:02:18.425,0.70236,0.70248,2.62,1.95
2015.09.30 14:02:20.297,0.70238,0.70247,1.00,1.12
2015.09.30 14:02:20.808,0.70238,0.70247,1.37,1.12
2015.09.30 14:02:20.910,0.70237,0.70246,1.00,1.00
2015.09.30 14:02:21.417,0.70238,0.70248,1.00,1.65
2015.09.30 14:02:21.954,0.70237,0.70248,1.12,2.40
2015.09.30 14:02:23.116,0.70237,0.70246,1.72,1.00
2015.09.30 14:02:23.318,0.70237,0.70243,1.12,1.00
2015.09.30 14:02:23.623,0.70235,0.70242,1.00,1.00
2015.09.30 14:02:23.674,0.70234,0.70244,1.12,1.20
2015.09.30 14:02:23.877,0.70234,0.70244,2.10,1.00
2015.09.30 14:02:24.309,0.70234,0.70244,1.12,1.12
2015.09.30 14:02:24.616,0.70234,0.70242,1.12,1.00
2015.09.30 14:02:30.352,0.70232,0.70242,2.10,1.00
2015.09.30 14:02:30.857,0.70232,0.70242,2.10,1.50
2015.09.30 14:02:31.495,0.70232,0.70242,1.00,1.50
2015.09.30 14:02:32.824,0.70232,0.70242,2.85,1.50
2015.09.30 14:02:33.330,0.70232,0.70242,2.10,1.50
2015.09.30 14:02:33.634,0.70232,0.7024,1.00,1.00
2015.09.30 14:02:34.175,0.7023,0.7024,1.50,1.37
2015.09.30 14:02:36.239,0.70233,0.70241,1.00,1.00
2015.09.30 14:02:36.746,0.70233,0.70242,1.00,1.00
2015.09.30 14:02:37.252,0.70232,0.70242,1.00,1.00
2015.09.30 14:02:38.312,0.70234,0.70242,1.00,1.00
2015.09.30 14:02:38.717,0.70236,0.70245,1.12,1.00
2015.09.30 14:02:38.869,0.70238,0.70246,1.00,1.20
2015.09.30 14:02:39.175,0.70242,0.70249,1.00,1.37
2015.09.30 14:02:39.479,0.70252,0.70257,1.00,1.00
2015.09.30 14:02:39.749,0.7025,0.70261,1.75,1.87
2015.09.30 14:02:39.901,0.7025,0.70258,1.75,1.00
2015.09.30 14:02:40.559,0.7025,0.70257,1.75,1.00
2015.09.30 14:02:41.672,0.7025,0.70259,1.75,1.00
2015.09.30 14:02:57.039,0.70253,0.70259,1.50,1.00
2015.09.30 14:02:57.191,0.70255,0.70261,1.12,1.00
2015.09.30 14:02:57.841,0.70255,0.70262,1.00,1.00
2015.09.30 14:02:58.196,0.70252,0.70261,1.37,1.00
2015.09.30 14:02:58.840,0.70252,0.7026,1.37,1.00
2015.09.30 14:02:59.353,0.70251,0.7026,1.37,1.00
2015.09.30 14:03:00.080,0.70251,0.7026,1.00,1.00
2015.09.30 14:03:00.864,0.70253,0.7026,1.00,1.00
2015.09.30 14:03:01.374,0.70251,0.70261,3.37,1.50
2015.09.30 14:03:01.880,0.70251,0.7026,1.87,1.00
2015.09.30 14:03:02.291,0.70251,0.70261,2.25,1.12
2015.09.30 14:03:02.802,0.70251,0.7026,1.87,1.00
2015.09.30 14:03:03.414,0.70251,0.70258,1.00,1.00
2015.09.30 14:03:03.931,0.70251,0.70259,1.00,1.87
2015.09.30 14:03:05.508,0.70252,0.7026,1.00,1.00
2015.09.30 14:03:06.836,0.70251,0.7026,1.87,1.00
2015.09.30 14:03:07.144,0.70253,0.7026,1.00,1.00
2015.09.30 14:03:07.602,0.70253,0.70262,1.12,1.50
2015.09.30 14:03:08.108,0.70252,0.70261,1.00,1.00
2015.09.30 14:03:09.311,0.70252,0.70262,1.87,2.25
2015.09.30 14:03:12.568,0.70254,0.70262,1.72,1.00
2015.09.30 14:03:12.955,0.70257,0.70268,2.10,2.25
2015.09.30 14:03:13.007,0.70258,0.70267,1.50,1.00
2015.09.30 14:03:13.422,0.70258,0.70269,1.50,1.50
2015.09.30 14:03:17.242,0.7026,0.7027,1.00,2.25
2015.09.30 14:03:19.147,0.7026,0.70268,1.12,1.00
2015.09.30 14:03:20.021,0.7026,0.70269,1.12,1.00
2015.09.30 14:03:21.967,0.70259,0.70269,1.00,1.12
2015.09.30 14:03:26.299,0.70257,0.70268,1.95,1.00
2015.09.30 14:03:26.727,0.70257,0.70267,1.12,1.12
2015.09.30 14:03:27.862,0.70257,0.70265,1.00,1.00
2015.09.30 14:03:27.964,0.70255,0.70264,1.00,1.00
2015.09.30 14:03:28.167,0.70252,0.70262,1.12,1.00
2015.09.30 14:03:28.268,0.70253,0.70264,1.00,1.87
2015.09.30 14:03:28.370,0.70257,0.70262,2.10,1.00
2015.09.30 14:03:28.472,0.70257,0.70265,2.10,1.57
2015.09.30 14:03:28.523,0.70254,0.70265,1.37,1.47
2015.09.30 14:03:28.968,0.70251,0.70262,1.37,1.37
2015.09.30 14:03:29.632,0.70251,0.7026,1.37,1.00
2015.09.30 14:03:30.428,0.7025,0.7026,1.47,1.12
2015.09.30 14:03:30.934,0.7025,0.7026,1.72,1.50
2015.09.30 14:03:31.400,0.70251,0.7026,2.47,1.12
2015.09.30 14:03:31.908,0.70252,0.7026,2.10,1.00
2015.09.30 14:03:32.435,0.70252,0.70261,2.10,1.00
2015.09.30 14:03:32.487,0.70252,0.70263,1.67,1.12
2015.09.30 14:03:32.949,0.70251,0.70261,1.87,1.00
2015.09.30 14:03:35.636,0.70252,0.70263,1.50,1.00
2015.09.30 14:03:35.738,0.70253,0.70265,2.47,2.77
2015.09.30 14:03:35.789,0.70255,0.70265,1.00,2.32
2015.09.30 14:03:36.044,0.70254,0.70265,1.75,1.50
2015.09.30 14:03:38.967,0.70256,0.70266,1.75,1.00
2015.09.30 14:03:42.944,0.70256,0.70266,1.75,1.00
2015.09.30 14:03:44.960,0.70256,0.70265,1.75,1.00
2015.09.30 14:03:46.867,0.7026,0.70267,1.00,1.50
2015.09.30 14:03:47.271,0.7026,0.70269,1.00,1.87
2015.09.30 14:03:47.322,0.70259,0.70269,1.75,1.87
2015.09.30 14:03:47.894,0.70262,0.7027,1.30,1.00
2015.09.30 14:03:47.946,0.70261,0.70272,2.10,1.12
2015.09.30 14:03:48.452,0.70262,0.70271,1.35,1.00
2015.09.30 14:03:49.519,0.70262,0.7027,1.35,1.00
2015.09.30 14:03:50.032,0.70262,0.7027,1.35,1.00
2015.09.30 14:03:50.542,0.70262,0.7027,1.35,1.00
2015.09.30 14:03:51.525,0.70262,0.7027,2.85,1.00
2015.09.30 14:03:51.626,0.70262,0.70272,2.85,1.50
2015.09.30 14:03:52.707,0.70262,0.70271,2.85,1.00
2015.09.30 14:03:52.859,0.70261,0.70271,1.00,1.50
2015.09.30 14:03:52.961,0.70259,0.7027,2.47,1.37
2015.09.30 14:03:55.042,0.70261,0.7027,2.47,1.37
2015.09.30 14:03:55.572,0.70261,0.70269,2.10,1.37
2015.09.30 14:03:55.623,0.7026,0.70269,1.30,1.37
2015.09.30 14:03:56.258,0.70259,0.70269,2.47,1.37
2015.09.30 14:03:57.326,0.7026,0.70269,1.30,1.37
2015.09.30 14:03:57.580,0.7026,0.70269,2.47,1.37
2015.09.30 14:03:57.783,0.7026,0.70269,1.30,1.37
2015.09.30 14:03:59.676,0.70258,0.70267,1.37,1.00
2015.09.30 14:04:02.320,0.7026,0.70266,1.00,1.00
2015.09.30 14:04:02.838,0.70259,0.70266,1.00,1.00
2015.09.30 14:04:03.224,0.70259,0.70263,1.00,1.00
2015.09.30 14:04:03.275,0.70256,0.70262,1.50,1.00
2015.09.30 14:04:03.477,0.70251,0.70261,1.37,1.12
2015.09.30 14:04:03.909,0.70249,0.70261,1.87,1.57
2015.09.30 14:04:04.543,0.70249,0.70261,1.87,1.57
2015.09.30 14:04:05.433,0.70249,0.70261,3.97,1.65
2015.09.30 14:04:05.636,0.70252,0.70262,1.30,1.20
2015.09.30 14:04:06.022,0.70253,0.70262,3.22,1.00
2015.09.30 14:04:06.793,0.70254,0.70263,1.37,1.12
2015.09.30 14:04:07.127,0.70255,0.70264,1.37,1.00
2015.09.30 14:04:07.807,0.70255,0.70263,1.37,1.00
2015.09.30 14:04:07.908,0.70254,0.70263,1.50,1.00
2015.09.30 14:04:09.816,0.70254,0.70263,1.37,1.00
2015.09.30 14:04:12.601,0.70254,0.70262,1.37,1.00
2015.09.30 14:04:12.803,0.70254,0.70264,1.37,1.00
2015.09.30 14:04:14.140,0.70254,0.70265,1.37,1.12
2015.09.30 14:04:14.193,0.70254,0.70265,1.37,1.12
2015.09.30 14:04:14.496,0.70254,0.70263,1.37,1.00
2015.09.30 14:04:15.109,0.70254,0.70264,2.62,1.00
2015.09.30 14:04:15.792,0.70256,0.70265,1.00,1.00
2015.09.30 14:04:17.908,0.70256,0.70266,1.87,1.00
2015.09.30 14:04:18.211,0.70257,0.70267,1.50,1.12
2015.09.30 14:04:18.722,0.7026,0.70268,1.00,1.00
2015.09.30 14:04:19.076,0.70258,0.7027,2.25,1.20
2015.09.30 14:04:19.228,0.7026,0.7027,1.50,1.00
2015.09.30 14:04:19.773,0.70261,0.7027,1.37,1.12
2015.09.30 14:04:20.279,0.70261,0.7027,1.00,1.00
2015.09.30 14:04:20.860,0.70261,0.70272,2.85,2.32
2015.09.30 14:04:21.113,0.70262,0.70272,2.47,1.12
2015.09.30 14:04:21.754,0.70262,0.70273,1.72,1.12
2015.09.30 14:04:21.858,0.7026,0.7027,2.85,1.12
2015.09.30 14:04:23.226,0.70261,0.7027,2.47,1.12
2015.09.30 14:04:23.733,0.70262,0.70271,1.35,1.37
2015.09.30 14:04:24.250,0.70262,0.7027,1.35,1.12
2015.09.30 14:04:24.453,0.70262,0.70273,3.22,1.12
2015.09.30 14:04:25.054,0.70262,0.70273,1.72,1.12
2015.09.30 14:04:25.384,0.70262,0.70272,1.00,1.50
2015.09.30 14:04:25.992,0.70261,0.70271,3.22,1.00
2015.09.30 14:04:26.508,0.70262,0.70272,2.85,1.12
2015.09.30 14:04:28.041,0.70262,0.70272,1.35,1.12
2015.09.30 14:04:28.708,0.70261,0.70271,1.12,1.12
2015.09.30 14:04:29.257,0.70261,0.7027,1.72,1.00
2015.09.30 14:04:29.729,0.70261,0.7027,2.85,1.00
2015.09.30 14:04:29.780,0.70262,0.70272,2.47,1.50
2015.09.30 14:04:29.831,0.70261,0.7027,1.72,1.00
2015.09.30 14:04:30.288,0.70259,0.70269,2.05,1.37
2015.09.30 14:04:30.899,0.7026,0.70269,1.35,1.50
2015.09.30 14:04:31.203,0.70262,0.7027,2.10,1.50
2015.09.30 14:04:31.456,0.70262,0.70271,2.47,1.00
2015.09.30 14:04:31.985,0.70262,0.70273,1.72,1.50
2015.09.30 14:04:32.499,0.70261,0.70272,1.37,1.12
2015.09.30 14:04:33.042,0.70262,0.70273,1.35,1.12
2015.09.30 14:04:33.145,0.70262,0.70271,2.10,1.00
2015.09.30 14:04:33.701,0.70261,0.70271,2.10,1.12
2015.09.30 14:04:34.230,0.70261,0.7027,1.30,1.00
2015.09.30 14:04:35.216,0.7026,0.7027,3.97,1.00
2015.09.30 14:04:35.742,0.7026,0.7027,3.22,1.37
2015.09.30 14:04:36.600,0.70261,0.7027,1.30,1.37
2015.09.30 14:04:37.297,0.70261,0.70269,2.10,1.00
2015.09.30 14:04:38.534,0.70261,0.70269,2.10,1.00
2015.09.30 14:04:39.302,0.7026,0.70269,2.47,1.00
2015.09.30 14:04:39.819,0.70261,0.7027,2.10,1.75
2015.09.30 14:04:40.294,0.70259,0.7027,1.12,1.75
2015.09.30 14:04:40.497,0.70257,0.70268,1.50,1.50
2015.09.30 14:04:41.029,0.70256,0.70266,1.37,1.12
2015.09.30 14:04:41.130,0.70256,0.70263,1.12,1.00
2015.09.30 14:04:41.283,0.70252,0.70261,1.00,1.00
2015.09.30 14:04:41.794,0.70251,0.70261,1.30,1.50
2015.09.30 14:04:42.317,0.70251,0.70261,2.47,1.50
2015.09.30 14:04:42.968,0.70252,0.70261,2.10,1.50
2015.09.30 14:04:43.473,0.70253,0.70261,1.30,1.00
2015.09.30 14:04:43.524,0.70253,0.70263,1.67,1.00
2015.09.30 14:04:44.288,0.70255,0.70267,3.22,1.50
2015.09.30 14:04:44.440,0.70256,0.70267,1.12,1.00
2015.09.30 14:04:46.607,0.70258,0.7027,1.12,2.32
2015.09.30 14:04:48.141,0.70257,0.70267,2.62,1.00
2015.09.30 14:04:48.839,0.70259,0.70269,1.00,1.50
2015.09.30 14:04:48.892,0.70259,0.70269,1.75,1.12
2015.09.30 14:04:49.246,0.70262,0.70272,1.50,1.12
2015.09.30 14:04:49.450,0.70263,0.70273,1.50,1.50
2015.09.30 14:04:49.867,0.70261,0.70271,1.37,1.37
2015.09.30 14:04:49.918,0.7026,0.70271,1.30,1.50
2015.09.30 14:04:50.676,0.70261,0.70271,2.10,1.50
2015.09.30 14:04:50.828,0.70262,0.70273,2.47,2.25
2015.09.30 14:04:51.070,0.70262,0.70274,3.60,2.25
2015.09.30 14:04:51.631,0.70262,0.70271,2.25,1.00
2015.09.30 14:04:51.733,0.70261,0.70271,1.87,1.00
2015.09.30 14:04:52.397,0.7026,0.7027,1.37,1.00
2015.09.30 14:04:53.356,0.7026,0.70268,1.37,1.00
2015.09.30 14:04:53.768,0.70258,0.70268,1.00,1.12
2015.09.30 14:04:53.870,0.70258,0.70266,1.00,1.00
2015.09.30 14:04:55.062,0.70256,0.70268,2.62,1.12
2015.09.30 14:04:55.921,0.70256,0.70267,2.02,1.00
2015.09.30 14:04:58.078,0.70256,0.70269,2.77,2.25
2015.09.30 14:04:59.439,0.70256,0.70267,2.02,1.00
2015.09.30 14:04:59.767,0.70256,0.70264,2.02,1.00
2015.09.30 14:05:00.071,0.70253,0.70263,1.85,1.37
2015.09.30 14:05:00.122,0.70253,0.70263,1.47,1.50
2015.09.30 14:05:00.223,0.70254,0.70264,2.10,1.50
2015.09.30 14:05:00.325,0.70256,0.70264,1.00,1.00
2015.09.30 14:05:00.871,0.70257,0.70265,1.12,1.00
2015.09.30 14:05:01.594,0.70257,0.70266,1.12,1.00
2015.09.30 14:05:03.841,0.70257,0.70266,1.37,1.00
2015.09.30 14:05:04.566,0.70257,0.70266,1.37,1.00
2015.09.30 14:05:05.073,0.70255,0.70265,1.57,1.00
2015.09.30 14:05:06.760,0.70254,0.70266,2.55,1.50
2015.09.30 14:05:07.476,0.70254,0.70266,1.95,1.50
2015.09.30 14:05:09.493,0.70254,0.70266,1.95,1.50
2015.09.30 14:05:11.798,0.70257,0.70266,1.37,1.00
2015.09.30 14:05:13.300,0.70257,0.70265,1.37,1.00
2015.09.30 14:05:13.806,0.70257,0.70265,1.00,1.12
2015.09.30 14:05:14.031,0.70255,0.70265,1.87,1.37
2015.09.30 14:05:14.082,0.70253,0.70263,1.00,1.12
2015.09.30 14:05:15.104,0.70254,0.70264,1.12,1.12
2015.09.30 14:05:16.290,0.70255,0.70264,1.00,1.37
2015.09.30 14:05:16.900,0.70254,0.70264,1.75,1.37
2015.09.30 14:05:18.904,0.70255,0.70263,1.00,1.12
2015.09.30 14:05:20.881,0.70253,0.70263,1.72,1.50
2015.09.30 14:05:21.384,0.70253,0.70261,1.12,1.00
2015.09.30 14:05:21.739,0.70251,0.7026,1.00,1.12
2015.09.30 14:05:22.350,0.70251,0.7026,1.60,1.50
2015.09.30 14:05:22.506,0.70253,0.70262,1.30,1.50
2015.09.30 14:05:22.811,0.70253,0.70264,1.12,1.37
2015.09.30 14:05:27.237,0.70254,0.70265,2.47,1.37
2015.09.30 14:05:27.288,0.70254,0.70265,1.87,1.12
2015.09.30 14:05:28.023,0.70262,0.70266,1.00,1.00
2015.09.30 14:05:28.176,0.70266,0.70272,1.12,1.10
2015.09.30 14:05:28.227,0.70264,0.70276,3.97,1.12
2015.09.30 14:05:28.279,0.70266,0.70279,1.20,1.75
2015.09.30 14:05:28.330,0.70268,0.70279,1.57,1.75
2015.09.30 14:05:28.754,0.70274,0.70282,1.20,2.62
2015.09.30 14:05:28.811,0.70275,0.70284,1.05,1.50
2015.09.30 14:05:28.913,0.70276,0.70286,1.37,1.75
2015.09.30 14:05:28.964,0.70276,0.70286,1.50,1.12
2015.09.30 14:05:29.218,0.70276,0.70286,2.02,1.12
2015.09.30 14:05:29.573,0.70279,0.70289,2.47,1.00
2015.09.30 14:05:30.106,0.70279,0.70291,1.87,1.50
2015.09.30 14:05:30.158,0.70284,0.70292,1.00,1.75
2015.09.30 14:05:30.464,0.70286,0.70297,3.00,2.25
2015.09.30 14:05:30.515,0.70286,0.70296,3.45,1.00
2015.09.30 14:05:30.835,0.70289,0.70299,1.12,1.00
2015.09.30 14:05:31.343,0.70289,0.70299,1.37,1.00
2015.09.30 14:05:31.889,0.70289,0.70301,2.85,1.37
2015.09.30 14:05:31.940,0.70289,0.70301,2.47,1.00
2015.09.30 14:05:32.345,0.70289,0.70299,2.47,1.00
2015.09.30 14:05:33.125,0.70286,0.70292,1.57,1.00
2015.09.30 14:05:33.229,0.70282,0.70292,1.75,1.00
2015.09.30 14:05:33.330,0.70282,0.70292,1.12,1.00
2015.09.30 14:05:33.786,0.70278,0.7029,2.55,1.00
2015.09.30 14:05:34.057,0.70278,0.7029,1.37,1.00
2015.09.30 14:05:34.413,0.70278,0.70288,1.37,1.00
2015.09.30 14:05:34.986,0.70277,0.70288,1.87,1.00
2015.09.30 14:05:35.241,0.70277,0.70288,1.00,1.00
2015.09.30 14:05:35.941,0.70277,0.70289,1.50,1.50
2015.09.30 14:05:36.455,0.70278,0.7029,1.00,1.00
2015.09.30 14:05:37.820,0.70278,0.70288,1.12,1.00
2015.09.30 14:05:39.779,0.70276,0.70286,1.37,1.00
2015.09.30 14:05:40.323,0.70275,0.70287,1.37,1.00
2015.09.30 14:05:40.833,0.70275,0.70287,1.37,1.00
2015.09.30 14:05:41.516,0.70274,0.70286,2.25,1.00
2015.09.30 14:05:41.947,0.70277,0.70287,1.37,1.00
2015.09.30 14:05:43.094,0.70278,0.70288,1.00,1.00
2015.09.30 14:05:43.650,0.70278,0.70287,1.00,1.00
2015.09.30 14:05:44.207,0.70274,0.70284,1.50,1.00
2015.09.30 14:05:44.360,0.7027,0.70282,1.87,1.47
2015.09.30 14:05:44.613,0.7027,0.70279,1.12,1.00
2015.09.30 14:05:44.716,0.70269,0.70279,1.50,1.12
2015.09.30 14:05:45.356,0.70269,0.70278,1.50,1.00
2015.09.30 14:05:47.506,0.70271,0.70282,1.37,1.95
2015.09.30 14:05:47.558,0.70274,0.70282,1.12,1.12
2015.09.30 14:05:48.014,0.70275,0.70285,1.37,1.47
2015.09.30 14:05:48.115,0.70277,0.70287,1.50,2.40
2015.09.30 14:05:48.217,0.70279,0.70288,1.00,1.20
2015.09.30 14:05:48.591,0.70279,0.70288,1.00,1.00
2015.09.30 14:05:50.105,0.70279,0.70288,1.00,1.37
2015.09.30 14:05:53.930,0.70278,0.70287,1.00,1.50
2015.09.30 14:05:54.182,0.70274,0.70286,2.25,1.12
2015.09.30 14:05:54.284,0.70274,0.70284,2.25,1.00
2015.09.30 14:05:54.335,0.70274,0.70284,1.37,1.37
2015.09.30 14:05:54.437,0.70273,0.70281,1.00,1.12
2015.09.30 14:05:54.746,0.70269,0.70281,1.87,2.25
2015.09.30 14:05:55.255,0.7027,0.7028,1.00,2.25
2015.09.30 14:05:55.560,0.70271,0.70281,2.10,1.00
2015.09.30 14:05:56.068,0.7027,0.70281,2.10,1.12
2015.09.30 14:05:57.027,0.7027,0.70281,1.75,1.12
2015.09.30 14:05:57.533,0.70271,0.70281,1.37,1.50
2015.09.30 14:05:58.797,0.70276,0.70281,1.00,1.12
2015.09.30 14:05:59.101,0.70276,0.70287,1.00,2.25
2015.09.30 14:06:01.302,0.70277,0.70288,1.00,1.87
2015.09.30 14:06:01.354,0.70279,0.70288,1.00,1.50
2015.09.30 14:06:01.405,0.70279,0.70289,1.37,1.87
2015.09.30 14:06:02.023,0.70279,0.70289,1.50,1.00
2015.09.30 14:06:02.934,0.70279,0.7029,1.50,1.12
2015.09.30 14:06:03.193,0.70286,0.7029,1.00,1.00
2015.09.30 14:06:03.244,0.70283,0.70291,1.00,1.00
2015.09.30 14:06:03.295,0.70283,0.70293,1.75,1.00
2015.09.30 14:06:03.598,0.70288,0.70297,1.00,1.50
2015.09.30 14:06:04.545,0.70287,0.70297,1.37,1.37
2015.09.30 14:06:05.121,0.70287,0.70295,1.00,1.12
2015.09.30 14:06:05.832,0.70287,0.70298,1.37,2.32
2015.09.30 14:06:06.144,0.70291,0.70303,3.22,3.75
2015.09.30 14:06:06.551,0.70294,0.70304,2.25,1.00
2015.09.30 14:06:06.602,0.70296,0.70304,1.00,1.50
2015.09.30 14:06:06.959,0.70296,0.70304,1.00,2.25
2015.09.30 14:06:07.010,0.70291,0.70301,1.00,1.12
2015.09.30 14:06:07.466,0.70291,0.703,1.00,1.87
2015.09.30 14:06:09.724,0.7029,0.70299,2.10,1.12
2015.09.30 14:06:10.263,0.70289,0.703,1.00,1.87
2015.09.30 14:06:10.770,0.70288,0.70299,1.00,2.25
2015.09.30 14:06:11.074,0.70288,0.70293,1.00,1.00
2015.09.30 14:06:11.371,0.70284,0.70294,1.37,1.50
2015.09.30 14:06:11.878,0.70284,0.70294,1.75,1.12
2015.09.30 14:06:13.511,0.70286,0.70297,1.00,1.95
2015.09.30 14:06:13.837,0.70286,0.70297,1.72,1.52
2015.09.30 14:06:16.338,0.70285,0.70295,1.87,1.50
2015.09.30 14:06:16.846,0.70286,0.70296,2.62,1.57
2015.09.30 14:06:18.155,0.70286,0.70296,2.62,1.10
2015.09.30 14:06:18.783,0.70286,0.70296,1.87,1.20
2015.09.30 14:06:19.295,0.70287,0.70296,1.00,1.10
2015.09.30 14:06:21.453,0.70285,0.70296,1.12,1.37
2015.09.30 14:06:21.965,0.70285,0.70296,1.37,1.75
2015.09.30 14:06:23.529,0.70285,0.70296,1.12,1.75
2015.09.30 14:06:23.892,0.70287,0.70296,1.00,1.00
2015.09.30 14:06:24.718,0.70287,0.70297,1.00,1.87
2015.09.30 14:06:25.364,0.70287,0.70296,1.00,1.00
2015.09.30 14:06:27.414,0.70287,0.70297,1.00,1.87
2015.09.30 14:06:27.566,0.70287,0.70297,1.87,1.50
2015.09.30 14:06:27.971,0.70287,0.70299,1.87,1.12
2015.09.30 14:06:28.022,0.70287,0.70297,1.87,1.00
2015.09.30 14:06:28.374,0.70289,0.70299,1.12,1.12
2015.09.30 14:06:28.477,0.70289,0.70299,1.50,1.12
2015.09.30 14:06:29.404,0.70288,0.70298,2.25,1.00
2015.09.30 14:06:29.911,0.7029,0.70298,1.00,1.12
2015.09.30 14:06:30.541,0.70289,0.70301,1.00,2.25
2015.09.30 14:06:31.411,0.70294,0.70301,1.00,1.75
2015.09.30 14:06:31.634,0.70294,0.70299,1.00,1.00
2015.09.30 14:06:31.685,0.70297,0.70305,1.00,1.00
2015.09.30 14:06:32.191,0.70297,0.70307,1.37,1.37
2015.09.30 14:06:33.818,0.70298,0.70307,1.12,1.75
2015.09.30 14:06:34.326,0.70298,0.7031,1.12,2.02
2015.09.30 14:06:35.642,0.703,0.7031,1.00,1.95
2015.09.30 14:06:36.182,0.70301,0.7031,1.00,1.20
2015.09.30 14:06:37.756,0.703,0.70311,1.00,3.15
2015.09.30 14:06:37.857,0.703,0.70311,1.37,1.92
2015.09.30 14:06:38.408,0.703,0.70311,1.37,1.65
2015.09.30 14:06:38.459,0.70298,0.70306,2.62,1.00
2015.09.30 14:06:38.561,0.70298,0.70309,1.75,1.12
2015.09.30 14:06:38.612,0.70298,0.7031,1.00,2.70
2015.09.30 14:06:38.904,0.70298,0.70309,1.50,1.37
2015.09.30 14:06:40.483,0.70303,0.7031,1.00,1.47
2015.09.30 14:06:40.787,0.70308,0.70318,1.12,1.92
2015.09.30 14:06:41.304,0.70308,0.70318,1.00,2.25
2015.09.30 14:06:41.355,0.70308,0.70312,1.00,1.00
2015.09.30 14:06:41.457,0.7031,0.7032,1.00,1.37
2015.09.30 14:06:41.508,0.7031,0.7032,1.00,1.37
2015.09.30 14:06:42.020,0.70309,0.7032,1.00,1.37
2015.09.30 14:06:44.547,0.70309,0.70318,1.37,1.00
2015.09.30 14:06:45.620,0.70311,0.70318,1.00,1.00
2015.09.30 14:06:46.145,0.70308,0.70318,1.75,1.37
2015.09.30 14:06:46.196,0.70308,0.70318,1.37,1.75
2015.09.30 14:06:46.703,0.70306,0.70316,1.75,1.37
2015.09.30 14:06:47.068,0.70306,0.70317,1.87,1.12
2015.09.30 14:06:47.574,0.70306,0.70317,1.87,1.12
2015.09.30 14:06:50.257,0.70306,0.70313,1.12,1.00
2015.09.30 14:06:50.308,0.70304,0.70314,1.87,1.50
2015.09.30 14:06:50.729,0.703,0.70312,3.37,1.50
2015.09.30 14:06:52.162,0.70302,0.70312,1.37,1.57
2015.09.30 14:06:52.895,0.70306,0.70313,1.00,1.92
2015.09.30 14:06:52.997,0.70306,0.70316,1.12,1.20
2015.09.30 14:06:53.526,0.70306,0.70317,1.00,1.50
2015.09.30 14:06:54.111,0.70306,0.70318,1.50,2.40
2015.09.30 14:06:54.617,0.70306,0.70318,1.50,2.40
2015.09.30 14:06:56.131,0.70305,0.70315,2.62,1.00
2015.09.30 14:06:56.637,0.70306,0.70316,2.25,1.12
2015.09.30 14:06:57.149,0.70307,0.70317,1.50,1.12
2015.09.30 14:06:57.201,0.70311,0.70318,1.12,1.00
2015.09.30 14:06:57.252,0.70311,0.70318,1.00,1.00
2015.09.30 14:06:57.758,0.7031,0.70318,1.12,1.00
2015.09.30 14:06:58.257,0.70312,0.7032,1.00,1.50
2015.09.30 14:06:59.445,0.70312,0.70321,1.00,1.12
2015.09.30 14:06:59.749,0.70309,0.70319,2.70,1.00
2015.09.30 14:07:00.433,0.7031,0.7032,1.50,1.12
2015.09.30 14:07:00.641,0.7031,0.7032,1.50,1.12
2015.09.30 14:07:03.632,0.7031,0.7032,1.87,1.12
2015.09.30 14:07:04.262,0.70311,0.7032,1.50,1.00
2015.09.30 14:07:04.986,0.70312,0.70321,1.12,1.00
2015.09.30 14:07:05.087,0.70313,0.70323,1.00,2.32
2015.09.30 14:07:07.451,0.70313,0.70324,1.37,1.50
2015.09.30 14:07:07.653,0.70313,0.70324,2.10,1.12
2015.09.30 14:07:09.554,0.70313,0.70323,1.87,1.00
2015.09.30 14:07:10.166,0.70313,0.70322,1.37,1.00
2015.09.30 14:07:10.268,0.7031,0.7032,2.10,1.12
2015.09.30 14:07:10.572,0.7031,0.7032,1.50,1.75
2015.09.30 14:07:11.183,0.70311,0.7032,1.00,1.37
2015.09.30 14:07:12.608,0.70311,0.7032,1.60,1.37
2015.09.30 14:07:13.120,0.70311,0.7032,1.35,1.37
2015.09.30 14:07:14.039,0.70309,0.70318,1.37,1.37
2015.09.30 14:07:15.180,0.70309,0.70319,1.12,1.75
2015.09.30 14:07:15.484,0.70311,0.7032,1.00,1.75
2015.09.30 14:07:15.788,0.70312,0.70321,1.00,3.00
2015.09.30 14:07:16.285,0.70314,0.70322,1.12,1.75
2015.09.30 14:07:16.386,0.70312,0.70321,1.72,1.00
2015.09.30 14:07:16.488,0.70312,0.70322,1.37,3.00
2015.09.30 14:07:17.896,0.70309,0.7032,1.37,1.75
2015.09.30 14:07:17.997,0.7031,0.70319,1.12,2.25
2015.09.30 14:07:18.989,0.70305,0.70315,2.32,1.75
2015.09.30 14:07:19.090,0.70307,0.70316,1.00,2.25
2015.09.30 14:07:19.192,0.70307,0.70318,1.37,3.00
2015.09.30 14:07:19.723,0.70307,0.70318,1.37,1.75
2015.09.30 14:07:20.077,0.70306,0.70318,1.37,3.75
2015.09.30 14:07:20.760,0.70309,0.70318,1.00,3.75
2015.09.30 14:07:21.013,0.7031,0.70315,1.00,1.00
2015.09.30 14:07:21.520,0.7031,0.7032,1.00,2.25
2015.09.30 14:07:22.063,0.7031,0.7032,1.37,3.00
2015.09.30 14:07:22.884,0.70309,0.7032,1.47,3.00
2015.09.30 14:07:23.921,0.70308,0.7032,1.87,3.75
2015.09.30 14:07:24.891,0.70308,0.7032,1.87,3.00
2015.09.30 14:07:28.999,0.70312,0.70318,1.00,1.75
2015.09.30 14:07:29.100,0.70316,0.70321,1.00,1.12
2015.09.30 14:07:29.643,0.70315,0.70324,1.10,1.50
2015.09.30 14:07:30.149,0.70315,0.70324,1.00,1.50
2015.09.30 14:07:32.044,0.70314,0.70321,1.50,1.00
2015.09.30 14:07:32.196,0.70308,0.70319,1.12,1.50
2015.09.30 14:07:32.298,0.70307,0.70319,2.25,3.00
2015.09.30 14:07:32.500,0.70303,0.70314,1.75,1.00
2015.09.30 14:07:32.551,0.70304,0.70311,1.50,1.00
2015.09.30 14:07:32.863,0.70302,0.70311,1.00,1.50
2015.09.30 14:07:33.369,0.70301,0.7031,1.00,2.25
2015.09.30 14:07:33.521,0.70299,0.70309,2.10,1.00
2015.09.30 14:07:34.226,0.70299,0.70307,1.00,1.00
2015.09.30 14:07:34.737,0.70298,0.70307,1.12,1.00
2015.09.30 14:07:35.322,0.70297,0.70307,1.87,1.00
2015.09.30 14:07:36.551,0.70299,0.70307,1.00,1.00
2015.09.30 14:07:37.534,0.70299,0.70308,1.00,1.50
2015.09.30 14:07:38.051,0.70299,0.70309,1.50,1.50
2015.09.30 14:07:39.014,0.70302,0.70312,1.50,2.02
2015.09.30 14:07:39.065,0.70302,0.70313,1.12,4.20
2015.09.30 14:07:39.268,0.70305,0.70313,1.00,2.25
2015.09.30 14:07:39.775,0.70306,0.70314,1.00,1.50
2015.09.30 14:07:39.877,0.70302,0.70314,2.85,2.25
2015.09.30 14:07:40.116,0.70302,0.70312,1.72,1.50
2015.09.30 14:07:40.172,0.70301,0.70311,1.50,2.25
2015.09.30 14:07:40.375,0.70301,0.7031,1.00,1.37
2015.09.30 14:07:40.892,0.70299,0.70308,1.50,1.12
2015.09.30 14:07:43.008,0.70299,0.70308,1.00,1.50
2015.09.30 14:07:44.048,0.70298,0.70308,2.47,1.50
2015.09.30 14:07:44.352,0.70294,0.70305,1.95,1.37
2015.09.30 14:07:44.504,0.70293,0.70302,1.37,1.12
2015.09.30 14:07:44.809,0.70292,0.70302,1.50,1.87
2015.09.30 14:07:45.110,0.70289,0.703,1.50,1.37
2015.09.30 14:07:45.163,0.70289,0.703,1.12,1.75
2015.09.30 14:07:45.366,0.70291,0.70299,1.00,1.50
2015.09.30 14:07:45.773,0.70293,0.70301,1.12,1.37
2015.09.30 14:07:45.824,0.70293,0.70301,1.50,1.00
2015.09.30 14:07:46.359,0.70293,0.70302,1.50,2.25
2015.09.30 14:07:46.511,0.70291,0.70302,1.50,3.00
2015.09.30 14:07:47.880,0.70297,0.70302,1.00,3.00
2015.09.30 14:07:47.981,0.70298,0.70305,1.12,1.20
2015.09.30 14:07:48.083,0.70299,0.70305,1.37,1.00
2015.09.30 14:07:48.134,0.70299,0.70309,1.37,1.37
2015.09.30 14:07:48.487,0.703,0.7031,1.00,3.00
2015.09.30 14:07:48.897,0.703,0.70308,1.00,1.00
2015.09.30 14:07:49.202,0.703,0.70311,1.50,1.12
2015.09.30 14:07:50.776,0.70307,0.70312,1.00,3.00
2015.09.30 14:07:50.828,0.70305,0.70311,1.00,1.12
2015.09.30 14:07:51.163,0.70306,0.70317,1.50,1.50
2015.09.30 14:07:51.467,0.70304,0.70315,1.50,2.25
2015.09.30 14:07:51.771,0.70304,0.70313,1.00,2.25
2015.09.30 14:07:52.290,0.70302,0.70311,1.00,1.50
2015.09.30 14:07:52.797,0.70307,0.70312,1.00,1.50
2015.09.30 14:07:52.949,0.70306,0.70314,1.12,1.87
2015.09.30 14:07:53.415,0.70303,0.70311,1.12,1.00
2015.09.30 14:07:53.920,0.70302,0.70312,1.50,2.25
2015.09.30 14:07:54.426,0.70302,0.70312,1.00,1.75
2015.09.30 14:07:54.950,0.70301,0.70311,1.35,1.50
2015.09.30 14:07:55.254,0.70299,0.70311,2.10,2.25
2015.09.30 14:07:56.336,0.70299,0.70309,1.12,1.75
2015.09.30 14:07:58.249,0.70299,0.70309,3.60,2.25
2015.09.30 14:07:58.552,0.703,0.7031,2.85,1.75
2015.09.30 14:07:59.162,0.703,0.70309,2.92,1.00
2015.09.30 14:07:59.496,0.70305,0.70309,1.00,1.00
2015.09.30 14:07:59.547,0.70303,0.70309,1.00,1.00
2015.09.30 14:07:59.598,0.70305,0.70309,1.00,1.00
2015.09.30 14:07:59.649,0.70305,0.70313,1.00,1.37
2015.09.30 14:08:00.317,0.70305,0.70315,1.87,1.75
2015.09.30 14:08:00.853,0.70305,0.70315,1.87,1.75
2015.09.30 14:08:01.964,0.70305,0.70314,1.00,1.50
2015.09.30 14:08:02.066,0.70302,0.70312,2.70,1.75
2015.09.30 14:08:02.168,0.70302,0.70312,1.00,1.75
2015.09.30 14:08:02.969,0.70301,0.70312,1.57,1.75
2015.09.30 14:08:03.935,0.70304,0.70313,1.00,4.12
2015.09.30 14:08:04.176,0.70306,0.70313,1.00,1.00
2015.09.30 14:08:04.482,0.70304,0.70311,1.12,1.00
2015.09.30 14:08:04.584,0.70302,0.70311,1.65,1.37
2015.09.30 14:08:04.686,0.70304,0.70315,1.37,4.50
2015.09.30 14:08:04.787,0.70304,0.70314,1.45,1.00
2015.09.30 14:08:04.989,0.70304,0.70314,1.07,1.75
2015.09.30 14:08:05.492,0.70303,0.70313,1.57,1.50
2015.09.30 14:08:06.288,0.70302,0.70312,1.20,1.00
2015.09.30 14:08:07.980,0.70301,0.70311,1.50,1.75
2015.09.30 14:08:08.497,0.703,0.7031,2.47,1.50
2015.09.30 14:08:09.180,0.703,0.7031,1.87,1.50
2015.09.30 14:08:09.777,0.703,0.7031,2.47,1.00
2015.09.30 14:08:15.221,0.70302,0.7031,1.00,1.00
2015.09.30 14:08:15.323,0.70302,0.70313,1.50,1.50
2015.09.30 14:08:15.988,0.70302,0.70313,1.87,1.37
2015.09.30 14:08:16.495,0.70303,0.70313,1.00,1.75
2015.09.30 14:08:17.119,0.70301,0.70312,2.62,1.75
2015.09.30 14:08:17.827,0.70299,0.7031,1.42,1.75
2015.09.30 14:08:18.295,0.70298,0.70308,1.65,1.75
2015.09.30 14:08:19.724,0.70297,0.70308,1.00,2.25
2015.09.30 14:08:21.548,0.70296,0.70304,1.87,1.00
2015.09.30 14:08:22.065,0.70296,0.70305,1.87,1.00
2015.09.30 14:08:22.616,0.70294,0.70306,2.32,1.75
2015.09.30 14:08:22.921,0.70288,0.70297,1.12,1.00
2015.09.30 14:08:22.977,0.70288,0.70297,1.37,1.50
2015.09.30 14:08:23.231,0.70288,0.70297,2.47,1.50
2015.09.30 14:08:23.781,0.70288,0.70296,1.72,1.00
2015.09.30 14:08:23.933,0.70288,0.70296,1.00,1.00
2015.09.30 14:08:24.960,0.70288,0.70296,1.60,1.00
2015.09.30 14:08:26.782,0.70287,0.70299,3.97,1.75
2015.09.30 14:08:28.040,0.70288,0.70298,2.10,1.00
2015.09.30 14:08:29.296,0.70288,0.70299,1.00,1.50
2015.09.30 14:08:29.557,0.70288,0.70298,1.12,1.37
2015.09.30 14:08:29.861,0.70286,0.70298,1.65,4.50
2015.09.30 14:08:30.555,0.70288,0.70298,1.00,3.00
2015.09.30 14:08:37.784,0.70288,0.70296,1.00,1.50
2015.09.30 14:08:38.291,0.70287,0.70296,1.00,1.87
2015.09.30 14:08:38.901,0.70288,0.70296,1.00,1.87
2015.09.30 14:08:39.393,0.70286,0.70296,1.50,1.87
2015.09.30 14:08:39.496,0.70286,0.70296,1.50,1.87
2015.09.30 14:08:52.243,0.70283,0.7029,1.17,1.50
2015.09.30 14:08:52.345,0.70277,0.70287,3.45,1.00
2015.09.30 14:08:52.447,0.70277,0.70284,1.57,1.00
2015.09.30 14:08:52.498,0.70275,0.70285,3.45,1.00
2015.09.30 14:08:52.549,0.70275,0.70286,2.70,1.75
2015.09.30 14:08:52.752,0.70272,0.70284,1.20,3.75
2015.09.30 14:08:52.905,0.70276,0.70284,1.00,3.75
2015.09.30 14:08:53.006,0.70275,0.70283,1.12,1.00
2015.09.30 14:08:53.764,0.70276,0.70285,1.00,1.75
2015.09.30 14:08:54.120,0.70276,0.70285,1.87,1.00
2015.09.30 14:08:54.959,0.70276,0.70288,1.87,2.62
2015.09.30 14:08:55.888,0.70279,0.70288,1.00,1.75
2015.09.30 14:08:56.413,0.70277,0.70288,2.62,1.75
2015.09.30 14:08:59.043,0.70279,0.70288,1.00,1.75
2015.09.30 14:08:59.576,0.70278,0.70289,1.12,1.75
2015.09.30 14:09:01.860,0.70277,0.70286,1.12,1.37
2015.09.30 14:09:02.575,0.70276,0.70286,1.37,1.50
2015.09.30 14:09:02.941,0.70276,0.70283,1.37,1.00
2015.09.30 14:09:03.093,0.70275,0.70283,1.00,1.00
2015.09.30 14:09:03.144,0.70275,0.70285,1.00,2.25
2015.09.30 14:09:03.296,0.70275,0.70286,1.00,1.75
2015.09.30 14:09:04.673,0.70274,0.70286,1.85,2.25
2015.09.30 14:09:05.202,0.70276,0.70286,1.00,1.50
2015.09.30 14:09:07.067,0.70276,0.70286,1.37,1.50
2015.09.30 14:09:16.043,0.70276,0.70286,1.00,2.25
2015.09.30 14:09:17.831,0.70276,0.70286,1.00,2.25
2015.09.30 14:09:18.337,0.70275,0.70286,1.50,1.75
2015.09.30 14:09:19.239,0.70276,0.70285,1.00,1.50
2015.09.30 14:09:19.798,0.70276,0.70285,1.12,1.00
2015.09.30 14:09:22.996,0.70275,0.70282,1.37,1.50
2015.09.30 14:09:23.097,0.7027,0.70278,1.65,1.00
2015.09.30 14:09:23.249,0.70268,0.70278,1.00,1.12
2015.09.30 14:09:23.402,0.70266,0.70276,2.02,1.00
2015.09.30 14:09:23.604,0.70266,0.70277,1.00,1.50
2015.09.30 14:09:23.655,0.70265,0.70276,1.12,1.12
2015.09.30 14:09:23.756,0.70266,0.70276,1.00,1.37
2015.09.30 14:09:23.971,0.70265,0.70271,1.37,1.00
2015.09.30 14:09:24.073,0.7026,0.70269,1.55,1.00
2015.09.30 14:09:24.124,0.7026,0.70269,1.12,1.00
2015.09.30 14:09:24.377,0.70258,0.70267,1.12,1.00
2015.09.30 14:09:24.918,0.70257,0.70267,1.50,1.12
2015.09.30 14:09:25.071,0.70257,0.70267,1.12,1.12
2015.09.30 14:09:25.578,0.70256,0.70266,1.87,1.50
2015.09.30 14:09:26.046,0.70254,0.70265,1.57,1.50
2015.09.30 14:09:26.352,0.70254,0.70266,1.87,2.25
2015.09.30 14:09:26.758,0.70257,0.70267,1.37,1.87
2015.09.30 14:09:28.364,0.7026,0.70269,1.00,1.75
2015.09.30 14:09:28.465,0.70262,0.7027,1.12,1.00
2015.09.30 14:09:28.618,0.70262,0.70273,1.87,1.37
2015.09.30 14:09:28.668,0.70264,0.70273,1.00,1.00
2015.09.30 14:09:29.192,0.70261,0.70272,1.20,1.50
2015.09.30 14:09:29.698,0.70261,0.70272,1.87,1.12
2015.09.30 14:09:30.795,0.70262,0.70271,1.50,1.00
2015.09.30 14:09:31.664,0.70262,0.70273,1.00,2.25
2015.09.30 14:09:32.170,0.70261,0.70272,1.00,1.50
2015.09.30 14:09:32.557,0.70261,0.70265,1.10,1.00
2015.09.30 14:09:32.811,0.70255,0.70266,1.57,2.25
2015.09.30 14:09:33.014,0.70257,0.70267,1.12,1.50
2015.09.30 14:09:33.166,0.70256,0.70268,1.87,1.12
2015.09.30 14:09:34.106,0.70256,0.70268,1.87,1.37
2015.09.30 14:09:35.722,0.70256,0.70266,1.00,1.00
2015.09.30 14:09:38.677,0.70255,0.70267,1.95,1.37
2015.09.30 14:09:39.190,0.70258,0.70267,1.00,1.00
2015.09.30 14:09:41.289,0.70258,0.70268,1.00,2.25
2015.09.30 14:09:41.835,0.70256,0.70268,1.65,2.25
2015.09.30 14:09:44.816,0.70256,0.70266,1.37,1.00
2015.09.30 14:09:45.329,0.70255,0.70265,1.57,1.00
2015.09.30 14:09:45.855,0.70262,0.70266,1.00,1.00
2015.09.30 14:09:45.956,0.70265,0.7027,1.00,1.87
2015.09.30 14:09:46.061,0.70263,0.70273,2.62,1.20
2015.09.30 14:09:46.300,0.70265,0.70273,1.12,1.20
2015.09.30 14:09:46.351,0.70268,0.70278,1.07,2.25
2015.09.30 14:09:46.859,0.70268,0.70278,1.10,1.50
2015.09.30 14:09:47.640,0.70273,0.70278,1.00,1.00
2015.09.30 14:09:47.792,0.70273,0.70283,1.50,1.50
2015.09.30 14:09:47.944,0.70277,0.70284,1.00,1.00
2015.09.30 14:09:48.046,0.70277,0.70286,1.37,1.12
2015.09.30 14:09:48.487,0.70278,0.70288,1.65,1.50
2015.09.30 14:09:48.538,0.70279,0.70288,1.37,1.00
2015.09.30 14:09:51.431,0.70284,0.7029,1.00,1.75
2015.09.30 14:09:51.532,0.70287,0.70292,1.00,1.12
2015.09.30 14:09:51.841,0.70287,0.70294,2.70,1.00
2015.09.30 14:09:51.892,0.70289,0.703,1.47,2.62
2015.09.30 14:09:54.184,0.70292,0.703,1.00,1.50
2015.09.30 14:09:54.235,0.70292,0.70302,1.50,2.25
2015.09.30 14:09:54.746,0.70295,0.70303,1.00,1.12
2015.09.30 14:09:55.034,0.70295,0.70299,1.27,1.00
2015.09.30 14:09:55.194,0.70296,0.70306,1.00,1.00
2015.09.30 14:09:55.700,0.70297,0.70309,1.12,1.12
2015.09.30 14:09:56.025,0.70298,0.70306,1.07,1.00
2015.09.30 14:09:56.076,0.70299,0.70309,1.07,1.35
2015.09.30 14:09:56.686,0.70299,0.70309,1.00,1.35
2015.09.30 14:09:57.211,0.70296,0.70308,1.57,1.00
2015.09.30 14:09:57.718,0.70296,0.70307,1.57,1.00
2015.09.30 14:09:58.234,0.70297,0.70307,1.12,1.00
2015.09.30 14:09:58.784,0.70297,0.70308,1.12,1.00
2015.09.30 14:09:59.434,0.70295,0.70307,1.55,1.00
2015.09.30 14:09:59.941,0.70295,0.70307,1.55,1.00
2015.09.30 14:10:01.494,0.70296,0.70308,1.20,1.87
2015.09.30 14:10:02.225,0.70296,0.70308,1.95,1.00
2015.09.30 14:10:05.413,0.70297,0.70309,1.12,1.00
2015.09.30 14:10:05.636,0.70297,0.70307,1.12,1.00
2015.09.30 14:10:05.889,0.70297,0.70309,1.12,1.00
2015.09.30 14:10:05.940,0.70295,0.70306,1.55,1.00
2015.09.30 14:10:06.452,0.70296,0.70308,1.87,1.50
2015.09.30 14:10:07.800,0.70297,0.70309,1.12,1.00
2015.09.30 14:10:09.004,0.70297,0.70309,1.37,1.00
2015.09.30 14:10:09.863,0.70295,0.70307,1.95,1.00
2015.09.30 14:10:10.370,0.70295,0.70307,1.47,1.00
2015.09.30 14:10:12.415,0.70295,0.70307,1.20,1.00
2015.09.30 14:10:13.036,0.70297,0.70307,1.00,1.00
2015.09.30 14:10:13.188,0.70295,0.70307,1.20,1.00
2015.09.30 14:10:22.729,0.70296,0.70306,1.00,1.00
2015.09.30 14:10:23.858,0.70296,0.70308,1.00,1.50
2015.09.30 14:10:24.653,0.70298,0.70309,1.00,1.12
2015.09.30 14:10:25.176,0.70298,0.7031,1.00,1.50
2015.09.30 14:10:25.482,0.70304,0.70314,1.00,1.20
2015.09.30 14:10:25.584,0.70303,0.70315,1.00,1.57
2015.09.30 14:10:25.635,0.70306,0.70315,1.00,1.00
2015.09.30 14:10:25.888,0.70307,0.70317,1.12,1.00
2015.09.30 14:10:26.230,0.70304,0.70316,1.12,1.00
2015.09.30 14:10:26.383,0.70302,0.70311,1.37,1.00
2015.09.30 14:10:26.434,0.703,0.7031,1.20,1.00
2015.09.30 14:10:27.110,0.70298,0.7031,1.37,1.00
2015.09.30 14:10:27.617,0.70298,0.7031,1.00,1.87
2015.09.30 14:10:28.230,0.70297,0.70309,1.12,1.12
2015.09.30 14:10:28.741,0.70298,0.70308,1.00,1.00
2015.09.30 14:10:29.417,0.70298,0.7031,1.00,3.22
2015.09.30 14:10:32.533,0.70298,0.70308,1.00,1.00
2015.09.30 14:10:32.685,0.70296,0.70305,1.37,1.00
2015.09.30 14:10:32.787,0.70295,0.70305,1.00,1.50
2015.09.30 14:10:32.837,0.70293,0.70303,1.10,1.50
2015.09.30 14:10:34.178,0.70291,0.70303,1.87,1.50
2015.09.30 14:10:35.212,0.70291,0.70303,1.12,1.87
2015.09.30 14:10:37.561,0.70294,0.70303,1.00,1.12
2015.09.30 14:10:37.663,0.70294,0.70306,1.00,1.27
2015.09.30 14:10:38.169,0.70294,0.70306,1.00,1.87
2015.09.30 14:10:38.320,0.70298,0.70306,1.00,1.12
2015.09.30 14:10:38.621,0.70301,0.7031,1.00,1.27
2015.09.30 14:10:38.723,0.70298,0.7031,1.00,2.02
2015.09.30 14:10:42.380,0.70297,0.70309,1.00,1.00
2015.09.30 14:10:42.890,0.70297,0.70309,1.00,1.37
2015.09.30 14:10:44.856,0.70296,0.70308,1.12,1.12
2015.09.30 14:10:45.318,0.70296,0.70309,1.37,1.57
2015.09.30 14:10:45.671,0.70296,0.70308,1.00,1.00
2015.09.30 14:10:46.201,0.70298,0.70308,1.00,1.00
2015.09.30 14:10:48.272,0.70297,0.70307,1.00,1.00
2015.09.30 14:10:48.668,0.70301,0.70309,1.00,1.20
2015.09.30 14:10:48.871,0.70301,0.70311,1.00,1.00
2015.09.30 14:10:49.024,0.70299,0.70309,1.95,1.00
2015.09.30 14:10:49.075,0.70299,0.70309,1.87,1.00
2015.09.30 14:10:49.644,0.70298,0.70308,1.50,1.50
2015.09.30 14:10:49.746,0.70296,0.70308,1.37,1.75
2015.09.30 14:10:50.050,0.70292,0.70303,1.10,1.75
2015.09.30 14:10:50.354,0.70289,0.70301,1.50,1.87
2015.09.30 14:10:50.858,0.70289,0.703,1.37,1.37
2015.09.30 14:10:53.816,0.70294,0.703,1.00,1.95
2015.09.30 14:10:53.918,0.70294,0.70302,1.12,1.95
2015.09.30 14:10:54.120,0.70296,0.70306,1.00,2.25
2015.09.30 14:10:54.482,0.70294,0.70306,1.75,1.00
2015.09.30 14:10:54.533,0.70293,0.70298,1.47,1.00
2015.09.30 14:10:54.634,0.70286,0.70295,1.75,1.00
2015.09.30 14:10:54.685,0.70286,0.70295,1.50,1.10
2015.09.30 14:10:54.736,0.70286,0.70295,1.00,1.47
2015.09.30 14:10:55.242,0.70286,0.70295,1.00,1.87
2015.09.30 14:10:55.759,0.70286,0.70294,1.00,1.00
2015.09.30 14:10:57.157,0.70286,0.70293,1.00,1.00
2015.09.30 14:10:57.258,0.70282,0.70293,1.10,1.50
2015.09.30 14:10:57.410,0.7028,0.7029,1.85,1.00
2015.09.30 14:10:57.889,0.70278,0.70288,1.87,1.00
2015.09.30 14:10:58.296,0.70278,0.70287,1.50,1.37
2015.09.30 14:10:58.498,0.70277,0.70288,1.87,1.00
2015.09.30 14:10:59.004,0.70279,0.70288,1.30,1.37
2015.09.30 14:10:59.517,0.70282,0.70291,1.00,1.95
2015.09.30 14:10:59.770,0.70284,0.70295,2.62,1.00
2015.09.30 14:11:00.320,0.70287,0.70296,1.00,1.12
2015.09.30 14:11:00.827,0.70287,0.70296,1.00,1.50
2015.09.30 14:11:01.373,0.70287,0.70296,1.00,1.50
2015.09.30 14:11:02.032,0.70287,0.70294,1.00,1.00
2015.09.30 14:11:02.309,0.70287,0.70296,1.00,2.25
2015.09.30 14:11:02.360,0.70287,0.70296,1.00,2.25
2015.09.30 14:11:03.464,0.70287,0.70296,1.37,1.37
2015.09.30 14:11:03.516,0.70288,0.70299,1.00,1.75
2015.09.30 14:11:04.518,0.70294,0.70298,1.00,1.00
2015.09.30 14:11:04.721,0.70298,0.70308,1.50,1.12
2015.09.30 14:11:04.772,0.70298,0.70309,1.50,2.32
2015.09.30 14:11:04.924,0.70298,0.70308,1.12,1.00
2015.09.30 14:11:05.128,0.70297,0.70307,1.37,1.50
2015.09.30 14:11:06.169,0.70297,0.70307,1.00,1.50
2015.09.30 14:11:06.883,0.70297,0.70306,1.12,1.37
2015.09.30 14:11:11.645,0.70301,0.70308,1.00,1.75
2015.09.30 14:11:11.999,0.70309,0.70315,1.00,3.75
2015.09.30 14:11:12.050,0.70309,0.70318,1.00,1.37
2015.09.30 14:11:12.202,0.70309,0.70321,1.50,1.57
2015.09.30 14:11:12.507,0.70312,0.70322,1.00,1.12
2015.09.30 14:11:13.301,0.70313,0.70323,1.00,1.87
2015.09.30 14:11:13.352,0.70311,0.70323,1.12,1.87
2015.09.30 14:11:13.858,0.7031,0.70322,1.37,1.10
2015.09.30 14:11:13.960,0.7031,0.70322,1.00,1.47
2015.09.30 14:11:14.982,0.7031,0.70322,1.00,1.95
2015.09.30 14:11:17.813,0.70309,0.70322,1.87,1.47
2015.09.30 14:11:18.421,0.70315,0.70321,1.00,1.12
2015.09.30 14:11:18.769,0.70317,0.70328,1.00,1.87
2015.09.30 14:11:19.678,0.70317,0.70328,1.00,1.00
2015.09.30 14:11:20.966,0.70316,0.70328,1.12,1.00
2015.09.30 14:11:21.018,0.70318,0.70329,1.00,1.50
2015.09.30 14:11:21.525,0.70318,0.70328,1.00,1.00
2015.09.30 14:11:22.634,0.70318,0.70328,1.00,4.72
2015.09.30 14:11:23.443,0.70316,0.70328,1.12,3.22
2015.09.30 14:11:23.949,0.70316,0.70328,1.12,1.72
2015.09.30 14:11:23.999,0.70319,0.70328,1.00,3.22
2015.09.30 14:11:24.101,0.7032,0.70329,1.00,1.00
2015.09.30 14:11:24.624,0.7032,0.70331,1.00,1.37
2015.09.30 14:11:25.131,0.7032,0.70332,1.00,1.87
2015.09.30 14:11:25.645,0.70319,0.70332,1.00,1.87
2015.09.30 14:11:26.152,0.70319,0.70331,1.00,1.37
2015.09.30 14:11:27.321,0.70317,0.70329,1.57,1.00
2015.09.30 14:11:28.318,0.70315,0.70325,1.82,1.00
2015.09.30 14:11:28.623,0.70313,0.70322,1.37,1.00
2015.09.30 14:11:28.674,0.70314,0.70323,1.00,1.50
2015.09.30 14:11:29.120,0.70312,0.70321,1.20,2.10
2015.09.30 14:11:29.323,0.70309,0.70319,1.20,1.50
2015.09.30 14:11:29.678,0.70306,0.70316,1.95,1.00
2015.09.30 14:11:29.779,0.70306,0.70316,1.20,1.00
2015.09.30 14:11:30.302,0.70305,0.70313,1.10,1.00
2015.09.30 14:11:30.606,0.70298,0.7031,2.02,1.00
2015.09.30 14:11:31.155,0.70297,0.70307,1.55,1.00
2015.09.30 14:11:31.918,0.70297,0.70307,1.20,1.00
2015.09.30 14:11:32.847,0.70296,0.70306,1.57,1.00
2015.09.30 14:11:34.801,0.70296,0.70306,1.20,1.00
2015.09.30 14:11:37.372,0.70294,0.70304,1.47,1.00
2015.09.30 14:11:37.878,0.70294,0.70305,1.47,1.00
2015.09.30 14:11:38.395,0.70293,0.70306,1.45,1.00
2015.09.30 14:11:38.903,0.70293,0.70305,1.45,1.00
2015.09.30 14:11:41.281,0.70294,0.70304,1.47,1.00
2015.09.30 14:11:42.027,0.70292,0.70303,1.50,1.00
2015.09.30 14:11:42.534,0.70294,0.70305,1.00,1.12
2015.09.30 14:11:42.586,0.70295,0.70301,1.00,1.00
2015.09.30 14:11:42.687,0.70296,0.70309,1.00,1.17
2015.09.30 14:11:42.738,0.70296,0.70308,1.37,1.00
2015.09.30 14:11:43.100,0.70295,0.70306,1.37,1.00
2015.09.30 14:11:43.611,0.70297,0.70307,1.37,1.50
2015.09.30 14:11:44.207,0.70297,0.70307,1.12,1.50
2015.09.30 14:11:46.887,0.70295,0.70307,1.37,1.00
2015.09.30 14:11:47.222,0.70295,0.70305,1.37,1.00
2015.09.30 14:11:47.828,0.70295,0.70305,1.37,1.00
2015.09.30 14:11:51.841,0.70295,0.70305,1.37,1.00
2015.09.30 14:11:52.844,0.70295,0.70305,1.37,1.00
2015.09.30 14:11:54.150,0.70293,0.70306,2.02,1.00
2015.09.30 14:11:54.856,0.70293,0.70306,2.02,1.00
2015.09.30 14:11:55.858,0.70293,0.70306,2.02,1.00
2015.09.30 14:11:56.363,0.70293,0.70306,2.77,1.00
2015.09.30 14:11:57.185,0.70294,0.70305,1.37,1.00
2015.09.30 14:11:57.863,0.70294,0.70305,1.37,1.00
2015.09.30 14:12:00.273,0.70294,0.70305,1.50,1.00
2015.09.30 14:12:01.175,0.70294,0.70304,1.50,1.00
2015.09.30 14:12:01.383,0.70293,0.70306,2.40,1.00
2015.09.30 14:12:02.142,0.70294,0.70305,1.50,1.00
2015.09.30 14:12:03.697,0.70294,0.70304,1.50,1.00
2015.09.30 14:12:04.203,0.70294,0.70305,1.50,1.00
2015.09.30 14:12:05.916,0.70293,0.70306,2.40,1.00
2015.09.30 14:12:08.377,0.70294,0.70305,1.37,1.00
2015.09.30 14:12:10.731,0.70293,0.70306,2.40,1.00
2015.09.30 14:12:11.293,0.70293,0.70305,2.02,1.00
2015.09.30 14:12:13.184,0.70293,0.70305,1.95,1.00
2015.09.30 14:12:14.338,0.70293,0.70306,1.95,1.00
2015.09.30 14:12:14.843,0.70293,0.70306,1.95,1.00
2015.09.30 14:12:15.383,0.70293,0.70306,1.95,1.00
2015.09.30 14:12:18.310,0.70294,0.70304,1.37,1.00
2015.09.30 14:12:18.846,0.70294,0.70305,1.87,1.00
2015.09.30 14:12:20.865,0.70294,0.70306,1.87,1.00
2015.09.30 14:12:21.169,0.70294,0.70304,2.25,1.00
2015.09.30 14:12:21.791,0.70294,0.70304,2.25,1.00
2015.09.30 14:12:22.348,0.70294,0.70306,1.50,1.00
2015.09.30 14:12:23.024,0.70295,0.70305,1.12,1.00
2015.09.30 14:12:25.836,0.70293,0.70303,1.50,1.00
2015.09.30 14:12:26.494,0.70291,0.70303,1.37,1.00
2015.09.30 14:12:26.855,0.70291,0.703,1.37,1.00
2015.09.30 14:12:27.330,0.70291,0.70303,1.87,1.00
2015.09.30 14:12:30.026,0.70291,0.70301,1.37,1.00
2015.09.30 14:12:30.496,0.70288,0.70296,1.00,1.00
2015.09.30 14:12:30.851,0.70287,0.70293,1.00,1.00
2015.09.30 14:12:31.257,0.70287,0.70295,1.00,1.10
2015.09.30 14:12:31.409,0.70292,0.70298,1.00,1.95
2015.09.30 14:12:31.649,0.70294,0.70301,1.00,1.07
2015.09.30 14:12:31.702,0.70295,0.70305,1.50,1.00
2015.09.30 14:12:31.753,0.70295,0.70308,2.25,1.87
2015.09.30 14:12:35.629,0.70296,0.70305,1.37,1.00
2015.09.30 14:12:36.177,0.70297,0.70305,1.00,1.00
2015.09.30 14:12:38.898,0.70297,0.70306,1.00,1.00
2015.09.30 14:12:39.404,0.70297,0.70305,1.00,1.00
2015.09.30 14:12:39.910,0.70297,0.70306,1.00,1.00
2015.09.30 14:12:40.487,0.70295,0.70304,1.12,1.00
2015.09.30 14:12:40.689,0.70294,0.70303,1.47,1.35
2015.09.30 14:12:40.993,0.70295,0.70305,1.12,1.50
2015.09.30 14:12:42.931,0.70294,0.70305,1.12,1.12
2015.09.30 14:12:46.777,0.70294,0.70305,1.37,1.12
2015.09.30 14:12:49.829,0.70294,0.70304,1.37,1.00
2015.09.30 14:12:53.307,0.70292,0.70304,2.62,1.50
2015.09.30 14:12:53.818,0.70293,0.70304,1.00,1.50
2015.09.30 14:12:54.745,0.70292,0.70304,2.62,1.50
2015.09.30 14:13:02.064,0.7029,0.70298,1.82,1.00
2015.09.30 14:13:02.120,0.70288,0.70298,1.00,1.87
2015.09.30 14:13:02.222,0.70288,0.70295,1.00,1.00
2015.09.30 14:13:02.679,0.70284,0.70293,1.12,1.00
2015.09.30 14:13:03.170,0.70286,0.70294,1.37,1.10
2015.09.30 14:13:03.273,0.70286,0.70297,1.37,1.10
2015.09.30 14:13:04.278,0.70286,0.70295,1.12,1.00
2015.09.30 14:13:04.582,0.70278,0.70288,1.50,1.00
2015.09.30 14:13:05.088,0.70278,0.70288,1.12,1.20
2015.09.30 14:13:06.679,0.70278,0.70288,1.12,4.05
2015.09.30 14:13:07.185,0.70277,0.70287,1.37,1.67
2015.09.30 14:13:12.557,0.70283,0.70287,1.00,1.57
2015.09.30 14:13:12.608,0.70284,0.70294,1.50,1.50
2015.09.30 14:13:12.912,0.70285,0.70297,1.50,1.65
2015.09.30 14:13:13.013,0.70286,0.70297,1.00,1.57
2015.09.30 14:13:13.216,0.70286,0.70297,1.87,1.37
2015.09.30 14:13:13.747,0.70286,0.70297,1.87,1.12
2015.09.30 14:13:17.926,0.70284,0.70297,2.62,1.50
2015.09.30 14:13:18.431,0.70284,0.70295,1.87,1.12
2015.09.30 14:13:18.974,0.70285,0.70295,1.00,1.12
2015.09.30 14:13:21.667,0.70286,0.70296,1.00,2.25
2015.09.30 14:13:22.473,0.70285,0.70295,1.50,1.00
2015.09.30 14:13:22.983,0.70286,0.70295,1.00,1.00
2015.09.30 14:13:23.561,0.70285,0.70295,1.87,1.00
2015.09.30 14:13:24.062,0.70286,0.70295,1.00,1.00
2015.09.30 14:13:24.468,0.70283,0.70293,1.37,1.37
2015.09.30 14:13:24.569,0.70283,0.70291,1.00,1.00
2015.09.30 14:13:25.000,0.70281,0.70293,1.50,1.12
2015.09.30 14:13:25.556,0.70281,0.70291,1.12,2.25
2015.09.30 14:13:25.759,0.70279,0.7029,2.25,1.00
2015.09.30 14:13:26.129,0.70279,0.7029,1.37,1.75
2015.09.30 14:13:26.689,0.70279,0.7029,1.37,1.75
2015.09.30 14:13:28.166,0.70281,0.7029,1.00,1.75
2015.09.30 14:13:28.267,0.7028,0.7029,1.00,1.12
2015.09.30 14:13:28.571,0.7028,0.7029,1.12,1.75
2015.09.30 14:13:30.091,0.70279,0.70289,1.00,1.75
2015.09.30 14:13:30.597,0.70277,0.70288,1.87,1.50
2015.09.30 14:13:32.936,0.70276,0.70287,1.87,1.67
2015.09.30 14:13:32.987,0.70276,0.70286,1.87,1.00
2015.09.30 14:13:33.492,0.70276,0.70286,1.50,1.00
2015.09.30 14:13:41.632,0.70276,0.70284,1.12,1.00
2015.09.30 14:13:42.031,0.70274,0.70282,1.00,1.50
2015.09.30 14:13:42.538,0.7027,0.70282,2.25,1.75
2015.09.30 14:13:42.589,0.7027,0.70282,2.25,2.25
2015.09.30 14:13:43.244,0.70272,0.70282,1.00,1.12
2015.09.30 14:13:43.447,0.70275,0.70284,1.00,1.20
2015.09.30 14:13:43.498,0.70275,0.70284,1.00,1.47
2015.09.30 14:13:44.004,0.70275,0.70286,1.50,1.75
2015.09.30 14:13:46.836,0.70275,0.70286,1.50,1.50
2015.09.30 14:14:06.772,0.7028,0.70287,1.00,1.12
2015.09.30 14:14:07.068,0.70285,0.70295,1.12,1.57
2015.09.30 14:14:07.576,0.70285,0.70296,2.25,1.50
2015.09.30 14:14:09.411,0.70286,0.70296,1.00,1.50
2015.09.30 14:14:10.183,0.70285,0.70297,1.50,1.87
2015.09.30 14:14:12.663,0.70285,0.70293,1.12,1.75
2015.09.30 14:14:12.714,0.70278,0.70289,1.37,1.50
2015.09.30 14:14:12.765,0.70277,0.70287,1.12,1.50
2015.09.30 14:14:17.588,0.70276,0.70284,2.25,1.00
2015.09.30 14:14:17.741,0.70275,0.70285,1.00,1.37
2015.09.30 14:14:17.792,0.70274,0.70282,1.37,2.10
2015.09.30 14:14:17.843,0.70274,0.70283,1.37,1.72
2015.09.30 14:14:17.895,0.70272,0.70281,1.50,1.97
2015.09.30 14:14:17.946,0.70269,0.70279,3.45,1.87
2015.09.30 14:14:18.099,0.70268,0.70279,1.37,1.37
2015.09.30 14:14:18.629,0.70267,0.70278,2.62,1.50
2015.09.30 14:14:18.680,0.70268,0.70278,1.12,1.50
2015.09.30 14:14:19.084,0.70268,0.70276,1.00,1.00
2015.09.30 14:14:19.552,0.70265,0.70276,1.50,2.25
2015.09.30 14:14:19.603,0.70264,0.70275,1.12,1.37
2015.09.30 14:14:20.603,0.70264,0.70274,1.50,1.37
2015.09.30 14:14:20.907,0.70261,0.70271,2.62,1.50
2015.09.30 14:14:22.493,0.70261,0.70271,2.62,2.25
2015.09.30 14:14:24.955,0.70262,0.70271,1.00,1.50
2015.09.30 14:14:25.636,0.70261,0.70271,1.87,1.00
2015.09.30 14:14:27.502,0.70264,0.70272,3.00,1.00
2015.09.30 14:14:27.558,0.70265,0.70276,1.75,1.00
2015.09.30 14:14:37.174,0.70266,0.70276,1.50,1.00
2015.09.30 14:14:37.718,0.70266,0.70276,1.12,1.12
2015.09.30 14:14:41.862,0.70265,0.70274,1.37,1.00
2015.09.30 14:14:42.368,0.70262,0.70274,1.87,1.00
2015.09.30 14:14:42.884,0.70264,0.70274,1.50,1.50
2015.09.30 14:14:43.241,0.70264,0.70276,1.87,1.87
2015.09.30 14:14:43.848,0.70264,0.70274,1.87,1.00
2015.09.30 14:14:44.364,0.70264,0.70275,2.62,1.37
2015.09.30 14:14:45.555,0.70264,0.70273,1.37,1.00
2015.09.30 14:14:45.656,0.70263,0.70271,1.00,1.00
2015.09.30 14:14:46.163,0.70261,0.7027,1.37,1.12
2015.09.30 14:14:46.214,0.70258,0.7027,2.62,1.50
2015.09.30 14:14:46.525,0.70258,0.7027,2.62,1.50
2015.09.30 14:14:48.112,0.70258,0.70269,1.12,1.12
2015.09.30 14:14:48.617,0.7026,0.7027,1.00,1.12
2015.09.30 14:14:49.128,0.70259,0.70272,1.75,1.87
2015.09.30 14:14:49.646,0.70259,0.70272,1.87,1.50
2015.09.30 14:14:51.564,0.70261,0.70271,1.50,1.00
2015.09.30 14:14:52.076,0.70261,0.70273,1.50,1.87
2015.09.30 14:14:52.665,0.70261,0.70271,1.87,1.37
2015.09.30 14:14:53.171,0.70258,0.7027,1.87,1.50
2015.09.30 14:14:53.804,0.70259,0.7027,1.00,1.50
2015.09.30 14:14:54.110,0.70259,0.7027,1.12,1.50
2015.09.30 14:14:54.212,0.70259,0.7027,1.00,1.50
2015.09.30 14:14:55.998,0.70258,0.7027,1.87,1.50
2015.09.30 14:14:56.669,0.70257,0.70269,1.87,1.50
2015.09.30 14:15:00.364,0.70259,0.70271,1.12,1.50
2015.09.30 14:15:00.415,0.70261,0.70272,1.00,1.12
2015.09.30 14:15:00.808,0.70263,0.70273,1.50,1.37
2015.09.30 14:15:01.315,0.70265,0.70275,1.12,1.50
2015.09.30 14:15:01.997,0.70265,0.70278,3.00,3.00
2015.09.30 14:15:02.048,0.70265,0.70278,3.00,1.50
2015.09.30 14:15:02.555,0.70267,0.70277,1.50,1.00
2015.09.30 14:15:03.074,0.70265,0.70277,2.62,1.72
2015.09.30 14:15:06.805,0.70265,0.70277,2.62,1.50
2015.09.30 14:15:09.377,0.70265,0.70275,2.62,1.50
2015.09.30 14:15:11.511,0.70265,0.70275,1.50,1.12
2015.09.30 14:15:24.375,0.70265,0.70277,2.62,2.62
2015.09.30 14:15:26.799,0.70265,0.70277,1.87,2.10
2015.09.30 14:15:35.730,0.70262,0.70272,1.47,1.50
2015.09.30 14:15:36.417,0.70263,0.70274,1.50,1.12
2015.09.30 14:15:36.923,0.70262,0.70271,1.12,1.00
2015.09.30 14:15:37.025,0.70259,0.70272,3.00,1.87
2015.09.30 14:15:38.284,0.70262,0.70272,1.00,1.12
2015.09.30 14:15:38.436,0.70262,0.70274,1.37,2.25
2015.09.30 14:15:38.945,0.7026,0.70269,1.12,1.37
2015.09.30 14:15:41.871,0.70258,0.70268,1.75,1.50
2015.09.30 14:15:41.922,0.70258,0.70268,1.12,1.75
2015.09.30 14:15:42.226,0.70257,0.70269,1.87,2.25
2015.09.30 14:15:42.734,0.70259,0.70269,1.00,3.00
2015.09.30 14:15:43.046,0.70259,0.70267,1.00,1.37
2015.09.30 14:15:43.351,0.70256,0.70262,1.00,1.30
2015.09.30 14:15:43.453,0.70257,0.70264,1.00,1.12
2015.09.30 14:15:43.554,0.70258,0.70269,1.37,1.37
2015.09.30 14:15:44.630,0.7026,0.7027,1.00,2.62
2015.09.30 14:15:46.855,0.7026,0.7027,1.00,2.62
2015.09.30 14:15:48.986,0.7026,0.7027,1.00,2.62
2015.09.30 14:15:49.355,0.70258,0.7027,1.87,1.87
2015.09.30 14:15:49.963,0.70258,0.7027,1.37,3.22
2015.09.30 14:16:10.720,0.70258,0.70268,1.75,1.37
2015.09.30 14:16:19.742,0.70259,0.7027,1.00,1.75
2015.09.30 14:16:23.703,0.70259,0.7027,1.87,1.87
2015.09.30 14:16:24.251,0.7026,0.7027,1.50,1.12
2015.09.30 14:16:25.016,0.70259,0.70269,1.87,1.00
2015.09.30 14:16:25.521,0.70259,0.70269,1.37,2.25
2015.09.30 14:16:26.157,0.70259,0.70269,1.37,2.25
2015.09.30 14:16:30.758,0.70257,0.70269,1.87,2.25
2015.09.30 14:16:34.517,0.70257,0.70267,1.87,1.00
2015.09.30 14:16:35.061,0.70257,0.70269,1.87,2.25
2015.09.30 14:16:35.792,0.70252,0.70263,2.77,1.00
2015.09.30 14:16:36.104,0.70251,0.70259,1.12,1.00
2015.09.30 14:16:36.255,0.70251,0.70259,1.00,1.00
2015.09.30 14:16:36.927,0.7025,0.7026,1.75,1.00
2015.09.30 14:16:37.840,0.7025,0.70261,1.12,1.12
2015.09.30 14:16:38.408,0.7025,0.7026,1.75,1.00
2015.09.30 14:16:39.352,0.70249,0.70261,3.37,1.12
2015.09.30 14:16:40.140,0.7025,0.7026,1.12,1.00
2015.09.30 14:16:44.249,0.70254,0.7026,1.00,1.00
2015.09.30 14:16:44.592,0.70256,0.70262,1.00,1.00
2015.09.30 14:16:45.105,0.70256,0.70266,1.00,2.70
2015.09.30 14:16:45.207,0.70256,0.70266,1.12,1.50
2015.09.30 14:16:45.309,0.70256,0.70266,1.50,1.00
2015.09.30 14:16:45.927,0.70256,0.70265,1.50,2.47
2015.09.30 14:16:49.225,0.70255,0.70268,1.75,3.30
2015.09.30 14:16:49.789,0.70255,0.70267,1.75,2.47
2015.09.30 14:16:50.355,0.70256,0.70267,1.50,1.30
2015.09.30 14:16:52.803,0.70257,0.70267,1.12,3.97
2015.09.30 14:16:53.645,0.70256,0.70266,1.00,1.30
2015.09.30 14:16:54.277,0.70256,0.70265,1.00,1.00
2015.09.30 14:16:54.785,0.70255,0.70265,1.12,1.50
2015.09.30 14:16:57.603,0.70256,0.70265,1.00,1.00
2015.09.30 14:16:57.754,0.70256,0.70267,1.50,1.42
2015.09.30 14:16:58.262,0.70256,0.70267,1.50,1.60
2015.09.30 14:16:58.769,0.70257,0.70268,1.12,2.85
2015.09.30 14:16:59.467,0.70258,0.70268,1.50,1.30
2015.09.30 14:16:59.772,0.70264,0.70271,1.12,1.00
2015.09.30 14:17:00.176,0.70264,0.70273,1.00,1.00
2015.09.30 14:17:00.683,0.70264,0.70276,1.50,1.35
2015.09.30 14:17:01.188,0.70265,0.70276,1.00,1.75
2015.09.30 14:17:02.376,0.70264,0.70277,1.50,2.10
2015.09.30 14:17:02.528,0.70265,0.70277,1.50,2.10
2015.09.30 14:17:03.489,0.70267,0.70278,1.50,1.50
2015.09.30 14:17:05.991,0.70269,0.70279,1.00,2.25
2015.09.30 14:17:06.522,0.70268,0.70279,1.00,2.25
2015.09.30 14:17:07.028,0.70267,0.70277,2.62,1.00
2015.09.30 14:17:11.044,0.70267,0.70277,1.87,1.50
2015.09.30 14:17:17.858,0.70267,0.70277,1.87,1.00
2015.09.30 14:17:19.323,0.70267,0.70278,1.87,1.12
2015.09.30 14:17:24.483,0.70267,0.70277,1.37,1.00
2015.09.30 14:17:25.152,0.70267,0.70279,1.87,3.00
2015.09.30 14:17:25.673,0.70267,0.70277,1.87,1.00
2015.09.30 14:17:26.206,0.70267,0.70279,1.87,2.25
2015.09.30 14:17:28.574,0.70266,0.70278,1.00,1.85
2015.09.30 14:17:28.992,0.70266,0.70277,1.12,1.50
2015.09.30 14:17:29.599,0.70266,0.70275,1.12,1.00
2015.09.30 14:17:29.802,0.70261,0.70271,1.87,1.12
2015.09.30 14:17:30.093,0.70261,0.70271,1.12,1.50
2015.09.30 14:17:30.781,0.70259,0.70271,1.87,1.50
2015.09.30 14:17:31.987,0.70259,0.70269,1.87,1.00
2015.09.30 14:17:33.035,0.70259,0.70269,1.50,2.62
2015.09.30 14:17:34.093,0.70259,0.70269,1.87,2.62
2015.09.30 14:17:35.148,0.70259,0.70268,1.87,1.00
2015.09.30 14:17:35.654,0.70261,0.70269,1.00,1.00
2015.09.30 14:17:38.879,0.70261,0.70271,1.00,1.50
2015.09.30 14:17:39.439,0.70261,0.7027,1.00,1.00
2015.09.30 14:17:40.044,0.70261,0.70268,1.00,1.00
2015.09.30 14:17:41.223,0.70261,0.70269,1.00,1.00
2015.09.30 14:17:45.049,0.70261,0.70271,1.87,2.25
2015.09.30 14:17:48.362,0.70261,0.70269,1.00,1.00
2015.09.30 14:17:49.013,0.7026,0.70269,1.00,1.00
2015.09.30 14:17:51.327,0.70262,0.70271,1.12,1.37
2015.09.30 14:17:54.373,0.70263,0.70271,1.00,1.37
2015.09.30 14:17:54.896,0.70262,0.70271,1.12,1.37
2015.09.30 14:17:57.513,0.70264,0.70271,1.00,1.37
2015.09.30 14:17:58.020,0.70263,0.70271,1.00,1.00
2015.09.30 14:17:58.588,0.70263,0.70271,1.50,1.00
2015.09.30 14:17:58.943,0.70266,0.70276,1.00,1.75
2015.09.30 14:17:59.045,0.70268,0.70276,1.00,1.00
2015.09.30 14:17:59.552,0.70266,0.70278,1.75,3.67
2015.09.30 14:17:59.805,0.70264,0.70276,1.87,1.72
2015.09.30 14:17:59.856,0.70264,0.70274,1.75,1.00
2015.09.30 14:17:59.907,0.70264,0.70274,1.12,1.12
2015.09.30 14:18:00.109,0.70261,0.70273,1.50,1.87
2015.09.30 14:18:00.580,0.70264,0.70271,1.00,1.00
2015.09.30 14:18:00.682,0.70262,0.70271,1.00,1.00
2015.09.30 14:18:01.188,0.70261,0.7027,1.50,1.00
2015.09.30 14:18:02.213,0.70262,0.7027,1.00,1.00
2015.09.30 14:18:04.090,0.70262,0.70269,1.00,1.00
2015.09.30 14:18:06.122,0.70263,0.70269,1.00,1.00
2015.09.30 14:18:06.481,0.70266,0.7027,1.00,1.00
2015.09.30 14:18:06.636,0.70268,0.70276,1.00,1.12
2015.09.30 14:18:06.687,0.70267,0.70278,1.50,1.85
2015.09.30 14:18:07.193,0.70269,0.70278,1.12,1.67
2015.09.30 14:18:07.742,0.70269,0.70278,1.00,1.72
2015.09.30 14:18:08.269,0.70269,0.70278,1.00,2.47
2015.09.30 14:18:08.892,0.70269,0.70277,1.00,1.67
2015.09.30 14:18:10.222,0.70271,0.70278,1.00,1.00
2015.09.30 14:18:10.475,0.70271,0.7028,1.00,1.50
2015.09.30 14:18:11.140,0.70272,0.7028,1.00,1.00
2015.09.30 14:18:11.671,0.70274,0.70281,1.00,1.50
2015.09.30 14:18:11.975,0.70277,0.70286,1.00,1.12
2015.09.30 14:18:12.077,0.70277,0.70287,1.12,1.50
2015.09.30 14:18:12.598,0.70279,0.70289,1.00,2.85
2015.09.30 14:18:13.105,0.70279,0.70288,1.00,1.50
2015.09.30 14:18:14.486,0.70278,0.70288,1.87,1.50
2015.09.30 14:18:14.819,0.70275,0.70285,1.00,2.62
2015.09.30 14:18:15.123,0.70273,0.70283,1.00,1.50
2015.09.30 14:18:15.426,0.70272,0.70282,1.00,2.62
2015.09.30 14:18:15.785,0.70272,0.70281,1.00,1.00
2015.09.30 14:18:20.255,0.70276,0.70281,1.00,1.00
2015.09.30 14:18:20.357,0.70277,0.70286,1.00,1.12
2015.09.30 14:18:20.409,0.70277,0.70287,1.37,1.50
2015.09.30 14:18:20.917,0.70277,0.70288,1.37,3.97
2015.09.30 14:18:22.942,0.70277,0.70287,1.37,1.30
2015.09.30 14:18:23.450,0.70279,0.70289,1.00,1.80
2015.09.30 14:18:23.846,0.70279,0.70288,1.00,1.50
2015.09.30 14:18:24.302,0.7028,0.7029,1.12,1.80
2015.09.30 14:18:24.555,0.70281,0.70289,1.37,1.00
2015.09.30 14:18:25.178,0.70282,0.7029,1.12,1.30
2015.09.30 14:18:25.582,0.7028,0.70286,1.75,1.00
2015.09.30 14:18:25.684,0.7028,0.70286,1.00,1.00
2015.09.30 14:18:25.735,0.7028,0.70289,1.00,1.72
2015.09.30 14:18:26.595,0.7028,0.70289,1.00,3.22
2015.09.30 14:18:27.000,0.70278,0.70288,1.12,2.10
2015.09.30 14:18:27.051,0.70277,0.70282,1.00,1.00
2015.09.30 14:18:27.355,0.7027,0.70279,1.12,1.37
2015.09.30 14:18:27.886,0.7027,0.70278,1.37,1.60
2015.09.30 14:18:28.391,0.7027,0.70278,1.00,1.35
2015.09.30 14:18:29.003,0.7027,0.70277,1.00,1.35
2015.09.30 14:18:30.091,0.70269,0.70277,1.00,1.35
2015.09.30 14:18:30.867,0.70268,0.70277,1.12,1.35
2015.09.30 14:18:31.412,0.70267,0.70275,1.50,1.12
2015.09.30 14:18:31.514,0.70263,0.70275,2.25,3.30
2015.09.30 14:18:31.565,0.70263,0.70273,1.00,1.50
2015.09.30 14:18:31.616,0.70263,0.70271,1.00,1.00
2015.09.30 14:18:31.769,0.70258,0.70269,1.00,1.12
2015.09.30 14:18:31.820,0.7026,0.70269,1.00,1.12
2015.09.30 14:18:31.871,0.70258,0.70269,1.00,1.12
2015.09.30 14:18:32.376,0.70257,0.70266,1.50,1.00
2015.09.30 14:18:32.732,0.70255,0.70265,1.12,1.00
2015.09.30 14:18:32.834,0.70254,0.70263,1.00,1.00
2015.09.30 14:18:33.038,0.7025,0.70262,1.50,2.62
2015.09.30 14:18:33.553,0.7025,0.70259,1.00,1.00
2015.09.30 14:18:34.685,0.7025,0.70261,1.12,1.37
2015.09.30 14:18:37.318,0.7025,0.70261,1.12,1.12
2015.09.30 14:18:39.166,0.70251,0.70262,1.00,1.95
2015.09.30 14:18:40.927,0.70251,0.70261,1.12,1.75
2015.09.30 14:18:42.649,0.7025,0.70261,1.00,1.75
2015.09.30 14:18:46.407,0.70251,0.70262,1.00,1.95
2015.09.30 14:18:46.509,0.70249,0.7026,1.12,1.12
2015.09.30 14:18:47.014,0.70247,0.70259,2.62,1.00
2015.09.30 14:18:49.281,0.70248,0.70258,1.50,1.00
2015.09.30 14:18:50.976,0.70249,0.70259,1.12,1.00
2015.09.30 14:18:51.916,0.70248,0.70258,1.12,1.00
2015.09.30 14:18:52.423,0.70246,0.70256,1.12,1.00
2015.09.30 14:18:52.954,0.70246,0.70257,1.87,1.00
2015.09.30 14:18:53.561,0.70247,0.70256,1.37,1.00
2015.09.30 14:18:54.085,0.70247,0.70255,1.00,1.00
2015.09.30 14:18:54.238,0.70243,0.70255,2.70,1.00
2015.09.30 14:18:54.289,0.70245,0.70253,1.12,1.00
2015.09.30 14:18:54.593,0.70242,0.70249,1.00,1.00
2015.09.30 14:18:55.127,0.70241,0.70249,1.00,1.00
2015.09.30 14:18:55.584,0.70241,0.70251,1.00,2.62
2015.09.30 14:18:56.194,0.70239,0.70248,1.50,1.00
2015.09.30 14:18:56.296,0.7024,0.7025,1.00,1.00
2015.09.30 14:18:56.802,0.70238,0.70249,1.50,1.12
2015.09.30 14:18:57.663,0.70238,0.70249,1.12,1.20
2015.09.30 14:18:58.505,0.70239,0.7025,1.00,3.52
2015.09.30 14:18:59.010,0.7024,0.7025,1.00,3.52
2015.09.30 14:18:59.314,0.70238,0.70249,1.12,2.47
2015.09.30 14:18:59.824,0.70237,0.70249,1.00,3.60
2015.09.30 14:19:00.330,0.70238,0.70248,1.00,1.00
2015.09.30 14:19:02.571,0.70236,0.70247,1.12,1.00
2015.09.30 14:19:03.057,0.70235,0.70245,1.00,1.12
2015.09.30 14:19:03.108,0.70232,0.70242,1.00,1.00
2015.09.30 14:19:03.462,0.7023,0.70242,1.12,1.50
2015.09.30 14:19:04.238,0.7023,0.70242,1.00,1.47
2015.09.30 14:19:05.569,0.70231,0.70241,1.00,1.12
2015.09.30 14:19:06.492,0.70233,0.70244,1.00,2.32
2015.09.30 14:19:06.836,0.70234,0.70244,1.00,1.10
2015.09.30 14:19:07.695,0.70232,0.70244,1.00,1.20
2015.09.30 14:19:08.242,0.70232,0.70244,1.50,1.47
2015.09.30 14:19:09.297,0.70234,0.70244,1.00,1.37
2015.09.30 14:19:09.804,0.70234,0.70244,1.00,1.12
2015.09.30 14:19:11.180,0.70235,0.70246,1.00,1.37
2015.09.30 14:19:11.567,0.70238,0.70248,1.00,1.27
2015.09.30 14:19:11.820,0.7024,0.7025,1.00,1.12
2015.09.30 14:19:12.023,0.7024,0.70252,1.00,1.87
2015.09.30 14:19:12.538,0.70241,0.70254,1.87,1.95
2015.09.30 14:19:12.844,0.70246,0.7026,1.37,1.45
2015.09.30 14:19:13.149,0.70251,0.70263,1.00,1.87
2015.09.30 14:19:14.185,0.7025,0.70263,1.20,1.87
2015.09.30 14:19:14.288,0.70253,0.70262,1.00,1.00
2015.09.30 14:19:14.339,0.70251,0.70262,1.00,1.00
2015.09.30 14:19:14.390,0.70253,0.70262,1.00,1.00
2015.09.30 14:19:14.907,0.70254,0.70262,1.00,1.00
2015.09.30 14:19:15.059,0.70252,0.70262,1.10,1.00
2015.09.30 14:19:15.564,0.70251,0.70262,1.00,1.57
2015.09.30 14:19:16.076,0.7025,0.7026,1.00,1.10
2015.09.30 14:19:16.641,0.70248,0.7026,1.12,1.20
2015.09.30 14:19:17.002,0.70243,0.70254,1.87,1.00
2015.09.30 14:19:17.155,0.70242,0.70253,1.87,1.00
2015.09.30 14:19:17.460,0.70244,0.70253,1.00,1.10
2015.09.30 14:19:17.663,0.70244,0.70255,1.00,1.10
2015.09.30 14:19:19.611,0.70245,0.70255,1.00,1.42
2015.09.30 14:19:19.662,0.70243,0.70256,1.87,2.17
2015.09.30 14:19:19.713,0.70243,0.70253,1.87,1.00
2015.09.30 14:19:20.016,0.70243,0.70253,1.00,1.90
2015.09.30 14:19:21.875,0.70242,0.70253,1.00,1.27
2015.09.30 14:19:22.179,0.70243,0.70255,1.12,1.45
2015.09.30 14:19:22.231,0.70243,0.70255,1.37,1.10
2015.09.30 14:19:22.737,0.70245,0.70255,1.00,1.10
2015.09.30 14:19:23.260,0.70244,0.70255,1.12,1.57
2015.09.30 14:19:23.765,0.70243,0.70253,1.12,1.00
2015.09.30 14:19:24.289,0.70243,0.70255,1.12,2.02
2015.09.30 14:19:24.800,0.70243,0.70255,1.00,2.02
2015.09.30 14:19:26.360,0.70245,0.70255,1.00,2.02
2015.09.30 14:19:26.412,0.70243,0.70255,1.00,1.27
2015.09.30 14:19:26.463,0.70245,0.70255,1.00,1.27
2015.09.30 14:19:26.564,0.70243,0.70252,1.12,1.00
2015.09.30 14:19:26.883,0.70242,0.70253,1.00,2.02
2015.09.30 14:19:28.657,0.70243,0.70253,1.00,2.02
2015.09.30 14:19:30.097,0.70241,0.70252,1.00,1.37
2015.09.30 14:19:31.381,0.70241,0.70252,1.00,1.12
2015.09.30 14:19:31.785,0.70245,0.70252,1.00,1.12
2015.09.30 14:19:31.837,0.70242,0.70252,1.00,1.00
2015.09.30 14:19:32.254,0.70241,0.70251,1.00,1.50
2015.09.30 14:19:36.863,0.7024,0.70252,1.12,1.82
2015.09.30 14:19:40.212,0.70241,0.70251,1.00,1.57
2015.09.30 14:19:40.717,0.7024,0.70252,1.87,1.82
2015.09.30 14:19:42.709,0.70241,0.7025,1.00,1.12
2015.09.30 14:19:45.349,0.70241,0.7025,1.00,1.37
2015.09.30 14:19:45.501,0.70238,0.70247,1.00,1.00
2015.09.30 14:19:45.552,0.70235,0.70246,1.12,1.60
2015.09.30 14:19:45.606,0.70235,0.70242,1.12,1.00
2015.09.30 14:19:45.707,0.70231,0.70242,2.25,1.37
2015.09.30 14:19:45.910,0.70232,0.70242,1.37,1.00
2015.09.30 14:19:46.533,0.70232,0.70243,1.12,1.50
2015.09.30 14:19:47.615,0.70232,0.70243,1.37,1.50
2015.09.30 14:19:48.219,0.70234,0.70243,1.00,1.00
2015.09.30 14:19:48.421,0.70236,0.70246,1.00,2.77
2015.09.30 14:19:48.769,0.70238,0.70248,1.00,1.37
2015.09.30 14:19:49.278,0.70238,0.70251,1.00,3.67
2015.09.30 14:19:49.829,0.70239,0.7025,1.12,1.57
2015.09.30 14:19:50.385,0.7024,0.7025,1.00,1.57
2015.09.30 14:19:50.891,0.70241,0.70251,1.00,1.75
2015.09.30 14:19:51.131,0.70241,0.7025,1.00,1.00
2015.09.30 14:19:51.634,0.70242,0.70252,1.00,1.85
2015.09.30 14:19:52.225,0.70242,0.70253,1.87,1.10
2015.09.30 14:19:52.529,0.70247,0.70255,1.12,1.00
2015.09.30 14:19:52.833,0.7024,0.7025,1.12,1.50
2015.09.30 14:19:53.354,0.70239,0.7025,1.00,2.25
2015.09.30 14:19:53.608,0.70237,0.7025,1.50,3.67
2015.09.30 14:19:54.115,0.70235,0.70247,1.87,1.12
2015.09.30 14:19:54.641,0.70235,0.70246,1.37,1.00
2015.09.30 14:19:55.714,0.70237,0.70246,1.37,1.00
2015.09.30 14:19:55.866,0.70238,0.70249,1.12,1.57
2015.09.30 14:19:56.423,0.70236,0.70248,1.87,1.37
2015.09.30 14:19:56.959,0.70237,0.70247,1.00,1.12
2015.09.30 14:19:57.694,0.70235,0.70248,1.12,3.15
2015.09.30 14:19:58.437,0.70236,0.70247,1.00,1.00
2015.09.30 14:19:59.700,0.70237,0.70247,1.00,1.12
2015.09.30 14:20:02.384,0.70238,0.70249,1.00,1.20
2015.09.30 14:20:02.894,0.70238,0.70249,1.00,1.00
2015.09.30 14:20:03.677,0.70239,0.70249,1.00,1.00
2015.09.30 14:20:04.168,0.70239,0.70251,1.12,2.62
2015.09.30 14:20:05.818,0.70241,0.70251,1.00,2.25
2015.09.30 14:20:06.225,0.70239,0.70251,1.12,1.00
2015.09.30 14:20:06.734,0.7024,0.70251,1.00,1.00
2015.09.30 14:20:09.439,0.70245,0.70251,1.00,1.87
2015.09.30 14:20:09.490,0.70242,0.70251,1.00,1.12
2015.09.30 14:20:09.541,0.70244,0.70253,1.00,1.20
2015.09.30 14:20:09.845,0.70247,0.70257,1.00,1.50
2015.09.30 14:20:10.347,0.70247,0.70257,1.00,1.00
2015.09.30 14:20:10.703,0.70249,0.70257,1.00,1.00
2015.09.30 14:20:11.007,0.70249,0.7026,1.12,2.40
2015.09.30 14:20:11.539,0.70249,0.7026,1.12,1.50
2015.09.30 14:20:11.957,0.70249,0.70258,1.00,1.00
2015.09.30 14:20:12.109,0.70247,0.70258,1.00,1.00
2015.09.30 14:20:12.494,0.70247,0.7026,1.50,3.22
2015.09.30 14:20:13.010,0.70247,0.70259,1.50,1.00
2015.09.30 14:20:16.794,0.70247,0.70258,1.50,1.00
2015.09.30 14:20:17.445,0.70248,0.70258,1.00,1.12
2015.09.30 14:20:23.987,0.70248,0.70259,1.00,1.87
2015.09.30 14:20:24.443,0.70246,0.70259,1.50,2.47
2015.09.30 14:20:26.186,0.70248,0.70258,1.00,1.50
2015.09.30 14:20:27.433,0.70248,0.70258,1.00,1.37
2015.09.30 14:20:27.535,0.70249,0.7026,1.00,1.37
2015.09.30 14:20:28.040,0.7025,0.7026,1.00,1.37
2015.09.30 14:20:31.044,0.70247,0.70257,1.47,1.00
2015.09.30 14:20:31.380,0.7025,0.70258,1.00,1.50
2015.09.30 14:20:31.482,0.7025,0.7026,1.00,1.37
2015.09.30 14:20:31.989,0.70249,0.70259,1.00,1.35
2015.09.30 14:20:33.702,0.70248,0.70259,1.00,1.35
2015.09.30 14:20:34.371,0.70249,0.70261,1.00,1.12
2015.09.30 14:20:38.780,0.7025,0.70262,1.00,1.87
2015.09.30 14:20:41.740,0.70252,0.70263,1.00,2.62
2015.09.30 14:20:46.585,0.70251,0.70262,1.00,1.75
2015.09.30 14:20:47.110,0.70251,0.70262,1.00,1.50
2015.09.30 14:20:53.844,0.70253,0.70263,1.00,2.62
2015.09.30 14:20:54.333,0.70255,0.70265,1.00,4.50
2015.09.30 14:20:54.587,0.70256,0.70265,1.10,1.50
2015.09.30 14:20:54.638,0.70257,0.70268,1.00,1.00
2015.09.30 14:20:54.689,0.70259,0.70268,1.00,1.37
2015.09.30 14:21:00.475,0.70257,0.70269,1.12,1.75
2015.09.30 14:21:01.178,0.70256,0.70266,1.00,1.00
2015.09.30 14:21:01.490,0.70254,0.70265,1.87,1.00
2015.09.30 14:21:01.541,0.70254,0.70265,1.12,1.75
2015.09.30 14:21:01.743,0.70252,0.70265,1.57,2.62
2015.09.30 14:21:01.845,0.70252,0.70261,1.57,1.00
2015.09.30 14:21:02.281,0.70252,0.70262,1.00,1.12
2015.09.30 14:21:02.648,0.7025,0.70262,1.00,1.87
2015.09.30 14:21:03.896,0.70251,0.70261,1.00,1.75
2015.09.30 14:21:04.099,0.70249,0.70262,1.00,2.62
2015.09.30 14:21:12.915,0.70251,0.70261,1.00,1.12
2015.09.30 14:21:13.067,0.70251,0.70263,1.00,2.02
2015.09.30 14:21:13.169,0.70253,0.70263,1.00,1.87
2015.09.30 14:21:13.270,0.70253,0.70263,1.00,1.00
2015.09.30 14:21:13.818,0.70254,0.70263,1.00,1.00
2015.09.30 14:21:14.673,0.70254,0.70264,1.00,1.87
2015.09.30 14:21:14.825,0.70251,0.70263,1.45,1.50
2015.09.30 14:21:14.876,0.7025,0.70261,2.70,1.37
2015.09.30 14:21:14.977,0.7025,0.70261,1.00,1.37
2015.09.30 14:21:15.670,0.70249,0.70261,1.12,1.37
2015.09.30 14:21:16.425,0.70249,0.70259,1.00,1.00
2015.09.30 14:21:17.752,0.7025,0.7026,1.00,1.00
2015.09.30 14:21:18.107,0.70253,0.70263,1.00,1.87
2015.09.30 14:21:18.462,0.70251,0.70262,1.47,1.00
2015.09.30 14:21:19.186,0.70251,0.70262,1.10,1.00
2015.09.30 14:21:19.648,0.70254,0.70262,1.00,1.00
2015.09.30 14:21:20.271,0.70256,0.70265,1.00,1.12
2015.09.30 14:21:20.322,0.70257,0.70268,1.00,2.77
2015.09.30 14:21:20.677,0.70257,0.70268,1.00,2.62
2015.09.30 14:21:20.778,0.70257,0.70268,1.00,2.62
2015.09.30 14:21:21.433,0.70256,0.70268,1.00,3.37
2015.09.30 14:21:21.787,0.70257,0.70269,1.50,1.87
2015.09.30 14:21:23.554,0.70258,0.70268,1.00,1.37
2015.09.30 14:21:29.552,0.70255,0.70261,2.25,1.00
2015.09.30 14:21:29.755,0.70249,0.70261,1.00,1.87
2015.09.30 14:21:29.806,0.70248,0.70261,1.12,2.32
2015.09.30 14:21:30.317,0.70247,0.70258,1.00,1.00
2015.09.30 14:21:30.833,0.70248,0.70259,1.00,1.57
2015.09.30 14:21:31.338,0.70249,0.70259,1.00,1.57
2015.09.30 14:21:53.141,0.70248,0.70258,1.00,1.00
2015.09.30 14:21:57.582,0.70249,0.7026,1.00,1.20
2015.09.30 14:21:58.606,0.70248,0.7026,1.50,1.20
2015.09.30 14:22:03.925,0.70248,0.70252,1.00,1.00
2015.09.30 14:22:03.976,0.70246,0.70251,1.10,1.00
2015.09.30 14:22:04.292,0.70242,0.70252,1.00,1.50
2015.09.30 14:22:04.797,0.70241,0.70251,1.00,1.12
2015.09.30 14:22:05.626,0.7024,0.70251,1.87,1.12
2015.09.30 14:22:06.132,0.7024,0.7025,1.00,1.12
2015.09.30 14:22:07.395,0.70239,0.70251,1.12,1.37
2015.09.30 14:22:07.657,0.70241,0.70251,1.00,1.87
2015.09.30 14:22:08.164,0.7024,0.70252,1.00,2.62
2015.09.30 14:22:12.212,0.7024,0.70252,1.12,1.50
2015.09.30 14:22:13.517,0.70242,0.70252,1.00,1.50
2015.09.30 14:22:14.031,0.70241,0.70253,1.87,1.50
2015.09.30 14:22:18.333,0.7024,0.70252,2.47,1.12
2015.09.30 14:22:18.879,0.70241,0.70252,1.00,1.12
2015.09.30 14:22:22.923,0.70242,0.70252,1.00,1.00
2015.09.30 14:22:23.075,0.70243,0.70255,1.00,2.25
2015.09.30 14:22:23.176,0.70242,0.70254,1.12,1.50
2015.09.30 14:22:23.706,0.70243,0.70254,1.00,1.87
2015.09.30 14:22:23.909,0.70244,0.70255,1.87,1.12
2015.09.30 14:22:24.415,0.70245,0.70255,1.00,1.00
2015.09.30 14:22:24.965,0.70246,0.70258,1.50,1.87
2015.09.30 14:22:25.954,0.70246,0.70258,1.12,1.00
2015.09.30 14:22:26.511,0.70246,0.70259,1.12,1.50
2015.09.30 14:22:26.713,0.70246,0.70259,1.12,1.50
2015.09.30 14:22:27.700,0.70247,0.70258,1.00,1.50
2015.09.30 14:22:29.721,0.70246,0.70258,2.25,1.50
2015.09.30 14:22:30.397,0.70247,0.70257,1.00,1.12
2015.09.30 14:22:30.972,0.70246,0.70258,2.25,1.50
2015.09.30 14:22:39.840,0.70246,0.70256,1.50,1.00
2015.09.30 14:22:40.144,0.70241,0.70252,1.50,1.50
2015.09.30 14:22:40.645,0.70241,0.70252,1.12,1.50
2015.09.30 14:22:41.151,0.7024,0.70252,1.87,1.50
2015.09.30 14:22:41.668,0.70239,0.70249,1.50,1.00
2015.09.30 14:22:42.174,0.70239,0.70251,1.00,1.37
2015.09.30 14:22:51.236,0.70238,0.70249,1.50,1.00
2015.09.30 14:22:51.543,0.70236,0.70248,2.25,1.12
2015.09.30 14:22:52.237,0.70236,0.70247,1.00,1.00
2015.09.30 14:22:52.868,0.70236,0.70248,1.00,1.12
2015.09.30 14:22:53.971,0.70237,0.70247,1.00,1.00
2015.09.30 14:22:54.633,0.70236,0.70249,2.62,1.37
2015.09.30 14:22:54.685,0.70237,0.7025,1.87,1.50
2015.09.30 14:22:55.226,0.70238,0.7025,1.50,1.12
2015.09.30 14:22:55.771,0.70239,0.70251,1.00,1.50
2015.09.30 14:22:56.277,0.70239,0.70249,1.00,1.00
2015.09.30 14:22:58.286,0.70237,0.7025,1.37,2.25
2015.09.30 14:23:01.807,0.70239,0.70248,1.00,1.00
2015.09.30 14:23:02.312,0.70238,0.70248,1.00,1.00
2015.09.30 14:23:07.886,0.70238,0.70249,1.00,1.87
2015.09.30 14:23:11.072,0.7024,0.70249,1.00,1.12
2015.09.30 14:23:14.979,0.70241,0.70252,1.00,1.50
2015.09.30 14:23:15.285,0.70243,0.70253,1.00,1.87
2015.09.30 14:23:15.387,0.70243,0.70253,1.00,1.50
2015.09.30 14:23:15.923,0.70241,0.70253,1.60,1.00
2015.09.30 14:23:16.476,0.70243,0.70253,1.00,1.50
2015.09.30 14:23:16.983,0.70241,0.70253,1.60,1.00
2015.09.30 14:23:18.918,0.70241,0.70253,1.00,1.00
2015.09.30 14:23:18.969,0.70241,0.70253,1.00,1.87
2015.09.30 14:23:19.893,0.70241,0.70252,1.60,1.37
2015.09.30 14:23:20.944,0.70241,0.70252,1.35,1.37
2015.09.30 14:23:21.471,0.7024,0.70253,2.10,1.87
2015.09.30 14:23:22.904,0.7024,0.70252,1.60,1.87
2015.09.30 14:23:23.405,0.7024,0.70251,2.10,1.37
2015.09.30 14:23:27.326,0.7024,0.70249,1.00,1.00
2015.09.30 14:23:27.377,0.70238,0.70249,1.12,1.00
2015.09.30 14:23:27.892,0.70238,0.70248,1.87,1.00
2015.09.30 14:23:28.399,0.70238,0.70249,1.50,1.12
2015.09.30 14:23:30.544,0.70239,0.70249,1.00,1.12
2015.09.30 14:23:36.476,0.70239,0.70248,1.00,1.00
2015.09.30 14:23:36.931,0.70236,0.70246,1.12,1.00
2015.09.30 14:23:36.982,0.70236,0.70248,1.12,1.50
2015.09.30 14:23:37.237,0.70235,0.70241,1.12,1.00
2015.09.30 14:23:37.291,0.70233,0.70241,1.00,1.00
2015.09.30 14:23:37.342,0.70233,0.70243,1.00,1.00
2015.09.30 14:23:37.646,0.70235,0.70243,1.00,1.12
2015.09.30 14:23:37.747,0.70235,0.70245,1.12,1.12
2015.09.30 14:23:38.328,0.70233,0.70243,1.12,1.00
2015.09.30 14:23:38.633,0.70231,0.70243,1.00,2.62
2015.09.30 14:23:39.196,0.70231,0.70242,1.00,1.00
2015.09.30 14:23:39.467,0.7023,0.70241,1.00,1.37
2015.09.30 14:23:40.330,0.7023,0.70241,1.00,1.50
2015.09.30 14:23:41.314,0.70231,0.70241,1.00,1.00
2015.09.30 14:23:41.618,0.70233,0.70244,1.00,2.62
2015.09.30 14:23:41.854,0.70233,0.70244,1.12,2.25
2015.09.30 14:23:42.360,0.70235,0.70244,1.00,1.50
2015.09.30 14:23:42.462,0.70236,0.70246,1.00,1.12
2015.09.30 14:23:42.969,0.70236,0.70248,1.50,1.50
2015.09.30 14:23:43.495,0.70236,0.70248,1.50,1.50
2015.09.30 14:23:45.437,0.70236,0.70248,1.50,2.25
2015.09.30 14:23:46.946,0.70235,0.70246,1.12,1.12
2015.09.30 14:23:47.476,0.70233,0.70245,1.50,1.50
2015.09.30 14:23:47.527,0.70233,0.70243,1.50,1.00
2015.09.30 14:23:48.036,0.70233,0.70243,1.00,1.00
2015.09.30 14:23:49.841,0.70233,0.70244,1.00,1.00
2015.09.30 14:23:53.219,0.70232,0.70244,1.00,1.50
2015.09.30 14:23:53.523,0.70231,0.70242,1.00,1.00
2015.09.30 14:23:54.030,0.7023,0.70242,1.50,1.37
2015.09.30 14:23:59.248,0.7023,0.70242,1.50,2.25
2015.09.30 14:23:59.653,0.7023,0.70242,1.35,3.00
2015.09.30 14:24:00.951,0.7023,0.70242,1.50,1.87
2015.09.30 14:24:02.271,0.7023,0.70242,1.50,1.37
2015.09.30 14:24:04.724,0.70231,0.70242,1.00,2.25
2015.09.30 14:24:05.227,0.70232,0.70243,1.00,1.37
2015.09.30 14:24:05.531,0.70234,0.70243,1.00,1.37
2015.09.30 14:24:05.582,0.70234,0.70243,1.00,1.12
2015.09.30 14:24:05.684,0.70234,0.70245,1.12,1.50
2015.09.30 14:24:06.245,0.70233,0.70244,1.00,1.12
2015.09.30 14:24:06.750,0.70232,0.70244,1.00,1.00
2015.09.30 14:24:06.902,0.70234,0.70244,1.00,1.12
2015.09.30 14:24:08.842,0.70235,0.70244,1.00,1.00
2015.09.30 14:24:09.449,0.70233,0.70244,1.00,1.00
2015.09.30 14:24:09.988,0.70233,0.70243,1.00,1.00
2015.09.30 14:24:10.801,0.70235,0.70243,1.00,1.00
2015.09.30 14:24:11.373,0.70232,0.70243,1.10,1.00
2015.09.30 14:24:11.882,0.70232,0.70244,1.10,1.00
2015.09.30 14:24:12.405,0.70232,0.70243,1.10,1.00
2015.09.30 14:24:12.937,0.70232,0.70244,1.10,1.00
2015.09.30 14:24:14.907,0.70233,0.70244,1.00,1.00
2015.09.30 14:24:15.059,0.70234,0.70245,1.87,1.00
2015.09.30 14:24:15.160,0.70234,0.70247,1.87,1.12
2015.09.30 14:24:17.812,0.70236,0.70245,1.00,1.00
2015.09.30 14:24:17.863,0.70236,0.70247,1.00,1.00
2015.09.30 14:24:21.336,0.70236,0.70246,1.00,1.00
2015.09.30 14:24:21.844,0.70236,0.70247,1.00,1.00
2015.09.30 14:24:23.285,0.70236,0.70244,1.12,1.00
2015.09.30 14:24:23.588,0.70232,0.70242,1.87,1.00
2015.09.30 14:24:24.136,0.70232,0.70243,1.87,1.00
2015.09.30 14:24:31.775,0.70232,0.70244,1.12,1.12
2015.09.30 14:24:32.414,0.70233,0.70245,1.75,1.37
2015.09.30 14:24:32.915,0.70234,0.70245,1.37,1.00
2015.09.30 14:24:34.014,0.70233,0.70244,1.75,1.00
2015.09.30 14:24:40.613,0.70233,0.70243,1.75,1.00
2015.09.30 14:24:40.666,0.70232,0.70245,2.62,1.50
2015.09.30 14:24:41.228,0.70232,0.70245,2.62,1.87
2015.09.30 14:24:42.716,0.70236,0.70245,1.00,1.00
2015.09.30 14:24:42.868,0.70236,0.70247,1.50,1.00
2015.09.30 14:24:43.121,0.70239,0.70248,1.00,1.00
2015.09.30 14:24:47.985,0.70237,0.70248,1.57,1.00
2015.09.30 14:24:49.787,0.70238,0.7025,1.12,2.25
2015.09.30 14:24:52.830,0.70239,0.7025,1.00,1.50
2015.09.30 14:24:53.355,0.70238,0.7025,1.50,1.12
2015.09.30 14:24:57.249,0.70238,0.70249,1.00,1.00
2015.09.30 14:25:04.593,0.70237,0.70249,2.10,1.12
2015.09.30 14:25:06.883,0.70237,0.70248,1.35,1.00
2015.09.30 14:25:09.882,0.70237,0.70247,1.00,1.00
2015.09.30 14:25:10.932,0.70236,0.70247,2.47,1.00
2015.09.30 14:25:13.555,0.70237,0.70247,1.50,1.00
2015.09.30 14:25:14.251,0.70237,0.70249,1.12,1.50
2015.09.30 14:25:16.253,0.70237,0.70247,1.72,1.00
2015.09.30 14:25:17.737,0.70236,0.70246,1.12,1.00
2015.09.30 14:25:18.243,0.70235,0.70247,2.62,1.87
2015.09.30 14:25:19.673,0.70236,0.70247,1.00,1.87
2015.09.30 14:25:20.179,0.70236,0.70248,1.50,1.50
2015.09.30 14:25:20.482,0.70235,0.70245,1.87,1.00
2015.09.30 14:25:20.583,0.70235,0.70247,1.12,1.00
2015.09.30 14:25:21.112,0.70235,0.70245,1.12,1.00
2015.09.30 14:25:21.214,0.70233,0.70244,1.50,1.00
2015.09.30 14:25:21.720,0.7023,0.70243,2.62,1.50
2015.09.30 14:25:22.333,0.7023,0.70243,1.87,1.50
2015.09.30 14:25:22.835,0.7023,0.70241,1.87,1.00
2015.09.30 14:25:23.240,0.70232,0.70244,1.30,1.50
2015.09.30 14:25:23.763,0.70232,0.70244,1.35,1.12
2015.09.30 14:25:24.729,0.70232,0.70244,1.00,1.50
2015.09.30 14:25:25.033,0.7023,0.70242,1.75,1.87
2015.09.30 14:25:25.084,0.7023,0.70241,1.00,1.12
2015.09.30 14:25:25.804,0.7023,0.70241,2.10,1.12
2015.09.30 14:25:27.595,0.7023,0.70243,4.35,1.87
2015.09.30 14:25:28.119,0.7023,0.70243,2.85,1.87
2015.09.30 14:25:28.992,0.70232,0.70243,1.00,1.87
2015.09.30 14:25:29.499,0.70232,0.70242,1.00,1.00
2015.09.30 14:25:29.920,0.70233,0.70246,1.87,2.70
2015.09.30 14:25:31.957,0.70231,0.70244,1.87,1.20
2015.09.30 14:25:32.388,0.70233,0.70244,1.00,1.65
2015.09.30 14:25:32.914,0.70233,0.70244,1.37,1.27
2015.09.30 14:25:33.443,0.70235,0.70248,1.87,2.62
2015.09.30 14:25:33.697,0.70237,0.70248,1.00,1.55
2015.09.30 14:25:34.204,0.70235,0.70248,2.62,1.55
2015.09.30 14:25:34.744,0.70237,0.70248,1.00,1.65
2015.09.30 14:25:35.968,0.70235,0.70248,1.50,1.65
2015.09.30 14:25:36.687,0.70235,0.70246,1.00,1.50
2015.09.30 14:25:37.196,0.70234,0.70245,2.25,1.12
2015.09.30 14:25:37.818,0.70234,0.70246,1.87,1.50
2015.09.30 14:25:38.323,0.70233,0.70245,1.87,1.00
2015.09.30 14:25:38.880,0.70237,0.70248,1.12,1.65
2015.09.30 14:25:39.083,0.70232,0.70245,1.87,1.37
2015.09.30 14:25:39.236,0.70231,0.70244,3.00,1.57
2015.09.30 14:25:39.439,0.70231,0.70244,3.00,1.65
2015.09.30 14:25:41.228,0.70232,0.70242,1.00,1.00
2015.09.30 14:25:41.733,0.70231,0.70243,1.00,1.27
2015.09.30 14:25:42.364,0.70231,0.70242,1.50,1.00
2015.09.30 14:25:43.259,0.70231,0.70242,1.60,1.00
2015.09.30 14:25:45.745,0.70231,0.70242,2.10,1.00
2015.09.30 14:25:47.715,0.70231,0.70242,1.50,1.37
2015.09.30 14:25:51.045,0.70229,0.70242,2.85,1.50
2015.09.30 14:25:51.602,0.70229,0.70242,2.10,1.95
2015.09.30 14:25:51.975,0.70229,0.70242,3.60,1.95
2015.09.30 14:25:54.499,0.70229,0.7024,2.10,1.12
2015.09.30 14:25:55.041,0.70229,0.70242,2.85,1.95
2015.09.30 14:25:55.547,0.7023,0.70241,1.60,1.10
2015.09.30 14:25:56.699,0.7023,0.70243,1.35,3.07
2015.09.30 14:25:58.055,0.7023,0.70241,1.60,1.10
2015.09.30 14:25:58.641,0.7023,0.70241,1.35,1.10
2015.09.30 14:26:02.467,0.70231,0.70242,1.00,1.20
2015.09.30 14:26:02.518,0.70231,0.70244,3.60,3.82
2015.09.30 14:26:02.872,0.70231,0.70243,1.72,1.37
2015.09.30 14:26:05.487,0.70233,0.70242,1.00,1.12
2015.09.30 14:26:05.999,0.70232,0.70243,1.00,1.20
2015.09.30 14:26:06.404,0.70229,0.7024,3.00,1.00
2015.09.30 14:26:07.093,0.7023,0.7024,1.00,1.00
2015.09.30 14:26:10.415,0.70229,0.70239,1.37,1.00
2015.09.30 14:26:13.551,0.70229,0.7024,1.72,1.00
2015.09.30 14:26:14.057,0.7023,0.70241,1.50,1.00
2015.09.30 14:26:15.551,0.7023,0.7024,1.50,1.00
2015.09.30 14:26:17.971,0.7023,0.70241,1.50,1.00
2015.09.30 14:26:21.059,0.70229,0.70242,2.62,1.10
2015.09.30 14:26:22.055,0.70232,0.70242,1.50,1.00
2015.09.30 14:26:22.574,0.70231,0.70243,1.87,1.57
2015.09.30 14:26:24.368,0.70231,0.70242,1.50,1.00
2015.09.30 14:26:24.887,0.7023,0.70243,3.37,1.57
2015.09.30 14:26:26.113,0.70231,0.70242,1.50,1.12
2015.09.30 14:26:26.624,0.7023,0.70241,1.37,1.00
2015.09.30 14:26:27.196,0.7023,0.70242,1.12,2.62
2015.09.30 14:26:30.447,0.7023,0.70242,1.50,1.00
2015.09.30 14:26:31.363,0.70231,0.70242,1.00,1.00
2015.09.30 14:26:33.165,0.7023,0.70242,1.50,1.00
2015.09.30 14:26:33.689,0.7023,0.70243,1.50,1.20
2015.09.30 14:26:35.191,0.70231,0.70242,1.12,1.00
2015.09.30 14:26:35.495,0.70236,0.70246,1.00,1.07
2015.09.30 14:26:36.003,0.70236,0.70246,1.00,1.00
2015.09.30 14:26:38.590,0.70236,0.70247,1.50,1.50
2015.09.30 14:26:38.894,0.70238,0.70249,1.87,1.12
2015.09.30 14:26:39.402,0.70239,0.70251,1.50,1.57
2015.09.30 14:26:40.254,0.70239,0.70251,2.25,1.12
2015.09.30 14:26:41.859,0.70241,0.70251,1.00,1.12
2015.09.30 14:26:42.718,0.70243,0.70252,1.00,1.47
2015.09.30 14:26:42.871,0.70244,0.70257,1.87,2.70
2015.09.30 14:26:42.973,0.70246,0.70257,1.00,1.95
2015.09.30 14:26:43.386,0.70247,0.70258,1.12,1.50
2015.09.30 14:26:43.893,0.70248,0.70257,1.00,1.00
2015.09.30 14:26:44.445,0.70247,0.70257,1.12,1.00
2015.09.30 14:26:46.371,0.70251,0.70257,1.12,1.00
2015.09.30 14:26:46.422,0.70251,0.70261,2.85,1.00
2015.09.30 14:26:46.473,0.70252,0.70264,1.12,1.12
2015.09.30 14:26:46.524,0.70252,0.70264,3.22,1.12
2015.09.30 14:26:46.829,0.70251,0.70261,1.00,1.50
2015.09.30 14:26:47.346,0.7025,0.70261,1.00,1.12
2015.09.30 14:26:47.853,0.7025,0.70261,1.00,1.50
2015.09.30 14:26:48.156,0.70248,0.70259,1.72,1.00
2015.09.30 14:26:48.696,0.70249,0.70261,1.00,1.50
2015.09.30 14:26:50.775,0.7025,0.70259,1.00,1.00
2015.09.30 14:26:52.412,0.70249,0.70259,1.35,1.00
2015.09.30 14:26:54.670,0.70249,0.70261,1.72,1.87
2015.09.30 14:26:55.176,0.7025,0.70261,1.00,1.50
2015.09.30 14:26:55.472,0.7025,0.70261,1.00,1.87
2015.09.30 14:26:55.979,0.70249,0.70261,1.72,1.87
2015.09.30 14:27:16.828,0.70248,0.7026,2.47,1.12
2015.09.30 14:27:17.381,0.70248,0.70259,2.47,1.00
2015.09.30 14:27:19.628,0.70248,0.70258,1.37,1.00
2015.09.30 14:27:19.729,0.70248,0.70258,1.00,1.00
2015.09.30 14:27:21.352,0.70246,0.70253,1.87,1.00
2015.09.30 14:27:21.662,0.70243,0.70254,1.87,1.00
2015.09.30 14:27:22.186,0.70243,0.70256,1.87,1.37
2015.09.30 14:27:23.291,0.70244,0.70255,1.00,1.12
2015.09.30 14:27:24.049,0.70243,0.70255,1.12,1.00
2015.09.30 14:27:24.668,0.70243,0.70256,1.50,1.12
2015.09.30 14:27:24.719,0.70243,0.70254,1.50,1.00
2015.09.30 14:27:25.099,0.70243,0.70256,2.10,1.12
2015.09.30 14:27:25.150,0.70243,0.70254,2.10,1.00
2015.09.30 14:27:25.686,0.70243,0.70255,1.12,1.00
2015.09.30 14:27:28.094,0.70243,0.70254,1.00,1.00
2015.09.30 14:27:28.409,0.70241,0.70253,1.50,1.50
2015.09.30 14:27:28.916,0.70241,0.70251,2.10,1.00
2015.09.30 14:27:29.465,0.70241,0.70252,1.72,1.12
2015.09.30 14:27:30.217,0.7024,0.70252,1.30,2.25
2015.09.30 14:27:30.524,0.7024,0.70252,2.10,2.25
2015.09.30 14:27:31.031,0.70239,0.70251,2.85,1.87
2015.09.30 14:27:31.806,0.7024,0.70252,2.10,1.50
2015.09.30 14:27:32.399,0.70239,0.70252,3.22,1.50
2015.09.30 14:27:33.833,0.70239,0.70252,1.72,1.50
2015.09.30 14:27:34.288,0.7024,0.70252,2.10,1.50
2015.09.30 14:27:34.663,0.70243,0.70254,1.00,2.62
2015.09.30 14:27:34.765,0.70243,0.70254,1.12,2.25
2015.09.30 14:27:37.218,0.70241,0.70251,1.95,1.00
2015.09.30 14:27:37.371,0.7024,0.70251,2.92,1.12
2015.09.30 14:27:37.953,0.70242,0.70253,1.00,1.12
2015.09.30 14:27:38.055,0.7024,0.70253,1.35,1.75
2015.09.30 14:27:38.562,0.70238,0.7025,1.00,1.87
2015.09.30 14:27:38.613,0.70238,0.70248,1.00,1.00
2015.09.30 14:27:39.027,0.70237,0.7025,2.25,1.87
2015.09.30 14:27:39.078,0.70239,0.7025,1.00,1.87
2015.09.30 14:27:39.585,0.70239,0.70249,1.00,1.00
2015.09.30 14:27:40.440,0.70239,0.7025,1.00,1.87
2015.09.30 14:27:41.059,0.70239,0.70249,1.00,1.00
2015.09.30 14:27:42.293,0.70239,0.7025,1.00,1.87
2015.09.30 14:27:42.799,0.70239,0.70249,1.50,1.00
2015.09.30 14:27:43.528,0.70239,0.7025,1.50,1.87
2015.09.30 14:27:44.030,0.7024,0.70249,1.00,1.00
2015.09.30 14:27:50.285,0.70239,0.70248,1.00,1.00
2015.09.30 14:27:50.798,0.70239,0.70249,1.00,1.00
2015.09.30 14:27:52.295,0.70239,0.70248,1.50,1.00
2015.09.30 14:27:53.377,0.70239,0.70249,1.50,1.00
2015.09.30 14:27:54.804,0.70239,0.70248,1.50,1.00
2015.09.30 14:27:54.905,0.70239,0.7025,1.50,1.12
2015.09.30 14:27:55.960,0.70239,0.7025,1.50,1.37
2015.09.30 14:27:56.467,0.70239,0.70248,1.12,1.50
2015.09.30 14:27:57.197,0.70239,0.70249,1.12,1.50
2015.09.30 14:27:58.225,0.70239,0.70247,1.00,1.00
2015.09.30 14:28:00.149,0.70239,0.70249,1.00,1.50
2015.09.30 14:28:00.666,0.70239,0.70248,1.00,1.00
2015.09.30 14:28:02.556,0.7024,0.70248,1.00,1.00
2015.09.30 14:28:04.084,0.7024,0.70244,1.00,1.00
2015.09.30 14:28:04.135,0.7024,0.70246,1.00,1.12
2015.09.30 14:28:04.186,0.7024,0.70244,1.00,1.00
2015.09.30 14:28:04.551,0.70234,0.7024,1.00,1.00
2015.09.30 14:28:04.652,0.70231,0.70239,1.50,1.00
2015.09.30 14:28:04.703,0.70231,0.70236,1.00,1.00
2015.09.30 14:28:04.754,0.70231,0.70238,1.00,1.12
2015.09.30 14:28:04.957,0.70231,0.7024,1.00,1.12
2015.09.30 14:28:06.742,0.70232,0.70242,1.00,1.12
2015.09.30 14:28:08.068,0.70231,0.70242,1.10,1.75
2015.09.30 14:28:09.559,0.70231,0.70242,1.60,1.75
2015.09.30 14:28:09.812,0.70232,0.70243,1.72,1.00
2015.09.30 14:28:10.280,0.70232,0.70243,1.00,1.75
2015.09.30 14:28:12.107,0.70237,0.70243,1.00,1.12
2015.09.30 14:28:12.310,0.70238,0.70248,2.85,1.00
2015.09.30 14:28:12.412,0.70239,0.70251,1.00,1.50
2015.09.30 14:28:12.960,0.7024,0.70251,1.00,1.50
2015.09.30 14:28:14.002,0.70239,0.70251,1.42,1.12
2015.09.30 14:28:14.270,0.70241,0.70251,1.00,1.12
2015.09.30 14:28:14.826,0.70243,0.70252,1.00,1.87
2015.09.30 14:28:14.877,0.70241,0.70252,1.00,1.50
2015.09.30 14:28:15.400,0.7024,0.70251,1.12,1.12
2015.09.30 14:28:15.452,0.70243,0.70251,1.00,1.37
2015.09.30 14:28:15.555,0.70243,0.70252,1.00,1.00
2015.09.30 14:28:15.707,0.70241,0.70253,1.87,1.00
2015.09.30 14:28:15.859,0.70245,0.70253,1.00,1.00
2015.09.30 14:28:15.960,0.70244,0.70255,1.00,1.57
2015.09.30 14:28:16.589,0.70247,0.70258,1.00,1.47
2015.09.30 14:28:17.795,0.70247,0.70258,1.00,1.12
2015.09.30 14:28:18.301,0.70248,0.70259,1.00,2.25
2015.09.30 14:28:18.979,0.70247,0.70259,1.00,1.50
2015.09.30 14:28:19.485,0.70248,0.70259,1.00,1.12
2015.09.30 14:28:20.292,0.70247,0.70258,1.00,1.37
2015.09.30 14:28:24.112,0.70246,0.70257,1.12,1.12
2015.09.30 14:28:24.466,0.70245,0.70256,1.37,1.37
2015.09.30 14:28:24.567,0.70243,0.70256,1.12,1.75
2015.09.30 14:28:25.011,0.70242,0.70252,1.72,1.37
2015.09.30 14:28:25.719,0.70243,0.70252,1.35,1.37
2015.09.30 14:28:25.821,0.70243,0.70253,1.35,1.12
2015.09.30 14:28:26.364,0.70243,0.70252,1.00,1.00
2015.09.30 14:28:26.943,0.70243,0.70253,1.00,1.00
2015.09.30 14:28:27.466,0.70246,0.70257,1.00,2.02
2015.09.30 14:28:27.517,0.70245,0.70257,1.12,1.57
2015.09.30 14:28:27.721,0.70247,0.70257,1.00,1.37
2015.09.30 14:28:28.227,0.70246,0.70257,1.00,1.37
2015.09.30 14:28:28.758,0.70247,0.70257,1.00,1.37
2015.09.30 14:28:29.066,0.70249,0.7026,1.00,3.37
2015.09.30 14:28:29.862,0.70247,0.7026,1.10,1.87
2015.09.30 14:28:31.627,0.70249,0.70257,1.00,1.50
2015.09.30 14:28:31.728,0.70247,0.70259,1.10,1.87
2015.09.30 14:28:32.625,0.70251,0.70257,1.00,1.50
2015.09.30 14:28:32.727,0.70249,0.70257,1.00,1.00
2015.09.30 14:28:32.778,0.7025,0.7026,1.00,1.50
2015.09.30 14:28:33.470,0.70251,0.7026,1.00,1.50
2015.09.30 14:28:33.522,0.70249,0.7026,2.55,1.50
2015.09.30 14:28:41.367,0.70248,0.7026,2.47,1.37
2015.09.30 14:28:41.418,0.7025,0.7026,1.00,1.37
2015.09.30 14:28:41.723,0.70252,0.70261,1.00,1.50
2015.09.30 14:28:42.441,0.70252,0.70263,1.00,1.87
2015.09.30 14:28:43.075,0.70252,0.70262,1.00,1.75
2015.09.30 14:28:43.529,0.70254,0.70262,1.00,1.75
2015.09.30 14:28:43.580,0.70252,0.70262,1.00,1.75
2015.09.30 14:28:44.906,0.7025,0.7026,1.50,1.12
2015.09.30 14:28:45.413,0.70251,0.7026,1.00,1.12
2015.09.30 14:28:46.330,0.70252,0.70262,1.00,1.12
2015.09.30 14:28:46.381,0.7025,0.70262,1.00,1.12
2015.09.30 14:28:47.181,0.70252,0.70262,1.00,1.87
2015.09.30 14:28:47.693,0.70251,0.70262,1.00,2.62
2015.09.30 14:28:48.865,0.70251,0.70261,1.00,1.12
2015.09.30 14:28:52.171,0.70254,0.70263,1.00,2.70
2015.09.30 14:28:52.324,0.70255,0.70264,1.00,1.17
2015.09.30 14:28:52.526,0.70255,0.70266,1.00,1.50
2015.09.30 14:28:52.577,0.70256,0.70266,2.85,1.37
2015.09.30 14:28:52.729,0.70258,0.70267,1.00,1.20
2015.09.30 14:28:53.234,0.70257,0.70268,1.00,2.25
2015.09.30 14:28:53.742,0.70258,0.70269,1.00,2.62
2015.09.30 14:28:54.254,0.70259,0.70269,1.00,1.50
2015.09.30 14:28:56.203,0.70258,0.7027,1.00,1.95
2015.09.30 14:28:58.169,0.70259,0.70269,1.00,1.50
2015.09.30 14:28:58.220,0.70259,0.70269,1.00,1.00
2015.09.30 14:28:58.322,0.70261,0.7027,1.00,1.10
2015.09.30 14:28:58.524,0.70262,0.70272,1.00,1.00
2015.09.30 14:29:00.380,0.70263,0.70273,1.00,2.25
2015.09.30 14:29:01.052,0.70262,0.70273,1.00,1.87
2015.09.30 14:29:01.256,0.70259,0.70272,1.80,3.00
2015.09.30 14:29:01.607,0.70264,0.70274,1.00,1.00
2015.09.30 14:29:01.910,0.70266,0.70275,1.00,1.50
2015.09.30 14:29:04.058,0.70266,0.70276,1.00,1.00
2015.09.30 14:29:04.159,0.70265,0.70277,1.00,2.62
2015.09.30 14:29:04.665,0.70266,0.70275,1.00,2.25
2015.09.30 14:29:06.019,0.70265,0.70275,1.00,1.37
2015.09.30 14:29:06.289,0.70263,0.70273,1.00,1.12
2015.09.30 14:29:06.795,0.70262,0.70272,1.12,1.00
2015.09.30 14:29:06.947,0.7026,0.70272,1.57,1.87
2015.09.30 14:29:07.484,0.70259,0.7027,2.10,1.00
2015.09.30 14:29:07.787,0.7026,0.70272,1.60,2.62
2015.09.30 14:29:07.838,0.7026,0.70273,1.72,4.12
2015.09.30 14:29:08.041,0.7026,0.70273,1.35,4.20
2015.09.30 14:29:08.562,0.70261,0.70271,1.00,1.50
2015.09.30 14:29:09.084,0.70261,0.70272,1.35,3.00
2015.09.30 14:29:09.709,0.70261,0.7027,1.00,1.00
2015.09.30 14:29:11.544,0.70261,0.70271,1.00,1.00
2015.09.30 14:29:19.887,0.70259,0.70271,1.70,1.00
2015.09.30 14:29:20.404,0.70262,0.70272,1.00,1.87
2015.09.30 14:29:21.533,0.70263,0.70272,1.00,1.50
2015.09.30 14:29:21.634,0.70261,0.70272,1.00,1.50
2015.09.30 14:29:21.736,0.70261,0.70272,1.00,1.87
2015.09.30 14:29:22.205,0.70263,0.70273,1.00,1.75
2015.09.30 14:29:22.307,0.70263,0.70273,1.00,1.00
2015.09.30 14:29:22.844,0.70265,0.70274,1.00,1.50
2015.09.30 14:29:28.209,0.70266,0.70274,1.00,1.00
2015.09.30 14:29:29.472,0.70263,0.70274,1.55,1.50
2015.09.30 14:29:30.444,0.70264,0.70275,1.00,3.37
2015.09.30 14:29:30.998,0.70263,0.70274,1.00,1.75
2015.09.30 14:29:31.557,0.70262,0.70272,1.00,1.12
2015.09.30 14:29:32.300,0.70262,0.70271,1.00,1.00
2015.09.30 14:29:33.751,0.70262,0.70271,1.00,1.37
2015.09.30 14:29:33.802,0.7026,0.70271,1.27,1.37
2015.09.30 14:29:36.287,0.70262,0.7027,1.00,1.12
2015.09.30 14:29:36.793,0.70261,0.70271,1.00,1.50
2015.09.30 14:29:40.348,0.70261,0.70271,1.00,1.50
2015.09.30 14:29:41.495,0.7026,0.70271,1.10,1.00
2015.09.30 14:29:41.546,0.70262,0.70271,1.00,1.00
2015.09.30 14:29:42.056,0.70263,0.70273,1.00,1.87
2015.09.30 14:29:45.094,0.70265,0.70273,1.00,1.75
2015.09.30 14:29:45.247,0.70265,0.70274,1.00,1.50
2015.09.30 14:29:45.874,0.70266,0.70277,1.00,1.75
2015.09.30 14:29:45.976,0.70267,0.70276,1.00,1.00
2015.09.30 14:29:46.382,0.70265,0.70275,1.12,1.00
2015.09.30 14:29:46.883,0.70265,0.70277,1.50,1.50
2015.09.30 14:29:56.438,0.70265,0.70277,1.50,1.00
2015.09.30 14:29:58.140,0.70264,0.70275,3.97,1.00
2015.09.30 14:30:00.308,0.70263,0.70271,1.20,1.00
2015.09.30 14:30:00.613,0.7026,0.70268,1.50,1.00
2015.09.30 14:30:00.715,0.7026,0.70268,1.12,1.00
2015.09.30 14:30:01.107,0.70257,0.70268,1.00,1.57
2015.09.30 14:30:01.311,0.70255,0.70263,2.25,1.00
2015.09.30 14:30:01.412,0.70255,0.70264,1.00,1.87
2015.09.30 14:30:01.463,0.70252,0.70263,1.50,1.12
2015.09.30 14:30:01.567,0.70253,0.70263,1.00,1.20
2015.09.30 14:30:01.979,0.70256,0.70266,1.12,1.10
2015.09.30 14:30:02.184,0.70255,0.70261,1.37,1.00
2015.09.30 14:30:02.389,0.70254,0.70262,1.30,1.00
2015.09.30 14:30:02.491,0.70254,0.70265,1.12,1.00
2015.09.30 14:30:02.542,0.70254,0.70264,1.00,1.37
2015.09.30 14:30:02.695,0.70248,0.70258,1.12,1.00
2015.09.30 14:30:03.226,0.70246,0.70259,4.35,1.57
2015.09.30 14:30:03.277,0.70247,0.70259,1.60,1.20
2015.09.30 14:30:03.803,0.70248,0.70259,1.67,1.10
2015.09.30 14:30:04.006,0.7025,0.7026,3.60,1.27
2015.09.30 14:30:04.310,0.70249,0.70261,1.72,1.50
2015.09.30 14:30:04.679,0.70251,0.70262,2.47,1.87
2015.09.30 14:30:05.186,0.70249,0.70262,4.35,1.12
2015.09.30 14:30:05.680,0.70253,0.70262,2.47,1.00
2015.09.30 14:30:05.783,0.70254,0.70264,2.47,1.00
2015.09.30 14:30:05.885,0.70254,0.70261,1.30,1.00
2015.09.30 14:30:05.986,0.70251,0.70261,1.35,1.12
2015.09.30 14:30:06.712,0.7025,0.7026,2.85,1.00
2015.09.30 14:30:07.218,0.7025,0.70259,1.30,1.12
2015.09.30 14:30:07.793,0.7025,0.70259,1.30,1.75
2015.09.30 14:30:07.996,0.70248,0.70258,3.22,1.00
2015.09.30 14:30:08.501,0.70249,0.70259,2.10,1.37
2015.09.30 14:30:09.947,0.7025,0.70257,2.10,1.00
2015.09.30 14:30:11.026,0.70249,0.70257,2.10,1.00
2015.09.30 14:30:12.047,0.70246,0.70257,3.22,1.00
2015.09.30 14:30:12.351,0.70246,0.70252,1.00,1.00
2015.09.30 14:30:12.402,0.70245,0.70254,1.00,1.00
2015.09.30 14:30:12.453,0.70244,0.70252,1.00,1.00
2015.09.30 14:30:12.605,0.70239,0.70248,1.00,1.00
2015.09.30 14:30:13.128,0.70238,0.70248,2.47,1.12
2015.09.30 14:30:14.022,0.7024,0.70249,2.10,1.50
2015.09.30 14:30:14.532,0.7024,0.70249,2.10,1.00
2015.09.30 14:30:15.039,0.70241,0.7025,2.10,1.00
2015.09.30 14:30:15.100,0.70241,0.70252,2.10,1.57
2015.09.30 14:30:15.151,0.70241,0.70252,1.30,1.20
2015.09.30 14:30:15.202,0.70241,0.70253,2.47,1.95
2015.09.30 14:30:15.607,0.70241,0.70252,2.10,1.00
2015.09.30 14:30:16.161,0.70242,0.70254,1.72,1.12
2015.09.30 14:30:16.213,0.70244,0.70255,1.00,1.50
2015.09.30 14:30:16.466,0.70244,0.70256,3.22,1.00
2015.09.30 14:30:17.023,0.70245,0.70257,1.50,1.12
2015.09.30 14:30:17.546,0.70245,0.70256,2.25,1.00
2015.09.30 14:30:18.053,0.70245,0.70256,2.62,1.00
2015.09.30 14:30:18.561,0.70246,0.70257,1.87,1.00
2015.09.30 14:30:19.241,0.70246,0.70259,1.12,1.50
2015.09.30 14:30:19.762,0.70247,0.70258,1.87,1.00
2015.09.30 14:30:21.883,0.70247,0.70258,1.37,1.50
2015.09.30 14:30:22.288,0.70251,0.70258,1.35,1.00
2015.09.30 14:30:22.389,0.7025,0.70261,1.60,1.00
2015.09.30 14:30:22.642,0.70251,0.70263,1.35,1.50
2015.09.30 14:30:22.920,0.7025,0.70259,1.87,1.00
2015.09.30 14:30:23.173,0.70247,0.70258,1.50,1.12
2015.09.30 14:30:24.034,0.70247,0.70257,1.35,1.00
2015.09.30 14:30:24.540,0.70247,0.70258,1.00,1.87
2015.09.30 14:30:24.692,0.70245,0.70257,1.87,1.50
2015.09.30 14:30:25.251,0.70245,0.70256,1.87,1.00
2015.09.30 14:30:25.756,0.70244,0.70255,1.12,1.00
2015.09.30 14:30:27.517,0.70244,0.70254,1.50,1.00
2015.09.30 14:30:27.620,0.70243,0.70252,1.12,1.12
2015.09.30 14:30:27.772,0.7024,0.70251,1.12,1.00
2015.09.30 14:30:27.874,0.70242,0.70251,1.00,1.87
2015.09.30 14:30:28.193,0.7024,0.70251,1.37,1.75
2015.09.30 14:30:28.244,0.70238,0.70248,1.12,1.12
2015.09.30 14:30:29.003,0.70239,0.70248,1.00,1.12
2015.09.30 14:30:30.895,0.70238,0.70248,1.00,1.00
2015.09.30 14:30:35.937,0.70237,0.70247,1.50,1.00
2015.09.30 14:30:36.140,0.70237,0.70245,1.00,1.00
2015.09.30 14:30:36.647,0.70234,0.70245,1.12,1.00
2015.09.30 14:30:36.749,0.70234,0.70244,1.12,1.00
2015.09.30 14:30:37.087,0.70232,0.70243,1.50,1.37
2015.09.30 14:30:37.396,0.70228,0.70238,1.67,1.00
2015.09.30 14:30:37.447,0.70228,0.7024,1.67,1.50
2015.09.30 14:30:37.570,0.70227,0.70238,3.37,1.00
2015.09.30 14:30:37.874,0.70229,0.70241,1.72,2.25
2015.09.30 14:30:37.924,0.70231,0.70241,1.37,1.00
2015.09.30 14:30:38.167,0.70231,0.70243,1.87,1.57
2015.09.30 14:30:38.373,0.70234,0.70245,1.12,1.57
2015.09.30 14:30:38.526,0.70237,0.70247,1.60,1.12
2015.09.30 14:30:38.729,0.70238,0.70249,1.87,1.00
2015.09.30 14:30:38.780,0.70239,0.7025,2.47,1.00
2015.09.30 14:30:39.250,0.70245,0.70253,1.12,1.07
2015.09.30 14:30:39.301,0.70245,0.70256,1.12,1.00
2015.09.30 14:30:40.415,0.70243,0.70252,2.62,1.00
2015.09.30 14:30:40.567,0.70239,0.70251,1.57,1.12
2015.09.30 14:30:41.309,0.7024,0.7025,1.30,1.12
2015.09.30 14:30:41.817,0.70237,0.70249,2.85,1.00
2015.09.30 14:30:43.048,0.70237,0.70249,2.85,1.37
2015.09.30 14:30:44.755,0.70237,0.70249,2.85,1.50
2015.09.30 14:30:46.033,0.70237,0.70249,1.37,1.00
2015.09.30 14:30:46.539,0.70236,0.70249,4.35,1.87
2015.09.30 14:30:47.566,0.70236,0.70246,1.50,1.00
2015.09.30 14:30:48.106,0.70237,0.70247,1.30,1.00
2015.09.30 14:30:50.011,0.70239,0.70247,1.00,1.00
2015.09.30 14:30:52.624,0.70237,0.70247,1.50,1.00
2015.09.30 14:30:54.684,0.70237,0.70249,1.87,1.07
2015.09.30 14:30:55.249,0.70237,0.7025,1.12,1.27
2015.09.30 14:30:55.776,0.70237,0.70248,1.87,1.00
2015.09.30 14:30:56.231,0.70238,0.70248,1.50,1.00
2015.09.30 14:30:56.746,0.70238,0.70249,1.00,1.87
2015.09.30 14:30:57.370,0.70238,0.70248,1.00,1.00
2015.09.30 14:31:00.171,0.70238,0.70249,1.00,1.87
2015.09.30 14:31:01.280,0.70238,0.70248,1.00,1.50
2015.09.30 14:31:01.804,0.70236,0.70248,2.47,1.50
2015.09.30 14:31:04.630,0.70241,0.70248,1.00,1.00
2015.09.30 14:31:04.733,0.70242,0.70251,1.00,1.47
2015.09.30 14:31:04.784,0.70242,0.70251,2.85,1.47
2015.09.30 14:31:04.835,0.70242,0.70255,3.22,1.50
2015.09.30 14:31:05.136,0.70244,0.70257,2.55,1.87
2015.09.30 14:31:05.541,0.70246,0.70257,2.25,1.00
2015.09.30 14:31:06.591,0.70246,0.70254,1.65,1.00
2015.09.30 14:31:08.340,0.70249,0.70258,1.00,1.87
2015.09.30 14:31:08.391,0.70251,0.70258,1.00,1.87
2015.09.30 14:31:08.442,0.70249,0.70258,1.00,1.12
2015.09.30 14:31:08.545,0.70248,0.70258,1.47,1.00
2015.09.30 14:31:08.799,0.70248,0.70259,1.10,1.00
2015.09.30 14:31:10.999,0.70249,0.70259,1.00,1.00
2015.09.30 14:31:11.470,0.70251,0.70261,1.37,1.12
2015.09.30 14:31:11.572,0.70252,0.70263,1.00,1.12
2015.09.30 14:31:11.673,0.70253,0.70265,1.12,1.12
2015.09.30 14:31:11.876,0.70255,0.70264,1.00,1.00
2015.09.30 14:31:12.561,0.70253,0.70262,2.10,1.00
2015.09.30 14:31:12.612,0.70251,0.70263,1.00,1.12
2015.09.30 14:31:13.120,0.70252,0.70264,1.12,1.00
2015.09.30 14:31:13.629,0.70252,0.70263,1.12,1.00
2015.09.30 14:31:14.034,0.7025,0.7026,1.37,1.50
2015.09.30 14:31:14.186,0.70248,0.70259,1.37,1.50
2015.09.30 14:31:14.735,0.70248,0.70259,1.35,1.00
2015.09.30 14:31:14.836,0.70248,0.70257,1.00,1.00
2015.09.30 14:31:15.294,0.70246,0.70258,1.12,1.87
2015.09.30 14:31:18.086,0.70245,0.70257,1.12,1.00
2015.09.30 14:31:18.441,0.70245,0.70257,1.00,1.50
2015.09.30 14:31:19.373,0.70243,0.70252,2.32,1.00
2015.09.30 14:31:19.576,0.7024,0.70251,1.87,1.12
2015.09.30 14:31:19.729,0.70244,0.70254,1.00,2.70
2015.09.30 14:31:19.881,0.70244,0.70255,1.00,1.57
2015.09.30 14:31:20.415,0.70243,0.70254,1.12,1.12
2015.09.30 14:31:20.466,0.70242,0.70253,1.00,1.37
2015.09.30 14:31:20.568,0.7024,0.70253,1.12,3.00
2015.09.30 14:31:21.755,0.7024,0.70252,1.72,1.37
2015.09.30 14:31:21.957,0.70244,0.70252,1.00,1.00
2015.09.30 14:31:22.088,0.70244,0.70255,1.00,1.12
2015.09.30 14:31:22.444,0.70246,0.70255,1.00,1.00
2015.09.30 14:31:22.848,0.70248,0.70257,1.00,1.37
2015.09.30 14:31:23.253,0.70248,0.70259,1.00,2.25
2015.09.30 14:31:23.882,0.70246,0.70259,1.87,1.12
2015.09.30 14:31:24.980,0.70247,0.70258,1.00,1.00
2015.09.30 14:31:27.496,0.70245,0.70258,2.70,1.50
2015.09.30 14:31:27.599,0.70245,0.70258,1.95,1.75
2015.09.30 14:31:29.052,0.70245,0.70256,1.00,1.37
2015.09.30 14:31:29.356,0.70241,0.70251,1.00,1.00
2015.09.30 14:31:29.905,0.70239,0.7025,2.62,1.00
2015.09.30 14:31:30.410,0.70239,0.7025,1.87,1.00
2015.09.30 14:31:31.223,0.70244,0.70251,1.35,1.12
2015.09.30 14:31:31.324,0.70245,0.70254,1.35,1.17
2015.09.30 14:31:31.477,0.70246,0.70258,1.12,1.87
2015.09.30 14:31:31.680,0.70246,0.70259,1.87,1.12
2015.09.30 14:31:31.832,0.70248,0.7026,1.00,1.50
2015.09.30 14:31:32.582,0.70249,0.70259,1.00,1.12
2015.09.30 14:31:33.239,0.70249,0.70258,1.00,1.00
2015.09.30 14:31:33.745,0.70249,0.70259,1.00,1.12
2015.09.30 14:31:34.251,0.70249,0.70258,1.00,1.00
2015.09.30 14:31:35.414,0.70249,0.70259,1.00,1.12
2015.09.30 14:31:35.717,0.70249,0.7026,3.75,1.50
2015.09.30 14:31:36.040,0.70249,0.70259,1.00,1.12
2015.09.30 14:31:36.548,0.70249,0.70258,1.00,1.12
2015.09.30 14:31:37.077,0.70248,0.70258,1.00,1.12
2015.09.30 14:31:37.584,0.70247,0.70258,1.27,1.12
2015.09.30 14:31:38.142,0.70247,0.70258,2.02,1.00
2015.09.30 14:31:38.648,0.70246,0.70259,4.12,1.50
2015.09.30 14:31:39.221,0.70247,0.70259,1.20,1.50
2015.09.30 14:31:39.577,0.7025,0.7026,1.35,1.00
2015.09.30 14:31:40.058,0.70253,0.70264,2.10,1.37
2015.09.30 14:31:40.109,0.70254,0.70265,1.60,1.12
2015.09.30 14:31:40.313,0.70254,0.70263,1.12,1.00
2015.09.30 14:31:40.616,0.70248,0.70259,1.35,1.50
2015.09.30 14:31:41.287,0.7025,0.70262,1.00,1.75
2015.09.30 14:31:41.440,0.7025,0.70263,1.50,1.87
2015.09.30 14:31:41.491,0.70251,0.70261,1.00,1.00
2015.09.30 14:31:41.695,0.70248,0.7026,1.12,1.37
2015.09.30 14:31:42.231,0.70247,0.7026,1.12,2.25
2015.09.30 14:31:42.737,0.70248,0.70259,1.00,1.50
2015.09.30 14:31:43.264,0.70247,0.7026,1.00,2.25
2015.09.30 14:31:43.821,0.70246,0.70257,1.00,1.00
2015.09.30 14:31:44.338,0.70246,0.70256,1.00,1.00
2015.09.30 14:31:45.415,0.70245,0.70256,1.10,1.00
2015.09.30 14:31:45.921,0.70248,0.70259,1.00,2.25
2015.09.30 14:31:47.164,0.70246,0.70259,1.65,3.00
2015.09.30 14:31:49.089,0.70246,0.70258,2.02,1.37
2015.09.30 14:31:49.512,0.70248,0.70257,1.00,1.00
2015.09.30 14:31:49.664,0.70246,0.70258,1.10,1.50
2015.09.30 14:31:50.592,0.70246,0.70257,1.10,1.75
2015.09.30 14:31:51.970,0.70247,0.70257,1.00,1.75
2015.09.30 14:31:52.122,0.70245,0.70257,1.00,1.75
2015.09.30 14:31:52.635,0.70244,0.70257,2.40,1.75
2015.09.30 14:31:54.081,0.70245,0.70258,1.00,2.25
2015.09.30 14:31:54.787,0.70243,0.70256,1.20,4.50
2015.09.30 14:31:54.888,0.7024,0.70251,1.20,1.00
2015.09.30 14:31:54.990,0.7024,0.70249,1.00,1.00
2015.09.30 14:31:55.242,0.70237,0.7025,1.95,2.25
2015.09.30 14:31:55.851,0.70237,0.70249,1.10,2.25
2015.09.30 14:31:56.356,0.70237,0.70248,1.10,1.00
2015.09.30 14:31:57.344,0.70241,0.70249,1.00,2.25
2015.09.30 14:31:57.395,0.70238,0.70249,1.50,2.25
2015.09.30 14:31:57.446,0.70241,0.70251,1.00,1.37
2015.09.30 14:31:57.649,0.70242,0.70253,1.00,2.25
2015.09.30 14:31:58.151,0.70241,0.70251,1.00,2.25
2015.09.30 14:31:58.657,0.70238,0.70249,1.57,1.12
2015.09.30 14:31:59.601,0.70238,0.70249,1.00,1.50
2015.09.30 14:32:01.360,0.70237,0.70249,1.20,1.00
2015.09.30 14:32:01.869,0.70236,0.70249,1.17,3.00
2015.09.30 14:32:02.374,0.70236,0.70249,1.00,3.00
2015.09.30 14:32:03.709,0.70236,0.70247,1.00,1.00
2015.09.30 14:32:04.249,0.70237,0.70247,1.00,1.00
2015.09.30 14:32:04.402,0.70235,0.70247,1.10,1.00
2015.09.30 14:32:04.604,0.70234,0.70241,1.00,1.00
2015.09.30 14:32:04.922,0.70226,0.70233,1.00,1.12
2015.09.30 14:32:04.973,0.70221,0.70233,1.50,1.12
2015.09.30 14:32:05.125,0.7022,0.70233,3.82,1.50
2015.09.30 14:32:05.227,0.7022,0.70231,1.20,1.12
2015.09.30 14:32:05.431,0.70217,0.70229,1.95,1.12
2015.09.30 14:32:05.972,0.70218,0.70229,1.50,1.37
2015.09.30 14:32:07.460,0.70219,0.7023,1.00,1.57
2015.09.30 14:32:08.405,0.70223,0.70232,1.00,3.07
2015.09.30 14:32:08.457,0.70223,0.70232,1.00,1.82
2015.09.30 14:32:08.508,0.70225,0.70232,1.00,1.20
2015.09.30 14:32:08.609,0.70225,0.70233,1.00,1.00
2015.09.30 14:32:09.138,0.70224,0.70235,1.50,1.50
2015.09.30 14:32:09.341,0.70223,0.70232,1.20,1.00
2015.09.30 14:32:09.646,0.70219,0.7023,1.00,2.32
2015.09.30 14:32:10.114,0.70219,0.7023,1.00,1.57
2015.09.30 14:32:12.617,0.7022,0.7023,1.00,1.10
2015.09.30 14:32:15.645,0.7022,0.70231,1.00,1.20
2015.09.30 14:32:16.163,0.70219,0.70232,2.25,3.52
2015.09.30 14:32:18.869,0.70219,0.70231,1.00,1.95
2015.09.30 14:32:21.128,0.7022,0.70229,1.00,1.12
2015.09.30 14:32:22.375,0.70218,0.70229,1.87,1.00
2015.09.30 14:32:22.577,0.70218,0.70227,1.00,1.37
2015.09.30 14:32:22.835,0.70216,0.70227,1.00,1.00
2015.09.30 14:32:22.937,0.70218,0.70228,1.00,1.00
2015.09.30 14:32:23.443,0.70219,0.70229,1.00,1.00
2015.09.30 14:32:24.636,0.70219,0.7023,1.50,1.00
2015.09.30 14:32:25.887,0.70217,0.7023,1.50,1.00
2015.09.30 14:32:30.659,0.70216,0.70225,1.00,1.00
2015.09.30 14:32:30.987,0.7021,0.70221,1.00,1.50
2015.09.30 14:32:31.493,0.70209,0.70221,1.50,1.17
2015.09.30 14:32:32.015,0.70208,0.70221,2.25,1.95
2015.09.30 14:32:32.521,0.70209,0.70221,1.50,1.95
2015.09.30 14:32:35.288,0.70208,0.70217,1.00,1.00
2015.09.30 14:32:35.390,0.70204,0.70217,2.32,1.50
2015.09.30 14:32:35.441,0.70203,0.70217,2.77,2.10
2015.09.30 14:32:35.643,0.70204,0.70214,1.00,1.00
2015.09.30 14:32:35.694,0.70201,0.70214,2.40,1.00
2015.09.30 14:32:35.847,0.70201,0.70212,1.10,1.00
2015.09.30 14:32:37.746,0.70202,0.70213,1.00,1.00
2015.09.30 14:32:37.898,0.702,0.70212,1.00,1.00
2015.09.30 14:32:38.612,0.70198,0.70211,1.50,1.50
2015.09.30 14:32:39.119,0.70198,0.7021,1.50,1.00
2015.09.30 14:32:39.819,0.70196,0.70209,1.87,1.00
2015.09.30 14:32:40.356,0.70196,0.70209,1.87,1.00
2015.09.30 14:32:41.034,0.70196,0.7021,1.87,2.10
2015.09.30 14:32:41.187,0.70198,0.70209,1.00,1.00
2015.09.30 14:32:41.491,0.70201,0.70212,1.00,1.00
2015.09.30 14:32:41.918,0.70204,0.70215,1.50,1.00
2015.09.30 14:32:42.223,0.70206,0.70217,1.00,1.00
2015.09.30 14:32:42.869,0.70206,0.70218,1.00,1.00
2015.09.30 14:32:43.378,0.70207,0.70218,1.50,1.00
2015.09.30 14:32:44.368,0.70208,0.70218,1.00,1.00
2015.09.30 14:32:44.830,0.70208,0.7022,1.00,1.50
2015.09.30 14:32:44.882,0.70208,0.70218,1.00,1.00
2015.09.30 14:32:47.290,0.70208,0.70219,1.00,1.00
2015.09.30 14:32:47.620,0.70206,0.70217,1.50,1.00
2015.09.30 14:32:48.139,0.70206,0.7022,1.50,1.50
2015.09.30 14:32:49.116,0.70208,0.70219,1.00,1.00
2015.09.30 14:32:49.644,0.70208,0.7022,1.00,1.00
2015.09.30 14:32:50.777,0.70208,0.70218,1.00,1.00
2015.09.30 14:32:51.289,0.70208,0.70219,1.50,1.00
2015.09.30 14:32:51.901,0.70206,0.70218,1.10,1.00
2015.09.30 14:32:51.952,0.70205,0.70215,1.00,1.00
2015.09.30 14:32:52.207,0.70201,0.70212,1.50,1.00
2015.09.30 14:32:52.511,0.70201,0.70214,1.20,1.00
2015.09.30 14:32:52.664,0.70203,0.70213,1.00,1.00
2015.09.30 14:32:52.933,0.70203,0.70215,1.00,1.00
2015.09.30 14:32:52.984,0.70205,0.70216,1.00,1.00
2015.09.30 14:32:53.315,0.70205,0.70214,1.00,1.00
2015.09.30 14:32:53.964,0.70203,0.70214,1.95,1.00
2015.09.30 14:32:54.471,0.70203,0.70215,2.70,1.00
2015.09.30 14:32:54.623,0.70206,0.70215,1.00,1.00
2015.09.30 14:32:55.131,0.70206,0.70216,1.00,1.00
2015.09.30 14:32:55.182,0.70204,0.70216,1.00,1.00
2015.09.30 14:32:55.637,0.70205,0.70214,1.00,1.00
2015.09.30 14:32:56.150,0.70201,0.70214,1.87,1.50
2015.09.30 14:32:56.252,0.70201,0.70213,1.00,1.00
2015.09.30 14:32:56.404,0.70205,0.70213,1.00,1.00
2015.09.30 14:32:56.505,0.70201,0.70213,1.50,1.00
2015.09.30 14:32:57.140,0.70202,0.70213,1.00,1.00
2015.09.30 14:32:57.676,0.70202,0.70212,1.00,1.00
2015.09.30 14:32:57.835,0.70202,0.70214,1.00,1.00
2015.09.30 14:32:58.583,0.70205,0.70214,1.00,1.00
2015.09.30 14:32:59.773,0.70202,0.70214,1.00,1.00
2015.09.30 14:32:59.824,0.70202,0.70212,1.00,1.00
2015.09.30 14:33:00.128,0.70201,0.7021,1.00,1.00
2015.09.30 14:33:00.229,0.70199,0.7021,1.00,1.00
2015.09.30 14:33:00.950,0.70199,0.70211,1.50,1.00
2015.09.30 14:33:01.304,0.70201,0.70211,1.35,1.00
2015.09.30 14:33:01.661,0.70204,0.70215,1.00,1.50
2015.09.30 14:33:02.459,0.70204,0.70216,1.50,1.10
2015.09.30 14:33:02.800,0.70206,0.70216,1.00,1.10
2015.09.30 14:33:03.057,0.70204,0.70216,1.50,1.10
2015.09.30 14:33:03.727,0.70205,0.70217,1.00,1.07
2015.09.30 14:33:05.176,0.70204,0.70216,1.00,1.10
2015.09.30 14:33:05.793,0.70204,0.70215,1.00,1.00
2015.09.30 14:33:06.319,0.70203,0.70215,1.00,1.10
2015.09.30 14:33:07.020,0.70204,0.70215,1.00,1.10
2015.09.30 14:33:07.526,0.70203,0.70214,1.00,1.00
2015.09.30 14:33:08.145,0.70202,0.70214,1.50,1.50
2015.09.30 14:33:08.841,0.70202,0.70213,1.50,1.00
2015.09.30 14:33:09.392,0.70202,0.70214,1.50,1.00
2015.09.30 14:33:09.959,0.70202,0.70215,1.00,1.57
2015.09.30 14:33:10.366,0.70204,0.70216,1.00,2.32
2015.09.30 14:33:10.676,0.70207,0.70216,2.10,1.57
2015.09.30 14:33:10.878,0.70208,0.70218,1.00,1.57
2015.09.30 14:33:11.384,0.70208,0.70217,1.00,1.00
2015.09.30 14:33:11.637,0.70205,0.70217,1.00,1.00
2015.09.30 14:33:12.144,0.70204,0.70217,1.50,1.00
2015.09.30 14:33:13.813,0.70205,0.70218,1.35,1.50
2015.09.30 14:33:13.864,0.70208,0.70218,1.00,1.12
2015.09.30 14:33:14.369,0.70207,0.70218,2.10,1.50
2015.09.30 14:33:18.817,0.70206,0.70217,2.25,1.50
2015.09.30 14:33:19.340,0.70204,0.70213,1.50,1.00
2015.09.30 14:33:19.442,0.70202,0.70213,1.65,1.00
2015.09.30 14:33:19.645,0.70199,0.7021,2.62,1.00
2015.09.30 14:33:19.747,0.70198,0.70211,1.72,1.87
2015.09.30 14:33:19.848,0.70198,0.7021,1.12,1.12
2015.09.30 14:33:22.837,0.70197,0.7021,1.12,2.25
2015.09.30 14:33:24.340,0.70196,0.70207,2.25,1.00
2015.09.30 14:33:24.848,0.70196,0.70207,1.12,1.00
2015.09.30 14:33:25.997,0.70195,0.70208,1.57,1.12
2015.09.30 14:33:26.384,0.70195,0.70207,1.37,1.37
2015.09.30 14:33:30.921,0.70195,0.70207,1.87,1.00
2015.09.30 14:33:31.234,0.70197,0.70209,1.37,1.00
2015.09.30 14:33:31.336,0.70198,0.7021,1.37,1.50
2015.09.30 14:33:31.437,0.70198,0.70212,1.75,1.20
2015.09.30 14:33:31.640,0.70199,0.7021,1.50,1.00
2015.09.30 14:33:32.212,0.70198,0.7021,1.50,1.00
2015.09.30 14:33:32.720,0.70197,0.7021,1.75,2.25
2015.09.30 14:33:33.244,0.70198,0.7021,1.00,2.25
2015.09.30 14:33:33.554,0.70205,0.7021,1.00,1.50
2015.09.30 14:33:33.605,0.70204,0.7021,2.10,1.50
2015.09.30 14:33:33.758,0.70207,0.70216,1.00,1.50
2015.09.30 14:33:33.860,0.70202,0.70215,3.00,1.20
2015.09.30 14:33:33.912,0.70203,0.70213,1.00,1.12
2015.09.30 14:33:34.418,0.70201,0.70212,1.07,1.00
2015.09.30 14:33:36.867,0.70201,0.70211,1.57,1.00
2015.09.30 14:33:37.583,0.70202,0.70212,1.10,1.00
2015.09.30 14:33:38.790,0.70202,0.70213,1.12,1.00
2015.09.30 14:33:39.296,0.70202,0.70212,1.87,1.00
2015.09.30 14:33:40.172,0.70202,0.70214,1.87,1.12
2015.09.30 14:33:40.865,0.70202,0.70213,1.87,1.00
2015.09.30 14:33:41.617,0.70202,0.70212,1.12,1.00
2015.09.30 14:33:42.496,0.70202,0.70213,1.12,1.00
2015.09.30 14:33:43.128,0.70203,0.70213,1.00,1.00
2015.09.30 14:33:43.630,0.70203,0.70214,1.00,1.87
2015.09.30 14:33:44.141,0.70201,0.70214,2.10,1.12
2015.09.30 14:33:45.044,0.70201,0.70213,2.10,1.00
2015.09.30 14:33:45.550,0.702,0.70213,2.85,2.25
2015.09.30 14:33:46.065,0.702,0.70213,1.12,3.37
2015.09.30 14:33:46.571,0.702,0.70213,1.72,3.00
2015.09.30 14:33:47.087,0.702,0.70213,1.12,3.00
2015.09.30 14:33:47.189,0.70199,0.70211,1.30,1.75
2015.09.30 14:33:48.371,0.70201,0.7021,1.00,1.50
2015.09.30 14:33:48.574,0.70202,0.70213,1.12,2.25
2015.09.30 14:33:49.197,0.70203,0.70213,1.00,1.50
2015.09.30 14:33:49.703,0.702,0.70213,1.82,2.25
2015.09.30 14:33:49.755,0.702,0.70211,1.00,1.00
2015.09.30 14:33:50.263,0.70199,0.70211,1.50,1.00
2015.09.30 14:33:50.415,0.70201,0.70211,1.00,1.00
2015.09.30 14:33:50.668,0.70202,0.70214,1.50,2.77
2015.09.30 14:33:51.174,0.70202,0.70213,1.50,1.00
2015.09.30 14:33:51.816,0.70203,0.70213,1.00,1.00
2015.09.30 14:33:52.322,0.70203,0.70214,1.50,1.50
2015.09.30 14:33:52.849,0.70203,0.70214,2.25,1.00
2015.09.30 14:33:53.367,0.70205,0.70216,1.12,1.50
2015.09.30 14:33:57.465,0.70205,0.70214,1.12,1.00
2015.09.30 14:33:57.870,0.70203,0.70214,1.00,1.50
2015.09.30 14:33:58.383,0.70204,0.70214,1.00,2.25
2015.09.30 14:33:58.891,0.70205,0.70214,1.00,1.00
2015.09.30 14:33:59.044,0.70208,0.70217,1.00,1.12
2015.09.30 14:33:59.294,0.70209,0.7022,1.12,1.50
2015.09.30 14:33:59.548,0.70209,0.70221,1.12,1.50
2015.09.30 14:33:59.852,0.70209,0.70221,1.50,2.25
2015.09.30 14:34:00.409,0.70207,0.7022,1.12,1.50
2015.09.30 14:34:01.883,0.70209,0.7022,1.00,2.25
2015.09.30 14:34:02.187,0.70214,0.70221,1.00,1.37
2015.09.30 14:34:02.289,0.70215,0.70223,1.00,1.27
2015.09.30 14:34:02.592,0.70217,0.70226,1.00,1.12
2015.09.30 14:34:02.694,0.70217,0.70228,1.00,1.50
2015.09.30 14:34:06.231,0.70216,0.70228,1.12,1.12
2015.09.30 14:34:06.805,0.70216,0.7023,1.00,4.12
2015.09.30 14:34:07.025,0.70216,0.7023,1.50,3.75
2015.09.30 14:34:07.506,0.70222,0.70229,1.00,1.37
2015.09.30 14:34:07.709,0.70224,0.70234,1.35,1.00
2015.09.30 14:34:09.406,0.70224,0.70236,1.87,1.75
2015.09.30 14:34:10.501,0.70224,0.70235,1.12,1.50
2015.09.30 14:34:11.007,0.70224,0.70235,1.00,1.50
2015.09.30 14:34:11.058,0.70223,0.70235,1.50,1.50
2015.09.30 14:34:11.109,0.70223,0.70229,1.50,1.00
2015.09.30 14:34:11.494,0.70209,0.70214,4.12,1.87
2015.09.30 14:34:11.545,0.70201,0.70212,1.50,1.00
2015.09.30 14:34:11.646,0.70199,0.70211,2.10,1.00
2015.09.30 14:34:12.002,0.70198,0.7021,1.30,1.85
2015.09.30 14:34:13.588,0.70197,0.70209,4.35,1.50
2015.09.30 14:34:14.131,0.70197,0.70209,2.85,1.50
2015.09.30 14:34:16.207,0.70198,0.70209,1.37,1.00
2015.09.30 14:34:18.376,0.702,0.70211,1.00,1.57
2015.09.30 14:34:18.528,0.702,0.70211,1.00,1.57
2015.09.30 14:34:19.660,0.70201,0.70211,1.00,1.00
2015.09.30 14:34:19.813,0.70199,0.70211,3.00,1.00
2015.09.30 14:34:20.664,0.702,0.70211,1.00,1.50
2015.09.30 14:34:21.200,0.70199,0.7021,1.87,1.50
2015.09.30 14:34:26.508,0.70198,0.70209,1.50,1.12
2015.09.30 14:34:27.242,0.70198,0.7021,1.72,2.62
2015.09.30 14:34:28.612,0.70198,0.7021,1.00,3.00
2015.09.30 14:34:29.208,0.70198,0.70208,1.00,1.00
2015.09.30 14:34:29.747,0.70197,0.7021,1.87,2.25
2015.09.30 14:34:30.848,0.70198,0.7021,1.00,2.25
2015.09.30 14:34:34.311,0.70199,0.7021,1.00,1.50
2015.09.30 14:34:34.819,0.70199,0.7021,1.87,1.12
2015.09.30 14:34:45.652,0.70199,0.70209,1.50,1.50
2015.09.30 14:34:47.470,0.70199,0.70208,1.00,1.00
2015.09.30 14:34:48.489,0.70199,0.70209,1.00,1.00
2015.09.30 14:34:49.467,0.702,0.70209,1.00,1.00
2015.09.30 14:34:50.661,0.702,0.7021,1.00,2.25
2015.09.30 14:34:53.522,0.702,0.70209,1.00,1.12
2015.09.30 14:34:54.028,0.702,0.7021,1.00,2.25
2015.09.30 14:34:54.730,0.70199,0.7021,1.50,2.62
2015.09.30 14:34:59.140,0.70199,0.7021,1.50,2.62
2015.09.30 14:34:59.936,0.702,0.7021,1.00,1.12
2015.09.30 14:35:00.038,0.70203,0.70212,1.00,1.65
2015.09.30 14:35:00.139,0.70203,0.70214,1.50,1.50
2015.09.30 14:35:00.241,0.70203,0.70215,1.50,2.32
2015.09.30 14:35:00.342,0.70205,0.70215,1.00,2.25
2015.09.30 14:35:03.233,0.70206,0.70216,1.00,1.87
2015.09.30 14:35:03.738,0.70204,0.70216,1.47,1.87
2015.09.30 14:35:06.900,0.70206,0.70218,1.00,2.25
2015.09.30 14:35:08.054,0.70208,0.70218,1.00,1.75
2015.09.30 14:35:08.207,0.70209,0.7022,1.00,1.20
2015.09.30 14:35:08.309,0.70209,0.70219,1.00,1.00
2015.09.30 14:35:10.060,0.70209,0.70221,1.00,1.95
2015.09.30 14:35:10.668,0.70207,0.70219,1.50,1.57
2015.09.30 14:35:11.189,0.70207,0.7022,1.00,2.25
2015.09.30 14:35:12.902,0.70206,0.70219,1.12,1.50
2015.09.30 14:35:13.659,0.70207,0.70218,1.00,1.12
2015.09.30 14:35:16.585,0.70206,0.70219,3.00,1.50
2015.09.30 14:35:18.242,0.70207,0.70218,1.00,1.87
2015.09.30 14:35:20.965,0.70207,0.70218,1.37,1.87
2015.09.30 14:35:24.881,0.70208,0.7022,1.37,2.25
2015.09.30 14:35:25.084,0.70211,0.7022,1.00,1.50
2015.09.30 14:35:25.337,0.70214,0.70226,1.30,1.57
2015.09.30 14:35:25.863,0.70215,0.70226,1.12,1.37
2015.09.30 14:35:30.780,0.70223,0.70228,2.85,2.40
2015.09.30 14:35:30.832,0.70223,0.70228,2.85,1.65
2015.09.30 14:35:30.883,0.70224,0.70228,3.60,1.10
2015.09.30 14:35:30.934,0.70226,0.70233,3.00,1.75
2015.09.30 14:35:31.035,0.70227,0.70236,1.00,1.07
2015.09.30 14:35:31.348,0.70224,0.70236,1.50,1.00
2015.09.30 14:35:31.854,0.70225,0.70236,1.00,1.00
2015.09.30 14:35:32.460,0.70226,0.70237,1.50,1.10
2015.09.30 14:35:32.562,0.70224,0.70237,2.25,1.10
2015.09.30 14:35:35.110,0.70224,0.70235,1.00,1.00
2015.09.30 14:35:35.212,0.70222,0.70235,2.25,1.50
2015.09.30 14:35:35.515,0.7022,0.70233,1.87,1.00
2015.09.30 14:35:35.616,0.7022,0.70233,1.87,1.00
2015.09.30 14:35:36.136,0.7022,0.70233,1.72,1.00
2015.09.30 14:35:36.794,0.7022,0.70233,1.12,1.00
2015.09.30 14:35:37.397,0.7022,0.70233,1.72,1.00
2015.09.30 14:35:37.802,0.70224,0.70234,1.00,1.00
2015.09.30 14:35:38.108,0.70223,0.70236,1.50,1.50
2015.09.30 14:35:38.615,0.70223,0.70236,2.47,1.00
2015.09.30 14:35:38.969,0.70225,0.70238,1.50,1.50
2015.09.30 14:35:40.469,0.70225,0.70239,1.50,1.57
2015.09.30 14:35:40.866,0.70228,0.70241,1.00,1.65
2015.09.30 14:35:41.068,0.70229,0.70242,1.00,1.20
2015.09.30 14:35:41.119,0.70232,0.70243,1.00,2.32
2015.09.30 14:35:41.221,0.70233,0.70244,1.00,1.65
2015.09.30 14:35:41.373,0.70235,0.70246,1.00,1.95
2015.09.30 14:35:41.918,0.70233,0.70246,1.87,1.00
2015.09.30 14:35:43.144,0.70234,0.70247,1.12,1.00
2015.09.30 14:35:44.047,0.70235,0.70247,1.00,1.00
2015.09.30 14:35:44.806,0.70235,0.70246,1.00,1.00
2015.09.30 14:35:45.356,0.70234,0.70246,1.00,1.00
2015.09.30 14:35:45.863,0.70234,0.70245,1.00,1.00
2015.09.30 14:35:46.385,0.70233,0.70243,1.12,1.00
2015.09.30 14:35:46.538,0.7023,0.70242,1.00,1.00
2015.09.30 14:35:47.044,0.70228,0.70241,2.47,1.10
2015.09.30 14:35:49.824,0.70227,0.7024,1.37,1.00
2015.09.30 14:35:50.910,0.70228,0.7024,1.00,1.20
2015.09.30 14:35:51.221,0.70224,0.70232,1.75,1.00
2015.09.30 14:35:51.323,0.70221,0.70232,1.12,1.37
2015.09.30 14:35:53.357,0.7022,0.70231,1.12,1.00
2015.09.30 14:35:53.610,0.70222,0.70234,1.35,2.32
2015.09.30 14:35:54.443,0.70222,0.70235,1.87,1.82
2015.09.30 14:35:55.000,0.70224,0.70235,1.00,1.12
2015.09.30 14:35:55.505,0.70224,0.70237,1.37,3.00
2015.09.30 14:35:56.013,0.70225,0.70238,1.50,2.25
2015.09.30 14:35:58.956,0.70224,0.70237,1.87,2.25
2015.09.30 14:35:59.210,0.70223,0.70236,1.50,1.75
2015.09.30 14:36:00.424,0.70222,0.70233,1.50,1.37
2015.09.30 14:36:00.629,0.7022,0.70233,1.50,1.50
2015.09.30 14:36:01.428,0.70221,0.70234,1.72,3.07
2015.09.30 14:36:01.530,0.70223,0.70235,1.12,1.92
2015.09.30 14:36:01.582,0.70225,0.70236,1.00,3.37
2015.09.30 14:36:01.633,0.70225,0.70237,1.50,1.57
2015.09.30 14:36:02.254,0.70225,0.70237,2.62,1.00
2015.09.30 14:36:02.882,0.70225,0.70237,2.62,1.00
2015.09.30 14:36:05.583,0.70226,0.70236,1.00,1.37
2015.09.30 14:36:05.634,0.70224,0.70235,1.00,1.50
2015.09.30 14:36:06.826,0.70223,0.70235,1.87,1.12
2015.09.30 14:36:06.927,0.70222,0.70233,1.50,1.00
2015.09.30 14:36:07.231,0.7022,0.70233,1.12,3.00
2015.09.30 14:36:07.536,0.70221,0.70233,1.72,1.50
2015.09.30 14:36:07.849,0.70223,0.70234,1.12,1.00
2015.09.30 14:36:08.355,0.70224,0.70235,1.50,1.00
2015.09.30 14:36:09.350,0.70223,0.70235,1.87,1.50
2015.09.30 14:36:09.855,0.70222,0.70234,1.00,1.12
2015.09.30 14:36:09.957,0.70222,0.70234,1.00,1.50
2015.09.30 14:36:10.172,0.70222,0.70234,1.00,1.12
2015.09.30 14:36:10.275,0.70224,0.70236,1.12,1.12
2015.09.30 14:36:10.578,0.70225,0.70237,1.50,1.12
2015.09.30 14:36:13.199,0.70225,0.70236,1.50,1.00
2015.09.30 14:36:13.515,0.70225,0.70238,1.75,1.87
2015.09.30 14:36:14.022,0.70228,0.70239,1.50,1.12
2015.09.30 14:36:14.224,0.70233,0.70242,1.00,2.32
2015.09.30 14:36:14.546,0.70236,0.70245,1.00,1.12
2015.09.30 14:36:14.901,0.70238,0.70247,1.00,1.75
2015.09.30 14:36:15.452,0.70236,0.70249,3.00,1.87
2015.09.30 14:36:15.504,0.70237,0.70249,1.37,1.50
2015.09.30 14:36:15.908,0.70239,0.7025,1.37,1.20
2015.09.30 14:36:16.876,0.70241,0.70251,1.00,1.50
2015.09.30 14:36:17.521,0.70239,0.70251,1.12,2.32
2015.09.30 14:36:18.029,0.70238,0.70249,1.50,1.00
2015.09.30 14:36:21.784,0.70238,0.7025,1.00,1.00
2015.09.30 14:36:21.834,0.7024,0.7025,1.50,1.00
2015.09.30 14:36:24.421,0.7024,0.7025,1.00,1.50
2015.09.30 14:36:24.628,0.70238,0.7025,1.00,2.25
2015.09.30 14:36:24.729,0.70236,0.70249,1.50,1.50
2015.09.30 14:36:26.362,0.70236,0.70247,1.50,1.00
2015.09.30 14:36:26.905,0.70235,0.70247,1.87,1.00
2015.09.30 14:36:30.870,0.70236,0.70247,1.00,1.50
2015.09.30 14:36:31.563,0.70237,0.70248,1.50,1.12
2015.09.30 14:36:33.197,0.70237,0.70249,2.62,1.00
2015.09.30 14:36:33.501,0.70241,0.70253,1.00,3.00
2015.09.30 14:36:34.057,0.7024,0.70252,1.00,2.32
2015.09.30 14:36:35.320,0.70241,0.70252,1.00,1.75
2015.09.30 14:36:38.578,0.7024,0.70252,1.00,2.25
2015.09.30 14:36:40.373,0.70241,0.7025,1.00,1.37
2015.09.30 14:36:40.879,0.7024,0.7025,1.50,1.37
2015.09.30 14:36:44.949,0.70241,0.70251,1.00,1.50
2015.09.30 14:36:45.299,0.70246,0.70257,1.00,1.50
2015.09.30 14:36:45.350,0.70246,0.70257,1.00,1.12
2015.09.30 14:36:45.452,0.70248,0.70258,1.00,1.50
2015.09.30 14:36:45.604,0.70249,0.7026,1.00,2.25
2015.09.30 14:36:45.808,0.7025,0.70261,1.00,1.00
2015.09.30 14:36:46.090,0.70251,0.70262,2.25,1.12
2015.09.30 14:36:46.397,0.70253,0.70266,1.37,2.25
2015.09.30 14:36:46.903,0.70254,0.70268,1.87,4.87
2015.09.30 14:36:47.279,0.70257,0.70269,1.00,2.25
2015.09.30 14:36:47.785,0.70258,0.7027,1.50,1.50
2015.09.30 14:36:48.303,0.70257,0.7027,1.87,1.50
2015.09.30 14:36:48.506,0.70255,0.70268,1.50,1.87
2015.09.30 14:36:49.012,0.70254,0.70268,2.62,3.00
2015.09.30 14:36:50.268,0.70256,0.70268,1.50,1.00
2015.09.30 14:36:50.816,0.70256,0.70268,1.12,1.12
2015.09.30 14:36:51.877,0.70258,0.70269,1.00,1.50
2015.09.30 14:36:57.532,0.70264,0.70269,1.35,1.50
2015.09.30 14:36:57.583,0.70264,0.70273,1.35,3.37
2015.09.30 14:36:57.634,0.70266,0.70273,1.60,1.00
2015.09.30 14:36:57.736,0.70269,0.70278,1.00,1.20
2015.09.30 14:36:57.838,0.70269,0.7028,1.00,2.32
2015.09.30 14:36:58.496,0.70269,0.70278,1.00,1.00
2015.09.30 14:36:58.598,0.70265,0.70276,1.50,1.00
2015.09.30 14:36:58.751,0.70265,0.70276,1.00,1.00
2015.09.30 14:36:59.005,0.70264,0.70274,1.12,1.50
2015.09.30 14:36:59.306,0.70259,0.70269,1.00,1.00
2015.09.30 14:36:59.713,0.70255,0.70269,1.12,1.10
2015.09.30 14:37:01.502,0.70256,0.70267,1.00,1.00
2015.09.30 14:37:02.023,0.70257,0.70268,1.60,1.00
2015.09.30 14:37:02.227,0.70259,0.7027,1.00,1.10
2015.09.30 14:37:02.768,0.70259,0.70271,1.00,1.50
2015.09.30 14:37:03.331,0.7026,0.70271,1.00,1.00
2015.09.30 14:37:04.306,0.7026,0.70272,1.00,2.77
2015.09.30 14:37:04.885,0.70261,0.70272,1.00,2.77
2015.09.30 14:37:05.088,0.70259,0.70272,1.50,2.70
2015.09.30 14:37:05.139,0.70263,0.70272,1.00,1.95
2015.09.30 14:37:05.586,0.70268,0.70278,1.00,1.57
2015.09.30 14:37:05.640,0.70266,0.70278,1.00,1.07
2015.09.30 14:37:06.048,0.70267,0.70279,1.00,1.00
2015.09.30 14:37:06.564,0.70268,0.70279,1.00,1.00
2015.09.30 14:37:07.828,0.70266,0.70277,1.00,1.00
2015.09.30 14:37:08.185,0.70269,0.70279,1.00,2.25
2015.09.30 14:37:08.712,0.70268,0.70278,1.00,1.00
2015.09.30 14:37:09.921,0.70266,0.70278,1.12,1.00
2015.09.30 14:37:10.410,0.70263,0.70277,1.50,1.00
2015.09.30 14:37:10.462,0.70263,0.70274,1.00,1.00
2015.09.30 14:37:10.564,0.70261,0.70273,1.50,1.00
2015.09.30 14:37:11.213,0.70261,0.70272,1.00,1.00
2015.09.30 14:37:11.718,0.7026,0.70272,1.00,1.00
2015.09.30 14:37:12.233,0.70261,0.70272,1.00,1.00
2015.09.30 14:37:12.284,0.70263,0.70272,1.00,1.00
2015.09.30 14:37:12.335,0.70262,0.70276,2.10,2.77
2015.09.30 14:37:12.436,0.70262,0.70274,1.12,1.37
2015.09.30 14:37:13.135,0.70262,0.70274,1.37,1.37
2015.09.30 14:37:14.596,0.70264,0.70274,1.00,1.37
2015.09.30 14:37:15.102,0.70263,0.70274,1.00,2.25
2015.09.30 14:37:15.966,0.70264,0.70274,1.00,1.50
2015.09.30 14:37:16.563,0.70264,0.70275,1.00,2.25
2015.09.30 14:37:16.715,0.70261,0.70274,1.00,2.25
2015.09.30 14:37:16.766,0.70261,0.70274,1.00,2.25
2015.09.30 14:37:17.271,0.70262,0.70273,1.00,1.75
2015.09.30 14:37:17.713,0.70259,0.7027,1.37,1.00
2015.09.30 14:37:18.218,0.70259,0.7027,1.00,1.50
2015.09.30 14:37:18.737,0.70259,0.7027,1.00,1.50
2015.09.30 14:37:19.373,0.70258,0.70268,1.00,1.00
2015.09.30 14:37:19.475,0.70256,0.70264,1.00,1.00
2015.09.30 14:37:19.792,0.70255,0.70262,1.12,1.37
2015.09.30 14:37:19.843,0.70251,0.70262,1.00,1.75
2015.09.30 14:37:20.909,0.70251,0.70262,1.50,1.00
2015.09.30 14:37:22.597,0.70253,0.70263,1.00,1.50
2015.09.30 14:37:23.122,0.70254,0.70264,1.00,1.50
2015.09.30 14:37:24.371,0.70256,0.70268,1.00,3.15
2015.09.30 14:37:24.523,0.70256,0.70268,1.00,2.32
2015.09.30 14:37:25.191,0.70257,0.70269,1.00,1.75
2015.09.30 14:37:25.697,0.70258,0.7027,1.00,2.25
2015.09.30 14:37:26.232,0.70257,0.70266,1.00,1.12
2015.09.30 14:37:28.739,0.70259,0.70268,1.00,1.75
2015.09.30 14:37:28.841,0.70259,0.70268,1.00,1.00
2015.09.30 14:37:29.347,0.7026,0.70269,1.00,1.00
2015.09.30 14:37:29.873,0.70263,0.70271,1.00,1.12
2015.09.30 14:37:30.076,0.70263,0.70274,1.00,2.25
2015.09.30 14:37:30.229,0.70265,0.70275,1.00,1.50
2015.09.30 14:37:30.280,0.70265,0.70275,1.00,1.12
2015.09.30 14:37:30.784,0.70265,0.70276,1.00,1.00
2015.09.30 14:37:33.897,0.70266,0.70275,1.00,1.00
2015.09.30 14:37:35.112,0.70266,0.70277,1.12,1.37
2015.09.30 14:37:35.640,0.70266,0.70279,1.50,1.85
2015.09.30 14:37:36.096,0.70274,0.70279,1.00,1.57
2015.09.30 14:37:36.149,0.70271,0.7028,1.00,1.82
2015.09.30 14:37:36.200,0.70273,0.70282,1.00,1.45
2015.09.30 14:37:36.302,0.70274,0.70282,1.00,1.00
2015.09.30 14:37:36.404,0.70275,0.70286,1.00,2.25
2015.09.30 14:37:36.937,0.70275,0.70288,1.00,3.75
2015.09.30 14:37:37.444,0.70275,0.70285,1.00,1.00
2015.09.30 14:37:37.827,0.70275,0.70282,1.00,1.50
2015.09.30 14:37:37.878,0.70272,0.70282,1.00,1.50
2015.09.30 14:37:38.082,0.7027,0.70282,1.00,1.50
2015.09.30 14:37:38.589,0.7027,0.7028,1.00,1.00
2015.09.30 14:37:39.008,0.70272,0.70284,1.00,2.25
2015.09.30 14:37:39.312,0.70272,0.70282,1.12,1.12
2015.09.30 14:37:39.818,0.70271,0.70284,1.00,2.25
2015.09.30 14:37:39.919,0.70271,0.70283,1.50,1.00
2015.09.30 14:37:40.123,0.70271,0.70283,1.00,1.75
2015.09.30 14:37:40.629,0.70271,0.70282,1.00,1.75
2015.09.30 14:37:41.345,0.7027,0.7028,1.12,1.50
2015.09.30 14:37:44.183,0.7027,0.70283,1.72,1.75
2015.09.30 14:37:45.132,0.70273,0.70284,1.00,3.00
2015.09.30 14:37:45.235,0.7027,0.7028,1.30,1.12
2015.09.30 14:37:46.375,0.7027,0.70281,1.12,1.00
2015.09.30 14:37:46.943,0.7027,0.7028,1.00,1.00
2015.09.30 14:37:46.994,0.7027,0.70282,1.00,1.12
2015.09.30 14:37:47.409,0.7027,0.7028,1.50,1.00
2015.09.30 14:37:47.767,0.70268,0.7028,1.87,1.50
2015.09.30 14:37:50.283,0.70268,0.70279,3.97,1.12
2015.09.30 14:37:50.841,0.7027,0.7028,1.30,1.00
2015.09.30 14:37:50.892,0.70269,0.70281,1.35,1.00
2015.09.30 14:37:51.045,0.70268,0.7028,2.70,1.00
2015.09.30 14:37:53.084,0.70269,0.70279,1.87,1.00
2015.09.30 14:37:53.692,0.70269,0.70278,1.37,1.00
2015.09.30 14:37:54.830,0.70268,0.70278,1.35,1.12
2015.09.30 14:37:55.375,0.70269,0.70278,1.00,1.12
2015.09.30 14:37:55.428,0.70271,0.70282,1.00,1.75
2015.09.30 14:37:55.936,0.7027,0.70281,1.00,1.50
2015.09.30 14:37:56.341,0.70268,0.70281,1.12,1.50
2015.09.30 14:37:56.865,0.70268,0.70281,1.00,2.25
2015.09.30 14:37:58.080,0.70268,0.7028,2.25,1.00
2015.09.30 14:37:58.713,0.70269,0.7028,1.00,1.00
2015.09.30 14:38:01.518,0.70269,0.70282,1.37,2.25
2015.09.30 14:38:02.148,0.70269,0.70282,1.00,2.25
2015.09.30 14:38:02.604,0.70267,0.70278,1.50,1.00
2015.09.30 14:38:04.686,0.70268,0.70278,1.00,1.00
2015.09.30 14:38:05.190,0.70268,0.70279,1.12,1.00
2015.09.30 14:38:06.548,0.70267,0.70281,3.00,3.00
2015.09.30 14:38:07.080,0.70267,0.70279,2.25,1.00
2015.09.30 14:38:07.856,0.70268,0.70279,1.00,1.50
2015.09.30 14:38:09.694,0.70268,0.70278,1.00,1.00
2015.09.30 14:38:10.206,0.70267,0.70277,1.00,1.00
2015.09.30 14:38:14.448,0.70267,0.70278,1.50,1.30
2015.09.30 14:38:18.564,0.70264,0.70275,1.20,1.35
2015.09.30 14:38:18.614,0.70263,0.70273,1.82,1.00
2015.09.30 14:38:18.716,0.7026,0.70273,1.95,1.37
2015.09.30 14:38:18.818,0.70259,0.70272,1.00,2.25
2015.09.30 14:38:18.920,0.70259,0.70271,1.00,1.75
2015.09.30 14:38:19.022,0.70259,0.7027,1.00,1.00
2015.09.30 14:38:19.601,0.70259,0.7027,1.00,1.50
2015.09.30 14:38:19.762,0.70261,0.70272,1.00,2.25
2015.09.30 14:38:19.812,0.70259,0.70272,1.00,2.25
2015.09.30 14:38:19.914,0.70259,0.70271,1.00,1.50
2015.09.30 14:38:20.016,0.70258,0.70271,1.00,2.25
2015.09.30 14:38:24.828,0.70257,0.70271,1.87,2.62
2015.09.30 14:38:25.606,0.70257,0.70271,3.00,3.37
2015.09.30 14:38:26.135,0.70258,0.70271,1.12,3.00
2015.09.30 14:38:27.207,0.70257,0.70269,1.12,1.50
2015.09.30 14:38:27.854,0.70256,0.70265,1.00,1.37
2015.09.30 14:38:27.958,0.70254,0.70264,1.12,1.12
2015.09.30 14:38:28.516,0.70252,0.70264,1.57,1.37
2015.09.30 14:38:29.003,0.70251,0.70264,1.87,2.25
2015.09.30 14:38:30.791,0.70251,0.70261,1.12,1.12
2015.09.30 14:38:32.453,0.70251,0.70261,1.75,1.12
2015.09.30 14:38:32.959,0.70251,0.70263,1.37,1.75
2015.09.30 14:38:33.733,0.70255,0.70263,1.00,1.75
2015.09.30 14:38:33.785,0.70253,0.70264,1.00,2.62
2015.09.30 14:38:33.886,0.70254,0.70262,1.00,1.00
2015.09.30 14:38:33.988,0.7025,0.70262,1.20,1.75
2015.09.30 14:38:34.140,0.7025,0.70261,1.37,2.25
2015.09.30 14:38:34.242,0.7025,0.70261,1.00,1.37
2015.09.30 14:38:37.842,0.70248,0.70261,1.85,1.75
2015.09.30 14:38:38.393,0.70249,0.70259,1.00,1.00
2015.09.30 14:38:39.922,0.70249,0.70258,1.00,1.00
2015.09.30 14:38:40.430,0.70247,0.70258,1.57,2.85
2015.09.30 14:38:40.938,0.70246,0.70255,1.37,1.12
2015.09.30 14:38:43.059,0.70244,0.70255,1.75,1.00
2015.09.30 14:38:45.388,0.70244,0.70255,1.00,1.00
2015.09.30 14:38:46.200,0.70244,0.70258,1.00,1.50
2015.09.30 14:38:46.251,0.70246,0.70257,1.00,1.10
2015.09.30 14:38:46.720,0.70247,0.70259,1.00,2.17
2015.09.30 14:38:47.226,0.70248,0.70259,1.00,1.50
2015.09.30 14:38:47.377,0.70246,0.70259,1.00,1.00
2015.09.30 14:38:49.034,0.70246,0.70259,1.00,1.60
2015.09.30 14:38:49.489,0.70248,0.70259,1.00,1.00
2015.09.30 14:38:49.590,0.70248,0.70261,1.00,1.50
2015.09.30 14:38:49.641,0.70252,0.70261,1.00,1.20
2015.09.30 14:38:49.743,0.70249,0.70261,1.12,2.92
2015.09.30 14:38:50.278,0.70248,0.7026,1.07,1.50
2015.09.30 14:38:50.805,0.70248,0.7026,1.10,1.50
2015.09.30 14:38:53.453,0.70248,0.70259,1.10,1.00
2015.09.30 14:38:53.968,0.70248,0.7026,1.10,1.00
2015.09.30 14:38:55.825,0.70247,0.70258,1.65,1.00
2015.09.30 14:38:56.813,0.70247,0.70258,1.57,2.85
2015.09.30 14:38:56.915,0.70246,0.70257,1.10,1.50
2015.09.30 14:38:57.422,0.70245,0.70258,1.20,2.10
2015.09.30 14:38:57.909,0.70247,0.70258,1.12,1.00
2015.09.30 14:38:58.266,0.70248,0.7026,1.37,1.50
2015.09.30 14:38:58.771,0.70248,0.70261,1.75,1.37
2015.09.30 14:38:58.974,0.70247,0.70261,2.70,1.87
2015.09.30 14:38:59.488,0.70247,0.70261,2.70,2.25
2015.09.30 14:39:02.282,0.70249,0.7026,2.25,1.50
2015.09.30 14:39:02.383,0.70253,0.70261,1.00,1.75
2015.09.30 14:39:02.535,0.70253,0.70263,1.50,1.50
2015.09.30 14:39:02.687,0.70255,0.70266,1.00,1.50
2015.09.30 14:39:02.924,0.70255,0.70267,2.25,1.00
2015.09.30 14:39:03.127,0.70257,0.70269,1.50,1.50
2015.09.30 14:39:05.827,0.70257,0.70268,1.12,1.50
2015.09.30 14:39:06.091,0.70257,0.70268,1.37,1.50
2015.09.30 14:39:16.663,0.7026,0.7027,1.00,1.75
2015.09.30 14:39:16.764,0.7026,0.7027,1.50,1.50
2015.09.30 14:39:16.865,0.70264,0.7027,1.00,1.50
2015.09.30 14:39:16.966,0.70264,0.70272,1.00,1.00
2015.09.30 14:39:17.279,0.70268,0.70278,1.12,1.75
2015.09.30 14:39:17.381,0.70269,0.70278,1.00,1.50
2015.09.30 14:39:18.730,0.70268,0.70278,1.50,1.00
2015.09.30 14:39:18.831,0.70269,0.7028,1.00,4.35
2015.09.30 14:39:19.338,0.70267,0.7028,1.50,3.60
2015.09.30 14:39:21.942,0.70267,0.70277,1.00,1.50
2015.09.30 14:39:22.447,0.70265,0.70277,1.57,1.50
2015.09.30 14:39:25.774,0.70264,0.70276,1.87,1.50
2015.09.30 14:39:26.077,0.70263,0.70273,1.00,1.50
2015.09.30 14:39:26.450,0.7026,0.70271,1.50,1.00
2015.09.30 14:39:26.805,0.70259,0.7027,1.12,1.50
2015.09.30 14:39:27.262,0.70257,0.70268,1.12,2.25
2015.09.30 14:39:27.703,0.70255,0.70267,2.62,1.50
2015.09.30 14:39:28.233,0.70261,0.70269,1.00,1.57
2015.09.30 14:39:28.284,0.70261,0.70269,1.00,1.57
2015.09.30 14:39:28.385,0.70262,0.70272,1.50,1.12
2015.09.30 14:39:28.436,0.70263,0.70273,1.00,1.65
2015.09.30 14:39:28.911,0.70265,0.70275,1.00,1.82
2015.09.30 14:39:28.964,0.70264,0.70276,2.10,1.57
2015.09.30 14:39:29.470,0.70265,0.70276,1.87,1.50
2015.09.30 14:39:30.211,0.70266,0.70278,1.12,1.50
2015.09.30 14:39:30.313,0.70266,0.70278,3.00,1.50
2015.09.30 14:39:33.235,0.70269,0.70279,1.00,1.50
2015.09.30 14:39:33.438,0.7027,0.70281,1.87,1.00
2015.09.30 14:39:33.755,0.70272,0.70284,1.75,2.62
2015.09.30 14:39:33.909,0.70274,0.70286,1.50,2.70
2015.09.30 14:39:34.213,0.70275,0.70287,1.75,1.37
2015.09.30 14:39:34.365,0.70276,0.70286,1.00,1.00
2015.09.30 14:39:38.622,0.70276,0.70287,1.50,1.12
2015.09.30 14:39:41.115,0.70275,0.70288,2.10,1.37
2015.09.30 14:39:41.525,0.70275,0.70288,1.75,1.50
2015.09.30 14:39:42.697,0.70276,0.70286,1.00,1.37
2015.09.30 14:39:43.203,0.70272,0.70283,2.25,1.12
2015.09.30 14:39:44.374,0.70271,0.70281,3.60,1.00
2015.09.30 14:39:44.661,0.70269,0.70281,2.17,1.50
2015.09.30 14:39:47.488,0.70271,0.70281,3.22,1.00
2015.09.30 14:39:47.996,0.70273,0.70284,2.77,1.50
2015.09.30 14:39:48.314,0.70275,0.70285,1.00,1.00
2015.09.30 14:39:48.518,0.70273,0.70284,1.92,1.37
2015.09.30 14:39:49.025,0.70272,0.70282,1.50,1.37
2015.09.30 14:39:49.715,0.70272,0.70281,1.12,1.12
2015.09.30 14:39:50.019,0.70272,0.70284,2.47,1.50
2015.09.30 14:39:50.070,0.70274,0.70285,1.30,1.50
2015.09.30 14:39:50.671,0.70275,0.70286,1.00,1.75
2015.09.30 14:39:54.751,0.70275,0.70285,1.12,1.00
2015.09.30 14:39:58.700,0.70275,0.70286,1.50,1.37
2015.09.30 14:39:58.751,0.70275,0.70286,1.75,1.12
2015.09.30 14:40:00.232,0.70275,0.70285,1.50,1.00
2015.09.30 14:40:03.317,0.70275,0.70287,1.50,1.50
2015.09.30 14:40:03.368,0.70277,0.70287,1.00,1.50
2015.09.30 14:40:03.860,0.70277,0.70285,1.00,1.00
2015.09.30 14:40:03.962,0.70274,0.70285,1.50,1.12
2015.09.30 14:40:06.782,0.70273,0.70286,2.25,1.12
2015.09.30 14:40:08.462,0.70273,0.70285,3.00,1.00
2015.09.30 14:40:10.303,0.70274,0.70284,1.75,1.00
2015.09.30 14:40:10.404,0.70273,0.70283,1.50,1.50
2015.09.30 14:40:10.726,0.70272,0.70282,1.00,1.00
2015.09.30 14:40:11.535,0.70272,0.7028,1.00,1.00
2015.09.30 14:40:11.934,0.70269,0.7028,1.50,1.75
2015.09.30 14:40:12.442,0.70267,0.70278,1.75,1.50
2015.09.30 14:40:16.360,0.7027,0.7028,1.00,1.50
2015.09.30 14:40:17.938,0.70268,0.7028,1.12,1.75
2015.09.30 14:40:19.970,0.70268,0.70279,1.00,1.75
2015.09.30 14:40:20.583,0.70268,0.70281,1.12,1.75
2015.09.30 14:40:21.908,0.70269,0.7028,1.00,1.50
2015.09.30 14:40:22.464,0.70269,0.70279,1.12,1.50
2015.09.30 14:40:23.313,0.70267,0.70279,1.12,2.25
2015.09.30 14:40:23.718,0.70268,0.7028,1.50,1.50
2015.09.30 14:40:24.237,0.70271,0.70284,1.37,3.15
2015.09.30 14:40:24.288,0.70272,0.70282,1.00,1.00
2015.09.30 14:40:24.793,0.70272,0.70282,1.37,1.87
2015.09.30 14:40:24.895,0.7027,0.70282,2.25,2.25
2015.09.30 14:40:25.477,0.70269,0.70281,1.75,1.75
2015.09.30 14:40:25.934,0.70269,0.70279,1.12,1.12
2015.09.30 14:40:26.035,0.70269,0.70281,1.12,3.75
2015.09.30 14:40:26.137,0.70269,0.70279,1.50,1.50
2015.09.30 14:40:26.716,0.70269,0.70278,1.00,1.00
2015.09.30 14:40:27.222,0.7027,0.70282,2.10,3.07
2015.09.30 14:40:27.894,0.70272,0.70284,1.67,1.50
2015.09.30 14:40:28.052,0.70276,0.70286,1.00,1.57
2015.09.30 14:40:28.559,0.70274,0.70287,2.85,1.75
2015.09.30 14:40:29.098,0.70276,0.70289,2.25,2.25
2015.09.30 14:40:30.285,0.70276,0.70289,1.75,2.25
2015.09.30 14:40:34.114,0.70275,0.70286,1.87,1.12
2015.09.30 14:40:34.631,0.70275,0.70286,1.87,1.50
2015.09.30 14:40:37.050,0.70275,0.70286,1.12,1.50
2015.09.30 14:40:45.429,0.70273,0.70284,1.87,1.00
2015.09.30 14:40:45.890,0.70269,0.70282,2.85,1.75
2015.09.30 14:40:45.941,0.70269,0.70282,2.85,1.75
2015.09.30 14:40:46.143,0.70269,0.70282,2.85,1.57
2015.09.30 14:40:46.749,0.70268,0.70281,5.47,1.75
2015.09.30 14:40:48.402,0.70272,0.70282,1.00,1.85
2015.09.30 14:40:48.453,0.7027,0.7028,1.00,1.00
2015.09.30 14:40:48.688,0.7027,0.7028,1.50,1.12
2015.09.30 14:40:48.843,0.70268,0.70279,1.87,1.50
2015.09.30 14:40:49.348,0.70268,0.70279,1.50,1.12
2015.09.30 14:40:49.873,0.70268,0.70278,1.50,1.00
2015.09.30 14:40:50.228,0.70268,0.70279,1.12,1.75
2015.09.30 14:40:50.430,0.70268,0.70279,1.12,1.50
2015.09.30 14:40:50.531,0.70268,0.70279,1.12,1.75
2015.09.30 14:40:50.734,0.70268,0.70278,1.12,1.12
2015.09.30 14:40:50.835,0.70268,0.70278,1.12,1.75
2015.09.30 14:40:51.371,0.70269,0.70278,1.00,1.75
2015.09.30 14:40:54.585,0.7027,0.70278,1.00,1.75
2015.09.30 14:40:54.888,0.70272,0.70278,1.00,1.00
2015.09.30 14:40:54.990,0.70273,0.70281,1.50,1.10
2015.09.30 14:40:55.091,0.70273,0.70283,1.72,1.12
2015.09.30 14:40:55.449,0.70274,0.70286,1.50,1.75
2015.09.30 14:40:56.063,0.70274,0.70287,2.25,1.75
2015.09.30 14:40:56.118,0.70274,0.70287,2.25,1.50
2015.09.30 14:41:02.372,0.70279,0.7029,1.00,1.85
2015.09.30 14:41:02.625,0.7028,0.70289,1.50,1.87
2015.09.30 14:41:02.828,0.7028,0.70287,1.00,1.50
2015.09.30 14:41:03.089,0.70274,0.70286,1.37,1.50
2015.09.30 14:41:05.098,0.70278,0.70289,1.00,4.50
2015.09.30 14:41:05.354,0.70276,0.70287,1.00,2.25
2015.09.30 14:41:05.409,0.70278,0.70286,1.00,1.00
2015.09.30 14:41:05.718,0.7028,0.70286,1.00,1.50
2015.09.30 14:41:05.819,0.70276,0.70286,1.00,1.50
2015.09.30 14:41:06.224,0.70272,0.70284,3.67,1.12
2015.09.30 14:41:06.561,0.7027,0.70279,1.07,1.50
2015.09.30 14:41:06.664,0.70269,0.70278,1.00,1.50
2015.09.30 14:41:06.817,0.70267,0.70278,1.12,1.50
2015.09.30 14:41:07.122,0.70268,0.70279,1.67,1.37
2015.09.30 14:41:07.173,0.70267,0.70279,3.00,1.00
2015.09.30 14:41:07.716,0.7027,0.7028,1.42,1.12
2015.09.30 14:41:07.970,0.7027,0.70279,1.10,1.00
2015.09.30 14:41:08.174,0.70268,0.70278,1.47,1.37
2015.09.30 14:41:10.010,0.70268,0.70278,1.12,1.37
2015.09.30 14:41:10.829,0.70268,0.70277,1.00,1.37
2015.09.30 14:41:11.082,0.70268,0.70278,1.50,1.00
2015.09.30 14:41:11.133,0.70268,0.70277,1.50,1.37
2015.09.30 14:41:13.677,0.70268,0.70275,1.12,1.00
2015.09.30 14:41:14.073,0.70265,0.70274,1.00,1.00
2015.09.30 14:41:14.531,0.70261,0.70271,1.12,1.12
2015.09.30 14:41:14.894,0.7026,0.70268,1.12,1.12
2015.09.30 14:41:14.946,0.70258,0.70268,1.65,1.12
2015.09.30 14:41:16.174,0.70257,0.70267,1.67,1.00
2015.09.30 14:41:17.859,0.70258,0.70268,1.30,1.12
2015.09.30 14:41:18.010,0.70257,0.70268,1.67,1.37
2015.09.30 14:41:28.519,0.70259,0.70269,1.00,1.75
2015.09.30 14:41:29.308,0.7026,0.70269,1.00,1.75
2015.09.30 14:41:30.094,0.70258,0.70269,1.12,1.75
2015.09.30 14:41:41.386,0.70257,0.7027,1.75,1.85
2015.09.30 14:41:41.538,0.70259,0.70269,1.00,1.00
2015.09.30 14:41:41.640,0.70262,0.70269,1.00,1.00
2015.09.30 14:41:41.998,0.70262,0.70272,1.50,1.20
2015.09.30 14:41:42.151,0.7026,0.70273,1.50,1.85
2015.09.30 14:41:42.202,0.7026,0.7027,1.00,1.00
2015.09.30 14:41:42.707,0.70259,0.70269,1.50,1.00
2015.09.30 14:41:42.859,0.70258,0.7027,2.62,1.75
2015.09.30 14:41:43.826,0.70258,0.70271,1.12,1.85
2015.09.30 14:41:44.331,0.70257,0.70267,1.50,1.00
2015.09.30 14:41:47.576,0.70257,0.70268,1.12,1.85
2015.09.30 14:41:47.881,0.70256,0.70267,1.00,1.75
2015.09.30 14:41:48.389,0.70255,0.70266,1.12,1.75
2015.09.30 14:41:49.480,0.70255,0.70266,1.50,1.75
2015.09.30 14:41:50.388,0.70253,0.70264,1.87,1.37
2015.09.30 14:41:50.699,0.70247,0.7026,3.30,1.75
2015.09.30 14:41:54.298,0.70248,0.70261,2.10,1.75
2015.09.30 14:41:55.464,0.70248,0.7026,1.00,2.25
2015.09.30 14:41:55.566,0.70247,0.7026,1.47,3.75
2015.09.30 14:41:57.527,0.70245,0.70255,1.20,1.50
2015.09.30 14:41:57.679,0.70246,0.70255,1.00,1.00
2015.09.30 14:41:58.190,0.70245,0.70256,1.12,1.50
2015.09.30 14:41:59.396,0.70244,0.70254,1.20,1.50
2015.09.30 14:41:59.548,0.7024,0.70253,2.47,1.00
2015.09.30 14:42:01.355,0.7024,0.70252,1.12,1.00
2015.09.30 14:42:01.860,0.7024,0.70253,1.87,1.00
2015.09.30 14:42:02.383,0.7024,0.70251,1.87,1.00
2015.09.30 14:42:03.610,0.70241,0.70252,1.00,1.00
2015.09.30 14:42:04.800,0.7024,0.70251,1.12,1.00
2015.09.30 14:42:05.306,0.70241,0.70252,1.00,1.00
2015.09.30 14:42:08.094,0.7024,0.70252,1.87,1.00
2015.09.30 14:42:08.397,0.70239,0.7025,1.00,1.00
2015.09.30 14:42:09.623,0.70237,0.7025,1.72,1.50
2015.09.30 14:42:11.801,0.70237,0.7025,3.22,1.50
2015.09.30 14:42:12.328,0.70237,0.70249,1.12,1.00
2015.09.30 14:42:14.313,0.70237,0.7025,1.12,1.00
2015.09.30 14:42:19.618,0.7024,0.70252,1.00,1.10
2015.09.30 14:42:19.922,0.70243,0.70255,3.60,2.25
2015.09.30 14:42:20.227,0.70242,0.70253,1.95,1.50
2015.09.30 14:42:20.610,0.70244,0.70254,1.00,1.50
2015.09.30 14:42:22.383,0.70244,0.70252,1.00,1.00
2015.09.30 14:42:22.538,0.70242,0.70252,1.00,1.00
2015.09.30 14:42:24.555,0.70242,0.7025,1.00,1.00
2015.09.30 14:42:24.656,0.70239,0.70251,1.50,1.50
2015.09.30 14:42:25.180,0.70238,0.70248,1.00,1.00
2015.09.30 14:42:27.266,0.70241,0.70252,1.75,2.62
2015.09.30 14:42:27.671,0.70245,0.70256,1.12,1.75
2015.09.30 14:42:27.873,0.70246,0.70256,1.00,1.00
2015.09.30 14:42:28.282,0.70246,0.70259,2.25,1.50
2015.09.30 14:42:28.586,0.70249,0.7026,1.50,1.12
2015.09.30 14:42:29.518,0.70251,0.70262,1.37,1.50
2015.09.30 14:42:30.024,0.70249,0.7026,2.25,1.50
2015.09.30 14:42:30.657,0.70249,0.70259,1.50,1.00
2015.09.30 14:42:32.598,0.70249,0.70258,1.00,1.00
2015.09.30 14:42:32.751,0.70247,0.70258,1.50,1.75
2015.09.30 14:42:38.127,0.70246,0.70259,1.75,1.50
2015.09.30 14:42:39.739,0.70246,0.70259,1.50,1.75
2015.09.30 14:42:39.841,0.70246,0.70259,1.75,1.50
2015.09.30 14:42:40.343,0.70246,0.70259,2.62,1.75
2015.09.30 14:42:41.690,0.70246,0.70259,1.87,2.25
2015.09.30 14:42:41.943,0.70247,0.70258,2.25,1.00
2015.09.30 14:42:42.478,0.70248,0.70259,1.75,1.00
2015.09.30 14:42:44.398,0.70249,0.70259,1.00,2.25
2015.09.30 14:42:46.214,0.70248,0.70259,1.87,1.50
2015.09.30 14:42:46.982,0.70248,0.70261,1.87,2.25
2015.09.30 14:42:47.966,0.70246,0.70256,1.00,1.00
2015.09.30 14:42:48.472,0.70247,0.70258,1.50,1.12
2015.09.30 14:42:54.853,0.70247,0.70258,1.12,1.50
2015.09.30 14:42:57.813,0.7025,0.70259,1.00,1.75
2015.09.30 14:42:58.158,0.70262,0.70266,1.00,1.50
2015.09.30 14:42:58.310,0.70262,0.70269,1.50,1.00
2015.09.30 14:42:58.361,0.70262,0.70271,1.50,1.00
2015.09.30 14:42:58.564,0.70263,0.70271,3.22,1.00
2015.09.30 14:42:58.615,0.70263,0.70275,1.80,1.50
2015.09.30 14:42:59.696,0.70265,0.70274,1.50,1.00
2015.09.30 14:43:00.237,0.70265,0.70275,1.50,1.00
2015.09.30 14:43:05.902,0.70264,0.70275,2.10,1.50
2015.09.30 14:43:06.428,0.70264,0.70274,2.10,1.00
2015.09.30 14:43:10.391,0.70264,0.70273,1.00,1.00
2015.09.30 14:43:10.492,0.70262,0.7027,1.35,1.00
2015.09.30 14:43:10.848,0.7026,0.7027,1.50,1.50
2015.09.30 14:43:12.627,0.70262,0.7027,1.00,2.25
2015.09.30 14:43:13.025,0.70263,0.70275,2.85,1.75
2015.09.30 14:43:13.532,0.70263,0.70275,2.85,1.75
2015.09.30 14:43:13.785,0.70263,0.70275,1.35,1.75
2015.09.30 14:43:14.317,0.70262,0.70271,1.00,1.50
2015.09.30 14:43:15.253,0.70261,0.70271,1.00,1.50
2015.09.30 14:43:15.949,0.70262,0.70271,1.30,1.87
2015.09.30 14:43:16.102,0.7026,0.70268,1.50,1.00
2015.09.30 14:43:16.881,0.7026,0.70266,1.00,1.00
2015.09.30 14:43:17.388,0.70258,0.70267,2.10,1.00
2015.09.30 14:43:18.055,0.70258,0.70269,2.85,1.00
2015.09.30 14:43:18.156,0.70259,0.70269,2.10,1.00
2015.09.30 14:43:18.662,0.7026,0.7027,1.75,1.12
2015.09.30 14:43:19.367,0.70259,0.70269,2.17,1.00
2015.09.30 14:43:19.879,0.7026,0.7027,1.75,1.12
2015.09.30 14:43:21.126,0.70262,0.7027,1.37,1.00
2015.09.30 14:43:21.464,0.70262,0.70275,3.00,1.95
2015.09.30 14:43:21.768,0.70265,0.70277,1.37,1.75
2015.09.30 14:43:21.972,0.70266,0.70279,1.37,2.25
2015.09.30 14:43:22.023,0.70269,0.70279,1.00,2.25
2015.09.30 14:43:22.226,0.70267,0.70279,2.25,1.00
2015.09.30 14:43:22.970,0.7027,0.70282,1.75,1.12
2015.09.30 14:43:23.173,0.70269,0.7028,3.07,1.00
2015.09.30 14:43:23.716,0.70269,0.70279,1.57,1.50
2015.09.30 14:43:23.972,0.70267,0.70278,2.32,1.87
2015.09.30 14:43:24.074,0.70265,0.70277,3.45,1.50
2015.09.30 14:43:24.176,0.70267,0.70277,1.00,1.50
2015.09.30 14:43:25.482,0.70265,0.70277,1.50,2.25
2015.09.30 14:43:26.801,0.70265,0.70278,2.25,2.25
2015.09.30 14:43:29.990,0.70266,0.70276,1.00,1.00
2015.09.30 14:43:31.878,0.70265,0.70276,2.25,1.50
2015.09.30 14:43:40.072,0.70267,0.70276,1.37,1.12
2015.09.30 14:43:42.094,0.7027,0.70279,1.00,1.75
2015.09.30 14:43:42.145,0.7027,0.70279,1.50,1.00
2015.09.30 14:43:43.282,0.70269,0.70279,1.12,1.12
2015.09.30 14:43:43.832,0.7027,0.70279,1.00,1.12
2015.09.30 14:43:44.807,0.70269,0.7028,1.12,1.50
2015.09.30 14:43:44.959,0.70269,0.7028,1.12,1.75
2015.09.30 14:43:45.589,0.7027,0.7028,1.00,2.25
2015.09.30 14:43:46.220,0.70269,0.70279,1.12,1.75
2015.09.30 14:43:47.199,0.7027,0.70279,2.85,1.75
2015.09.30 14:43:47.301,0.7027,0.70279,1.00,1.12
2015.09.30 14:43:47.817,0.7027,0.70279,1.37,1.12
2015.09.30 14:43:48.605,0.7027,0.70281,1.00,1.75
2015.09.30 14:43:49.119,0.70271,0.70281,1.00,1.75
2015.09.30 14:43:50.159,0.7027,0.7028,1.00,1.50
2015.09.30 14:43:50.665,0.7027,0.70278,1.00,1.12
2015.09.30 14:43:53.255,0.7027,0.70276,1.00,1.12
2015.09.30 14:43:53.308,0.70268,0.70276,1.00,1.00
2015.09.30 14:43:54.559,0.70268,0.70277,1.00,1.50
2015.09.30 14:43:55.087,0.70267,0.70277,1.50,1.50
2015.09.30 14:43:55.340,0.70267,0.70277,2.25,1.50
2015.09.30 14:44:01.815,0.70269,0.70276,1.12,1.00
2015.09.30 14:44:01.967,0.70267,0.70276,1.87,1.37
2015.09.30 14:44:06.769,0.70267,0.70278,1.50,2.25
2015.09.30 14:44:09.002,0.70272,0.70279,1.00,2.32
2015.09.30 14:44:09.426,0.70278,0.70282,1.12,1.12
2015.09.30 14:44:09.477,0.70278,0.70289,1.87,2.25
2015.09.30 14:44:09.730,0.70279,0.70289,1.12,1.12
2015.09.30 14:44:10.247,0.70279,0.70289,1.00,1.50
2015.09.30 14:44:10.797,0.7028,0.70289,1.00,1.50
2015.09.30 14:44:12.129,0.70281,0.70292,1.37,1.87
2015.09.30 14:44:13.954,0.7028,0.7029,1.00,1.37
2015.09.30 14:44:14.878,0.70278,0.70289,1.37,1.87
2015.09.30 14:44:14.929,0.70278,0.70289,1.00,1.87
2015.09.30 14:44:16.730,0.70278,0.70289,1.00,1.12
2015.09.30 14:44:20.091,0.70277,0.70289,1.87,1.75
2015.09.30 14:44:22.864,0.70276,0.70286,1.12,1.37
2015.09.30 14:44:22.966,0.70272,0.70283,2.70,1.12
2015.09.30 14:44:23.068,0.70272,0.70279,1.20,1.00
2015.09.30 14:44:23.119,0.7027,0.70279,1.50,1.00
2015.09.30 14:44:25.526,0.7027,0.70278,1.00,1.00
2015.09.30 14:44:25.627,0.7027,0.7028,1.50,3.75
2015.09.30 14:44:26.096,0.70271,0.70282,1.50,1.87
2015.09.30 14:44:26.502,0.70269,0.70281,1.20,1.75
2015.09.30 14:44:27.154,0.7027,0.70281,1.27,1.50
2015.09.30 14:44:27.626,0.70272,0.70281,1.00,1.50
2015.09.30 14:44:30.936,0.70272,0.70282,1.12,1.12
2015.09.30 14:44:31.038,0.70277,0.70281,1.00,1.50
2015.09.30 14:44:31.089,0.70277,0.70284,1.00,1.50
2015.09.30 14:44:31.190,0.70279,0.70284,1.12,1.00
2015.09.30 14:44:31.292,0.70277,0.70288,3.00,1.00
2015.09.30 14:44:31.862,0.70281,0.70291,1.00,1.12
2015.09.30 14:44:31.914,0.70283,0.70293,1.12,1.87
2015.09.30 14:44:32.168,0.70285,0.70294,1.00,1.87
2015.09.30 14:44:32.677,0.70285,0.70294,1.12,1.00
2015.09.30 14:44:35.756,0.70284,0.70295,1.12,1.50
2015.09.30 14:44:36.111,0.70285,0.70292,1.00,1.00
2015.09.30 14:44:36.162,0.70282,0.70292,1.10,1.00
2015.09.30 14:44:36.700,0.70281,0.70292,1.50,2.32
2015.09.30 14:44:37.206,0.70281,0.70292,1.50,2.25
2015.09.30 14:44:37.676,0.70281,0.7029,1.50,1.00
2015.09.30 14:44:38.420,0.70281,0.70292,1.50,1.87
2015.09.30 14:44:38.934,0.70281,0.70292,1.75,1.00
2015.09.30 14:44:39.550,0.70281,0.70291,1.75,1.00
2015.09.30 14:44:39.652,0.7028,0.70289,2.25,1.00
2015.09.30 14:44:39.805,0.70278,0.70289,1.75,1.00
2015.09.30 14:44:40.539,0.7028,0.70288,1.00,1.00
2015.09.30 14:44:40.641,0.7028,0.7029,1.00,2.25
2015.09.30 14:44:40.793,0.70278,0.7029,3.75,1.12
2015.09.30 14:44:41.299,0.70279,0.70291,2.25,1.00
2015.09.30 14:44:43.712,0.70284,0.70293,1.12,1.37
2015.09.30 14:44:44.022,0.70288,0.70298,1.00,1.75
2015.09.30 14:44:44.073,0.70288,0.70299,1.87,1.47
2015.09.30 14:44:44.176,0.7029,0.70301,1.37,1.57
2015.09.30 14:44:44.708,0.7029,0.70301,1.75,1.50
2015.09.30 14:44:45.621,0.70292,0.703,1.00,1.00
2015.09.30 14:44:46.871,0.70291,0.703,1.00,1.00
2015.09.30 14:44:47.629,0.70291,0.70301,1.00,1.65
2015.09.30 14:44:48.361,0.70288,0.70299,2.62,1.50
2015.09.30 14:44:54.396,0.70287,0.70298,1.87,1.50
2015.09.30 14:44:54.904,0.70287,0.70298,1.50,1.37
2015.09.30 14:44:57.631,0.70287,0.70296,1.50,1.00
2015.09.30 14:44:58.558,0.70286,0.70294,1.75,1.00
2015.09.30 14:44:58.710,0.70285,0.70292,1.12,1.00
2015.09.30 14:44:59.242,0.70284,0.70292,1.00,1.00
2015.09.30 14:44:59.748,0.70282,0.70292,2.02,1.12
2015.09.30 14:45:00.423,0.70282,0.70291,1.15,1.00
2015.09.30 14:45:00.626,0.70284,0.70293,1.10,1.00
2015.09.30 14:45:01.214,0.70286,0.70293,1.00,1.50
2015.09.30 14:45:01.315,0.70283,0.70293,1.50,1.00
2015.09.30 14:45:01.670,0.70285,0.70295,1.00,2.25
2015.09.30 14:45:01.823,0.70286,0.70295,1.00,1.12
2015.09.30 14:45:02.026,0.70287,0.70297,1.12,1.12
2015.09.30 14:45:02.261,0.70287,0.70297,1.50,1.12
2015.09.30 14:45:02.771,0.70289,0.703,1.37,2.25
2015.09.30 14:45:06.810,0.70289,0.70301,1.87,2.25
2015.09.30 14:45:07.831,0.7029,0.70301,1.00,1.75
2015.09.30 14:45:09.184,0.70293,0.70301,1.00,1.75
2015.09.30 14:45:09.338,0.70293,0.70304,2.47,1.55
2015.09.30 14:45:09.389,0.70296,0.70306,1.00,2.25
2015.09.30 14:45:09.440,0.70296,0.70306,1.50,1.57
2015.09.30 14:45:09.543,0.70298,0.70306,1.00,2.25
2015.09.30 14:45:10.051,0.70297,0.70308,1.00,2.32
2015.09.30 14:45:10.369,0.703,0.70309,1.00,1.75
2015.09.30 14:45:10.471,0.70298,0.70308,1.00,1.75
2015.09.30 14:45:11.071,0.70297,0.70308,1.00,2.25
2015.09.30 14:45:11.601,0.70297,0.70308,1.00,2.25
2015.09.30 14:45:12.306,0.70295,0.70306,1.50,1.75
2015.09.30 14:45:12.812,0.70296,0.70307,1.00,2.62
2015.09.30 14:45:16.273,0.70295,0.70306,1.00,1.75
2015.09.30 14:45:16.425,0.70295,0.70306,1.50,1.12
2015.09.30 14:45:16.629,0.70293,0.70302,1.50,1.00
2015.09.30 14:45:16.896,0.70291,0.70302,2.25,1.50
2015.09.30 14:45:17.629,0.70294,0.70304,1.00,1.75
2015.09.30 14:45:17.780,0.70294,0.70305,1.87,1.57
2015.09.30 14:45:18.043,0.70296,0.70305,1.87,1.50
2015.09.30 14:45:18.145,0.70297,0.70307,1.50,1.00
2015.09.30 14:45:18.807,0.70299,0.70309,1.00,1.95
2015.09.30 14:45:19.335,0.70299,0.7031,1.00,2.02
2015.09.30 14:45:20.558,0.70297,0.7031,3.00,1.92
2015.09.30 14:45:22.057,0.70298,0.70308,1.00,1.37
2015.09.30 14:45:22.671,0.70297,0.70309,1.12,1.75
2015.09.30 14:45:23.985,0.70296,0.70306,1.00,1.00
2015.09.30 14:45:24.511,0.70297,0.70306,1.00,1.00
2015.09.30 14:45:32.331,0.70297,0.70307,2.62,1.00
2015.09.30 14:45:32.843,0.70298,0.70307,1.00,1.00
2015.09.30 14:45:34.601,0.70298,0.7031,1.50,2.25
2015.09.30 14:45:35.136,0.70298,0.7031,1.12,2.25
2015.09.30 14:45:35.654,0.70299,0.7031,1.00,1.75
2015.09.30 14:45:36.200,0.70299,0.7031,1.12,1.75
2015.09.30 14:45:38.320,0.70298,0.70309,1.00,1.75
2015.09.30 14:45:38.825,0.70298,0.70309,1.00,1.75
2015.09.30 14:45:48.883,0.70298,0.70309,1.50,1.75
2015.09.30 14:45:49.993,0.70299,0.70309,1.00,1.50
2015.09.30 14:45:50.297,0.70304,0.70313,1.35,2.32
2015.09.30 14:45:50.606,0.70306,0.70313,1.00,1.87
2015.09.30 14:45:50.659,0.70306,0.70316,1.12,1.12
2015.09.30 14:45:51.607,0.70306,0.70315,1.12,1.00
2015.09.30 14:45:51.760,0.70307,0.70316,2.25,1.12
2015.09.30 14:45:52.775,0.70307,0.70317,2.25,1.12
2015.09.30 14:45:53.281,0.70308,0.70318,1.50,1.00
2015.09.30 14:45:54.377,0.70309,0.70317,1.00,1.00
2015.09.30 14:46:05.021,0.70307,0.70319,1.75,1.50
2015.09.30 14:46:05.417,0.70307,0.70318,1.75,1.00
2015.09.30 14:46:06.412,0.7031,0.70319,1.50,1.12
2015.09.30 14:46:06.767,0.70311,0.70321,1.67,1.00
2015.09.30 14:46:08.102,0.7031,0.70319,1.75,1.00
2015.09.30 14:46:08.780,0.70312,0.7032,1.00,1.00
2015.09.30 14:46:08.881,0.7031,0.7032,1.50,1.50
2015.09.30 14:46:09.464,0.7031,0.70321,1.50,1.12
2015.09.30 14:46:11.028,0.7031,0.7032,1.50,1.00
2015.09.30 14:46:12.280,0.70313,0.70323,1.12,1.52
2015.09.30 14:46:12.786,0.70312,0.7032,1.00,1.00
2015.09.30 14:46:16.506,0.7031,0.7032,1.50,1.50
2015.09.30 14:46:17.015,0.70311,0.7032,1.00,1.00
2015.09.30 14:46:18.491,0.70311,0.70319,1.50,1.00
2015.09.30 14:46:19.868,0.70311,0.7032,1.50,1.00
2015.09.30 14:46:20.392,0.70307,0.70319,3.00,1.12
2015.09.30 14:46:20.696,0.70305,0.70316,4.50,1.00
2015.09.30 14:46:20.800,0.70305,0.70314,1.37,1.00
2015.09.30 14:46:20.902,0.70304,0.70312,1.37,1.00
2015.09.30 14:46:21.333,0.703,0.70311,1.75,1.87
2015.09.30 14:46:21.387,0.70299,0.70308,3.00,1.00
2015.09.30 14:46:21.489,0.70298,0.70308,3.37,1.12
2015.09.30 14:46:22.199,0.70298,0.70308,1.37,1.37
2015.09.30 14:46:22.464,0.70301,0.70309,1.00,1.50
2015.09.30 14:46:22.919,0.70298,0.70307,1.37,1.12
2015.09.30 14:46:23.426,0.703,0.70307,1.00,1.12
2015.09.30 14:46:23.941,0.703,0.70307,1.50,1.00
2015.09.30 14:46:25.424,0.70297,0.70308,2.25,1.00
2015.09.30 14:46:26.109,0.70297,0.70307,2.85,1.00
2015.09.30 14:46:26.800,0.70297,0.70309,2.25,1.20
2015.09.30 14:46:28.493,0.703,0.70309,1.00,1.00
2015.09.30 14:46:29.150,0.703,0.70308,1.00,1.00
2015.09.30 14:46:29.654,0.70299,0.70309,1.00,1.50
2015.09.30 14:46:29.806,0.70299,0.70307,1.00,1.00
2015.09.30 14:46:30.316,0.70298,0.70307,1.12,1.00
2015.09.30 14:46:32.001,0.70297,0.70307,2.10,1.00
2015.09.30 14:46:34.386,0.70298,0.70306,1.50,1.00
2015.09.30 14:46:34.793,0.70298,0.70308,1.50,1.00
2015.09.30 14:46:38.464,0.70296,0.70308,1.87,1.37
2015.09.30 14:46:38.516,0.70292,0.70302,4.20,1.00
2015.09.30 14:46:38.618,0.70292,0.70304,3.07,1.00
2015.09.30 14:46:38.821,0.70291,0.70304,2.77,1.12
2015.09.30 14:46:38.871,0.70291,0.70301,2.77,1.00
2015.09.30 14:46:39.378,0.70291,0.70302,2.47,1.12
2015.09.30 14:46:42.331,0.7029,0.70301,2.25,1.00
2015.09.30 14:46:42.642,0.7029,0.70294,1.00,1.12
2015.09.30 14:46:42.695,0.70283,0.7029,2.25,1.00
2015.09.30 14:46:42.797,0.70282,0.7029,2.25,1.00
2015.09.30 14:46:42.848,0.70282,0.7029,1.12,1.12
2015.09.30 14:46:43.051,0.7028,0.70289,1.00,1.00
2015.09.30 14:46:44.925,0.7028,0.70288,1.00,1.00
2015.09.30 14:46:45.789,0.70278,0.70283,1.00,1.00
2015.09.30 14:46:45.840,0.7028,0.70284,1.00,1.00
2015.09.30 14:46:45.893,0.7028,0.70286,1.00,1.00
2015.09.30 14:46:46.178,0.70276,0.70286,1.50,1.00
2015.09.30 14:46:46.229,0.70276,0.70288,1.50,2.02
2015.09.30 14:46:46.330,0.70275,0.70288,2.85,1.00
2015.09.30 14:46:46.838,0.70278,0.70288,1.00,1.12
2015.09.30 14:46:47.353,0.70276,0.70288,1.12,1.00
2015.09.30 14:46:49.434,0.70279,0.70289,1.00,1.50
2015.09.30 14:46:51.395,0.70279,0.70288,1.00,1.00
2015.09.30 14:46:55.937,0.7028,0.70289,1.00,1.00
2015.09.30 14:46:55.988,0.70283,0.70289,1.00,1.00
2015.09.30 14:46:56.140,0.70286,0.70298,1.00,2.32
2015.09.30 14:46:56.191,0.70288,0.70299,1.00,4.65
2015.09.30 14:46:56.293,0.70288,0.70299,2.25,1.47
2015.09.30 14:46:56.394,0.7029,0.703,1.00,1.37
2015.09.30 14:46:56.963,0.7029,0.703,1.12,1.12
2015.09.30 14:46:57.674,0.70289,0.70299,1.50,1.00
2015.09.30 14:46:58.134,0.70286,0.70299,1.87,1.50
2015.09.30 14:47:02.766,0.70288,0.70299,1.37,1.50
2015.09.30 14:47:07.976,0.7029,0.70299,1.00,1.00
2015.09.30 14:47:08.027,0.7029,0.70301,1.50,1.57
2015.09.30 14:47:08.602,0.70291,0.703,1.00,1.37
2015.09.30 14:47:08.905,0.70288,0.70299,1.50,1.50
2015.09.30 14:47:09.410,0.70288,0.70298,1.00,1.00
2015.09.30 14:47:10.193,0.70285,0.70298,3.75,1.50
2015.09.30 14:47:10.698,0.70287,0.70297,1.00,1.50
2015.09.30 14:47:11.634,0.70287,0.70296,1.00,1.00
2015.09.30 14:47:12.288,0.70284,0.70296,2.25,1.50
2015.09.30 14:47:15.973,0.70285,0.70293,1.00,1.00
2015.09.30 14:47:16.279,0.70279,0.70289,1.00,1.00
2015.09.30 14:47:17.048,0.70281,0.70289,1.00,1.10
2015.09.30 14:47:17.351,0.70283,0.70294,1.30,1.50
2015.09.30 14:47:17.857,0.70282,0.70295,2.85,2.62
2015.09.30 14:47:18.280,0.7028,0.70293,1.50,1.87
2015.09.30 14:47:18.591,0.70278,0.70291,3.60,1.75
2015.09.30 14:47:19.099,0.70279,0.70291,1.50,1.50
2015.09.30 14:47:20.653,0.70281,0.70291,1.00,1.00
2015.09.30 14:47:24.790,0.70279,0.7029,1.37,1.12
2015.09.30 14:47:24.892,0.70278,0.7029,1.50,1.50
2015.09.30 14:47:27.380,0.70276,0.70286,1.37,1.12
2015.09.30 14:47:27.431,0.70276,0.70284,1.00,1.00
2015.09.30 14:47:27.482,0.70273,0.70284,1.27,1.50
2015.09.30 14:47:27.786,0.70271,0.70282,1.50,1.75
2015.09.30 14:47:27.887,0.7027,0.70282,1.12,1.75
2015.09.30 14:47:28.992,0.70269,0.7028,1.12,2.25
2015.09.30 14:47:30.063,0.70266,0.70276,1.87,1.00
2015.09.30 14:47:30.215,0.70264,0.70277,1.65,1.75
2015.09.30 14:47:30.518,0.70268,0.70278,1.00,3.00
2015.09.30 14:47:30.569,0.70268,0.70279,1.12,1.85
2015.09.30 14:47:33.600,0.70268,0.7028,1.37,1.95
2015.09.30 14:47:33.651,0.70268,0.7028,1.50,1.95
2015.09.30 14:47:34.286,0.7027,0.70281,1.87,1.47
2015.09.30 14:47:34.338,0.70273,0.70283,1.12,1.45
2015.09.30 14:47:34.542,0.70275,0.70285,1.00,1.00
2015.09.30 14:47:35.385,0.70276,0.70285,1.00,1.00
2015.09.30 14:47:35.537,0.70278,0.70289,1.00,1.27
2015.09.30 14:47:35.842,0.70283,0.70293,1.37,1.87
2015.09.30 14:47:35.893,0.70282,0.70293,1.75,1.00
2015.09.30 14:47:36.096,0.7028,0.70291,1.95,1.50
2015.09.30 14:47:36.198,0.70277,0.7029,1.65,1.75
2015.09.30 14:47:36.722,0.70279,0.7029,1.12,1.75
2015.09.30 14:47:38.769,0.70278,0.70289,1.12,1.50
2015.09.30 14:47:39.387,0.70278,0.70289,1.37,1.50
2015.09.30 14:47:50.136,0.70279,0.7029,1.50,1.00
2015.09.30 14:47:52.725,0.70279,0.70291,1.50,1.00
2015.09.30 14:47:53.728,0.70278,0.70291,1.50,1.50
2015.09.30 14:47:54.713,0.7028,0.70291,1.00,1.57
2015.09.30 14:47:56.461,0.7028,0.70291,1.00,1.95
2015.09.30 14:47:56.512,0.70278,0.70291,1.00,3.00
2015.09.30 14:48:02.315,0.70279,0.70289,1.00,1.12
2015.09.30 14:48:02.822,0.70278,0.70289,1.00,1.12
2015.09.30 14:48:04.200,0.70278,0.70288,1.00,1.00
2015.09.30 14:48:05.624,0.70276,0.70286,1.50,1.00
2015.09.30 14:48:05.776,0.70271,0.70283,1.65,2.25
2015.09.30 14:48:05.878,0.7027,0.70283,1.00,2.25
2015.09.30 14:48:06.385,0.70269,0.70282,1.12,1.75
2015.09.30 14:48:10.605,0.70268,0.70281,3.00,1.75
2015.09.30 14:48:11.957,0.7027,0.70281,1.00,1.75
2015.09.30 14:48:12.059,0.70268,0.70281,3.00,1.12
2015.09.30 14:48:12.110,0.70268,0.70281,2.25,1.37
2015.09.30 14:48:12.729,0.70269,0.70281,1.37,1.37
2015.09.30 14:48:14.619,0.70268,0.70281,2.25,1.12
2015.09.30 14:48:15.429,0.7027,0.70282,1.37,1.00
2015.09.30 14:48:15.732,0.70273,0.70285,1.50,1.27
2015.09.30 14:48:15.935,0.70277,0.70287,1.00,1.12
2015.09.30 14:48:16.441,0.70278,0.70289,1.87,1.37
2015.09.30 14:48:20.358,0.70278,0.70289,1.37,1.87
2015.09.30 14:48:20.662,0.70279,0.70291,1.12,1.50
2015.09.30 14:48:20.892,0.70279,0.70291,1.87,1.50
2015.09.30 14:48:21.399,0.70281,0.70293,2.25,1.50
2015.09.30 14:48:22.124,0.70283,0.70293,1.00,1.50
2015.09.30 14:48:24.714,0.70284,0.70295,1.00,2.25
2015.09.30 14:48:24.866,0.70285,0.70295,1.00,1.50
2015.09.30 14:48:24.968,0.70286,0.70297,1.12,1.00
2015.09.30 14:48:25.771,0.70288,0.70299,1.00,2.32
2015.09.30 14:48:25.974,0.70289,0.703,1.12,1.00
2015.09.30 14:48:26.481,0.70289,0.70301,1.12,1.12
2015.09.30 14:48:31.859,0.7029,0.70302,1.00,1.50
2015.09.30 14:48:32.371,0.70291,0.70302,1.00,1.50
2015.09.30 14:48:32.890,0.70291,0.703,1.00,1.00
2015.09.30 14:48:32.941,0.70291,0.70302,1.37,1.12
2015.09.30 14:48:36.270,0.70292,0.70304,1.50,1.50
2015.09.30 14:48:36.322,0.70292,0.70305,2.25,1.50
2015.09.30 14:48:36.828,0.70294,0.70306,1.12,1.50
2015.09.30 14:48:38.411,0.70295,0.70307,1.37,1.50
2015.09.30 14:48:38.942,0.70296,0.70307,1.12,1.00
2015.09.30 14:48:39.447,0.70295,0.70308,2.25,2.25
2015.09.30 14:48:39.981,0.70297,0.70308,1.00,3.00
2015.09.30 14:48:40.489,0.70296,0.70307,1.12,1.00
2015.09.30 14:48:40.793,0.70296,0.70307,1.00,1.50
2015.09.30 14:48:41.559,0.70296,0.70307,1.12,1.37
2015.09.30 14:48:41.963,0.70297,0.70308,1.00,1.87
2015.09.30 14:48:42.890,0.70296,0.70307,1.12,1.00
2015.09.30 14:48:43.565,0.70296,0.70306,1.00,1.00
2015.09.30 14:48:44.071,0.70297,0.70307,1.00,1.00
2015.09.30 14:48:45.879,0.70297,0.70305,1.50,1.00
2015.09.30 14:48:45.930,0.70292,0.70305,1.87,2.62
2015.09.30 14:48:46.738,0.70292,0.70303,1.87,1.12
2015.09.30 14:48:47.165,0.70296,0.70306,1.00,2.40
2015.09.30 14:48:47.217,0.70296,0.70307,1.00,2.77
2015.09.30 14:48:47.369,0.70296,0.70307,1.50,1.50
2015.09.30 14:48:48.130,0.70297,0.70307,1.00,1.00
2015.09.30 14:48:48.181,0.70299,0.70308,1.00,1.65
2015.09.30 14:48:48.334,0.70299,0.70311,1.37,2.62
2015.09.30 14:48:48.873,0.70299,0.70311,1.87,1.37
2015.09.30 14:48:49.410,0.70301,0.70311,1.00,1.50
2015.09.30 14:48:50.494,0.703,0.70312,1.50,2.70
2015.09.30 14:48:54.410,0.70302,0.70314,1.00,3.07
2015.09.30 14:48:54.613,0.70302,0.70314,1.00,1.87
2015.09.30 14:48:54.917,0.70304,0.70315,1.00,1.87
2015.09.30 14:48:55.238,0.70306,0.70315,1.00,1.12
2015.09.30 14:48:55.289,0.70304,0.70315,1.00,1.12
2015.09.30 14:48:55.593,0.70307,0.70315,1.00,1.12
2015.09.30 14:48:56.397,0.70308,0.70318,1.00,2.77
2015.09.30 14:48:56.549,0.70308,0.70318,1.00,2.02
2015.09.30 14:48:56.651,0.70309,0.70318,1.00,1.45
2015.09.30 14:48:56.804,0.70307,0.7032,2.62,1.87
2015.09.30 14:48:56.905,0.70307,0.70318,2.62,1.87
2015.09.30 14:48:57.425,0.70307,0.70317,2.25,1.50
2015.09.30 14:48:57.982,0.70306,0.70317,1.50,2.25
2015.09.30 14:48:58.450,0.70302,0.70312,1.00,1.45
2015.09.30 14:48:58.501,0.703,0.70311,2.25,1.20
2015.09.30 14:48:58.806,0.70304,0.70309,1.00,1.17
2015.09.30 14:48:59.110,0.70304,0.70314,1.00,1.27
2015.09.30 14:48:59.161,0.70307,0.70315,1.00,1.20
2015.09.30 14:48:59.532,0.70308,0.70319,1.00,1.87
2015.09.30 14:49:00.058,0.70308,0.7032,1.50,1.50
2015.09.30 14:49:00.685,0.70307,0.7032,1.87,2.25
2015.09.30 14:49:02.006,0.70306,0.70317,1.12,1.57
2015.09.30 14:49:02.210,0.70305,0.70316,1.50,1.65
2015.09.30 14:49:02.517,0.70307,0.70316,3.97,1.37
2015.09.30 14:49:02.619,0.70307,0.70319,1.12,2.70
2015.09.30 14:49:02.835,0.70307,0.70318,1.00,2.25
2015.09.30 14:49:03.192,0.70305,0.70315,1.87,1.12
2015.09.30 14:49:03.294,0.70304,0.70317,2.25,3.52
2015.09.30 14:49:03.750,0.70305,0.70314,1.00,1.00
2015.09.30 14:49:04.026,0.70303,0.70316,2.85,2.40
2015.09.30 14:49:04.128,0.70305,0.70316,1.00,2.40
2015.09.30 14:49:04.229,0.70305,0.70317,1.50,2.25
2015.09.30 14:49:04.735,0.70304,0.70315,2.25,1.85
2015.09.30 14:49:06.171,0.70305,0.70316,1.00,1.20
2015.09.30 14:49:06.373,0.70305,0.70316,1.50,1.20
2015.09.30 14:49:06.727,0.70307,0.70317,1.00,1.20
2015.09.30 14:49:07.228,0.70307,0.70318,2.25,1.95
2015.09.30 14:49:07.432,0.70307,0.70318,2.62,1.55
2015.09.30 14:49:07.954,0.70308,0.70319,1.00,1.95
2015.09.30 14:49:08.587,0.70307,0.7032,2.62,1.95
2015.09.30 14:49:09.043,0.70309,0.7032,1.00,1.20
2015.09.30 14:49:09.581,0.70308,0.70321,1.87,1.95
2015.09.30 14:49:10.735,0.70308,0.7032,1.87,1.17
2015.09.30 14:49:11.039,0.7031,0.7032,1.00,1.10
2015.09.30 14:49:11.580,0.70309,0.70321,2.25,1.17
2015.09.30 14:49:12.243,0.70311,0.70321,1.00,1.17
2015.09.30 14:49:12.627,0.70317,0.70324,1.00,1.12
2015.09.30 14:49:12.679,0.70316,0.70326,1.50,1.45
2015.09.30 14:49:14.414,0.70313,0.70325,1.50,1.20
2015.09.30 14:49:14.465,0.70313,0.70325,1.00,1.95
2015.09.30 14:49:14.810,0.70313,0.70322,1.00,1.37
2015.09.30 14:49:14.962,0.70309,0.70322,1.00,2.70
2015.09.30 14:49:15.468,0.70308,0.70321,3.22,1.82
2015.09.30 14:49:16.266,0.7031,0.70321,1.00,1.82
2015.09.30 14:49:17.536,0.70309,0.70322,2.10,2.70
2015.09.30 14:49:18.890,0.70309,0.70322,1.87,2.70
2015.09.30 14:49:20.904,0.70312,0.70323,1.00,1.95
2015.09.30 14:49:21.007,0.70313,0.70324,1.00,2.70
2015.09.30 14:49:21.110,0.70314,0.70324,1.00,1.65
2015.09.30 14:49:21.568,0.70314,0.70326,1.35,1.55
2015.09.30 14:49:21.720,0.70314,0.70325,1.50,1.57
2015.09.30 14:49:22.432,0.70314,0.70327,1.00,3.45
2015.09.30 14:49:22.584,0.70316,0.70327,1.00,1.95
2015.09.30 14:49:23.206,0.70317,0.70328,1.00,1.95
2015.09.30 14:49:23.409,0.70318,0.70329,1.12,2.25
2015.09.30 14:49:25.853,0.70318,0.70329,1.12,1.57
2015.09.30 14:49:26.006,0.70317,0.70328,1.00,2.25
2015.09.30 14:49:26.773,0.70318,0.70329,1.00,2.70
2015.09.30 14:49:26.824,0.70318,0.70329,1.00,2.70
2015.09.30 14:49:30.771,0.7032,0.7033,1.00,1.07
2015.09.30 14:49:31.853,0.70318,0.7033,1.50,1.20
2015.09.30 14:49:32.828,0.7032,0.7033,1.00,1.20
2015.09.30 14:49:34.828,0.70319,0.7033,1.00,1.20
2015.09.30 14:49:35.339,0.70318,0.7033,1.50,1.20
2015.09.30 14:49:36.442,0.70318,0.7033,1.00,1.82
2015.09.30 14:49:36.645,0.70316,0.70326,1.00,1.37
2015.09.30 14:49:37.240,0.70315,0.70326,1.12,1.95
2015.09.30 14:49:39.643,0.70314,0.70325,1.00,1.47
2015.09.30 14:49:39.746,0.70312,0.70325,1.50,1.85
2015.09.30 14:49:40.095,0.70312,0.70323,1.00,1.12
2015.09.30 14:49:40.146,0.70311,0.70322,1.12,1.37
2015.09.30 14:49:40.452,0.70307,0.70313,1.50,1.12
2015.09.30 14:49:40.604,0.70302,0.70313,1.50,1.12
2015.09.30 14:49:41.159,0.70301,0.70313,1.12,1.12
2015.09.30 14:49:45.278,0.70308,0.70316,1.00,1.57
2015.09.30 14:49:45.332,0.70308,0.70319,1.00,3.07
2015.09.30 14:49:45.382,0.70308,0.70315,1.00,1.12
2015.09.30 14:49:45.433,0.70305,0.70314,1.37,1.00
2015.09.30 14:49:45.484,0.70303,0.70314,1.00,1.50
2015.09.30 14:49:45.586,0.70302,0.70314,1.10,2.32
2015.09.30 14:49:45.890,0.70305,0.70314,1.50,1.10
2015.09.30 14:49:46.766,0.70304,0.70314,1.00,1.00
2015.09.30 14:49:47.221,0.70302,0.70314,2.25,1.00
2015.09.30 14:49:47.810,0.70302,0.70314,1.50,1.57
2015.09.30 14:49:48.015,0.70304,0.70314,1.00,1.57
2015.09.30 14:49:48.521,0.70305,0.70314,1.00,1.00
2015.09.30 14:49:49.229,0.70306,0.70314,1.00,1.00
2015.09.30 14:49:49.533,0.7031,0.70319,1.00,1.50
2015.09.30 14:49:50.220,0.70309,0.70321,1.50,1.87
2015.09.30 14:49:51.106,0.70309,0.70322,2.25,2.62
2015.09.30 14:49:51.614,0.7031,0.70322,1.00,2.62
2015.09.30 14:49:52.019,0.70311,0.70322,1.00,1.87
2015.09.30 14:49:52.121,0.70313,0.70323,1.00,1.50
2015.09.30 14:49:52.425,0.70316,0.70326,1.12,1.00
2015.09.30 14:49:52.864,0.70315,0.70322,1.00,1.00
2015.09.30 14:49:52.915,0.70313,0.70323,1.00,1.50
2015.09.30 14:49:53.421,0.70312,0.70323,1.50,1.50
2015.09.30 14:49:54.162,0.70312,0.70322,1.00,1.37
2015.09.30 14:49:54.671,0.70311,0.70322,1.50,2.25
2015.09.30 14:49:55.210,0.70309,0.70322,1.87,1.57
2015.09.30 14:49:55.726,0.70309,0.70319,1.50,1.00
2015.09.30 14:49:57.295,0.70309,0.70318,1.00,1.00
2015.09.30 14:49:57.646,0.70305,0.70315,1.50,1.00
2015.09.30 14:49:58.456,0.70304,0.70315,1.50,1.00
2015.09.30 14:49:58.922,0.70306,0.70315,1.00,1.00
2015.09.30 14:49:59.024,0.70306,0.70317,1.37,1.00
2015.09.30 14:49:59.530,0.70308,0.7032,1.87,1.20
2015.09.30 14:49:59.925,0.7031,0.7032,1.00,1.95
2015.09.30 14:50:00.720,0.70309,0.70322,1.00,3.52
2015.09.30 14:50:01.243,0.7031,0.70322,1.00,1.87
2015.09.30 14:50:01.395,0.70307,0.70319,2.62,1.37
2015.09.30 14:50:01.496,0.70307,0.70316,1.00,1.75
2015.09.30 14:50:01.598,0.70303,0.70314,1.57,1.00
2015.09.30 14:50:02.491,0.70304,0.70315,1.00,1.50
2015.09.30 14:50:03.114,0.70303,0.70315,3.00,1.00
2015.09.30 14:50:03.215,0.70304,0.70316,1.00,2.25
2015.09.30 14:50:03.735,0.70303,0.70316,3.00,2.25
2015.09.30 14:50:05.009,0.70304,0.70316,1.12,2.25
2015.09.30 14:50:05.313,0.70306,0.70315,1.00,1.37
2015.09.30 14:50:05.515,0.70306,0.70317,1.00,2.62
2015.09.30 14:50:05.617,0.70308,0.70315,1.00,1.00
2015.09.30 14:50:05.819,0.70307,0.70318,1.87,1.00
2015.09.30 14:50:06.124,0.70308,0.70317,1.00,1.50
2015.09.30 14:50:06.430,0.7031,0.70321,1.50,1.75
2015.09.30 14:50:08.572,0.7031,0.70319,1.00,1.75
2015.09.30 14:50:08.724,0.70307,0.70317,1.10,1.50
2015.09.30 14:50:09.230,0.70307,0.7032,1.12,2.02
2015.09.30 14:50:09.611,0.70306,0.70317,1.50,1.75
2015.09.30 14:50:09.873,0.70304,0.70317,2.70,1.75
2015.09.30 14:50:10.379,0.70304,0.70313,1.10,1.00
2015.09.30 14:50:10.915,0.70303,0.70313,1.00,1.00
2015.09.30 14:50:11.379,0.70305,0.70313,1.00,1.00
2015.09.30 14:50:11.583,0.70305,0.70316,1.00,1.50
2015.09.30 14:50:11.634,0.70306,0.70317,1.00,2.77
2015.09.30 14:50:11.944,0.70307,0.70317,1.00,1.37
2015.09.30 14:50:13.240,0.70307,0.70318,1.00,1.57
2015.09.30 14:50:14.211,0.70307,0.70316,1.00,1.00
2015.09.30 14:50:14.262,0.70304,0.70315,2.32,1.12
2015.09.30 14:50:14.503,0.70303,0.70312,1.37,1.00
2015.09.30 14:50:14.554,0.70302,0.70311,1.50,1.50
2015.09.30 14:50:14.606,0.703,0.70311,1.50,2.25
2015.09.30 14:50:14.657,0.703,0.70309,1.50,1.00
2015.09.30 14:50:14.962,0.70299,0.70309,1.00,1.75
2015.09.30 14:50:15.013,0.70297,0.70309,1.50,1.75
2015.09.30 14:50:15.568,0.70297,0.70308,1.00,2.25
2015.09.30 14:50:16.125,0.70296,0.70308,1.50,2.25
2015.09.30 14:50:17.040,0.70297,0.70308,1.00,2.70
2015.09.30 14:50:17.772,0.70296,0.70308,1.50,2.32
2015.09.30 14:50:17.874,0.70298,0.70308,1.50,2.32
2015.09.30 14:50:18.332,0.703,0.7031,1.00,2.32
2015.09.30 14:50:18.635,0.70299,0.70306,1.00,1.37
2015.09.30 14:50:18.686,0.70297,0.70306,1.00,1.75
2015.09.30 14:50:18.961,0.70295,0.70307,1.00,2.25
2015.09.30 14:50:19.992,0.70293,0.70304,1.57,1.75
2015.09.30 14:50:20.498,0.70294,0.70304,1.00,1.75
2015.09.30 14:50:20.650,0.70292,0.70304,1.50,1.75
2015.09.30 14:50:21.178,0.70291,0.70303,2.62,1.57
2015.09.30 14:50:21.481,0.70291,0.70299,1.50,1.00
2015.09.30 14:50:22.054,0.70289,0.70299,1.50,1.00
2015.09.30 14:50:22.258,0.70289,0.70297,1.50,1.00
2015.09.30 14:50:22.764,0.70289,0.70299,1.00,1.00
2015.09.30 14:50:23.636,0.70287,0.70298,1.50,1.00
2015.09.30 14:50:23.688,0.70287,0.70296,1.37,1.00
2015.09.30 14:50:24.464,0.70288,0.70298,1.00,1.50
2015.09.30 14:50:24.970,0.70288,0.70298,1.00,1.00
2015.09.30 14:50:25.472,0.70289,0.70299,1.00,1.50
2015.09.30 14:50:25.776,0.70293,0.703,1.00,1.00
2015.09.30 14:50:25.978,0.70292,0.70302,1.50,1.00
2015.09.30 14:50:26.257,0.70294,0.70301,1.00,1.00
2015.09.30 14:50:26.358,0.70292,0.70301,1.00,1.00
2015.09.30 14:50:26.821,0.70294,0.70302,1.00,1.12
2015.09.30 14:50:27.186,0.70291,0.70302,1.50,1.12
2015.09.30 14:50:27.693,0.70294,0.70302,1.00,1.12
2015.09.30 14:50:28.933,0.70294,0.70303,1.00,1.50
2015.09.30 14:50:30.210,0.70293,0.70303,1.00,1.50
2015.09.30 14:50:30.749,0.70293,0.70302,1.00,1.00
2015.09.30 14:50:31.749,0.70291,0.70302,1.57,1.00
2015.09.30 14:50:33.555,0.70291,0.70299,1.07,1.00
2015.09.30 14:50:33.707,0.7029,0.703,1.65,1.50
2015.09.30 14:50:35.204,0.7029,0.703,1.12,1.12
2015.09.30 14:50:35.306,0.7029,0.70302,1.12,1.20
2015.09.30 14:50:35.509,0.70293,0.70302,1.00,1.12
2015.09.30 14:50:36.788,0.70293,0.70303,1.12,1.12
2015.09.30 14:50:37.845,0.70293,0.70302,1.12,1.00
2015.09.30 14:50:38.099,0.70293,0.70304,1.50,1.00
2015.09.30 14:50:38.150,0.70295,0.70304,1.00,1.00
2015.09.30 14:50:38.665,0.70294,0.70304,1.00,1.00
2015.09.30 14:50:40.978,0.70294,0.70305,1.00,1.50
2015.09.30 14:50:41.484,0.70294,0.70304,1.00,1.00
2015.09.30 14:50:42.652,0.70294,0.70302,1.00,1.00
2015.09.30 14:50:42.905,0.70291,0.70302,1.95,1.00
2015.09.30 14:50:43.220,0.70289,0.703,3.45,1.00
2015.09.30 14:50:43.372,0.70289,0.703,1.65,1.50
2015.09.30 14:50:43.473,0.70289,0.70298,1.00,1.00
2015.09.30 14:50:43.879,0.70287,0.70296,1.95,1.00
2015.09.30 14:50:44.390,0.70287,0.70297,1.12,1.12
2015.09.30 14:50:49.405,0.70289,0.70299,1.00,1.75
2015.09.30 14:50:50.182,0.70286,0.70299,2.25,3.97
2015.09.30 14:50:50.233,0.70284,0.70292,1.85,1.00
2015.09.30 14:50:50.284,0.70284,0.70292,1.10,1.12
2015.09.30 14:50:50.386,0.70281,0.70291,1.42,1.00
2015.09.30 14:50:50.841,0.7028,0.70291,1.35,1.50
2015.09.30 14:50:50.994,0.70281,0.70291,2.10,1.00
2015.09.30 14:50:51.355,0.70279,0.70289,1.57,1.00
2015.09.30 14:50:51.406,0.70278,0.70287,1.12,1.00
2015.09.30 14:50:51.911,0.70277,0.70284,1.50,1.00
2015.09.30 14:50:52.164,0.70274,0.70284,1.50,1.00
2015.09.30 14:50:52.215,0.70274,0.70284,1.00,1.00
2015.09.30 14:50:52.749,0.70276,0.70287,1.00,1.75
2015.09.30 14:50:53.105,0.70277,0.70283,1.00,1.00
2015.09.30 14:50:53.471,0.70272,0.70283,1.50,1.00
2015.09.30 14:50:53.522,0.70272,0.70284,1.50,1.75
2015.09.30 14:50:54.145,0.70273,0.70284,1.00,1.75
2015.09.30 14:50:54.298,0.70274,0.70283,1.00,1.00
2015.09.30 14:50:54.645,0.70276,0.70286,1.00,1.20
2015.09.30 14:50:55.152,0.70277,0.70289,1.00,2.70
2015.09.30 14:50:55.838,0.70277,0.70289,1.00,1.87
2015.09.30 14:50:56.461,0.70278,0.70289,1.00,1.75
2015.09.30 14:50:57.365,0.70279,0.7029,1.00,1.95
2015.09.30 14:50:58.237,0.70277,0.70288,1.00,1.50
2015.09.30 14:50:58.289,0.70277,0.70288,1.00,1.00
2015.09.30 14:50:58.542,0.70279,0.70289,1.00,1.10
2015.09.30 14:50:58.847,0.70278,0.7029,1.50,1.27
2015.09.30 14:50:59.330,0.70271,0.70283,1.12,1.12
2015.09.30 14:50:59.432,0.7027,0.70283,2.02,1.75
2015.09.30 14:50:59.836,0.70269,0.70278,1.00,1.12
2015.09.30 14:51:00.180,0.70268,0.70278,1.00,1.75
2015.09.30 14:51:00.686,0.70267,0.70278,1.00,2.25
2015.09.30 14:51:01.815,0.70266,0.70277,1.12,1.12
2015.09.30 14:51:02.440,0.70266,0.70277,1.00,1.50
2015.09.30 14:51:07.020,0.70266,0.70277,1.00,1.12
2015.09.30 14:51:07.425,0.70262,0.70274,1.57,1.12
2015.09.30 14:51:07.580,0.70261,0.70272,1.00,1.87
2015.09.30 14:51:07.971,0.70258,0.7027,1.50,1.50
2015.09.30 14:51:08.325,0.70261,0.70271,1.00,1.95
2015.09.30 14:51:08.478,0.70261,0.70273,1.00,1.12
2015.09.30 14:51:08.579,0.70261,0.70272,2.85,1.00
2015.09.30 14:51:09.088,0.70262,0.70274,1.00,3.37
2015.09.30 14:51:10.040,0.70263,0.70274,1.00,2.32
2015.09.30 14:51:10.547,0.70263,0.70275,1.12,1.50
2015.09.30 14:51:11.073,0.70261,0.70274,2.32,2.32
2015.09.30 14:51:11.580,0.7026,0.70273,1.87,1.95
2015.09.30 14:51:11.991,0.7026,0.70273,1.87,2.70
2015.09.30 14:51:12.530,0.7026,0.70272,1.00,1.20
2015.09.30 14:51:12.783,0.70261,0.70272,1.00,1.00
2015.09.30 14:51:13.402,0.70263,0.70273,1.00,1.57
2015.09.30 14:51:13.706,0.70267,0.70278,1.00,3.45
2015.09.30 14:51:13.757,0.70267,0.70278,1.00,1.87
2015.09.30 14:51:14.507,0.70268,0.70279,1.00,1.87
2015.09.30 14:51:15.137,0.70267,0.70278,1.00,1.75
2015.09.30 14:51:15.492,0.70268,0.70279,1.00,1.87
2015.09.30 14:51:16.811,0.70267,0.70278,1.50,1.12
2015.09.30 14:51:17.341,0.70266,0.70279,1.87,1.50
2015.09.30 14:51:17.848,0.70267,0.7028,1.00,2.25
2015.09.30 14:51:18.378,0.70267,0.70279,2.32,1.00
2015.09.30 14:51:18.479,0.70267,0.70281,1.95,3.37
2015.09.30 14:51:19.472,0.70268,0.70279,1.00,1.75
2015.09.30 14:51:19.980,0.70266,0.70279,1.50,1.75
2015.09.30 14:51:21.672,0.70269,0.7028,1.00,1.87
2015.09.30 14:51:22.638,0.7027,0.70281,1.00,2.32
2015.09.30 14:51:22.739,0.7027,0.70281,1.00,2.32
2015.09.30 14:51:22.942,0.70272,0.70283,1.00,2.25
2015.09.30 14:51:23.043,0.70272,0.70282,1.00,1.00
2015.09.30 14:51:23.375,0.70275,0.70285,1.50,1.75
2015.09.30 14:51:23.882,0.70275,0.70286,1.50,1.12
2015.09.30 14:51:25.627,0.70278,0.70287,1.00,1.75
2015.09.30 14:51:25.729,0.70278,0.70288,1.50,1.12
2015.09.30 14:51:25.830,0.7028,0.70291,1.00,2.77
2015.09.30 14:51:26.235,0.70282,0.70291,1.00,1.12
2015.09.30 14:51:26.336,0.70282,0.70293,1.00,1.92
2015.09.30 14:51:26.586,0.70282,0.70291,1.00,1.00
2015.09.30 14:51:26.740,0.70283,0.70295,1.00,2.62
2015.09.30 14:51:26.993,0.70282,0.70293,1.00,1.87
2015.09.30 14:51:27.521,0.70283,0.70293,1.00,1.37
2015.09.30 14:51:27.827,0.70283,0.70293,1.00,1.12
2015.09.30 14:51:27.930,0.70284,0.70296,1.00,1.47
2015.09.30 14:51:27.982,0.70284,0.70297,1.00,3.07
2015.09.30 14:51:28.185,0.70286,0.70297,1.00,1.20
2015.09.30 14:51:28.504,0.70287,0.703,1.00,2.32
2015.09.30 14:51:29.280,0.70287,0.703,1.00,1.95
2015.09.30 14:51:31.303,0.70287,0.70298,1.00,1.00
2015.09.30 14:51:32.191,0.70287,0.703,1.00,1.47
2015.09.30 14:51:32.702,0.70287,0.703,1.00,1.10
2015.09.30 14:51:32.912,0.70287,0.70298,1.00,1.00
2015.09.30 14:51:33.280,0.70285,0.70296,1.10,1.00
2015.09.30 14:51:33.626,0.70285,0.70298,1.10,1.00
2015.09.30 14:51:34.204,0.70284,0.70297,2.40,1.00
2015.09.30 14:51:34.255,0.70284,0.70295,1.17,1.00
2015.09.30 14:51:34.611,0.70282,0.70293,1.37,1.00
2015.09.30 14:51:34.662,0.7028,0.70293,1.10,1.00
2015.09.30 14:51:34.713,0.7028,0.70291,1.57,1.00
2015.09.30 14:51:34.916,0.7028,0.70293,1.00,1.00
2015.09.30 14:51:35.285,0.7028,0.7029,1.00,1.00
2015.09.30 14:51:35.834,0.70279,0.7029,1.50,1.00
2015.09.30 14:51:36.365,0.7028,0.70291,1.50,1.00
2015.09.30 14:51:36.849,0.70278,0.70289,1.87,1.00
2015.09.30 14:51:37.051,0.70276,0.70287,1.20,1.50
2015.09.30 14:51:38.272,0.70273,0.70286,2.92,1.12
2015.09.30 14:51:39.771,0.70273,0.70285,2.92,1.00
2015.09.30 14:51:40.292,0.70273,0.70285,1.47,1.37
2015.09.30 14:51:43.301,0.70274,0.70285,1.50,1.00
2015.09.30 14:51:45.256,0.70275,0.70286,1.00,2.25
2015.09.30 14:51:45.357,0.70274,0.70284,1.00,1.00
2015.09.30 14:51:45.882,0.70273,0.70284,1.10,2.25
2015.09.30 14:51:48.767,0.70272,0.70283,2.17,1.00
2015.09.30 14:51:49.574,0.70272,0.70284,1.42,1.00
2015.09.30 14:51:50.701,0.70272,0.70284,2.85,1.00
2015.09.30 14:51:51.025,0.70274,0.70285,1.12,1.00
2015.09.30 14:51:51.480,0.70274,0.70285,1.00,1.50
2015.09.30 14:51:51.766,0.70275,0.70286,1.12,1.50
2015.09.30 14:51:53.051,0.70273,0.70284,1.75,1.00
2015.09.30 14:51:53.708,0.70273,0.70285,1.75,1.12
2015.09.30 14:51:54.862,0.70272,0.70285,2.25,1.87
2015.09.30 14:51:55.174,0.70272,0.70285,1.87,2.25
2015.09.30 14:51:55.480,0.70271,0.70282,1.12,1.37
2015.09.30 14:51:55.785,0.7027,0.70281,1.00,2.25
2015.09.30 14:51:56.751,0.70271,0.70281,1.50,1.50
2015.09.30 14:51:56.954,0.70269,0.70281,1.12,1.50
2015.09.30 14:51:58.205,0.70271,0.70281,2.10,2.25
2015.09.30 14:51:58.628,0.70272,0.70283,2.10,1.57
2015.09.30 14:51:58.882,0.70274,0.70285,1.50,1.50
2015.09.30 14:51:59.401,0.70274,0.70286,2.25,1.10
2015.09.30 14:52:00.590,0.70274,0.70285,1.50,1.00
2015.09.30 14:52:00.691,0.70274,0.70285,1.00,1.12
2015.09.30 14:52:02.099,0.70274,0.70285,1.37,1.00
2015.09.30 14:52:02.672,0.70275,0.70286,1.37,1.12
2015.09.30 14:52:04.422,0.70275,0.70286,1.00,1.00
2015.09.30 14:52:04.954,0.70275,0.70287,1.50,1.00
2015.09.30 14:52:06.996,0.70276,0.70287,1.00,2.25
2015.09.30 14:52:08.047,0.70278,0.7029,1.12,1.50
2015.09.30 14:52:08.250,0.7028,0.70292,1.00,3.37
2015.09.30 14:52:08.757,0.70281,0.70291,1.37,1.12
2015.09.30 14:52:09.034,0.70286,0.70297,1.00,1.87
2015.09.30 14:52:09.805,0.70285,0.70297,1.50,1.00
2015.09.30 14:52:09.855,0.70285,0.70294,1.00,1.00
2015.09.30 14:52:10.183,0.70282,0.70292,1.00,1.87
2015.09.30 14:52:10.705,0.70281,0.70291,1.00,1.00
2015.09.30 14:52:11.221,0.70282,0.70292,1.00,1.50
2015.09.30 14:52:11.810,0.70281,0.70292,1.50,1.50
2015.09.30 14:52:12.506,0.70283,0.70292,1.00,1.00
2015.09.30 14:52:12.913,0.70284,0.70294,1.00,1.12
2015.09.30 14:52:15.859,0.70284,0.70296,1.00,1.50
2015.09.30 14:52:16.365,0.70284,0.70296,2.25,1.50
2015.09.30 14:52:16.517,0.70285,0.70298,1.37,2.25
2015.09.30 14:52:17.645,0.70285,0.70297,1.12,2.25
2015.09.30 14:52:19.402,0.70284,0.70295,1.00,1.00
2015.09.30 14:52:19.806,0.70286,0.70297,1.00,1.50
2015.09.30 14:52:19.857,0.70286,0.70297,1.00,1.50
2015.09.30 14:52:20.582,0.70287,0.70297,1.00,1.00
2015.09.30 14:52:21.990,0.70287,0.70298,1.00,1.50
2015.09.30 14:52:22.344,0.70289,0.70298,1.00,1.00
2015.09.30 14:52:22.496,0.70289,0.70302,1.00,1.50
2015.09.30 14:52:22.597,0.70291,0.70302,1.00,1.50
2015.09.30 14:52:22.866,0.70293,0.70305,1.37,1.37
2015.09.30 14:52:24.639,0.70296,0.70307,1.00,3.00
2015.09.30 14:52:24.957,0.70299,0.70307,1.00,2.62
2015.09.30 14:52:25.016,0.70299,0.70311,1.00,2.62
2015.09.30 14:52:25.523,0.70298,0.70309,1.00,2.25
2015.09.30 14:52:26.144,0.70296,0.70308,1.00,1.50
2015.09.30 14:52:26.195,0.70293,0.70304,1.57,1.00
2015.09.30 14:52:26.347,0.70293,0.70304,1.12,1.87
2015.09.30 14:52:26.704,0.70289,0.70302,2.25,1.87
2015.09.30 14:52:26.806,0.70288,0.70301,2.25,1.37
2015.09.30 14:52:27.222,0.70287,0.70298,1.12,1.87
2015.09.30 14:52:27.731,0.70286,0.70297,1.12,1.87
2015.09.30 14:52:29.949,0.70286,0.70297,1.00,1.87
2015.09.30 14:52:31.281,0.70284,0.70297,1.50,2.25
2015.09.30 14:52:34.925,0.70285,0.70298,2.25,1.37
2015.09.30 14:52:34.976,0.70288,0.70299,1.12,1.87
2015.09.30 14:52:35.179,0.70289,0.703,1.00,1.50
2015.09.30 14:52:35.432,0.70292,0.703,1.00,1.00
2015.09.30 14:52:35.584,0.70291,0.70304,2.10,1.50
2015.09.30 14:52:35.964,0.7029,0.70303,1.20,2.25
2015.09.30 14:52:36.270,0.70288,0.70299,1.12,1.37
2015.09.30 14:52:36.993,0.70289,0.70299,1.00,1.37
2015.09.30 14:52:37.502,0.70289,0.70299,1.00,1.00
2015.09.30 14:52:38.227,0.70289,0.703,1.00,1.00
2015.09.30 14:52:39.278,0.70289,0.70299,1.00,1.00
2015.09.30 14:52:39.735,0.70292,0.70299,1.00,1.00
2015.09.30 14:52:39.888,0.70294,0.70306,1.00,1.50
2015.09.30 14:52:39.989,0.70296,0.70307,1.00,4.12
2015.09.30 14:52:40.091,0.70296,0.70307,1.00,1.50
2015.09.30 14:52:41.603,0.70297,0.70308,1.00,1.50
2015.09.30 14:52:41.654,0.70295,0.70309,1.12,4.12
2015.09.30 14:52:42.185,0.70296,0.70309,1.00,4.12
2015.09.30 14:52:43.168,0.70297,0.70309,1.00,2.62
2015.09.30 14:52:43.270,0.70299,0.7031,1.00,3.00
2015.09.30 14:52:43.473,0.70302,0.70312,1.00,1.12
2015.09.30 14:52:43.896,0.70304,0.70316,1.50,1.00
2015.09.30 14:52:44.404,0.70304,0.70315,1.00,1.00
2015.09.30 14:52:45.397,0.70304,0.70314,1.00,1.00
2015.09.30 14:52:46.105,0.70301,0.70312,1.00,1.75
2015.09.30 14:52:46.156,0.70299,0.70312,1.72,3.00
2015.09.30 14:52:46.663,0.70297,0.70309,1.00,1.50
2015.09.30 14:52:47.192,0.70296,0.70307,1.00,1.00
2015.09.30 14:52:47.547,0.70298,0.70307,1.00,1.00
2015.09.30 14:52:48.673,0.70297,0.70307,1.00,1.00
2015.09.30 14:52:48.926,0.70295,0.70307,1.00,1.50
2015.09.30 14:52:48.977,0.70294,0.70306,1.12,1.12
2015.09.30 14:52:49.334,0.70291,0.70304,1.12,1.75
2015.09.30 14:52:49.486,0.70289,0.70302,2.47,1.50
2015.09.30 14:52:49.689,0.70291,0.70301,1.00,1.50
2015.09.30 14:52:49.993,0.70295,0.70305,1.00,1.50
2015.09.30 14:52:50.314,0.70294,0.70306,1.50,1.00
2015.09.30 14:52:50.821,0.70294,0.70305,1.50,1.00
2015.09.30 14:52:52.505,0.70294,0.70306,1.00,1.50
2015.09.30 14:52:52.657,0.70294,0.70304,1.00,1.00
2015.09.30 14:52:52.860,0.70288,0.703,1.12,1.12
2015.09.30 14:52:53.506,0.70288,0.703,1.50,2.25
2015.09.30 14:52:54.678,0.70289,0.703,1.00,1.50
2015.09.30 14:52:56.156,0.7029,0.703,1.00,1.50
2015.09.30 14:52:56.308,0.70291,0.70302,1.60,1.87
2015.09.30 14:52:56.359,0.70293,0.70302,1.35,1.37
2015.09.30 14:52:56.461,0.70293,0.70305,1.35,1.95
2015.09.30 14:52:57.012,0.70293,0.70304,1.00,1.00
2015.09.30 14:52:57.670,0.70294,0.70304,1.00,1.00
2015.09.30 14:52:58.200,0.70295,0.70307,1.12,1.75
2015.09.30 14:53:00.523,0.70295,0.70304,1.12,1.00
2015.09.30 14:53:00.676,0.70292,0.70304,2.70,1.50
2015.09.30 14:53:01.181,0.70292,0.70303,1.50,1.00
2015.09.30 14:53:01.747,0.70291,0.70302,1.00,1.12
2015.09.30 14:53:02.418,0.70292,0.70301,1.00,1.00
2015.09.30 14:53:02.671,0.7029,0.70301,1.87,1.50
2015.09.30 14:53:02.946,0.7029,0.70301,1.50,2.25
2015.09.30 14:53:04.471,0.7029,0.703,1.00,2.25
2015.09.30 14:53:04.876,0.70285,0.70297,2.25,1.00
2015.09.30 14:53:05.181,0.70284,0.70297,1.12,3.37
2015.09.30 14:53:05.233,0.70284,0.70297,1.12,3.37
2015.09.30 14:53:06.883,0.70285,0.70295,1.00,1.37
2015.09.30 14:53:06.934,0.70285,0.70296,1.37,1.00
2015.09.30 14:53:07.439,0.70288,0.70299,1.00,4.12
2015.09.30 14:53:07.591,0.70289,0.70299,1.00,1.00
2015.09.30 14:53:07.927,0.70293,0.70303,1.00,1.37
2015.09.30 14:53:07.979,0.70293,0.70305,1.50,1.87
2015.09.30 14:53:08.232,0.70295,0.70305,1.00,1.87
2015.09.30 14:53:08.638,0.70297,0.70305,1.00,1.50
2015.09.30 14:53:08.790,0.70297,0.7031,1.12,4.12
2015.09.30 14:53:09.111,0.70301,0.70311,1.00,1.75
2015.09.30 14:53:09.314,0.70301,0.70311,1.12,1.12
2015.09.30 14:53:09.415,0.70303,0.70311,1.00,1.12
2015.09.30 14:53:09.568,0.70303,0.70315,1.50,1.50
2015.09.30 14:53:09.619,0.70305,0.70315,1.12,1.50
2015.09.30 14:53:10.147,0.70305,0.70316,1.12,1.87
2015.09.30 14:53:10.806,0.70305,0.70317,1.50,2.25
2015.09.30 14:53:11.874,0.70305,0.70316,1.00,1.00
2015.09.30 14:53:12.177,0.70302,0.70313,1.00,1.50
2015.09.30 14:53:12.523,0.70308,0.70317,1.00,1.50
2015.09.30 14:53:12.625,0.70304,0.70316,1.50,1.12
2015.09.30 14:53:12.676,0.70304,0.70315,1.50,1.50
2015.09.30 14:53:12.727,0.703,0.70314,4.50,1.50
2015.09.30 14:53:12.778,0.703,0.70313,2.55,2.25
2015.09.30 14:53:13.284,0.703,0.70312,1.00,2.25
2015.09.30 14:53:13.810,0.70298,0.70311,2.25,1.95
2015.09.30 14:53:14.754,0.70298,0.7031,2.85,1.00
2015.09.30 14:53:15.512,0.70298,0.70309,2.85,1.00
2015.09.30 14:53:16.404,0.70298,0.7031,2.25,1.00
2015.09.30 14:53:17.110,0.703,0.70311,1.00,1.12
2015.09.30 14:53:17.364,0.70302,0.70311,1.00,1.12
2015.09.30 14:53:17.819,0.703,0.70311,1.35,1.12
2015.09.30 14:53:18.124,0.70299,0.7031,1.20,1.50
2015.09.30 14:53:20.797,0.70298,0.70309,2.47,1.87
2015.09.30 14:53:22.008,0.703,0.7031,1.00,1.50
2015.09.30 14:53:22.109,0.70298,0.7031,2.47,1.50
2015.09.30 14:53:22.464,0.703,0.7031,1.00,2.25
2015.09.30 14:53:22.667,0.703,0.70312,1.50,1.87
2015.09.30 14:53:23.192,0.70301,0.70313,1.00,1.75
2015.09.30 14:53:23.801,0.70305,0.70313,1.00,1.75
2015.09.30 14:53:24.004,0.70307,0.70316,1.60,1.00
2015.09.30 14:53:24.285,0.70304,0.70315,1.10,1.50
2015.09.30 14:53:24.487,0.70305,0.70315,1.12,1.50
2015.09.30 14:53:24.993,0.70305,0.70316,1.12,1.00
2015.09.30 14:53:27.354,0.70306,0.70317,1.00,1.50
2015.09.30 14:53:27.999,0.70305,0.70318,1.00,3.75
2015.09.30 14:53:28.151,0.70307,0.70318,1.00,3.00
2015.09.30 14:53:28.353,0.70306,0.70318,1.75,1.12
2015.09.30 14:53:30.290,0.70306,0.70318,1.00,2.62
2015.09.30 14:53:30.796,0.70306,0.70317,1.00,2.25
2015.09.30 14:53:31.323,0.70306,0.70316,1.00,1.00
2015.09.30 14:53:32.357,0.70304,0.70316,1.75,1.87
2015.09.30 14:53:32.408,0.70303,0.70315,1.20,1.50
2015.09.30 14:53:32.762,0.70303,0.70313,1.00,1.00
2015.09.30 14:53:34.669,0.70303,0.70314,1.00,1.00
2015.09.30 14:53:34.977,0.70303,0.70312,1.00,1.00
2015.09.30 14:53:35.028,0.703,0.70312,1.57,1.00
2015.09.30 14:53:35.129,0.70299,0.70311,2.25,1.00
2015.09.30 14:53:35.180,0.70299,0.70309,1.50,1.00
2015.09.30 14:53:35.710,0.70298,0.70308,1.00,1.00
2015.09.30 14:53:36.217,0.70298,0.70309,1.50,2.25
2015.09.30 14:53:36.731,0.70298,0.70309,1.12,1.37
2015.09.30 14:53:37.339,0.70296,0.70308,1.50,1.50
2015.09.30 14:53:37.712,0.70295,0.70305,1.12,1.00
2015.09.30 14:53:38.218,0.70295,0.70306,1.00,1.12
2015.09.30 14:53:38.822,0.70294,0.70306,1.12,1.12
2015.09.30 14:53:39.962,0.70293,0.70305,1.50,1.00
2015.09.30 14:53:40.842,0.70292,0.70306,2.25,2.62
2015.09.30 14:53:41.373,0.70292,0.70305,2.25,1.00
2015.09.30 14:53:42.133,0.70293,0.70306,1.50,2.62
2015.09.30 14:53:42.537,0.70293,0.70303,1.50,1.00
2015.09.30 14:53:42.853,0.70293,0.70304,1.12,1.87
2015.09.30 14:53:42.904,0.70293,0.70304,1.12,1.00
2015.09.30 14:53:43.411,0.70293,0.70305,1.50,1.50
2015.09.30 14:53:44.185,0.70295,0.70305,1.00,1.50
2015.09.30 14:53:45.798,0.70294,0.70307,1.12,1.75
2015.09.30 14:53:45.900,0.70294,0.70306,1.50,1.00
2015.09.30 14:53:46.405,0.70295,0.70306,1.00,1.00
2015.09.30 14:53:48.107,0.70296,0.70306,1.00,1.00
2015.09.30 14:53:49.221,0.70297,0.70308,1.00,1.50
2015.09.30 14:53:49.524,0.70297,0.70309,1.50,1.50
2015.09.30 14:53:53.353,0.70296,0.70307,1.37,1.12
2015.09.30 14:53:57.563,0.70297,0.70309,1.12,1.12
2015.09.30 14:53:58.079,0.70298,0.7031,1.00,1.50
2015.09.30 14:53:58.638,0.70298,0.7031,1.50,1.50
2015.09.30 14:53:59.519,0.70298,0.7031,1.12,2.25
2015.09.30 14:54:00.135,0.70297,0.7031,1.50,3.00
2015.09.30 14:54:00.642,0.70299,0.7031,1.00,3.75
2015.09.30 14:54:01.847,0.70299,0.70311,1.00,1.50
2015.09.30 14:54:04.846,0.70297,0.70308,1.50,1.00
2015.09.30 14:54:05.200,0.70295,0.70304,1.10,1.00
2015.09.30 14:54:05.624,0.7029,0.70301,1.10,1.50
2015.09.30 14:54:05.776,0.70288,0.703,1.00,1.50
2015.09.30 14:54:06.827,0.70289,0.703,1.00,1.50
2015.09.30 14:54:07.332,0.70288,0.70299,1.35,1.12
2015.09.30 14:54:08.870,0.70287,0.70299,2.47,1.12
2015.09.30 14:54:09.387,0.70287,0.70299,2.47,1.12
2015.09.30 14:54:10.094,0.70287,0.70299,1.87,1.12
2015.09.30 14:54:10.614,0.70287,0.70298,2.10,1.00
2015.09.30 14:54:12.806,0.70288,0.70298,1.00,1.00
2015.09.30 14:54:15.428,0.70287,0.70298,1.35,1.50
2015.09.30 14:54:16.034,0.70285,0.70296,1.37,1.95
2015.09.30 14:54:16.086,0.70283,0.70294,1.12,1.50
2015.09.30 14:54:16.288,0.70281,0.70294,1.12,2.25
2015.09.30 14:54:16.592,0.70283,0.70291,1.00,1.12
2015.09.30 14:54:16.795,0.70282,0.70296,2.25,3.52
2015.09.30 14:54:16.846,0.70284,0.70296,1.00,3.52
2015.09.30 14:54:17.362,0.70284,0.70294,1.00,1.00
2015.09.30 14:54:21.736,0.70283,0.70295,1.50,1.00
2015.09.30 14:54:22.190,0.70284,0.70296,1.87,1.37
2015.09.30 14:54:22.874,0.70286,0.70298,1.00,2.32
2015.09.30 14:54:23.026,0.70286,0.70299,1.12,2.62
2015.09.30 14:54:23.531,0.70286,0.70299,1.12,2.32
2015.09.30 14:54:23.849,0.70288,0.70299,1.00,1.00
2015.09.30 14:54:24.368,0.70287,0.703,1.87,3.07
2015.09.30 14:54:24.672,0.70289,0.703,1.00,1.95
2015.09.30 14:54:25.202,0.70289,0.703,1.00,1.12
2015.09.30 14:54:25.507,0.70291,0.70303,1.00,2.25
2015.09.30 14:54:25.810,0.70293,0.70303,1.00,1.00
2015.09.30 14:54:26.125,0.70289,0.70302,1.50,3.37
2015.09.30 14:54:26.630,0.70288,0.703,1.95,1.12
2015.09.30 14:54:29.191,0.70289,0.703,1.00,1.12
2015.09.30 14:54:30.588,0.70288,0.703,1.87,1.12
2015.09.30 14:54:30.740,0.70288,0.70298,1.12,1.00
2015.09.30 14:54:33.894,0.70289,0.70298,1.00,1.00
2015.09.30 14:54:33.946,0.70289,0.703,1.37,1.65
2015.09.30 14:54:34.352,0.70289,0.70298,1.00,1.00
2015.09.30 14:54:34.842,0.70287,0.70298,1.12,1.00
2015.09.30 14:54:35.714,0.70286,0.70297,1.50,1.00
2015.09.30 14:54:36.020,0.70284,0.70292,1.00,1.00
2015.09.30 14:54:36.071,0.70281,0.70292,1.50,1.00
2015.09.30 14:54:36.174,0.70279,0.70293,2.25,2.62
2015.09.30 14:54:36.276,0.70279,0.70292,1.12,3.07
2015.09.30 14:54:36.905,0.70282,0.7029,1.12,1.47
2015.09.30 14:54:36.956,0.70283,0.70293,1.37,1.00
2015.09.30 14:54:37.468,0.70283,0.70296,1.37,2.02
2015.09.30 14:54:38.379,0.70285,0.70296,1.00,1.57
2015.09.30 14:54:38.785,0.70286,0.70296,1.12,1.12
2015.09.30 14:54:39.094,0.70286,0.70299,1.12,3.52
2015.09.30 14:54:39.398,0.70288,0.70299,1.00,2.70
2015.09.30 14:54:39.904,0.70288,0.70299,1.00,2.32
2015.09.30 14:54:40.846,0.70287,0.70299,1.87,1.12
2015.09.30 14:54:42.427,0.70288,0.703,1.00,1.65
2015.09.30 14:54:42.996,0.70287,0.703,1.87,1.65
2015.09.30 14:54:43.512,0.70288,0.70299,1.00,1.12
2015.09.30 14:54:47.050,0.70288,0.70299,1.00,2.62
2015.09.30 14:54:47.101,0.70285,0.70297,3.00,1.00
2015.09.30 14:54:48.315,0.70285,0.70295,1.00,1.00
2015.09.30 14:54:48.619,0.7028,0.70293,1.87,1.50
2015.09.30 14:54:49.042,0.7028,0.70291,1.00,1.50
2015.09.30 14:54:49.578,0.70279,0.70291,1.87,1.75
2015.09.30 14:54:51.415,0.70278,0.70291,1.50,3.07
2015.09.30 14:54:52.144,0.70279,0.7029,1.50,2.32
2015.09.30 14:54:52.694,0.70279,0.7029,2.62,1.00
2015.09.30 14:54:54.405,0.70279,0.70292,3.22,3.45
2015.09.30 14:54:56.027,0.70283,0.70292,1.00,1.57
2015.09.30 14:54:56.231,0.70285,0.70294,1.00,1.00
2015.09.30 14:54:56.283,0.70285,0.70298,1.00,3.45
2015.09.30 14:54:56.789,0.70285,0.70298,1.37,3.15
2015.09.30 14:55:00.904,0.70283,0.70296,1.87,2.32
2015.09.30 14:55:01.309,0.70282,0.70295,1.12,3.00
2015.09.30 14:55:01.512,0.7028,0.70291,1.00,1.00
2015.09.30 14:55:01.964,0.70278,0.7029,2.25,1.50
2015.09.30 14:55:02.853,0.70279,0.7029,1.00,1.50
2015.09.30 14:55:03.524,0.70279,0.70291,1.72,1.47
2015.09.30 14:55:04.037,0.70279,0.70291,1.50,1.10
2015.09.30 14:55:04.554,0.70282,0.70291,1.00,1.57
2015.09.30 14:55:05.064,0.70282,0.70291,1.00,2.32
2015.09.30 14:55:05.864,0.7028,0.70291,1.00,2.32
2015.09.30 14:55:06.369,0.7028,0.70292,1.50,1.45
2015.09.30 14:55:07.071,0.70282,0.70292,1.00,1.45
2015.09.30 14:55:08.848,0.70282,0.7029,1.00,1.00
2015.09.30 14:55:09.355,0.70282,0.7029,1.00,2.32
2015.09.30 14:55:09.406,0.7028,0.7029,1.00,1.57
2015.09.30 14:55:09.952,0.7028,0.70291,1.00,1.95
2015.09.30 14:55:11.610,0.70281,0.70291,1.00,1.20
2015.09.30 14:55:12.872,0.7028,0.70291,1.50,1.20
2015.09.30 14:55:18.631,0.7028,0.70291,1.12,1.47
2015.09.30 14:55:19.174,0.70279,0.7029,1.00,3.07
2015.09.30 14:55:20.043,0.70276,0.70288,1.50,1.00
2015.09.30 14:55:20.306,0.70276,0.70285,1.12,1.47
2015.09.30 14:55:20.364,0.70271,0.70284,2.25,2.62
2015.09.30 14:55:20.415,0.70271,0.70284,2.62,3.00
2015.09.30 14:55:20.718,0.70274,0.70285,1.00,3.07
2015.09.30 14:55:21.021,0.70277,0.70288,1.00,1.27
2015.09.30 14:55:21.536,0.70277,0.70288,1.00,1.12
2015.09.30 14:55:22.514,0.70286,0.70292,1.00,1.82
2015.09.30 14:55:22.565,0.70286,0.70296,1.00,1.82
2015.09.30 14:55:22.616,0.70285,0.70297,1.00,1.95
2015.09.30 14:55:23.021,0.70288,0.70296,1.00,1.57
2015.09.30 14:55:23.453,0.70289,0.703,1.50,1.45
2015.09.30 14:55:23.962,0.7029,0.70301,1.00,1.20
2015.09.30 14:55:24.612,0.7029,0.703,1.00,1.10
2015.09.30 14:55:25.321,0.70291,0.70302,1.00,1.95
2015.09.30 14:55:26.078,0.7029,0.70302,1.00,1.95
2015.09.30 14:55:26.611,0.70295,0.70303,1.00,2.32
2015.09.30 14:55:26.763,0.70294,0.70304,1.00,1.07
2015.09.30 14:55:26.815,0.70295,0.70306,1.00,1.95
2015.09.30 14:55:26.917,0.70295,0.70306,1.87,1.00
2015.09.30 14:55:27.121,0.70297,0.70308,1.00,1.50
2015.09.30 14:55:27.635,0.70298,0.7031,1.00,1.87
2015.09.30 14:55:28.039,0.70299,0.70311,1.00,1.50
2015.09.30 14:55:28.576,0.703,0.70312,1.00,2.62
2015.09.30 14:55:29.437,0.70303,0.70312,1.00,1.75
2015.09.30 14:55:29.662,0.70303,0.70312,1.00,1.00
2015.09.30 14:55:29.723,0.70307,0.70317,1.00,2.32
2015.09.30 14:55:29.825,0.70307,0.70318,1.00,1.50
2015.09.30 14:55:31.617,0.70306,0.70317,1.00,1.37
2015.09.30 14:55:31.892,0.70304,0.70316,1.50,1.50
2015.09.30 14:55:33.301,0.70306,0.70314,1.00,1.00
2015.09.30 14:55:33.352,0.70304,0.70314,1.12,1.00
2015.09.30 14:55:33.554,0.70301,0.70314,1.45,3.37
2015.09.30 14:55:33.934,0.70303,0.70314,1.12,1.12
2015.09.30 14:55:34.290,0.70305,0.70315,1.00,1.12
2015.09.30 14:55:34.391,0.70303,0.70315,1.12,1.12
2015.09.30 14:55:34.442,0.70305,0.70315,1.00,1.12
2015.09.30 14:55:35.165,0.70303,0.70315,1.12,1.12
2015.09.30 14:55:35.367,0.70303,0.70313,1.00,1.12
2015.09.30 14:55:35.621,0.70301,0.70314,1.12,1.65
2015.09.30 14:55:36.095,0.703,0.70313,1.87,1.95
2015.09.30 14:55:36.413,0.70302,0.70312,1.00,1.45
2015.09.30 14:55:36.717,0.703,0.70312,1.87,1.45
2015.09.30 14:55:37.153,0.70299,0.7031,1.00,1.47
2015.09.30 14:55:37.620,0.70299,0.7031,1.00,1.45
2015.09.30 14:55:39.929,0.70299,0.70311,1.00,1.87
2015.09.30 14:55:40.438,0.70299,0.70311,1.00,2.32
2015.09.30 14:55:41.601,0.703,0.70311,1.00,3.07
2015.09.30 14:55:41.956,0.703,0.70311,1.00,1.00
2015.09.30 14:55:42.057,0.70303,0.70311,1.00,1.00
2015.09.30 14:55:42.159,0.70303,0.70313,1.00,1.00
2015.09.30 14:55:42.506,0.70305,0.70315,1.00,1.47
2015.09.30 14:55:43.945,0.70304,0.70316,1.12,1.12
2015.09.30 14:55:44.629,0.70305,0.70316,1.12,1.50
2015.09.30 14:55:44.939,0.70305,0.70317,1.50,1.50
2015.09.30 14:55:45.455,0.70304,0.70316,1.50,1.37
2015.09.30 14:55:45.978,0.70304,0.70316,1.50,1.00
2015.09.30 14:55:46.180,0.70304,0.70316,1.50,1.37
2015.09.30 14:55:46.707,0.70303,0.70314,1.75,1.00
2015.09.30 14:55:46.758,0.70303,0.70314,1.12,1.00
2015.09.30 14:55:47.084,0.70301,0.70314,1.12,4.12
2015.09.30 14:55:47.611,0.70301,0.70312,1.12,1.00
2015.09.30 14:55:49.042,0.70301,0.70313,1.12,1.00
2015.09.30 14:55:49.295,0.70303,0.70313,1.00,1.00
2015.09.30 14:55:50.024,0.70302,0.70314,1.00,1.50
2015.09.30 14:55:50.329,0.70302,0.70313,1.00,1.75
2015.09.30 14:55:50.836,0.70301,0.70313,1.12,1.75
2015.09.30 14:55:52.093,0.703,0.7031,1.00,1.00
2015.09.30 14:55:52.601,0.70299,0.7031,1.00,1.00
2015.09.30 14:55:53.172,0.70301,0.7031,1.00,1.00
2015.09.30 14:55:53.274,0.70301,0.70312,1.00,1.12
2015.09.30 14:55:53.779,0.703,0.70313,1.12,4.27
2015.09.30 14:55:54.243,0.70302,0.70313,1.00,1.37
2015.09.30 14:55:54.548,0.70304,0.70315,1.12,1.57
2015.09.30 14:55:54.851,0.70306,0.70317,1.00,3.45
2015.09.30 14:55:55.182,0.70292,0.70302,1.57,1.12
2015.09.30 14:55:55.488,0.70289,0.70301,1.00,1.75
2015.09.30 14:55:56.164,0.70289,0.703,1.50,1.12
2015.09.30 14:55:56.977,0.70289,0.703,1.00,1.95
2015.09.30 14:55:58.471,0.70289,0.70294,1.50,1.12
2015.09.30 14:55:58.676,0.70275,0.70286,1.87,1.72
2015.09.30 14:55:58.778,0.70273,0.70284,1.57,1.00
2015.09.30 14:55:59.415,0.70274,0.70285,1.00,1.00
2015.09.30 14:56:00.649,0.70277,0.70285,1.00,1.00
2015.09.30 14:56:01.003,0.70275,0.70285,1.00,1.00
2015.09.30 14:56:02.645,0.70276,0.70285,1.00,1.00
2015.09.30 14:56:03.136,0.70278,0.70287,1.00,1.50
2015.09.30 14:56:03.187,0.70279,0.70288,1.00,1.12
2015.09.30 14:56:03.339,0.70279,0.7029,1.00,1.20
2015.09.30 14:56:04.005,0.7028,0.70292,1.00,1.50
2015.09.30 14:56:04.057,0.70282,0.70292,1.00,1.00
2015.09.30 14:56:04.412,0.7028,0.70292,1.57,1.50
2015.09.30 14:56:05.041,0.70278,0.70289,1.37,1.00
2015.09.30 14:56:05.194,0.70276,0.70289,1.00,1.12
2015.09.30 14:56:05.752,0.70277,0.70288,1.00,1.50
2015.09.30 14:56:06.711,0.70277,0.70289,1.50,1.50
2015.09.30 14:56:07.065,0.70277,0.7029,1.50,3.00
2015.09.30 14:56:07.384,0.70272,0.70284,3.00,1.00
2015.09.30 14:56:07.435,0.70274,0.70284,1.00,1.00
2015.09.30 14:56:07.537,0.70272,0.70284,2.25,1.00
2015.09.30 14:56:08.321,0.70271,0.70279,1.50,1.00
2015.09.30 14:56:08.527,0.70267,0.70278,1.00,1.12
2015.09.30 14:56:09.033,0.70267,0.7028,1.00,1.87
2015.09.30 14:56:09.612,0.70267,0.7028,1.00,1.00
2015.09.30 14:56:10.126,0.70267,0.70281,1.00,2.70
2015.09.30 14:56:10.395,0.70266,0.70278,1.10,1.35
2015.09.30 14:56:10.706,0.70269,0.7028,1.00,1.50
2015.09.30 14:56:11.226,0.70268,0.70282,1.00,2.62
2015.09.30 14:56:11.731,0.70269,0.70281,1.00,1.37
2015.09.30 14:56:13.742,0.70269,0.70282,1.00,1.12
2015.09.30 14:56:14.019,0.70271,0.70283,1.00,1.00
2015.09.30 14:56:14.547,0.70272,0.70283,1.00,1.00
2015.09.30 14:56:15.169,0.7027,0.70281,1.00,1.00
2015.09.30 14:56:15.574,0.70269,0.70278,1.10,1.00
2015.09.30 14:56:16.091,0.70268,0.70278,1.00,1.00
2015.09.30 14:56:16.464,0.70265,0.70276,1.10,1.00
2015.09.30 14:56:17.215,0.70265,0.70277,1.10,1.00
2015.09.30 14:56:17.738,0.70263,0.70274,1.65,1.50
2015.09.30 14:56:18.042,0.70261,0.70271,1.00,1.00
2015.09.30 14:56:18.722,0.7026,0.70271,1.00,1.50
2015.09.30 14:56:20.277,0.7026,0.7027,1.00,1.00
2015.09.30 14:56:20.378,0.70258,0.7027,1.00,1.00
2015.09.30 14:56:21.499,0.70259,0.7027,1.00,1.50
2015.09.30 14:56:22.369,0.70258,0.7027,1.00,1.00
2015.09.30 14:56:22.471,0.70257,0.70266,1.00,1.00
2015.09.30 14:56:22.725,0.70253,0.70265,1.10,2.10
2015.09.30 14:56:22.776,0.70252,0.70261,1.17,1.00
2015.09.30 14:56:22.979,0.70251,0.70261,1.00,1.00
2015.09.30 14:56:23.480,0.70251,0.70262,1.00,1.10
2015.09.30 14:56:23.989,0.70251,0.70263,1.50,1.00
2015.09.30 14:56:24.642,0.70253,0.70264,1.00,1.00
2015.09.30 14:56:24.946,0.70255,0.70265,1.00,1.00
2015.09.30 14:56:25.474,0.70255,0.70268,1.00,1.20
2015.09.30 14:56:26.480,0.70255,0.70268,1.00,1.57
2015.09.30 14:56:26.632,0.70254,0.70266,1.00,1.00
2015.09.30 14:56:27.138,0.70254,0.70265,1.00,2.10
2015.09.30 14:56:27.447,0.70254,0.70263,1.00,1.00
2015.09.30 14:56:27.599,0.70252,0.70263,1.00,1.00
2015.09.30 14:56:28.230,0.70253,0.70264,1.00,1.87
2015.09.30 14:56:28.745,0.70252,0.70264,1.50,1.12
2015.09.30 14:56:29.167,0.70254,0.70265,1.00,1.50
2015.09.30 14:56:29.319,0.70252,0.70265,1.00,1.12
2015.09.30 14:56:29.825,0.70253,0.70266,1.50,1.37
2015.09.30 14:56:30.147,0.70255,0.70266,1.00,1.12
2015.09.30 14:56:30.350,0.70253,0.70266,1.00,1.12
2015.09.30 14:56:30.879,0.70252,0.70266,1.50,1.12
2015.09.30 14:56:31.184,0.70251,0.70264,1.50,1.00
2015.09.30 14:56:31.701,0.70251,0.70263,1.00,1.00
2015.09.30 14:56:34.570,0.70252,0.70263,1.00,1.00
2015.09.30 14:56:35.845,0.70251,0.70263,1.00,1.00
2015.09.30 14:56:36.537,0.70252,0.70263,1.00,1.00
2015.09.30 14:56:37.100,0.70252,0.70264,1.00,1.20
2015.09.30 14:56:37.615,0.70253,0.70264,1.00,1.20
2015.09.30 14:56:37.936,0.70255,0.70266,1.00,2.02
2015.09.30 14:56:38.441,0.70256,0.70265,1.00,1.00
2015.09.30 14:56:38.706,0.70256,0.70267,1.10,1.00
2015.09.30 14:56:38.959,0.70257,0.70269,1.00,1.00
2015.09.30 14:56:39.111,0.70259,0.70271,1.00,2.70
2015.09.30 14:56:40.212,0.70259,0.70272,1.00,1.57
2015.09.30 14:56:41.228,0.7026,0.70273,1.00,5.02
2015.09.30 14:56:41.733,0.7026,0.70273,1.00,3.45
2015.09.30 14:56:42.280,0.70259,0.70272,1.00,1.12
2015.09.30 14:56:42.745,0.70262,0.70272,1.00,1.00
2015.09.30 14:56:43.018,0.7026,0.70273,1.50,1.00
2015.09.30 14:56:43.524,0.70261,0.70272,1.00,1.00
2015.09.30 14:56:44.119,0.70259,0.70273,1.50,2.25
2015.09.30 14:56:44.272,0.70259,0.70271,1.00,1.00
2015.09.30 14:56:44.424,0.70257,0.7027,1.50,1.00
2015.09.30 14:56:44.940,0.70258,0.70269,1.00,1.10
2015.09.30 14:56:45.780,0.70259,0.7027,1.00,1.20
2015.09.30 14:56:46.285,0.70259,0.70272,1.00,1.20
2015.09.30 14:56:46.800,0.7026,0.70271,1.00,1.10
2015.09.30 14:56:47.394,0.70259,0.70272,1.00,1.95
2015.09.30 14:56:47.787,0.70261,0.70272,1.00,1.87
2015.09.30 14:56:48.010,0.70259,0.70272,1.00,1.12
2015.09.30 14:56:48.314,0.70261,0.70273,1.00,1.57
2015.09.30 14:56:48.759,0.70263,0.70273,1.00,1.12
2015.09.30 14:56:49.268,0.70263,0.70274,1.00,1.10
2015.09.30 14:56:49.787,0.70263,0.70275,1.00,2.47
2015.09.30 14:56:49.838,0.70261,0.70275,1.57,1.87
2015.09.30 14:56:49.889,0.70263,0.70274,1.00,1.12
2015.09.30 14:56:50.295,0.70265,0.70274,1.00,1.12
2015.09.30 14:56:50.559,0.70265,0.70277,1.00,2.02
2015.09.30 14:56:51.226,0.70264,0.70277,1.00,2.62
2015.09.30 14:56:52.359,0.70265,0.70277,1.00,1.20
2015.09.30 14:56:52.633,0.70264,0.70275,1.00,1.87
2015.09.30 14:56:52.685,0.70261,0.70273,1.50,1.00
2015.09.30 14:56:54.394,0.70262,0.70274,1.00,3.15
2015.09.30 14:56:54.929,0.70263,0.70274,1.00,1.20
2015.09.30 14:56:56.849,0.70263,0.70275,1.00,2.25
2015.09.30 14:56:56.951,0.70262,0.70273,1.00,1.00
2015.09.30 14:56:57.103,0.7026,0.70273,1.10,1.00
2015.09.30 14:56:57.609,0.70261,0.70273,1.00,1.20
2015.09.30 14:56:58.312,0.70261,0.70269,1.00,1.00
2015.09.30 14:56:58.363,0.70259,0.70269,1.50,1.00
2015.09.30 14:56:58.887,0.70258,0.70269,1.00,1.00
2015.09.30 14:56:59.397,0.70257,0.7027,1.00,1.12
2015.09.30 14:57:00.180,0.70258,0.7027,1.00,1.00
2015.09.30 14:57:00.282,0.7026,0.70271,1.00,1.87
2015.09.30 14:57:00.435,0.70261,0.70273,1.00,1.87
2015.09.30 14:57:00.855,0.70265,0.70273,1.00,1.00
2015.09.30 14:57:00.906,0.70265,0.70275,1.00,1.00
2015.09.30 14:57:01.626,0.70266,0.70275,1.00,1.00
2015.09.30 14:57:03.408,0.70265,0.70275,1.10,1.00
2015.09.30 14:57:04.209,0.70265,0.70276,1.10,1.00
2015.09.30 14:57:04.716,0.70266,0.70276,1.00,1.00
2015.09.30 14:57:05.864,0.70266,0.70277,1.00,1.00
2015.09.30 14:57:06.858,0.70266,0.70279,1.50,2.62
2015.09.30 14:57:06.909,0.70272,0.70279,1.00,1.12
2015.09.30 14:57:07.010,0.70274,0.70283,1.00,1.55
2015.09.30 14:57:07.061,0.70276,0.70286,1.00,2.25
2015.09.30 14:57:07.290,0.70277,0.70286,1.00,1.00
2015.09.30 14:57:07.341,0.70277,0.70288,1.00,1.00
2015.09.30 14:57:07.493,0.70276,0.7029,2.25,1.95
2015.09.30 14:57:08.207,0.70278,0.7029,1.00,1.20
2015.09.30 14:57:08.713,0.70279,0.70292,1.00,3.82
2015.09.30 14:57:09.139,0.70281,0.70293,1.00,2.32
2015.09.30 14:57:09.291,0.70282,0.70293,1.00,1.00
2015.09.30 14:57:09.392,0.70282,0.70295,1.00,1.72
2015.09.30 14:57:10.179,0.70285,0.70296,1.00,1.00
2015.09.30 14:57:10.332,0.70285,0.70299,1.50,1.95
2015.09.30 14:57:10.849,0.70288,0.70299,1.00,1.87
2015.09.30 14:57:11.167,0.70286,0.703,1.50,1.57
2015.09.30 14:57:11.685,0.70286,0.703,1.50,1.27
2015.09.30 14:57:12.104,0.70288,0.70302,1.00,4.87
2015.09.30 14:57:12.615,0.70288,0.70301,1.00,1.57
2015.09.30 14:57:13.093,0.70287,0.70299,1.00,1.00
2015.09.30 14:57:15.125,0.70287,0.703,1.00,2.70
2015.09.30 14:57:15.749,0.70289,0.703,1.00,2.62
2015.09.30 14:57:16.296,0.70288,0.70301,1.00,2.02
2015.09.30 14:57:18.657,0.70287,0.703,1.00,1.12
2015.09.30 14:57:19.096,0.70287,0.70298,1.00,1.00
2015.09.30 14:57:19.462,0.70288,0.703,1.00,2.02
2015.09.30 14:57:19.826,0.70286,0.703,1.00,2.02
2015.09.30 14:57:20.861,0.70286,0.70299,1.00,1.00
2015.09.30 14:57:20.964,0.70284,0.70296,1.00,1.00
2015.09.30 14:57:21.116,0.7028,0.70294,1.95,1.35
2015.09.30 14:57:21.319,0.7028,0.70292,1.50,1.00
2015.09.30 14:57:21.623,0.70283,0.70293,1.00,1.07
2015.09.30 14:57:21.949,0.70286,0.70295,1.00,1.00
2015.09.30 14:57:22.203,0.70287,0.70298,1.00,2.32
2015.09.30 14:57:23.230,0.70287,0.703,1.50,1.20
2015.09.30 14:57:24.686,0.70286,0.703,1.50,1.20
2015.09.30 14:57:24.838,0.70284,0.70298,1.95,1.00
2015.09.30 14:57:24.940,0.70285,0.70296,1.00,1.17
2015.09.30 14:57:25.262,0.70282,0.70293,1.50,1.00
2015.09.30 14:57:25.415,0.70283,0.70295,1.50,1.12
2015.09.30 14:57:25.567,0.70285,0.70296,1.00,1.20
2015.09.30 14:57:25.871,0.70285,0.70296,1.00,2.32
2015.09.30 14:57:26.406,0.70284,0.70296,1.00,1.07
2015.09.30 14:57:27.026,0.70282,0.70294,1.37,1.37
2015.09.30 14:57:27.078,0.70282,0.70293,1.00,1.00
2015.09.30 14:57:27.230,0.70285,0.70295,1.00,1.50
2015.09.30 14:57:28.001,0.70284,0.70296,1.12,1.12
2015.09.30 14:57:29.015,0.70286,0.70297,1.12,1.47
2015.09.30 14:57:30.375,0.70284,0.70295,1.37,1.12
2015.09.30 14:57:30.476,0.70282,0.70295,1.37,1.50
2015.09.30 14:57:30.873,0.70282,0.70296,1.75,1.50
2015.09.30 14:57:31.420,0.70285,0.70297,1.00,1.00
2015.09.30 14:57:33.711,0.70286,0.70298,1.00,1.57
2015.09.30 14:57:34.245,0.70287,0.70298,1.87,1.37
2015.09.30 14:57:34.944,0.70288,0.70299,1.00,2.25
2015.09.30 14:57:35.461,0.70286,0.70299,1.37,2.25
2015.09.30 14:57:36.419,0.7029,0.70301,1.00,2.77
2015.09.30 14:57:36.672,0.70292,0.70301,1.12,1.00
2015.09.30 14:57:36.824,0.70289,0.703,1.00,1.00
2015.09.30 14:57:36.976,0.70287,0.70298,2.62,1.37
2015.09.30 14:57:37.239,0.70285,0.70297,1.00,1.50
2015.09.30 14:57:37.831,0.70285,0.70297,1.37,1.87
2015.09.30 14:57:39.658,0.70283,0.70296,1.75,1.50
2015.09.30 14:57:40.120,0.70281,0.70293,1.50,1.00
2015.09.30 14:57:40.728,0.7028,0.70294,1.75,3.75
2015.09.30 14:57:41.616,0.70281,0.70292,1.50,1.00
2015.09.30 14:57:42.128,0.70279,0.7029,1.00,1.00
2015.09.30 14:57:42.280,0.70278,0.7029,1.00,1.87
2015.09.30 14:57:42.789,0.70276,0.70287,1.00,1.35
2015.09.30 14:57:43.097,0.70274,0.70286,1.00,2.25
2015.09.30 14:57:43.703,0.70274,0.70285,1.00,1.00
2015.09.30 14:57:45.181,0.70274,0.70284,1.00,1.00
2015.09.30 14:57:45.688,0.70274,0.70286,1.00,1.35
2015.09.30 14:57:46.548,0.70274,0.70286,1.00,1.60
2015.09.30 14:57:47.305,0.70274,0.70286,1.00,1.35
2015.09.30 14:57:47.863,0.70274,0.70286,1.00,1.60
2015.09.30 14:57:48.508,0.70274,0.70286,1.00,2.10
2015.09.30 14:57:49.153,0.70274,0.70285,1.50,1.00
2015.09.30 14:57:49.461,0.70271,0.70281,1.57,1.00
2015.09.30 14:57:49.664,0.70265,0.70276,1.12,1.80
2015.09.30 14:57:50.107,0.70262,0.70271,1.37,1.07
2015.09.30 14:57:50.158,0.70261,0.70271,1.12,1.95
2015.09.30 14:57:50.666,0.70261,0.70271,1.00,4.20
2015.09.30 14:57:51.106,0.70258,0.7027,1.12,1.20
2015.09.30 14:57:52.143,0.70256,0.70268,1.50,1.00
2015.09.30 14:57:52.296,0.70256,0.70268,1.12,1.12
2015.09.30 14:57:52.821,0.70255,0.70267,1.10,1.00
2015.09.30 14:57:53.864,0.70256,0.70267,1.00,1.50
2015.09.30 14:57:54.762,0.70256,0.70267,1.50,1.00
2015.09.30 14:57:55.066,0.70258,0.7027,1.00,1.57
2015.09.30 14:57:55.730,0.70256,0.70269,2.25,1.00
2015.09.30 14:57:55.883,0.70261,0.7027,1.00,1.37
2015.09.30 14:57:56.036,0.70261,0.70275,1.75,1.37
2015.09.30 14:57:56.616,0.7026,0.70272,2.40,1.00
2015.09.30 14:57:57.123,0.70258,0.7027,1.87,1.50
2015.09.30 14:57:57.643,0.70259,0.7027,1.00,1.50
2015.09.30 14:57:57.949,0.70257,0.7027,1.87,1.50
2015.09.30 14:57:58.875,0.70258,0.7027,1.37,1.50
2015.09.30 14:57:59.857,0.70259,0.70269,1.00,1.37
2015.09.30 14:58:00.060,0.70257,0.70269,1.12,2.25
2015.09.30 14:58:00.212,0.70258,0.70271,1.50,1.85
2015.09.30 14:58:00.677,0.70261,0.70271,1.00,1.75
2015.09.30 14:58:00.730,0.70261,0.70271,1.50,1.00
2015.09.30 14:58:01.477,0.7026,0.70271,1.00,1.20
2015.09.30 14:58:02.011,0.70259,0.7027,1.00,1.00
2015.09.30 14:58:02.619,0.70259,0.70269,1.00,1.00
2015.09.30 14:58:03.131,0.70259,0.7027,1.00,1.00
2015.09.30 14:58:03.182,0.70258,0.70271,1.12,3.37
2015.09.30 14:58:03.538,0.70256,0.70265,1.00,1.00
2015.09.30 14:58:04.069,0.70257,0.70269,1.00,3.00
2015.09.30 14:58:04.222,0.70257,0.70268,1.00,1.00
2015.09.30 14:58:04.873,0.70258,0.7027,1.12,1.87
2015.09.30 14:58:05.126,0.70259,0.7027,1.00,1.12
2015.09.30 14:58:05.700,0.70258,0.7027,1.00,1.50
2015.09.30 14:58:06.218,0.70258,0.70271,1.65,2.25
2015.09.30 14:58:06.835,0.70258,0.7027,1.50,1.00
2015.09.30 14:58:07.037,0.70255,0.70265,1.37,1.00
2015.09.30 14:58:07.240,0.70254,0.70265,1.57,1.00
2015.09.30 14:58:07.590,0.70256,0.70266,1.00,1.00
2015.09.30 14:58:07.647,0.70256,0.70268,1.50,1.00
2015.09.30 14:58:08.631,0.70256,0.70269,1.50,1.95
2015.09.30 14:58:10.602,0.70256,0.70266,1.00,1.12
2015.09.30 14:58:10.653,0.70254,0.70265,1.95,1.00
2015.09.30 14:58:10.905,0.70256,0.70267,1.00,2.25
2015.09.30 14:58:11.574,0.70256,0.70267,1.87,1.37
2015.09.30 14:58:11.879,0.70253,0.70264,1.37,1.12
2015.09.30 14:58:12.606,0.70253,0.70267,1.00,3.37
2015.09.30 14:58:12.913,0.7025,0.70261,1.00,1.00
2015.09.30 14:58:13.431,0.70251,0.70263,1.00,2.62
2015.09.30 14:58:13.837,0.70248,0.70261,1.75,2.25
2015.09.30 14:58:13.939,0.70247,0.7026,1.12,1.50
2015.09.30 14:58:14.362,0.70246,0.70259,1.50,2.32
2015.09.30 14:58:15.241,0.70246,0.70259,1.75,1.20
2015.09.30 14:58:15.648,0.70245,0.70258,1.50,1.75
2015.09.30 14:58:15.902,0.70243,0.70254,1.50,1.12
2015.09.30 14:58:16.124,0.70243,0.70254,1.00,1.50
2015.09.30 14:58:16.377,0.70243,0.70255,1.87,2.25
2015.09.30 14:58:16.428,0.70243,0.70255,1.87,1.87
2015.09.30 14:58:17.066,0.70244,0.70256,1.00,1.50
2015.09.30 14:58:17.220,0.70242,0.70254,1.57,1.12
2015.09.30 14:58:17.321,0.70242,0.70255,1.57,2.25
2015.09.30 14:58:19.378,0.70244,0.70256,1.50,1.57
2015.09.30 14:58:20.068,0.70244,0.70254,1.50,1.00
2015.09.30 14:58:21.461,0.70242,0.70253,1.75,1.00
2015.09.30 14:58:21.757,0.70241,0.70253,1.65,1.50
2015.09.30 14:58:22.215,0.70244,0.70254,1.00,1.00
2015.09.30 14:58:22.772,0.70244,0.70253,1.00,1.87
2015.09.30 14:58:22.924,0.70239,0.70249,1.00,1.50
2015.09.30 14:58:23.127,0.70237,0.70247,1.00,1.00
2015.09.30 14:58:23.757,0.70236,0.70248,1.50,1.50
2015.09.30 14:58:24.063,0.70238,0.70249,1.37,1.20
2015.09.30 14:58:24.690,0.70238,0.70249,1.12,1.10
2015.09.30 14:58:25.199,0.70239,0.70249,1.00,1.00
2015.09.30 14:58:25.678,0.70237,0.70248,1.55,2.47
2015.09.30 14:58:25.730,0.70237,0.70248,1.10,2.10
2015.09.30 14:58:26.034,0.70238,0.7025,1.12,1.20
2015.09.30 14:58:26.575,0.70242,0.70253,1.12,1.75
2015.09.30 14:58:26.631,0.7024,0.70253,1.50,1.87
2015.09.30 14:58:27.189,0.7024,0.70252,1.65,1.00
2015.09.30 14:58:27.511,0.70244,0.70252,1.00,1.00
2015.09.30 14:58:28.017,0.70244,0.70255,1.00,1.75
2015.09.30 14:58:28.638,0.70245,0.70258,1.00,5.25
2015.09.30 14:58:28.943,0.70254,0.7026,1.00,3.00
2015.09.30 14:58:29.045,0.70255,0.70264,1.00,1.50
2015.09.30 14:58:29.300,0.70252,0.70264,1.65,1.50
2015.09.30 14:58:29.350,0.70252,0.70258,1.65,1.00
2015.09.30 14:58:29.452,0.70254,0.70264,1.00,1.50
2015.09.30 14:58:29.705,0.70252,0.70262,1.10,1.00
2015.09.30 14:58:30.251,0.70251,0.70262,1.00,1.50
2015.09.30 14:58:30.555,0.7025,0.70262,1.00,1.75
2015.09.30 14:58:31.181,0.70249,0.70262,1.00,1.75
2015.09.30 14:58:31.486,0.70253,0.70263,1.00,2.02
2015.09.30 14:58:31.538,0.70251,0.70263,1.00,2.02
2015.09.30 14:58:31.640,0.70251,0.70263,1.12,1.27
2015.09.30 14:58:31.742,0.70251,0.70261,1.00,1.00
2015.09.30 14:58:32.238,0.70252,0.70264,1.20,1.00
2015.09.30 14:58:32.440,0.70251,0.70263,1.12,1.37
2015.09.30 14:58:33.075,0.70252,0.70263,1.00,1.50
2015.09.30 14:58:33.531,0.70255,0.70264,1.00,1.27
2015.09.30 14:58:33.733,0.70254,0.70265,1.12,1.50
2015.09.30 14:58:34.052,0.70257,0.70267,1.00,1.57
2015.09.30 14:58:34.154,0.70256,0.70267,1.37,1.12
2015.09.30 14:58:34.559,0.70254,0.70264,1.75,1.00
2015.09.30 14:58:34.661,0.70254,0.70262,1.00,1.00
2015.09.30 14:58:34.712,0.70252,0.70262,1.50,1.00
2015.09.30 14:58:34.981,0.70254,0.70266,1.00,2.02
2015.09.30 14:58:35.134,0.70256,0.70266,1.12,1.12
2015.09.30 14:58:35.965,0.70257,0.70269,1.87,1.65
2015.09.30 14:58:36.172,0.70258,0.70269,1.00,1.65
2015.09.30 14:58:36.678,0.70258,0.70268,1.00,1.50
2015.09.30 14:58:37.105,0.70256,0.70268,1.50,1.00
2015.09.30 14:58:37.611,0.70254,0.70266,2.25,1.00
2015.09.30 14:58:37.923,0.70252,0.70261,1.10,1.00
2015.09.30 14:58:37.980,0.7025,0.70261,1.00,1.00
2015.09.30 14:58:38.843,0.70249,0.70261,1.12,1.50
2015.09.30 14:58:39.299,0.70251,0.70263,1.00,1.92
2015.09.30 14:58:39.553,0.70254,0.70264,1.12,1.00
2015.09.30 14:58:39.838,0.70255,0.70267,1.50,1.95
2015.09.30 14:58:40.394,0.70254,0.70265,2.25,1.00
2015.09.30 14:58:40.701,0.70253,0.70263,1.12,1.12
2015.09.30 14:58:40.754,0.70251,0.70264,1.12,2.32
2015.09.30 14:58:41.261,0.7025,0.70262,1.12,1.50
2015.09.30 14:58:41.641,0.70248,0.7026,1.12,1.12
2015.09.30 14:58:43.003,0.70249,0.70261,1.00,1.57
2015.09.30 14:58:43.155,0.70249,0.70262,1.50,2.32
2015.09.30 14:58:43.727,0.7025,0.70263,1.75,1.57
2015.09.30 14:58:44.033,0.70256,0.70267,1.50,1.20
2015.09.30 14:58:44.669,0.70257,0.70267,1.00,1.20
2015.09.30 14:58:45.226,0.70257,0.70268,1.00,1.95
2015.09.30 14:58:45.764,0.70255,0.70267,1.12,1.12
2015.09.30 14:58:45.866,0.70254,0.70265,1.50,1.00
2015.09.30 14:58:46.372,0.70254,0.70264,1.37,1.00
2015.09.30 14:58:46.857,0.70253,0.70266,1.12,2.77
2015.09.30 14:58:48.137,0.70251,0.70264,3.07,1.00
2015.09.30 14:58:48.188,0.70251,0.70262,2.32,1.00
2015.09.30 14:58:48.340,0.70251,0.70261,1.50,1.00
2015.09.30 14:58:48.710,0.70251,0.70263,2.10,1.10
2015.09.30 14:58:48.761,0.70253,0.70263,1.00,1.00
2015.09.30 14:58:49.064,0.70254,0.70264,1.50,1.10
2015.09.30 14:58:49.560,0.70254,0.70263,1.12,1.65
2015.09.30 14:58:49.612,0.70251,0.70262,1.00,1.57
2015.09.30 14:58:50.121,0.70249,0.70262,1.50,3.15
2015.09.30 14:58:50.905,0.70249,0.70262,1.75,2.77
2015.09.30 14:58:51.437,0.70251,0.70262,1.12,1.00
2015.09.30 14:58:51.945,0.70251,0.70261,1.12,1.12
2015.09.30 14:58:52.280,0.70247,0.70257,2.25,1.00
2015.09.30 14:58:52.432,0.70245,0.70258,1.95,2.10
2015.09.30 14:58:52.635,0.70249,0.70259,1.00,2.02
2015.09.30 14:58:52.787,0.70248,0.70261,1.50,3.00
2015.09.30 14:58:53.257,0.70251,0.70261,1.00,1.20
2015.09.30 14:58:53.562,0.70253,0.70265,1.12,2.62
2015.09.30 14:58:54.155,0.70254,0.70264,1.12,1.27
2015.09.30 14:58:54.665,0.70253,0.70266,2.25,2.32
2015.09.30 14:58:54.981,0.70258,0.70268,1.00,1.65
2015.09.30 14:58:55.033,0.70257,0.7027,1.12,3.45
2015.09.30 14:58:55.134,0.70259,0.70269,1.00,1.12
2015.09.30 14:58:55.811,0.70257,0.7027,1.50,1.95
2015.09.30 14:58:57.146,0.7026,0.7027,1.00,1.20
2015.09.30 14:58:57.718,0.7026,0.70271,1.87,1.12
2015.09.30 14:58:58.073,0.70259,0.7027,1.87,1.37
2015.09.30 14:58:58.590,0.70257,0.70268,1.50,1.50
2015.09.30 14:58:58.641,0.70256,0.70267,1.12,1.37
2015.09.30 14:58:58.946,0.70253,0.70265,1.00,1.50
2015.09.30 14:58:59.855,0.70254,0.70264,1.00,1.87
2015.09.30 14:59:00.322,0.70252,0.70265,1.72,2.25
2015.09.30 14:59:00.378,0.70252,0.70263,1.00,1.50
2015.09.30 14:59:00.682,0.7025,0.7026,1.50,1.00
2015.09.30 14:59:01.197,0.70249,0.7026,1.50,1.00
2015.09.30 14:59:01.705,0.7025,0.70261,1.00,1.37
2015.09.30 14:59:01.757,0.70253,0.70261,1.00,1.37
2015.09.30 14:59:02.085,0.70254,0.70265,1.00,1.87
2015.09.30 14:59:02.137,0.70256,0.70266,1.00,1.07
2015.09.30 14:59:02.644,0.70255,0.70266,1.00,1.00
2015.09.30 14:59:02.953,0.70254,0.70264,1.00,2.62
2015.09.30 14:59:03.005,0.70251,0.70262,1.50,1.50
2015.09.30 14:59:03.310,0.70249,0.70262,1.00,2.70
2015.09.30 14:59:03.464,0.70247,0.70259,2.32,1.12
2015.09.30 14:59:03.566,0.70247,0.70259,1.00,2.62
2015.09.30 14:59:03.898,0.70246,0.70258,1.50,1.00
2015.09.30 14:59:04.051,0.70248,0.70258,1.00,1.50
2015.09.30 14:59:04.708,0.70247,0.70258,1.00,1.00
2015.09.30 14:59:05.219,0.70248,0.7026,1.12,2.32
2015.09.30 14:59:06.618,0.70247,0.70257,1.00,1.00
2015.09.30 14:59:06.821,0.70243,0.70255,1.50,1.50
2015.09.30 14:59:06.974,0.70242,0.70253,1.00,1.75
2015.09.30 14:59:07.126,0.7024,0.70253,1.12,1.85
2015.09.30 14:59:07.228,0.70242,0.70253,1.00,2.02
2015.09.30 14:59:07.599,0.70239,0.70251,1.57,1.50
2015.09.30 14:59:07.852,0.70242,0.70252,1.00,3.52
2015.09.30 14:59:07.903,0.7024,0.70253,1.72,2.02
2015.09.30 14:59:08.422,0.70241,0.70251,1.00,1.50
2015.09.30 14:59:08.575,0.70239,0.70251,1.35,1.50
2015.09.30 14:59:09.508,0.7024,0.70251,1.00,1.50
2015.09.30 14:59:09.711,0.70238,0.7025,1.20,1.87
2015.09.30 14:59:09.864,0.70237,0.70247,2.10,1.00
2015.09.30 14:59:10.414,0.70237,0.70247,1.12,1.00
2015.09.30 14:59:10.869,0.70237,0.70245,1.00,1.00
2015.09.30 14:59:11.304,0.70237,0.70247,1.00,1.00
2015.09.30 14:59:12.199,0.70237,0.70249,1.12,1.50
2015.09.30 14:59:12.454,0.70237,0.70248,1.12,1.37
2015.09.30 14:59:13.421,0.70238,0.70248,1.00,1.37
2015.09.30 14:59:14.113,0.70237,0.70249,1.12,2.25
2015.09.30 14:59:14.619,0.70238,0.70247,1.00,1.37
2015.09.30 14:59:15.170,0.70237,0.70247,1.00,1.37
2015.09.30 14:59:15.726,0.70236,0.70247,1.12,1.37
2015.09.30 14:59:16.566,0.70236,0.70247,2.10,1.00
2015.09.30 14:59:16.871,0.70232,0.70242,1.27,1.00
2015.09.30 14:59:17.220,0.7023,0.7024,1.00,1.37
2015.09.30 14:59:17.727,0.70229,0.70239,1.00,1.37
2015.09.30 14:59:19.471,0.70228,0.70239,1.12,1.75
2015.09.30 14:59:19.573,0.70224,0.70235,2.70,1.50
2015.09.30 14:59:19.826,0.70226,0.70235,1.00,1.00
2015.09.30 14:59:19.877,0.70227,0.70238,1.35,1.57
2015.09.30 14:59:20.454,0.70226,0.70237,1.50,1.00
2015.09.30 14:59:20.960,0.70227,0.70237,1.00,1.00
2015.09.30 14:59:22.691,0.70225,0.70235,1.50,1.00
2015.09.30 14:59:23.098,0.70227,0.70234,1.00,1.00
2015.09.30 14:59:23.645,0.70226,0.70234,1.00,1.00
2015.09.30 14:59:24.105,0.70223,0.70232,1.37,1.12
2015.09.30 14:59:24.436,0.70219,0.7023,1.50,1.12
2015.09.30 14:59:24.589,0.70219,0.7023,1.37,1.75
2015.09.30 14:59:24.792,0.7022,0.70229,2.10,1.00
2015.09.30 14:59:25.306,0.7022,0.7023,1.12,1.10
2015.09.30 14:59:25.509,0.70219,0.7023,1.50,1.20
2015.09.30 14:59:25.815,0.70221,0.7023,1.00,1.37
2015.09.30 14:59:26.163,0.70223,0.70231,1.00,1.85
2015.09.30 14:59:26.265,0.70223,0.70231,1.00,1.10
2015.09.30 14:59:26.469,0.70221,0.70231,1.35,1.50
2015.09.30 14:59:26.983,0.70221,0.70229,1.00,1.00
2015.09.30 14:59:27.338,0.70224,0.70231,1.00,1.65
2015.09.30 14:59:27.594,0.70222,0.70231,1.00,1.00
2015.09.30 14:59:27.879,0.7022,0.7023,1.50,1.00
2015.09.30 14:59:28.385,0.70222,0.7023,1.00,1.12
2015.09.30 14:59:28.803,0.70219,0.7023,1.00,1.50
2015.09.30 14:59:31.123,0.7022,0.7023,1.00,3.15
2015.09.30 14:59:31.666,0.70218,0.70228,1.00,1.12
2015.09.30 14:59:32.587,0.70216,0.70223,1.37,1.00
2015.09.30 14:59:32.639,0.70214,0.70223,1.00,1.00
2015.09.30 14:59:33.146,0.70214,0.70224,1.00,1.00
2015.09.30 14:59:33.575,0.70214,0.70218,1.00,1.00
2015.09.30 14:59:33.677,0.70214,0.70223,1.00,1.00
2015.09.30 14:59:34.184,0.70212,0.70222,1.15,1.00
2015.09.30 14:59:34.235,0.70212,0.7022,1.15,1.00
2015.09.30 14:59:34.655,0.70211,0.70218,1.00,1.00
2015.09.30 14:59:35.060,0.70207,0.70216,2.02,1.00
2015.09.30 14:59:35.212,0.70206,0.70216,1.00,1.00
2015.09.30 14:59:35.492,0.70209,0.70215,1.00,1.00
2015.09.30 14:59:35.745,0.7021,0.70218,1.00,1.00
2015.09.30 14:59:36.396,0.70209,0.70217,1.00,1.00
2015.09.30 14:59:36.457,0.70215,0.7022,1.00,1.00
2015.09.30 14:59:36.559,0.70215,0.70224,1.00,1.00
2015.09.30 14:59:36.660,0.70212,0.70224,1.50,1.00
2015.09.30 14:59:36.813,0.7021,0.70216,1.37,1.00
2015.09.30 14:59:36.864,0.70208,0.70221,1.17,3.97
2015.09.30 14:59:37.067,0.70207,0.70218,1.00,1.12
2015.09.30 14:59:37.118,0.7021,0.70218,1.00,1.12
2015.09.30 14:59:37.368,0.7021,0.7022,1.00,1.20
2015.09.30 14:59:37.874,0.70209,0.70221,1.00,1.95
2015.09.30 14:59:38.755,0.70209,0.70221,1.00,1.65
2015.09.30 14:59:38.806,0.70205,0.70217,2.25,1.00
2015.09.30 14:59:38.857,0.70207,0.70217,1.00,1.00
2015.09.30 14:59:39.421,0.70205,0.70218,1.00,1.35
2015.09.30 14:59:39.686,0.70204,0.70215,1.20,1.00
2015.09.30 14:59:39.737,0.70204,0.70217,1.20,1.35
2015.09.30 14:59:40.041,0.70205,0.70215,1.00,1.00
2015.09.30 14:59:40.314,0.70203,0.70216,1.00,1.00
2015.09.30 14:59:40.366,0.70205,0.70215,1.00,1.00
2015.09.30 14:59:40.417,0.70203,0.70215,1.00,1.00
2015.09.30 14:59:40.620,0.70203,0.70213,1.00,1.00
2015.09.30 14:59:41.265,0.70204,0.70216,1.00,2.02
2015.09.30 14:59:41.795,0.70205,0.70216,1.50,1.10
2015.09.30 14:59:42.245,0.70207,0.70216,1.00,1.00
2015.09.30 14:59:42.753,0.70207,0.70217,1.00,1.10
2015.09.30 14:59:43.275,0.70205,0.70217,1.00,1.10
2015.09.30 14:59:43.782,0.70206,0.70216,1.00,1.10
2015.09.30 14:59:44.557,0.70206,0.70217,1.50,1.00
2015.09.30 14:59:45.204,0.70206,0.70218,1.50,1.00
2015.09.30 14:59:45.305,0.70206,0.70218,4.35,1.00
2015.09.30 14:59:45.457,0.70207,0.7022,1.60,1.20
2015.09.30 14:59:45.711,0.70213,0.70223,1.00,1.95
2015.09.30 14:59:45.762,0.70211,0.70224,1.00,1.87
2015.09.30 14:59:46.102,0.70214,0.70225,1.00,1.57
2015.09.30 14:59:46.475,0.70214,0.70222,1.00,1.00
2015.09.30 14:59:46.729,0.70212,0.70222,1.57,1.00
2015.09.30 14:59:47.064,0.70215,0.70226,1.00,1.95
2015.09.30 14:59:47.165,0.70218,0.70227,1.00,1.10
2015.09.30 14:59:47.469,0.70217,0.70229,1.12,1.12
2015.09.30 14:59:47.519,0.70216,0.70228,1.12,1.72
2015.09.30 14:59:47.849,0.70214,0.70227,1.00,4.20
2015.09.30 14:59:48.105,0.70219,0.70231,1.00,2.02
2015.09.30 14:59:48.410,0.70218,0.70228,1.07,1.37
2015.09.30 14:59:48.707,0.70216,0.70227,1.00,1.00
2015.09.30 14:59:48.761,0.70216,0.70225,1.00,1.37
2015.09.30 14:59:49.267,0.70215,0.70225,1.00,1.87
2015.09.30 14:59:49.714,0.70213,0.70222,1.37,1.00
2015.09.30 14:59:50.019,0.70211,0.70221,1.00,1.50
2015.09.30 14:59:50.605,0.70212,0.70222,1.00,1.00
2015.09.30 14:59:50.860,0.70213,0.70224,1.00,3.52
2015.09.30 14:59:51.527,0.70212,0.70224,1.50,2.70
2015.09.30 14:59:52.234,0.70212,0.70217,1.00,1.00
2015.09.30 14:59:52.461,0.7021,0.70219,1.00,1.00
2015.09.30 14:59:52.871,0.70214,0.70219,1.00,1.00
2015.09.30 14:59:52.923,0.70212,0.70223,1.00,1.95
2015.09.30 14:59:53.269,0.70214,0.70224,1.00,1.95
2015.09.30 14:59:53.472,0.70216,0.70226,1.00,1.95
2015.09.30 14:59:53.826,0.70218,0.70228,1.00,3.45
2015.09.30 14:59:54.125,0.70221,0.70231,1.00,1.57
2015.09.30 14:59:54.227,0.70221,0.70231,1.00,1.10
2015.09.30 14:59:54.329,0.70221,0.7023,1.00,1.50
2015.09.30 14:59:54.531,0.70221,0.7023,1.00,1.12
2015.09.30 14:59:54.909,0.70223,0.70231,1.00,1.50
2015.09.30 14:59:55.450,0.70225,0.70233,1.00,1.07
2015.09.30 14:59:55.552,0.70226,0.70236,1.00,2.25
2015.09.30 14:59:55.877,0.70228,0.70238,1.00,1.50
2015.09.30 14:59:56.804,0.70225,0.70237,2.25,1.12
2015.09.30 14:59:57.376,0.70225,0.70236,1.50,1.12
2015.09.30 14:59:57.993,0.70225,0.70235,1.50,1.00
2015.09.30 14:59:58.506,0.70227,0.70235,1.00,1.12
2015.09.30 14:59:58.810,0.70226,0.70233,1.12,1.00
2015.09.30 14:59:59.142,0.70229,0.70238,1.50,1.00
2015.09.30 14:59:59.668,0.70229,0.70239,1.50,1.87
2015.09.30 14:59:59.965,0.70229,0.70239,1.12,1.12
