2010.07.05 03:00:09.145,0.84371,0.84383,1.30,1.70
2010.07.05 03:00:09.630,0.84372,0.84379,1.60,1.60
2010.07.05 03:00:09.841,0.84371,0.84383,1.40,0.80
2010.07.05 03:00:10.217,0.84372,0.84379,1.70,1.00
2010.07.05 03:00:10.899,0.84371,0.84383,1.60,2.60
2010.07.05 03:00:12.023,0.84373,0.84379,2.10,0.66
2010.07.05 03:00:17.288,0.84375,0.84388,1.30,0.76
2010.07.05 03:00:17.541,0.84377,0.84388,0.89,1.20
2010.07.05 03:00:19.188,0.84376,0.84383,1.50,0.87
2010.07.05 03:00:19.350,0.84372,0.84383,2.40,1.40
2010.07.05 03:00:19.418,0.84377,0.84383,0.56,1.30
2010.07.05 03:00:19.749,0.84376,0.84383,1.50,1.40
2010.07.05 03:00:19.907,0.8437,0.84383,1.60,1.10
2010.07.05 03:00:21.234,0.84372,0.84383,1.70,2.40
2010.07.05 03:00:21.411,0.84371,0.84383,2.10,1.00
2010.07.05 03:00:21.737,0.8437,0.84383,1.20,1.10
2010.07.05 03:00:21.865,0.84368,0.84383,0.79,1.30
2010.07.05 03:00:25.540,0.84367,0.84379,1.20,1.20
2010.07.05 03:00:30.044,0.84366,0.84378,0.78,0.99
2010.07.05 03:00:30.273,0.84363,0.84378,1.10,1.40
2010.07.05 03:00:30.489,0.84362,0.84374,1.80,1.10
2010.07.05 03:00:30.643,0.84361,0.84373,1.40,0.91
2010.07.05 03:00:30.894,0.84358,0.84373,1.80,1.20
2010.07.05 03:00:45.825,0.84362,0.84369,0.76,1.50
2010.07.05 03:00:50.446,0.84365,0.84374,0.84,0.79
2010.07.05 03:00:50.972,0.84367,0.84374,1.60,0.94
2010.07.05 03:00:54.486,0.84366,0.84378,1.10,1.10
2010.07.05 03:00:54.656,0.84365,0.84378,1.30,0.91
2010.07.05 03:01:14.213,0.84367,0.84374,2.10,2.30
2010.07.05 03:01:22.213,0.84368,0.84383,1.10,1.10
2010.07.05 03:01:22.792,0.84372,0.84383,1.40,0.87
2010.07.05 03:01:29.124,0.84368,0.84383,1.60,1.40
2010.07.05 03:01:44.088,0.84371,0.84383,1.60,1.40
2010.07.05 03:01:44.855,0.84377,0.84383,1.20,1.40
2010.07.05 03:01:45.042,0.84382,0.84389,1.60,2.00
2010.07.05 03:01:45.339,0.84381,0.84394,1.30,1.00
2010.07.05 03:01:45.831,0.84385,0.84394,1.20,2.10
2010.07.05 03:01:46.845,0.84392,0.844,1.30,1.40
2010.07.05 03:01:53.630,0.84397,0.84408,0.87,0.87
2010.07.05 03:01:54.336,0.84398,0.84411,1.20,1.80
2010.07.05 03:02:00.110,0.84401,0.84413,1.30,1.30
2010.07.05 03:02:00.535,0.84402,0.84413,0.79,1.60
2010.07.05 03:02:00.867,0.84393,0.84403,0.70,1.00
2010.07.05 03:02:01.278,0.84397,0.84403,1.00,1.60
2010.07.05 03:02:01.595,0.84402,0.84412,0.98,1.30
2010.07.05 03:02:01.690,0.84403,0.84418,0.60,1.20
2010.07.05 03:02:03.078,0.84402,0.84418,1.30,0.81
2010.07.05 03:02:03.321,0.84401,0.84408,0.57,1.10
2010.07.05 03:02:03.740,0.84398,0.84408,1.60,0.61
2010.07.05 03:02:03.860,0.84396,0.84408,1.30,3.20
2010.07.05 03:02:07.279,0.84402,0.84408,1.40,1.30
2010.07.05 03:02:10.074,0.844,0.84413,1.70,1.20
2010.07.05 03:02:11.049,0.84397,0.84413,1.40,0.84
2010.07.05 03:02:16.164,0.84396,0.84408,0.74,1.60
2010.07.05 03:02:16.948,0.84394,0.84408,0.83,1.20
2010.07.05 03:02:19.140,0.84392,0.84408,0.93,2.10
2010.07.05 03:02:19.627,0.84391,0.84403,1.30,1.30
2010.07.05 03:02:21.049,0.84388,0.84403,0.97,0.89
2010.07.05 03:02:21.459,0.84387,0.84398,1.10,1.20
2010.07.05 03:02:21.756,0.84384,0.84398,1.60,1.30
2010.07.05 03:02:35.101,0.84389,0.84398,2.50,1.30
2010.07.05 03:02:35.156,0.84392,0.84398,2.80,0.95
2010.07.05 03:02:35.325,0.84395,0.84407,1.40,1.40
2010.07.05 03:02:35.502,0.84397,0.84408,1.50,1.40
2010.07.05 03:02:35.695,0.84402,0.84408,0.90,0.58
2010.07.05 03:02:35.784,0.84401,0.84415,1.60,1.90
2010.07.05 03:02:35.983,0.84402,0.84415,0.88,0.81
2010.07.05 03:02:36.957,0.84404,0.8442,1.10,1.20
2010.07.05 03:02:41.063,0.84402,0.84413,1.50,0.75
2010.07.05 03:02:41.660,0.84401,0.84408,1.60,0.75
2010.07.05 03:02:41.853,0.84398,0.84408,0.93,1.00
2010.07.05 03:02:42.042,0.844,0.84413,1.40,0.58
2010.07.05 03:02:43.056,0.84398,0.84413,0.90,1.30
2010.07.05 03:02:43.366,0.84396,0.84403,1.70,0.81
2010.07.05 03:02:43.524,0.84393,0.84403,2.00,0.78
2010.07.05 03:02:43.807,0.84391,0.84403,0.92,2.20
2010.07.05 03:02:44.064,0.8439,0.84403,1.20,0.78
2010.07.05 03:02:44.360,0.84387,0.84402,1.40,1.10
2010.07.05 03:02:44.543,0.8439,0.84402,1.60,1.20
2010.07.05 03:02:44.848,0.84392,0.84402,1.50,1.20
2010.07.05 03:02:56.860,0.84393,0.84408,2.60,1.00
2010.07.05 03:03:13.410,0.84397,0.84408,0.40,1.10
2010.07.05 03:03:13.841,0.84398,0.84413,0.56,1.20
2010.07.05 03:03:15.232,0.84401,0.84413,0.96,1.00
2010.07.05 03:03:15.335,0.84407,0.84413,1.60,0.70
2010.07.05 03:03:15.688,0.84406,0.84419,0.98,0.98
2010.07.05 03:03:18.410,0.84412,0.84421,1.80,1.20
2010.07.05 03:03:20.733,0.84413,0.84428,1.50,1.80
2010.07.05 03:03:22.175,0.84412,0.84423,0.76,1.40
2010.07.05 03:03:22.328,0.84411,0.84423,1.40,1.40
2010.07.05 03:03:22.539,0.8441,0.84423,0.83,1.70
2010.07.05 03:03:22.618,0.84408,0.84423,0.92,1.90
2010.07.05 03:03:22.926,0.84407,0.84423,1.40,2.10
2010.07.05 03:03:37.023,0.84416,0.84423,0.71,1.60
2010.07.05 03:03:37.136,0.84426,0.84423,1.60,1.10
2010.07.05 03:03:37.295,0.84437,0.84436,0.77,1.30
2010.07.05 03:03:37.378,0.84426,0.84424,1.50,1.20
2010.07.05 03:03:37.464,0.84431,0.84431,2.20,1.70
2010.07.05 03:03:37.566,0.84437,0.84434,1.00,0.91
2010.07.05 03:03:37.655,0.84438,0.84446,1.30,1.20
2010.07.05 03:03:37.795,0.8444,0.84446,1.10,0.69
2010.07.05 03:03:37.891,0.84447,0.84446,2.40,1.60
2010.07.05 03:03:37.948,0.84452,0.84461,0.91,0.81
2010.07.05 03:03:38.061,0.84456,0.84468,1.90,1.00
2010.07.05 03:03:38.382,0.84461,0.84468,1.00,1.10
2010.07.05 03:03:38.558,0.84462,0.84468,1.90,1.80
2010.07.05 03:03:38.746,0.84461,0.84475,1.40,1.10
2010.07.05 03:03:38.906,0.84462,0.84475,0.72,1.00
2010.07.05 03:03:39.059,0.84465,0.84482,1.50,0.88
2010.07.05 03:03:39.969,0.84472,0.84485,1.80,0.49
2010.07.05 03:03:43.478,0.84471,0.84486,2.40,2.00
2010.07.05 03:03:43.578,0.8447,0.84481,0.76,2.70
2010.07.05 03:03:46.042,0.84467,0.84476,0.93,0.90
2010.07.05 03:03:46.365,0.84465,0.84476,1.10,1.10
2010.07.05 03:03:46.585,0.84462,0.84476,1.30,1.60
2010.07.05 03:03:46.819,0.84459,0.84471,1.10,1.30
2010.07.05 03:03:48.258,0.84456,0.84471,1.10,1.20
2010.07.05 03:03:48.660,0.84455,0.84466,2.50,0.86
2010.07.05 03:03:48.846,0.84454,0.84466,1.80,1.10
2010.07.05 03:03:52.589,0.84444,0.84451,2.10,0.77
2010.07.05 03:03:53.011,0.84442,0.84451,1.10,1.40
2010.07.05 03:03:53.124,0.84438,0.8445,1.50,2.10
2010.07.05 03:03:53.203,0.84436,0.84441,1.30,0.82
2010.07.05 03:03:53.260,0.84435,0.84441,1.30,1.00
2010.07.05 03:03:53.358,0.8443,0.84441,1.10,1.20
2010.07.05 03:03:53.422,0.84427,0.84441,1.20,0.92
2010.07.05 03:03:53.501,0.84426,0.84436,2.50,1.30
2010.07.05 03:03:53.606,0.84424,0.84436,1.10,1.20
2010.07.05 03:03:53.685,0.84423,0.84436,0.70,2.20
2010.07.05 03:03:53.801,0.84421,0.84426,0.93,2.20
2010.07.05 03:03:53.883,0.84418,0.84426,1.70,1.00
2010.07.05 03:03:53.956,0.84414,0.84426,1.60,1.20
2010.07.05 03:03:59.409,0.84411,0.84421,0.52,1.80
2010.07.05 03:04:00.916,0.84408,0.84421,1.50,0.95
2010.07.05 03:04:02.569,0.84407,0.84421,0.77,1.00
2010.07.05 03:04:04.756,0.84408,0.84421,0.51,0.80
2010.07.05 03:04:05.569,0.84406,0.84421,0.92,2.10
2010.07.05 03:04:37.468,0.84411,0.84421,1.50,0.91
2010.07.05 03:04:40.155,0.84409,0.84424,1.10,1.10
2010.07.05 03:04:40.344,0.84415,0.84424,1.60,1.00
2010.07.05 03:04:40.526,0.84416,0.84424,3.10,1.20
2010.07.05 03:04:40.818,0.84421,0.84428,1.60,2.70
2010.07.05 03:04:41.197,0.84416,0.84426,2.40,0.75
2010.07.05 03:04:41.293,0.84411,0.84426,1.20,1.10
2010.07.05 03:04:41.461,0.84412,0.84421,1.50,1.20
2010.07.05 03:04:41.620,0.84406,0.84416,0.70,0.87
2010.07.05 03:04:41.920,0.84407,0.84416,1.40,1.30
2010.07.05 03:05:02.324,0.84406,0.84415,1.50,0.65
2010.07.05 03:05:41.127,0.84402,0.84417,1.10,1.20
2010.07.05 03:06:25.020,0.84401,0.84419,1.80,0.93
2010.07.05 03:06:25.232,0.84402,0.84413,0.85,1.90
2010.07.05 03:06:25.305,0.84401,0.84413,1.30,1.60
2010.07.05 03:06:25.430,0.84399,0.84413,0.96,1.60
2010.07.05 03:06:25.628,0.84401,0.8441,1.40,0.95
2010.07.05 03:06:25.738,0.84399,0.84403,0.69,1.10
2010.07.05 03:06:25.882,0.84391,0.84403,1.40,0.71
2010.07.05 03:06:59.790,0.84388,0.84405,1.10,1.80
2010.07.05 03:07:01.646,0.84391,0.84402,1.30,1.70
2010.07.05 03:07:17.145,0.84387,0.84402,0.87,2.10
2010.07.05 03:07:51.743,0.84385,0.84403,0.80,1.20
2010.07.05 03:08:17.612,0.84387,0.84401,1.30,1.50
2010.07.05 03:08:18.008,0.84386,0.84398,0.49,0.98
2010.07.05 03:08:18.494,0.84383,0.84398,0.92,0.99
2010.07.05 03:08:18.671,0.84382,0.84398,1.40,1.40
2010.07.05 03:08:18.783,0.84387,0.84398,1.10,2.10
2010.07.05 03:09:21.175,0.84381,0.84397,1.80,0.74
2010.07.05 03:09:21.831,0.84387,0.84397,0.99,1.90
2010.07.05 03:09:26.997,0.84382,0.84393,0.92,1.30
2010.07.05 03:09:30.476,0.84387,0.84397,1.60,1.00
2010.07.05 03:09:54.233,0.84397,0.84398,1.20,1.10
2010.07.05 03:09:54.329,0.84396,0.84398,1.00,0.98
2010.07.05 03:09:54.628,0.84394,0.84398,1.40,1.20
2010.07.05 03:09:54.798,0.84387,0.84398,1.00,1.20
2010.07.05 03:09:55.156,0.8439,0.84398,1.30,1.60
2010.07.05 03:09:55.418,0.84391,0.844,1.30,1.20
2010.07.05 03:09:55.886,0.8439,0.84401,1.60,1.00
2010.07.05 03:09:56.071,0.84387,0.84393,1.20,1.80
2010.07.05 03:09:56.360,0.84386,0.84393,0.62,0.96
2010.07.05 03:09:56.937,0.84383,0.84393,1.10,1.50
2010.07.05 03:09:58.104,0.84382,0.84393,2.00,1.70
2010.07.05 03:09:58.604,0.84387,0.84394,0.92,0.82
2010.07.05 03:10:46.793,0.84382,0.84393,1.70,1.50
2010.07.05 03:11:21.544,0.8438,0.84397,1.30,1.90
2010.07.05 03:11:28.771,0.84379,0.84397,1.20,1.00
2010.07.05 03:11:29.110,0.84381,0.84397,0.81,1.70
2010.07.05 03:11:31.480,0.84382,0.84394,1.00,1.70
2010.07.05 03:11:31.733,0.84387,0.84394,1.00,1.50
2010.07.05 03:11:36.613,0.84392,0.84399,1.40,1.60
2010.07.05 03:11:37.090,0.84387,0.84398,1.00,1.70
2010.07.05 03:11:52.363,0.84382,0.84397,0.90,0.97
2010.07.05 03:11:53.776,0.8438,0.84393,1.50,1.40
2010.07.05 03:11:59.044,0.84382,0.84394,2.00,1.10
2010.07.05 03:11:59.927,0.84387,0.84394,1.40,1.30
2010.07.05 03:12:04.054,0.84382,0.84398,1.00,1.70
2010.07.05 03:12:04.491,0.84387,0.84398,0.80,0.76
2010.07.05 03:12:04.769,0.84392,0.84399,0.73,0.84
2010.07.05 03:12:10.134,0.84397,0.84406,1.10,2.90
2010.07.05 03:12:10.884,0.84396,0.84406,0.58,0.85
2010.07.05 03:12:15.237,0.84392,0.84407,1.50,0.70
2010.07.05 03:12:15.504,0.84391,0.84403,1.80,1.10
2010.07.05 03:12:21.062,0.84387,0.84393,1.00,1.70
2010.07.05 03:12:21.145,0.84386,0.84393,1.80,0.95
2010.07.05 03:12:21.269,0.84385,0.84393,0.88,1.00
2010.07.05 03:12:21.408,0.84384,0.84393,0.88,1.20
2010.07.05 03:12:21.554,0.84379,0.84388,1.80,1.30
2010.07.05 03:12:21.717,0.84377,0.84388,1.40,0.78
2010.07.05 03:12:21.822,0.84376,0.84388,0.72,1.10
2010.07.05 03:12:21.995,0.84381,0.84388,0.90,0.56
2010.07.05 03:12:22.787,0.8438,0.84391,1.50,0.82
2010.07.05 03:12:25.861,0.84379,0.84391,1.30,0.67
2010.07.05 03:12:26.061,0.84377,0.84391,0.86,1.10
2010.07.05 03:12:26.481,0.84375,0.84386,1.10,1.40
2010.07.05 03:12:26.738,0.84372,0.84386,0.82,1.50
2010.07.05 03:12:27.027,0.84371,0.84381,2.20,0.86
2010.07.05 03:12:27.765,0.84369,0.84381,0.66,1.20
2010.07.05 03:12:28.955,0.84367,0.84381,1.60,1.60
2010.07.05 03:12:31.148,0.84366,0.84375,1.60,1.40
2010.07.05 03:12:31.253,0.84364,0.84375,2.40,1.10
2010.07.05 03:12:31.371,0.84362,0.84375,1.90,1.80
2010.07.05 03:12:31.614,0.84367,0.84375,1.40,0.88
2010.07.05 03:12:31.760,0.84366,0.84373,1.40,1.30
2010.07.05 03:12:31.965,0.84358,0.84373,0.70,2.60
2010.07.05 03:12:32.177,0.84353,0.84367,0.89,1.60
2010.07.05 03:12:33.189,0.84352,0.84367,1.10,0.92
2010.07.05 03:12:34.022,0.84357,0.84367,1.20,0.91
2010.07.05 03:12:34.459,0.84356,0.84368,1.40,1.20
2010.07.05 03:12:34.746,0.84354,0.84368,1.80,2.80
2010.07.05 03:12:34.879,0.84351,0.84363,0.77,0.94
2010.07.05 03:12:37.074,0.84346,0.84353,1.00,1.30
2010.07.05 03:12:37.353,0.84343,0.84353,1.20,2.30
2010.07.05 03:12:37.915,0.84344,0.84353,0.70,1.20
2010.07.05 03:12:40.108,0.84348,0.84352,1.90,1.20
2010.07.05 03:12:40.575,0.84353,0.84358,1.40,0.64
2010.07.05 03:12:41.096,0.84346,0.84353,0.85,0.83
2010.07.05 03:12:41.861,0.84343,0.84353,1.60,0.94
2010.07.05 03:12:44.472,0.84347,0.84352,1.20,0.49
2010.07.05 03:12:44.696,0.84349,0.84354,0.75,1.40
2010.07.05 03:12:45.714,0.84356,0.84363,1.60,1.60
2010.07.05 03:12:57.959,0.84354,0.84363,1.30,0.87
2010.07.05 03:12:59.564,0.84356,0.84363,1.20,1.20
2010.07.05 03:13:00.172,0.84357,0.84368,1.10,2.00
2010.07.05 03:13:00.545,0.8436,0.84369,0.72,1.30
2010.07.05 03:13:00.689,0.84364,0.84373,1.20,1.20
2010.07.05 03:13:10.086,0.84362,0.84373,1.10,0.97
2010.07.05 03:13:12.252,0.84364,0.84372,1.10,1.80
2010.07.05 03:13:26.426,0.84362,0.84372,0.79,1.40
2010.07.05 03:13:26.643,0.84356,0.84368,1.10,2.90
2010.07.05 03:13:34.832,0.84359,0.84368,1.90,3.50
2010.07.05 03:13:35.441,0.84356,0.84368,1.50,1.50
2010.07.05 03:13:39.211,0.84357,0.84368,0.77,2.00
2010.07.05 03:13:39.435,0.8436,0.84369,2.20,1.20
2010.07.05 03:13:39.999,0.84357,0.84369,1.60,1.50
2010.07.05 03:13:48.557,0.84358,0.8437,0.88,0.94
2010.07.05 03:13:51.517,0.84357,0.84373,0.82,1.00
2010.07.05 03:14:13.001,0.84356,0.84373,1.60,0.99
2010.07.05 03:14:14.681,0.84355,0.84373,2.20,1.10
2010.07.05 03:14:15.440,0.84352,0.84362,1.10,1.80
2010.07.05 03:14:15.540,0.84347,0.84354,0.96,1.40
2010.07.05 03:14:17.046,0.8435,0.84354,1.70,1.70
2010.07.05 03:14:17.601,0.84352,0.84363,1.80,1.70
2010.07.05 03:14:17.795,0.84354,0.84366,1.70,3.10
2010.07.05 03:14:18.488,0.84356,0.84366,1.30,1.50
2010.07.05 03:14:20.493,0.84357,0.84368,1.40,0.61
2010.07.05 03:14:25.102,0.84354,0.84363,0.74,1.10
2010.07.05 03:14:28.302,0.84357,0.84363,0.82,1.20
2010.07.05 03:14:28.652,0.84361,0.84364,0.55,0.95
2010.07.05 03:14:28.946,0.84357,0.84366,1.20,1.60
2010.07.05 03:14:29.106,0.84356,0.84366,1.60,2.30
2010.07.05 03:14:29.533,0.84355,0.84368,1.60,2.10
2010.07.05 03:14:29.909,0.84352,0.84368,1.40,1.30
2010.07.05 03:15:01.263,0.84351,0.84367,1.10,0.89
2010.07.05 03:15:01.679,0.84352,0.84367,1.60,0.92
2010.07.05 03:15:04.024,0.84351,0.84367,1.10,0.94
2010.07.05 03:15:38.414,0.84342,0.84368,1.60,1.00
2010.07.05 03:15:38.919,0.84353,0.84368,1.50,0.80
2010.07.05 03:15:39.394,0.84351,0.84368,0.68,2.00
2010.07.05 03:16:13.295,0.84339,0.84368,1.40,1.30
2010.07.05 03:16:13.520,0.84342,0.84358,0.61,1.50
2010.07.05 03:16:13.720,0.84346,0.84358,0.50,1.40
2010.07.05 03:16:14.163,0.84347,0.84358,1.80,1.20
2010.07.05 03:16:14.506,0.84348,0.84363,1.70,1.60
2010.07.05 03:16:16.219,0.84344,0.84358,1.10,0.80
2010.07.05 03:16:26.198,0.84338,0.84353,1.70,0.83
2010.07.05 03:16:26.539,0.84342,0.84352,1.10,1.80
2010.07.05 03:16:26.841,0.84343,0.84356,2.00,2.20
2010.07.05 03:16:30.295,0.84347,0.84358,1.20,0.85
2010.07.05 03:16:30.605,0.84348,0.84359,0.91,1.30
2010.07.05 03:16:32.610,0.84338,0.84353,1.40,2.00
2010.07.05 03:16:35.021,0.84342,0.84352,0.84,1.10
2010.07.05 03:16:35.719,0.84343,0.84352,0.82,1.10
2010.07.05 03:16:36.120,0.84347,0.84358,0.76,1.10
2010.07.05 03:16:36.586,0.84348,0.84359,1.40,1.50
2010.07.05 03:16:56.945,0.84352,0.84363,1.20,1.60
2010.07.05 03:17:04.337,0.84351,0.84363,0.58,1.20
2010.07.05 03:17:04.918,0.84347,0.84363,0.50,1.20
2010.07.05 03:17:06.478,0.84346,0.84358,0.89,1.90
2010.07.05 03:17:06.549,0.84343,0.84358,0.82,0.63
2010.07.05 03:17:07.225,0.84347,0.84358,0.91,1.20
2010.07.05 03:17:08.026,0.84352,0.84362,1.50,1.30
2010.07.05 03:17:17.234,0.84351,0.84363,0.85,1.20
2010.07.05 03:17:17.408,0.8435,0.84363,1.10,1.60
2010.07.05 03:17:17.629,0.84347,0.84363,1.30,1.70
2010.07.05 03:17:17.791,0.84346,0.84358,1.50,1.10
2010.07.05 03:17:18.100,0.84342,0.84358,1.40,1.40
2010.07.05 03:17:18.579,0.84352,0.84358,1.40,1.70
2010.07.05 03:17:43.398,0.84351,0.84363,0.74,1.10
2010.07.05 03:17:43.518,0.84347,0.84363,0.66,1.40
2010.07.05 03:17:44.128,0.84352,0.84362,1.20,1.20
2010.07.05 03:17:44.313,0.84357,0.84364,1.50,1.00
2010.07.05 03:17:44.521,0.84356,0.84368,0.74,0.92
2010.07.05 03:17:44.766,0.84352,0.84368,0.93,1.40
2010.07.05 03:18:02.147,0.84351,0.84363,1.40,0.84
2010.07.05 03:18:02.774,0.84348,0.84363,2.00,1.50
2010.07.05 03:18:04.852,0.84347,0.84363,1.90,1.30
2010.07.05 03:18:41.144,0.84346,0.84359,1.20,1.10
2010.07.05 03:19:10.286,0.84345,0.84359,0.97,1.10
2010.07.05 03:19:13.323,0.84346,0.84359,1.60,1.30
2010.07.05 03:19:28.604,0.84347,0.84359,1.10,1.10
2010.07.05 03:19:30.339,0.84349,0.84359,0.98,1.10
2010.07.05 03:19:47.524,0.84348,0.84359,1.20,1.10
2010.07.05 03:19:49.688,0.84352,0.84359,1.20,1.10
2010.07.05 03:20:01.216,0.84351,0.84363,1.90,0.87
2010.07.05 03:20:01.728,0.84348,0.84363,2.30,1.20
2010.07.05 03:20:02.388,0.84347,0.84357,1.10,0.87
2010.07.05 03:20:19.310,0.84346,0.84354,0.85,2.00
2010.07.05 03:20:19.810,0.84342,0.84354,2.10,1.30
2010.07.05 03:20:30.471,0.84341,0.84349,1.80,1.80
2010.07.05 03:20:30.613,0.84337,0.84349,2.00,0.90
2010.07.05 03:21:16.248,0.84336,0.84345,1.20,1.70
2010.07.05 03:21:16.639,0.84332,0.84345,0.84,1.30
2010.07.05 03:21:16.816,0.84331,0.84338,2.00,2.10
2010.07.05 03:21:18.300,0.84332,0.84345,0.59,1.60
2010.07.05 03:21:18.493,0.84336,0.84345,2.90,2.60
2010.07.05 03:21:18.925,0.84337,0.84345,2.10,1.10
2010.07.05 03:21:20.259,0.84336,0.84345,0.97,0.90
2010.07.05 03:21:20.951,0.84332,0.84345,1.80,1.00
2010.07.05 03:21:21.492,0.84331,0.84338,0.52,1.00
2010.07.05 03:21:35.272,0.84332,0.84343,1.30,0.97
2010.07.05 03:21:35.824,0.84336,0.84347,1.20,0.99
2010.07.05 03:22:03.972,0.84331,0.84343,1.90,2.10
2010.07.05 03:22:05.013,0.8433,0.84338,1.50,2.00
2010.07.05 03:22:05.372,0.84329,0.84338,1.20,1.00
2010.07.05 03:22:05.503,0.84328,0.84338,1.30,2.10
2010.07.05 03:22:05.947,0.84326,0.84338,1.00,1.20
2010.07.05 03:22:08.325,0.84328,0.84338,1.30,1.20
2010.07.05 03:22:08.493,0.84331,0.84338,2.40,1.20
2010.07.05 03:22:08.888,0.84333,0.84343,2.70,1.70
2010.07.05 03:22:09.133,0.84337,0.84349,0.58,1.60
2010.07.05 03:22:32.182,0.84338,0.84353,1.30,0.74
2010.07.05 03:22:38.012,0.84337,0.84349,1.20,1.50
2010.07.05 03:22:38.641,0.84336,0.84348,1.60,1.20
2010.07.05 03:22:51.676,0.84337,0.84353,2.50,1.60
2010.07.05 03:23:03.170,0.84336,0.84348,0.62,0.65
2010.07.05 03:23:45.194,0.84337,0.84351,1.40,1.50
2010.07.05 03:23:48.003,0.84336,0.84348,1.20,1.60
2010.07.05 03:23:57.269,0.84332,0.84348,1.20,1.90
2010.07.05 03:24:17.092,0.84331,0.84343,1.30,1.10
2010.07.05 03:24:17.495,0.84328,0.84343,1.40,0.83
2010.07.05 03:24:17.834,0.84327,0.84343,0.59,1.90
2010.07.05 03:24:22.223,0.84326,0.84338,1.00,1.30
2010.07.05 03:24:22.642,0.84324,0.84338,0.76,1.20
2010.07.05 03:24:22.969,0.84322,0.84337,0.99,0.94
2010.07.05 03:24:35.372,0.84323,0.84335,1.10,1.10
2010.07.05 03:24:35.547,0.84327,0.84338,2.20,1.40
2010.07.05 03:24:40.890,0.84332,0.84343,1.10,0.88
2010.07.05 03:25:17.524,0.84331,0.84343,1.20,0.74
2010.07.05 03:25:40.398,0.84332,0.84343,1.30,0.81
2010.07.05 03:25:40.681,0.84336,0.84348,1.10,1.20
2010.07.05 03:25:56.729,0.84332,0.84347,0.95,1.10
2010.07.05 03:25:57.005,0.84331,0.84342,1.50,1.00
2010.07.05 03:25:57.630,0.84324,0.84342,1.20,1.50
2010.07.05 03:25:58.252,0.84322,0.84339,1.70,1.20
2010.07.05 03:26:08.465,0.84323,0.84339,1.10,0.62
2010.07.05 03:26:15.301,0.84324,0.84341,0.88,1.30
2010.07.05 03:26:15.773,0.84331,0.84342,1.90,1.40
2010.07.05 03:26:16.397,0.84332,0.84348,2.00,0.58
2010.07.05 03:26:20.935,0.84337,0.84348,1.80,1.30
2010.07.05 03:26:28.190,0.84336,0.84348,0.86,0.73
2010.07.05 03:26:28.597,0.84333,0.84348,1.70,1.00
2010.07.05 03:26:31.092,0.84332,0.84346,0.74,1.00
2010.07.05 03:26:32.949,0.84336,0.84348,1.00,1.60
2010.07.05 03:26:34.044,0.84337,0.84348,1.30,2.00
2010.07.05 03:26:34.640,0.84336,0.84348,1.30,1.10
2010.07.05 03:26:34.768,0.84332,0.84346,1.20,1.40
2010.07.05 03:26:39.083,0.84337,0.84345,0.96,1.40
2010.07.05 03:26:42.409,0.84336,0.84348,1.10,0.92
2010.07.05 03:26:42.713,0.84332,0.84348,1.70,1.40
2010.07.05 03:26:59.012,0.84337,0.84345,1.20,1.00
2010.07.05 03:27:00.134,0.84336,0.84348,0.99,0.78
2010.07.05 03:27:00.939,0.84332,0.84348,0.88,1.50
2010.07.05 03:27:22.018,0.84331,0.84343,2.60,1.10
2010.07.05 03:27:22.508,0.84328,0.84343,1.20,0.81
2010.07.05 03:27:30.095,0.84326,0.84333,1.20,1.80
2010.07.05 03:27:30.382,0.84322,0.84333,1.30,0.80
2010.07.05 03:27:30.678,0.84318,0.84333,0.74,1.30
2010.07.05 03:27:30.942,0.84316,0.84328,0.86,1.20
2010.07.05 03:27:31.988,0.84312,0.84328,1.20,1.30
2010.07.05 03:27:37.021,0.84314,0.84328,1.40,0.76
2010.07.05 03:27:37.897,0.84317,0.84328,0.81,1.80
2010.07.05 03:27:39.425,0.84312,0.84328,1.30,1.10
2010.07.05 03:27:43.311,0.84317,0.84328,2.40,1.50
2010.07.05 03:27:43.505,0.84312,0.84328,1.60,1.30
2010.07.05 03:27:44.465,0.84311,0.84323,1.70,1.20
2010.07.05 03:27:44.930,0.84308,0.84323,1.30,0.68
2010.07.05 03:27:50.787,0.84311,0.84323,1.30,1.50
2010.07.05 03:27:59.486,0.84308,0.84323,0.64,0.90
2010.07.05 03:27:59.685,0.84306,0.84318,1.70,1.30
2010.07.05 03:28:22.407,0.84311,0.84318,1.30,1.00
2010.07.05 03:28:24.141,0.84308,0.84323,0.70,0.85
2010.07.05 03:28:24.855,0.84307,0.84318,1.00,3.40
2010.07.05 03:28:30.499,0.84311,0.84318,2.00,0.84
2010.07.05 03:28:30.860,0.84312,0.84323,2.30,2.50
2010.07.05 03:28:34.271,0.84307,0.84318,1.10,1.20
2010.07.05 03:28:34.611,0.84306,0.84318,1.10,1.50
2010.07.05 03:28:45.332,0.84307,0.84318,0.75,0.85
2010.07.05 03:28:45.842,0.84311,0.84318,1.40,1.30
2010.07.05 03:28:46.032,0.84306,0.84318,0.75,1.60
2010.07.05 03:29:22.673,0.84301,0.84319,0.54,1.30
2010.07.05 03:29:27.217,0.84306,0.84313,1.40,0.75
2010.07.05 03:29:27.483,0.84301,0.84313,0.92,1.40
2010.07.05 03:29:27.504,0.84299,0.84308,0.56,0.75
2010.07.05 03:29:27.801,0.84296,0.84308,1.00,0.75
2010.07.05 03:29:39.174,0.84297,0.84308,1.90,1.90
2010.07.05 03:29:39.513,0.84301,0.84311,1.60,0.69
2010.07.05 03:29:45.170,0.84302,0.84313,1.40,1.30
2010.07.05 03:29:45.789,0.84306,0.84318,0.66,0.77
2010.07.05 03:29:54.034,0.84307,0.84318,1.20,2.20
2010.07.05 03:29:54.873,0.84311,0.84323,1.30,2.00
2010.07.05 03:30:06.178,0.84312,0.84323,1.10,1.00
2010.07.05 03:30:06.333,0.84316,0.84327,1.40,1.90
2010.07.05 03:30:06.406,0.84317,0.84328,1.50,1.10
2010.07.05 03:30:06.686,0.84322,0.84328,1.50,1.30
2010.07.05 03:30:06.813,0.84326,0.84334,2.10,1.30
2010.07.05 03:30:07.060,0.84327,0.84338,1.30,1.50
2010.07.05 03:30:07.552,0.84331,0.84341,1.30,1.30
2010.07.05 03:31:02.533,0.84328,0.84348,1.30,0.92
2010.07.05 03:31:03.768,0.8433,0.8435,0.95,1.30
2010.07.05 03:31:04.116,0.84332,0.84352,0.68,1.10
2010.07.05 03:31:06.474,0.84335,0.84343,1.10,2.30
2010.07.05 03:31:09.040,0.84337,0.84349,0.97,1.30
2010.07.05 03:31:09.959,0.8434,0.84353,0.64,1.00
2010.07.05 03:31:10.059,0.84342,0.84354,1.10,0.72
2010.07.05 03:31:10.311,0.84345,0.84354,0.92,1.80
2010.07.05 03:31:10.722,0.84347,0.84358,1.10,1.70
2010.07.05 03:31:10.965,0.84348,0.84359,1.30,1.50
2010.07.05 03:31:12.660,0.84349,0.84363,1.40,1.20
2010.07.05 03:31:13.018,0.84348,0.84363,1.60,1.30
2010.07.05 03:31:34.209,0.84355,0.84363,0.87,1.30
2010.07.05 03:31:34.445,0.84352,0.84368,1.80,1.60
2010.07.05 03:31:34.512,0.84351,0.84363,0.86,1.20
2010.07.05 03:31:34.912,0.8435,0.84363,1.10,0.87
2010.07.05 03:31:38.566,0.84348,0.84363,0.90,1.90
2010.07.05 03:31:42.378,0.84349,0.84363,1.20,1.00
2010.07.05 03:31:43.632,0.84352,0.84363,1.40,0.65
2010.07.05 03:31:44.497,0.84348,0.84363,0.77,1.10
2010.07.05 03:31:48.292,0.84346,0.84353,2.60,2.50
2010.07.05 03:31:48.636,0.84341,0.84353,0.67,1.30
2010.07.05 03:31:48.860,0.84338,0.84353,1.70,0.95
2010.07.05 03:31:49.387,0.84335,0.84348,0.99,1.40
2010.07.05 03:31:49.693,0.84332,0.84348,0.59,0.79
2010.07.05 03:31:52.734,0.84335,0.84348,0.90,0.82
2010.07.05 03:31:53.541,0.84332,0.84348,1.10,1.30
2010.07.05 03:32:00.257,0.84336,0.84348,0.99,1.60
2010.07.05 03:32:00.539,0.84339,0.84348,1.30,1.30
2010.07.05 03:32:00.735,0.84342,0.84349,0.86,0.88
2010.07.05 03:32:01.263,0.84346,0.84358,1.30,1.30
2010.07.05 03:32:01.944,0.84347,0.84359,1.80,1.50
2010.07.05 03:32:03.330,0.84346,0.84353,1.70,1.30
2010.07.05 03:32:03.520,0.8434,0.84353,0.95,1.20
2010.07.05 03:32:04.096,0.84344,0.84353,1.20,2.00
2010.07.05 03:32:04.897,0.84347,0.84359,1.20,0.97
2010.07.05 03:32:05.452,0.84346,0.84353,1.00,2.40
2010.07.05 03:32:05.818,0.8434,0.84353,1.80,1.30
2010.07.05 03:32:06.216,0.84342,0.84354,1.10,1.30
2010.07.05 03:32:06.441,0.84346,0.84358,2.00,1.30
2010.07.05 03:32:06.751,0.84347,0.84359,1.10,1.80
2010.07.05 03:32:07.075,0.84346,0.84353,2.20,0.75
2010.07.05 03:32:07.284,0.8434,0.84353,1.20,1.40
2010.07.05 03:32:07.398,0.84338,0.84353,1.00,2.00
2010.07.05 03:32:07.600,0.84341,0.84353,0.80,0.78
2010.07.05 03:32:07.747,0.84343,0.84353,0.96,1.20
2010.07.05 03:32:07.873,0.84347,0.84354,1.10,1.50
2010.07.05 03:32:08.075,0.84346,0.84353,1.00,1.00
2010.07.05 03:32:08.584,0.84344,0.84353,1.00,1.40
2010.07.05 03:32:09.893,0.84338,0.84353,0.91,0.66
2010.07.05 03:32:13.321,0.84342,0.84353,2.30,0.61
2010.07.05 03:32:13.633,0.84347,0.84354,1.90,0.81
2010.07.05 03:32:13.840,0.84349,0.84363,1.30,0.89
2010.07.05 03:32:21.453,0.84352,0.84364,1.30,1.70
2010.07.05 03:32:22.291,0.84351,0.84363,0.44,1.40
2010.07.05 03:32:22.512,0.84348,0.84363,0.88,0.98
2010.07.05 03:32:22.831,0.84347,0.84363,1.80,1.50
2010.07.05 03:32:23.784,0.84346,0.84358,1.20,1.00
2010.07.05 03:32:24.029,0.84342,0.84358,1.20,1.00
2010.07.05 03:32:24.294,0.84341,0.84358,1.20,1.30
2010.07.05 03:32:24.657,0.8434,0.84358,0.70,1.00
2010.07.05 03:32:24.867,0.84337,0.84357,1.20,0.98
2010.07.05 03:32:28.397,0.84342,0.84357,1.30,0.98
2010.07.05 03:32:30.934,0.84347,0.84358,1.40,1.40
2010.07.05 03:32:33.227,0.84352,0.84363,2.60,1.40
2010.07.05 03:32:33.975,0.84347,0.84363,1.00,0.70
2010.07.05 03:32:35.122,0.84352,0.84363,0.99,0.76
2010.07.05 03:32:35.961,0.84357,0.84368,0.70,1.80
2010.07.05 03:32:37.851,0.84355,0.84368,1.40,1.00
2010.07.05 03:32:38.044,0.84352,0.84368,2.00,1.50
2010.07.05 03:32:38.457,0.84351,0.84363,0.48,1.30
2010.07.05 03:32:38.723,0.84346,0.84358,1.80,1.50
2010.07.05 03:32:38.897,0.84341,0.84358,1.40,1.60
2010.07.05 03:32:42.021,0.84342,0.84358,2.40,1.10
2010.07.05 03:32:42.872,0.84346,0.84358,0.85,1.50
2010.07.05 03:32:52.256,0.84352,0.84358,1.30,0.86
2010.07.05 03:32:52.954,0.84356,0.84365,1.40,0.64
2010.07.05 03:33:29.794,0.84349,0.84369,1.10,2.00
2010.07.05 03:33:30.629,0.84352,0.84369,0.94,1.00
2010.07.05 03:33:38.232,0.84357,0.84367,0.90,1.10
2010.07.05 03:33:38.646,0.84358,0.84367,1.40,2.30
2010.07.05 03:33:41.916,0.84362,0.84374,1.10,1.30
2010.07.05 03:33:42.274,0.84361,0.8437,1.10,0.82
2010.07.05 03:33:42.335,0.84358,0.8437,1.10,0.96
2010.07.05 03:33:42.893,0.84357,0.8437,0.97,1.00
2010.07.05 03:34:17.160,0.84351,0.84369,1.30,2.10
2010.07.05 03:34:25.967,0.84349,0.84369,0.89,1.30
2010.07.05 03:34:35.272,0.8435,0.84368,1.30,1.00
2010.07.05 03:34:35.556,0.84357,0.84368,1.20,0.95
2010.07.05 03:34:35.858,0.84362,0.84368,1.30,1.50
2010.07.05 03:34:36.059,0.84358,0.84372,1.50,1.70
2010.07.05 03:34:36.930,0.84357,0.84368,1.40,1.40
2010.07.05 03:34:43.011,0.84353,0.84368,1.40,1.30
2010.07.05 03:34:43.779,0.84351,0.84364,1.20,1.40
2010.07.05 03:35:15.120,0.84349,0.84364,1.20,1.40
2010.07.05 03:35:15.553,0.84351,0.84364,0.98,0.92
2010.07.05 03:36:17.358,0.84349,0.84367,1.80,1.40
2010.07.05 03:36:17.693,0.84351,0.84367,0.58,1.10
2010.07.05 03:36:27.202,0.84352,0.84361,1.00,1.30
2010.07.05 03:36:27.375,0.84356,0.84366,1.80,1.60
2010.07.05 03:36:27.688,0.84358,0.84366,1.20,1.10
2010.07.05 03:36:30.208,0.84356,0.84361,1.20,1.50
2010.07.05 03:36:30.575,0.84351,0.84361,1.60,1.40
2010.07.05 03:36:33.147,0.8435,0.84356,1.10,0.70
2010.07.05 03:36:33.650,0.84348,0.84356,1.50,2.30
2010.07.05 03:36:33.911,0.84346,0.84356,1.60,0.95
2010.07.05 03:36:37.298,0.84348,0.84361,1.90,1.10
2010.07.05 03:36:37.535,0.84351,0.84361,1.60,0.67
2010.07.05 03:36:46.063,0.84348,0.84346,0.73,1.50
2010.07.05 03:36:46.447,0.84336,0.84346,2.00,1.40
2010.07.05 03:36:46.695,0.84338,0.84346,1.20,0.75
2010.07.05 03:36:47.005,0.84331,0.84344,0.94,1.60
2010.07.05 03:36:47.338,0.84326,0.84331,1.30,1.30
2010.07.05 03:36:47.504,0.84324,0.84331,1.60,0.80
2010.07.05 03:36:47.989,0.84321,0.84331,1.10,0.83
2010.07.05 03:36:50.260,0.84324,0.84331,0.73,1.30
2010.07.05 03:36:50.845,0.84336,0.84346,0.88,0.86
2010.07.05 03:36:51.240,0.84333,0.84336,1.10,1.40
2010.07.05 03:36:51.318,0.84328,0.84336,1.30,1.40
2010.07.05 03:36:51.718,0.84326,0.84336,1.20,2.60
2010.07.05 03:36:51.996,0.84321,0.84331,1.20,3.90
2010.07.05 03:36:54.078,0.84324,0.84331,1.30,1.70
2010.07.05 03:36:54.315,0.8433,0.84331,0.71,1.70
2010.07.05 03:36:54.575,0.84336,0.84346,1.50,2.00
2010.07.05 03:36:54.797,0.84333,0.84341,1.50,0.70
2010.07.05 03:36:54.892,0.84331,0.84341,1.40,0.90
2010.07.05 03:36:55.135,0.84328,0.84336,1.10,2.90
2010.07.05 03:36:55.340,0.84329,0.84341,1.70,0.97
2010.07.05 03:36:55.978,0.84331,0.84341,1.40,1.80
2010.07.05 03:37:02.681,0.84335,0.84341,1.70,1.40
2010.07.05 03:37:07.145,0.84337,0.84349,1.40,1.80
2010.07.05 03:37:07.598,0.84341,0.84351,1.40,1.60
2010.07.05 03:37:10.412,0.84344,0.84351,1.70,1.50
2010.07.05 03:37:10.551,0.84351,0.84351,0.74,1.10
2010.07.05 03:37:11.669,0.84348,0.84356,1.20,1.00
2010.07.05 03:37:12.063,0.84346,0.84351,1.70,2.00
2010.07.05 03:37:12.236,0.84341,0.84351,0.83,1.20
2010.07.05 03:37:12.379,0.8434,0.84346,1.30,1.20
2010.07.05 03:37:12.473,0.84338,0.84346,1.10,1.40
2010.07.05 03:37:12.610,0.84336,0.84346,0.61,1.20
2010.07.05 03:37:12.742,0.84335,0.84341,1.10,0.87
2010.07.05 03:37:12.857,0.84331,0.84341,0.94,2.50
2010.07.05 03:37:15.323,0.84328,0.84336,0.79,1.30
2010.07.05 03:37:21.524,0.84331,0.84339,3.20,1.50
2010.07.05 03:37:23.270,0.84332,0.84341,1.00,0.86
2010.07.05 03:37:23.438,0.84333,0.84341,1.50,1.80
2010.07.05 03:37:23.934,0.84336,0.84346,1.40,1.30
2010.07.05 03:37:25.288,0.84332,0.84341,1.80,0.98
2010.07.05 03:37:25.655,0.84335,0.84346,0.88,1.30
2010.07.05 03:37:25.939,0.84336,0.84346,1.10,1.50
2010.07.05 03:37:27.138,0.84335,0.84341,0.74,0.72
2010.07.05 03:37:27.279,0.84332,0.84341,1.20,2.40
2010.07.05 03:37:27.420,0.84331,0.84341,2.10,2.30
2010.07.05 03:37:27.502,0.84329,0.84336,1.20,1.50
2010.07.05 03:37:27.793,0.84328,0.84336,1.90,0.67
2010.07.05 03:37:27.927,0.84326,0.84336,2.10,2.00
2010.07.05 03:37:33.234,0.84327,0.84336,0.80,0.86
2010.07.05 03:37:33.577,0.8433,0.84336,2.10,0.75
2010.07.05 03:37:33.795,0.84331,0.84341,0.92,1.60
2010.07.05 03:37:34.393,0.84332,0.84341,1.70,1.10
2010.07.05 03:37:34.702,0.84335,0.84341,1.40,0.68
2010.07.05 03:37:35.057,0.84336,0.84346,2.30,2.30
2010.07.05 03:37:35.938,0.84338,0.84346,0.90,1.40
2010.07.05 03:37:36.022,0.8434,0.84354,0.75,1.00
2010.07.05 03:37:36.230,0.84342,0.84354,1.70,1.30
2010.07.05 03:37:36.315,0.84343,0.84354,0.70,1.30
2010.07.05 03:37:36.410,0.84346,0.84356,1.30,1.40
2010.07.05 03:37:36.515,0.84347,0.8436,1.10,1.20
2010.07.05 03:37:36.689,0.84348,0.8436,1.30,1.50
2010.07.05 03:37:36.859,0.84351,0.8436,1.50,1.80
2010.07.05 03:37:36.907,0.84348,0.84351,1.30,1.20
2010.07.05 03:37:37.142,0.84347,0.84351,1.50,0.94
2010.07.05 03:37:37.298,0.84341,0.84351,0.89,1.30
2010.07.05 03:37:37.710,0.84337,0.84357,1.00,1.70
2010.07.05 03:37:37.866,0.84335,0.84351,1.60,2.00
2010.07.05 03:37:38.939,0.84341,0.84351,0.81,0.59
2010.07.05 03:37:42.361,0.84343,0.84351,0.63,0.71
2010.07.05 03:37:42.742,0.84346,0.84356,0.96,1.20
2010.07.05 03:37:51.335,0.84347,0.84356,0.67,0.92
2010.07.05 03:37:51.670,0.84351,0.84361,1.30,2.20
2010.07.05 03:37:53.212,0.84348,0.84356,1.60,1.10
2010.07.05 03:37:53.500,0.84347,0.84356,1.30,1.40
2010.07.05 03:37:53.744,0.84346,0.84356,1.80,0.97
2010.07.05 03:38:32.973,0.84337,0.84356,1.10,1.40
2010.07.05 03:38:35.297,0.84346,0.84353,1.60,1.50
2010.07.05 03:38:36.808,0.84343,0.84348,0.84,1.30
2010.07.05 03:38:37.136,0.84346,0.84353,1.20,1.30
2010.07.05 03:38:40.162,0.84343,0.84355,0.73,0.92
2010.07.05 03:38:40.971,0.84328,0.84336,1.20,0.94
2010.07.05 03:38:42.270,0.84326,0.84331,1.70,1.40
2010.07.05 03:38:43.385,0.84321,0.84331,0.95,2.30
2010.07.05 03:38:49.037,0.84318,0.84331,0.95,1.10
2010.07.05 03:38:49.414,0.84316,0.84321,1.00,1.00
2010.07.05 03:38:49.732,0.84311,0.84321,1.50,2.30
2010.07.05 03:39:11.143,0.84313,0.84327,0.71,0.92
2010.07.05 03:39:11.835,0.84316,0.84327,1.60,1.40
2010.07.05 03:39:12.459,0.84317,0.84332,0.98,0.61
2010.07.05 03:39:12.893,0.84321,0.84332,2.10,1.60
2010.07.05 03:39:16.135,0.8432,0.84327,0.85,1.50
2010.07.05 03:39:16.300,0.84318,0.84327,1.00,0.96
2010.07.05 03:39:16.741,0.84317,0.84322,0.98,1.20
2010.07.05 03:39:16.860,0.84311,0.84322,1.50,0.71
2010.07.05 03:39:24.124,0.84317,0.84322,2.30,1.20
2010.07.05 03:39:24.230,0.84318,0.84327,1.10,1.30
2010.07.05 03:39:24.375,0.84321,0.84334,1.10,0.51
2010.07.05 03:39:24.472,0.84322,0.84334,2.50,1.20
2010.07.05 03:39:24.638,0.84324,0.84334,1.90,1.30
2010.07.05 03:39:24.851,0.84326,0.84337,0.89,1.80
2010.07.05 03:39:24.876,0.84328,0.84337,1.10,1.10
2010.07.05 03:39:25.023,0.84332,0.84342,1.20,1.40
2010.07.05 03:39:25.555,0.84335,0.84342,1.40,1.00
2010.07.05 03:39:28.239,0.84336,0.84347,1.20,1.20
2010.07.05 03:39:28.990,0.84338,0.84347,1.70,1.60
2010.07.05 03:39:32.121,0.84336,0.84342,1.10,0.71
2010.07.05 03:39:32.494,0.84332,0.84342,3.40,1.20
2010.07.05 03:39:32.658,0.84331,0.84337,1.00,1.30
2010.07.05 03:39:32.923,0.84326,0.84337,1.30,1.30
2010.07.05 03:39:33.556,0.84321,0.84332,1.10,1.30
2010.07.05 03:39:43.629,0.84326,0.84337,1.00,1.70
2010.07.05 03:40:23.751,0.84323,0.84343,1.50,1.20
2010.07.05 03:40:26.170,0.84328,0.84348,1.40,1.20
2010.07.05 03:40:31.035,0.8433,0.8435,1.40,1.10
2010.07.05 03:40:31.511,0.84331,0.84342,1.90,1.40
2010.07.05 03:41:21.181,0.84328,0.84338,1.00,2.10
2010.07.05 03:41:21.765,0.84326,0.84338,1.20,1.60
2010.07.05 03:41:28.108,0.84321,0.84333,1.30,1.20
2010.07.05 03:41:36.002,0.84323,0.84333,1.00,1.80
2010.07.05 03:41:36.991,0.84326,0.84337,1.40,0.98
2010.07.05 03:41:39.161,0.84327,0.84338,2.40,0.92
2010.07.05 03:41:40.213,0.84326,0.84333,1.60,0.78
2010.07.05 03:41:40.854,0.84324,0.84333,0.47,2.30
2010.07.05 03:41:41.780,0.84321,0.84333,1.20,1.70
2010.07.05 03:41:43.190,0.84322,0.84335,0.91,1.00
2010.07.05 03:41:43.762,0.84326,0.84335,1.30,0.97
2010.07.05 03:41:44.211,0.84323,0.84333,1.30,1.60
2010.07.05 03:41:44.738,0.84321,0.84333,1.30,1.30
2010.07.05 03:41:45.092,0.84323,0.84333,0.81,0.86
2010.07.05 03:41:45.804,0.84326,0.84335,1.40,0.89
2010.07.05 03:41:49.156,0.84318,0.84328,2.10,1.80
2010.07.05 03:41:49.421,0.84319,0.84328,1.40,1.40
2010.07.05 03:41:49.779,0.84316,0.84328,0.78,1.40
2010.07.05 03:41:50.407,0.84314,0.84323,1.40,1.40
2010.07.05 03:41:52.480,0.84313,0.84323,1.30,1.50
2010.07.05 03:41:53.055,0.84316,0.84323,0.86,0.73
2010.07.05 03:41:54.097,0.84312,0.84318,2.30,1.20
2010.07.05 03:41:54.478,0.84308,0.84308,1.00,1.20
2010.07.05 03:41:54.653,0.84306,0.84308,1.40,1.30
2010.07.05 03:41:54.996,0.84302,0.84308,1.10,1.20
2010.07.05 03:41:56.484,0.84298,0.84303,1.70,1.60
2010.07.05 03:41:56.764,0.84297,0.84303,2.20,0.94
2010.07.05 03:41:58.358,0.84295,0.84303,0.93,1.60
2010.07.05 03:42:00.889,0.84294,0.84303,1.40,0.89
2010.07.05 03:42:01.841,0.84296,0.84303,1.40,1.20
2010.07.05 03:42:02.580,0.84298,0.84308,2.00,1.20
2010.07.05 03:42:03.074,0.84299,0.84308,1.20,0.64
2010.07.05 03:42:03.213,0.84301,0.84308,1.50,0.77
2010.07.05 03:42:03.358,0.84305,0.84308,1.10,1.60
2010.07.05 03:42:03.401,0.84306,0.84308,1.60,2.00
2010.07.05 03:42:03.544,0.84311,0.84318,1.10,1.90
2010.07.05 03:42:03.665,0.84306,0.84318,0.77,0.87
2010.07.05 03:42:03.832,0.84304,0.84314,1.30,1.00
2010.07.05 03:42:03.928,0.84299,0.84308,1.20,1.20
2010.07.05 03:42:05.796,0.84304,0.84314,1.00,1.90
2010.07.05 03:42:06.752,0.84306,0.84314,0.78,1.40
2010.07.05 03:42:09.704,0.84304,0.84314,1.30,1.50
2010.07.05 03:42:12.791,0.84303,0.84314,1.80,1.30
2010.07.05 03:42:13.060,0.84305,0.84314,1.10,2.20
2010.07.05 03:42:13.799,0.84302,0.84314,0.67,0.95
2010.07.05 03:42:15.872,0.84303,0.84314,0.78,1.70
2010.07.05 03:42:17.846,0.84301,0.84314,3.50,0.84
2010.07.05 03:42:20.590,0.843,0.84309,1.30,1.30
2010.07.05 03:42:22.317,0.84298,0.84312,2.00,0.77
2010.07.05 03:42:22.417,0.84296,0.84294,1.80,1.40
2010.07.05 03:42:22.893,0.84292,0.84294,0.77,1.30
2010.07.05 03:42:23.359,0.8429,0.84294,1.70,1.40
2010.07.05 03:42:26.895,0.84289,0.84294,1.70,1.20
2010.07.05 03:42:29.214,0.8429,0.84294,1.10,1.90
2010.07.05 03:42:31.077,0.84292,0.84299,1.20,2.00
2010.07.05 03:42:32.987,0.84288,0.84299,1.50,1.20
2010.07.05 03:42:33.416,0.84286,0.84299,1.10,0.93
2010.07.05 03:42:34.399,0.84289,0.84299,1.00,1.10
2010.07.05 03:42:35.692,0.84286,0.84299,1.60,0.81
2010.07.05 03:42:36.184,0.84289,0.84299,0.91,0.79
2010.07.05 03:42:37.264,0.84291,0.84299,0.81,1.20
2010.07.05 03:42:37.545,0.84293,0.84304,2.60,1.60
2010.07.05 03:42:37.759,0.84296,0.84304,0.84,1.00
2010.07.05 03:42:38.579,0.84301,0.84309,0.78,0.91
2010.07.05 03:42:39.076,0.84296,0.84299,0.99,1.50
2010.07.05 03:42:39.624,0.84294,0.84299,1.40,1.20
2010.07.05 03:42:40.578,0.84287,0.84299,1.60,2.20
2010.07.05 03:42:41.708,0.84284,0.84294,1.70,2.00
2010.07.05 03:42:43.249,0.84283,0.84294,1.20,0.68
2010.07.05 03:42:44.391,0.84281,0.84294,1.50,1.20
2010.07.05 03:42:46.888,0.84286,0.84294,2.10,1.20
2010.07.05 03:42:48.540,0.84291,0.84291,0.79,1.30
2010.07.05 03:42:49.801,0.84296,0.84304,1.70,1.50
2010.07.05 03:42:52.041,0.84291,0.84301,1.20,1.30
2010.07.05 03:42:55.077,0.84295,0.84301,1.60,1.20
2010.07.05 03:42:55.715,0.84301,0.84301,1.00,2.30
2010.07.05 03:42:58.613,0.84298,0.84301,0.94,1.10
2010.07.05 03:42:59.659,0.84296,0.84301,1.30,1.20
2010.07.05 03:43:05.987,0.84297,0.84305,1.70,1.90
2010.07.05 03:43:06.247,0.843,0.8431,1.40,1.30
2010.07.05 03:43:06.866,0.84296,0.84305,0.82,1.20
2010.07.05 03:43:26.011,0.84297,0.84306,0.90,1.80
2010.07.05 03:43:29.872,0.84296,0.84306,1.50,1.70
2010.07.05 03:43:35.041,0.84297,0.84309,1.20,1.40
2010.07.05 03:43:35.696,0.84301,0.84309,1.10,1.50
2010.07.05 03:43:36.982,0.84297,0.84306,0.63,0.94
2010.07.05 03:43:37.322,0.84296,0.84306,1.50,1.80
2010.07.05 03:43:55.697,0.84297,0.84309,2.60,1.60
2010.07.05 03:43:58.207,0.84296,0.84309,1.00,1.10
2010.07.05 03:44:05.522,0.84301,0.84309,1.30,0.88
2010.07.05 03:44:06.220,0.84298,0.84314,1.20,0.91
2010.07.05 03:44:06.905,0.84296,0.84309,1.00,0.99
2010.07.05 03:44:07.213,0.84294,0.84309,1.70,0.88
2010.07.05 03:44:09.707,0.84296,0.84309,2.00,2.00
2010.07.05 03:44:11.881,0.84294,0.84309,1.10,1.10
2010.07.05 03:44:21.201,0.84293,0.84304,1.20,0.80
2010.07.05 03:44:21.538,0.84291,0.84304,1.30,1.30
2010.07.05 03:44:23.174,0.84289,0.84299,1.30,1.10
2010.07.05 03:44:23.635,0.84286,0.84299,2.00,0.57
2010.07.05 03:44:23.773,0.84285,0.84299,1.20,0.61
2010.07.05 03:44:46.119,0.84284,0.84299,2.00,1.70
2010.07.05 03:44:46.306,0.84281,0.84293,1.60,0.86
2010.07.05 03:44:46.686,0.84278,0.84289,1.40,1.80
2010.07.05 03:44:46.863,0.84283,0.84289,1.60,0.98
2010.07.05 03:44:49.144,0.84281,0.84294,0.89,1.70
2010.07.05 03:44:49.470,0.84278,0.84293,0.64,0.94
2010.07.05 03:44:49.812,0.84288,0.84293,1.10,1.60
2010.07.05 03:44:50.130,0.84286,0.84294,1.80,1.60
2010.07.05 03:44:50.274,0.8428,0.84294,1.90,0.80
2010.07.05 03:44:50.530,0.84288,0.84294,1.60,0.86
2010.07.05 03:44:50.704,0.84286,0.84294,1.20,1.10
2010.07.05 03:44:50.835,0.8428,0.84294,1.40,1.40
2010.07.05 03:44:51.794,0.84278,0.84294,2.20,1.10
2010.07.05 03:44:54.154,0.84276,0.84289,1.20,1.30
2010.07.05 03:44:54.792,0.84275,0.84289,1.20,1.30
2010.07.05 03:44:55.976,0.84273,0.84289,0.75,1.20
2010.07.05 03:45:02.213,0.84271,0.84284,1.10,1.80
2010.07.05 03:45:02.419,0.84268,0.84284,0.86,1.30
2010.07.05 03:45:02.693,0.84267,0.84279,1.90,1.10
2010.07.05 03:45:03.012,0.84261,0.84269,1.00,1.70
2010.07.05 03:45:03.326,0.84257,0.84269,0.76,1.40
2010.07.05 03:45:03.572,0.84253,0.84269,1.60,1.80
2010.07.05 03:45:03.722,0.84254,0.84269,1.40,1.30
2010.07.05 03:45:03.800,0.84263,0.84269,1.80,2.70
2010.07.05 03:45:04.444,0.84264,0.84279,1.50,1.40
2010.07.05 03:45:06.693,0.84263,0.84279,0.87,1.60
2010.07.05 03:45:07.970,0.84268,0.84279,0.89,1.10
2010.07.05 03:45:14.199,0.84267,0.84282,1.10,0.83
2010.07.05 03:45:17.483,0.8427,0.84283,1.30,1.60
2010.07.05 03:45:18.623,0.84268,0.84283,2.10,1.10
2010.07.05 03:45:21.406,0.84267,0.84283,1.60,0.90
2010.07.05 03:45:35.295,0.84268,0.84282,1.20,2.50
2010.07.05 03:45:35.997,0.84264,0.84277,2.10,1.50
2010.07.05 03:45:38.028,0.84262,0.84277,0.63,1.00
2010.07.05 03:45:45.636,0.84263,0.84277,0.64,2.00
2010.07.05 03:45:49.551,0.84262,0.84277,0.80,1.10
2010.07.05 03:45:52.249,0.84261,0.84277,0.90,1.60
2010.07.05 03:46:38.208,0.84273,0.84278,1.20,1.00
2010.07.05 03:46:38.949,0.84278,0.84284,2.50,0.96
2010.07.05 03:46:41.486,0.84283,0.84284,1.10,0.81
2010.07.05 03:46:47.227,0.84288,0.84289,2.20,1.50
2010.07.05 03:46:49.903,0.84293,0.84294,1.50,1.70
2010.07.05 03:46:58.114,0.84281,0.84297,1.60,1.70
2010.07.05 03:46:58.468,0.84282,0.84297,1.20,1.00
2010.07.05 03:46:58.687,0.84286,0.84297,1.30,1.50
2010.07.05 03:46:58.860,0.84298,0.84298,1.10,2.10
2010.07.05 03:47:03.984,0.84293,0.84304,1.10,1.20
2010.07.05 03:47:13.924,0.84298,0.84299,0.77,0.86
2010.07.05 03:47:16.668,0.84303,0.84306,1.20,0.86
2010.07.05 03:47:22.107,0.84298,0.84308,1.80,0.61
2010.07.05 03:47:26.855,0.84303,0.84304,1.40,1.40
2010.07.05 03:47:35.320,0.84308,0.84308,2.00,1.70
2010.07.05 03:47:36.608,0.84303,0.84311,1.90,1.60
2010.07.05 03:47:37.042,0.84308,0.84309,1.80,1.30
2010.07.05 03:47:38.360,0.84303,0.84309,1.50,1.10
2010.07.05 03:47:43.848,0.84293,0.84309,2.20,0.66
2010.07.05 03:47:51.092,0.84291,0.84304,0.93,1.40
2010.07.05 03:47:51.519,0.8429,0.84304,1.50,1.40
2010.07.05 03:47:51.806,0.84288,0.84304,0.59,0.97
2010.07.05 03:47:54.264,0.84284,0.84299,1.30,2.10
2010.07.05 03:47:58.581,0.84283,0.84299,0.64,0.84
2010.07.05 03:48:00.484,0.84286,0.84299,0.76,1.70
2010.07.05 03:48:00.524,0.84288,0.84299,1.70,1.10
2010.07.05 03:48:03.270,0.84289,0.84304,1.50,1.10
2010.07.05 03:48:05.962,0.84293,0.84304,1.60,0.96
2010.07.05 03:48:06.044,0.84291,0.84304,1.80,1.30
2010.07.05 03:48:06.919,0.84289,0.84304,1.20,1.50
2010.07.05 03:48:10.244,0.84288,0.84304,1.20,0.53
2010.07.05 03:48:19.037,0.84286,0.84299,1.60,1.00
2010.07.05 03:48:19.997,0.84284,0.84299,0.98,1.50
2010.07.05 03:48:36.398,0.84285,0.84299,1.30,0.83
2010.07.05 03:48:36.888,0.84289,0.84299,1.20,0.65
2010.07.05 03:48:48.273,0.84286,0.84299,0.89,1.40
2010.07.05 03:48:48.952,0.84284,0.84299,1.10,1.90
2010.07.05 03:48:54.929,0.84289,0.84299,1.20,2.10
2010.07.05 03:48:57.336,0.84286,0.843,0.98,1.20
2010.07.05 03:48:57.596,0.84284,0.84299,0.81,1.70
2010.07.05 03:48:58.368,0.84286,0.84299,0.70,1.30
2010.07.05 03:48:58.878,0.84289,0.84299,1.10,1.20
2010.07.05 03:49:04.070,0.84288,0.843,0.97,1.50
2010.07.05 03:49:04.403,0.84286,0.843,0.83,1.30
2010.07.05 03:49:04.641,0.84284,0.84299,0.95,1.10
2010.07.05 03:49:04.971,0.84289,0.84299,1.20,1.10
2010.07.05 03:49:16.071,0.84286,0.84297,1.60,1.80
2010.07.05 03:49:16.739,0.84284,0.84297,0.88,1.20
2010.07.05 03:49:27.388,0.84285,0.84297,1.80,1.70
2010.07.05 03:49:35.978,0.84284,0.84297,0.98,1.20
2010.07.05 03:49:38.009,0.84286,0.84299,1.50,1.30
2010.07.05 03:49:38.396,0.84287,0.84299,0.92,1.10
2010.07.05 03:49:38.958,0.84288,0.84299,0.83,1.70
2010.07.05 03:49:39.118,0.84291,0.84303,0.66,1.30
2010.07.05 03:49:41.394,0.84289,0.84303,0.66,1.00
2010.07.05 03:49:52.946,0.84287,0.84302,1.50,0.99
2010.07.05 03:50:06.946,0.84292,0.84299,0.87,1.20
2010.07.05 03:50:14.165,0.84291,0.84303,0.91,1.30
2010.07.05 03:50:14.677,0.84289,0.84303,1.60,1.50
2010.07.05 03:50:15.463,0.84292,0.84303,1.30,2.40
2010.07.05 03:50:16.717,0.8429,0.84303,0.96,0.73
2010.07.05 03:50:19.347,0.84289,0.84303,2.20,2.00
2010.07.05 03:50:20.991,0.84291,0.84303,1.00,0.96
2010.07.05 03:50:29.289,0.84292,0.84304,1.80,0.77
2010.07.05 03:50:29.785,0.84293,0.84309,1.30,1.20
2010.07.05 03:50:35.030,0.84298,0.84309,1.50,1.10
2010.07.05 03:50:35.356,0.84296,0.84309,0.76,1.10
2010.07.05 03:50:35.860,0.84293,0.84309,1.60,2.40
2010.07.05 03:50:37.284,0.84295,0.84309,1.30,1.20
2010.07.05 03:50:37.915,0.84293,0.84309,0.83,0.71
2010.07.05 03:51:22.592,0.84294,0.84309,0.88,0.74
2010.07.05 03:51:45.160,0.843,0.8431,0.71,1.30
2010.07.05 03:51:45.224,0.84302,0.8431,1.80,2.80
2010.07.05 03:51:45.479,0.84309,0.84323,1.30,0.98
2010.07.05 03:51:45.634,0.84306,0.84315,3.80,1.40
2010.07.05 03:51:45.792,0.84302,0.84314,1.40,1.10
2010.07.05 03:51:45.909,0.84299,0.84314,1.00,1.60
2010.07.05 03:51:47.329,0.84304,0.84314,1.00,1.10
2010.07.05 03:52:14.875,0.84305,0.84319,0.68,1.40
2010.07.05 03:52:55.503,0.84303,0.84319,1.30,0.87
2010.07.05 03:53:29.242,0.84296,0.84314,1.40,0.83
2010.07.05 03:53:36.046,0.84298,0.84314,1.50,0.94
2010.07.05 03:53:36.410,0.84308,0.84314,1.10,0.98
2010.07.05 03:53:36.675,0.84306,0.84319,1.10,1.10
2010.07.05 03:53:37.901,0.84303,0.84319,1.10,1.20
2010.07.05 03:53:39.777,0.84305,0.84319,1.40,0.70
2010.07.05 03:53:40.789,0.84303,0.84319,0.84,2.10
2010.07.05 03:53:53.186,0.84304,0.84319,1.00,1.40
2010.07.05 03:53:58.504,0.84305,0.84319,0.87,0.95
2010.07.05 03:53:59.215,0.84308,0.84319,1.30,0.70
2010.07.05 03:53:59.359,0.84303,0.84319,1.30,1.70
2010.07.05 03:53:59.654,0.84308,0.84319,1.10,0.77
2010.07.05 03:53:59.800,0.84307,0.84323,1.90,0.78
2010.07.05 03:54:08.211,0.84306,0.84318,0.88,3.00
2010.07.05 03:54:08.597,0.84302,0.84318,0.88,1.90
2010.07.05 03:54:40.049,0.843,0.84318,1.50,1.40
2010.07.05 03:54:40.357,0.84295,0.84311,1.90,2.00
2010.07.05 03:54:40.572,0.84302,0.84311,0.78,1.90
2010.07.05 03:54:40.719,0.84301,0.84311,1.10,1.40
2010.07.05 03:54:40.954,0.84299,0.84311,0.66,1.20
2010.07.05 03:54:41.832,0.84297,0.84311,0.82,1.40
2010.07.05 03:54:45.533,0.84298,0.84313,0.69,0.94
2010.07.05 03:55:03.240,0.84297,0.84308,0.84,0.84
2010.07.05 03:55:03.343,0.84296,0.84308,1.80,1.30
2010.07.05 03:55:03.870,0.84293,0.84308,1.30,1.20
2010.07.05 03:55:04.490,0.84292,0.84308,0.79,1.50
2010.07.05 03:55:45.161,0.84297,0.84308,1.50,3.00
2010.07.05 03:55:45.933,0.84299,0.8431,1.70,0.78
2010.07.05 03:55:46.271,0.84303,0.84313,2.00,1.50
2010.07.05 03:55:52.486,0.84302,0.84313,0.81,1.40
2010.07.05 03:56:26.307,0.84291,0.84322,0.98,1.30
2010.07.05 03:56:26.796,0.84303,0.84319,2.20,1.10
2010.07.05 03:56:28.260,0.84301,0.84314,1.10,1.30
2010.07.05 03:56:28.828,0.84298,0.84314,2.50,1.00
2010.07.05 03:56:40.858,0.84304,0.84314,0.89,1.30
2010.07.05 03:56:45.612,0.84303,0.84314,0.92,1.70
2010.07.05 03:57:10.637,0.84308,0.84319,0.97,3.60
2010.07.05 03:57:17.607,0.84309,0.84324,1.40,1.30
2010.07.05 03:57:40.714,0.84308,0.84322,1.00,1.50
2010.07.05 03:57:41.432,0.84306,0.84322,1.00,0.98
2010.07.05 03:58:01.667,0.84309,0.84318,1.50,1.70
2010.07.05 03:58:07.805,0.84307,0.84322,0.69,1.60
2010.07.05 03:58:14.321,0.84309,0.84322,1.00,1.10
2010.07.05 03:58:14.636,0.84311,0.84322,0.89,1.70
2010.07.05 03:58:18.846,0.84306,0.84322,1.70,1.20
2010.07.05 03:58:24.122,0.84301,0.84315,1.40,1.00
2010.07.05 03:58:52.433,0.84296,0.84301,1.20,1.20
2010.07.05 03:58:56.239,0.84299,0.84308,1.80,0.72
2010.07.05 03:58:56.509,0.84301,0.84313,1.20,0.63
2010.07.05 03:58:57.301,0.84302,0.84313,1.10,1.10
2010.07.05 03:58:57.914,0.84306,0.84313,0.61,0.87
2010.07.05 03:59:10.528,0.84301,0.84315,1.10,0.96
