2018.03.01 02:00:00.312,0.77317,0.77327,1.10,3.75
2018.03.01 02:00:00.518,0.77318,0.77328,1.57,3.94
2018.03.01 02:00:00.830,0.7732,0.77329,1.45,2.25
2018.03.01 02:00:01.436,0.7732,0.77329,1.57,1.00
2018.03.01 02:00:02.242,0.7732,0.77331,1.95,1.69
2018.03.01 02:00:02.767,0.7732,0.77331,2.32,1.31
2018.03.01 02:00:04.106,0.77322,0.77332,1.57,2.44
2018.03.01 02:00:06.694,0.77322,0.77332,1.20,2.06
2018.03.01 02:00:07.373,0.77322,0.77332,1.20,2.62
2018.03.01 02:00:08.845,0.77322,0.77332,1.20,3.00
2018.03.01 02:00:10.843,0.77322,0.77333,2.32,1.50
2018.03.01 02:00:11.267,0.77324,0.77335,1.10,5.25
2018.03.01 02:00:11.421,0.77327,0.77335,1.50,1.01
2018.03.01 02:00:11.575,0.77326,0.77336,1.00,3.19
2018.03.01 02:00:12.125,0.77325,0.77335,1.57,1.31
2018.03.01 02:00:12.643,0.77324,0.77334,1.00,1.00
2018.03.01 02:00:13.195,0.77323,0.77334,1.01,1.69
2018.03.01 02:00:13.247,0.77323,0.77332,1.76,1.00
2018.03.01 02:00:13.925,0.77322,0.77332,1.00,1.25
2018.03.01 02:00:15.991,0.77323,0.77333,1.12,3.07
2018.03.01 02:00:16.935,0.77322,0.77332,2.32,1.12
2018.03.01 02:00:17.735,0.77321,0.77331,1.45,1.00
2018.03.01 02:00:17.788,0.7732,0.77331,1.87,1.95
2018.03.01 02:00:19.292,0.77319,0.77331,5.32,4.01
2018.03.01 02:00:19.528,0.77318,0.77327,1.87,5.70
2018.03.01 02:00:19.581,0.77316,0.77326,1.57,3.94
2018.03.01 02:00:19.741,0.77314,0.77324,1.20,1.01
2018.03.01 02:00:23.134,0.77314,0.77325,3.37,1.76
2018.03.01 02:00:23.768,0.77314,0.77325,1.00,3.64
2018.03.01 02:00:26.759,0.77314,0.77325,4.12,1.39
2018.03.01 02:00:33.529,0.77314,0.77323,3.45,1.00
2018.03.01 02:00:39.228,0.77313,0.77323,3.64,1.25
2018.03.01 02:00:39.783,0.77313,0.77323,1.76,1.25
2018.03.01 02:00:42.144,0.77313,0.77323,5.89,1.25
2018.03.01 02:00:46.839,0.77313,0.77325,6.82,1.50
2018.03.01 02:01:01.031,0.77314,0.77325,2.32,1.50
2018.03.01 02:01:01.313,0.77314,0.77323,1.10,1.00
2018.03.01 02:01:02.000,0.77313,0.77325,3.64,1.50
2018.03.01 02:01:02.789,0.77314,0.77324,1.20,1.00
2018.03.01 02:01:03.403,0.77315,0.77324,2.62,1.00
2018.03.01 02:01:03.455,0.77314,0.77323,1.57,1.00
2018.03.01 02:01:04.115,0.77314,0.77323,1.12,1.00
2018.03.01 02:01:05.328,0.77314,0.77323,1.31,1.00
2018.03.01 02:01:05.916,0.77313,0.77323,3.00,1.00
2018.03.01 02:01:06.651,0.77314,0.77324,2.62,1.12
2018.03.01 02:01:07.803,0.77314,0.77324,4.50,3.37
2018.03.01 02:01:10.696,0.77314,0.77323,2.62,1.12
2018.03.01 02:01:13.535,0.77314,0.77324,3.00,1.00
2018.03.01 02:01:21.138,0.77315,0.77324,1.00,1.00
2018.03.01 02:01:21.810,0.77314,0.77324,1.50,1.00
2018.03.01 02:01:22.385,0.77315,0.77324,1.00,1.00
2018.03.01 02:01:22.970,0.77315,0.77325,1.20,1.10
2018.03.01 02:01:28.077,0.77314,0.77324,3.82,1.00
2018.03.01 02:01:30.560,0.77314,0.77326,1.20,5.70
2018.03.01 02:01:31.950,0.77316,0.77326,1.12,4.39
2018.03.01 02:01:32.055,0.77319,0.77327,3.00,1.00
2018.03.01 02:01:32.109,0.77319,0.7733,4.12,3.07
2018.03.01 02:01:32.631,0.7732,0.77331,1.10,1.39
2018.03.01 02:01:33.195,0.7732,0.77331,2.25,1.39
2018.03.01 02:01:34.809,0.77319,0.77331,3.07,2.89
2018.03.01 02:01:35.245,0.7732,0.77327,2.25,1.00
2018.03.01 02:01:35.554,0.77318,0.77326,1.00,2.25
2018.03.01 02:01:36.129,0.77317,0.77326,2.70,1.87
2018.03.01 02:01:36.406,0.77316,0.77325,1.50,1.87
2018.03.01 02:01:36.511,0.77314,0.77325,3.64,1.12
2018.03.01 02:01:37.173,0.77314,0.77324,1.12,3.26
2018.03.01 02:01:39.660,0.77313,0.77323,1.69,1.25
2018.03.01 02:01:40.966,0.77312,0.77323,1.29,1.32
2018.03.01 02:01:41.516,0.77312,0.77322,2.89,2.32
2018.03.01 02:01:45.542,0.77312,0.77323,1.39,1.39
2018.03.01 02:01:46.086,0.77314,0.77323,1.12,1.01
2018.03.01 02:01:46.844,0.77313,0.77323,1.69,1.39
2018.03.01 02:01:50.149,0.77313,0.77323,2.44,1.31
2018.03.01 02:01:51.288,0.77314,0.77323,2.70,1.25
2018.03.01 02:01:51.841,0.77314,0.77323,1.57,1.25
2018.03.01 02:01:52.360,0.77315,0.77323,1.00,1.31
2018.03.01 02:01:53.019,0.77314,0.77323,3.07,1.31
2018.03.01 02:01:54.174,0.77314,0.77322,1.00,1.20
2018.03.01 02:01:54.331,0.77312,0.77321,1.00,1.87
2018.03.01 02:01:54.384,0.77311,0.7732,1.69,3.37
2018.03.01 02:01:54.436,0.77311,0.77321,1.00,1.20
2018.03.01 02:01:54.488,0.77312,0.77322,1.19,4.20
2018.03.01 02:01:54.796,0.77315,0.77322,1.00,3.00
2018.03.01 02:01:55.086,0.77311,0.7732,1.39,2.25
2018.03.01 02:01:55.292,0.77311,0.77322,3.64,2.62
2018.03.01 02:01:55.344,0.77314,0.77322,1.00,2.62
2018.03.01 02:01:55.875,0.77315,0.77322,1.00,1.87
2018.03.01 02:01:58.214,0.77314,0.77324,4.12,3.37
2018.03.01 02:01:58.728,0.77315,0.77324,1.10,2.62
2018.03.01 02:01:59.287,0.77314,0.77324,3.82,2.62
2018.03.01 02:02:00.676,0.77314,0.77324,3.82,1.00
2018.03.01 02:02:01.474,0.77315,0.77324,1.00,1.12
2018.03.01 02:02:02.082,0.77314,0.77325,3.07,3.37
2018.03.01 02:02:02.590,0.77314,0.77324,3.07,3.00
2018.03.01 02:02:03.148,0.77314,0.77324,4.20,2.25
2018.03.01 02:02:03.436,0.77318,0.77328,3.64,1.50
2018.03.01 02:02:03.848,0.77318,0.77326,3.26,1.12
2018.03.01 02:02:03.954,0.77316,0.77326,2.32,1.50
2018.03.01 02:02:04.396,0.77315,0.77324,1.00,3.37
2018.03.01 02:02:05.158,0.77314,0.77324,1.10,3.37
2018.03.01 02:02:05.726,0.77314,0.77324,1.10,1.50
2018.03.01 02:02:06.270,0.77313,0.77324,2.89,3.37
2018.03.01 02:02:06.863,0.77314,0.77324,1.10,1.12
2018.03.01 02:02:07.410,0.77315,0.77324,1.20,3.75
2018.03.01 02:02:08.114,0.77314,0.77322,1.45,1.12
2018.03.01 02:02:08.271,0.77313,0.77322,1.20,2.62
2018.03.01 02:02:12.220,0.77311,0.77321,2.51,1.00
2018.03.01 02:02:12.775,0.77312,0.77321,1.45,1.00
2018.03.01 02:02:14.314,0.77312,0.77322,1.95,1.50
2018.03.01 02:02:15.348,0.77312,0.77322,1.95,2.62
2018.03.01 02:02:15.400,0.77313,0.77322,1.20,1.87
2018.03.01 02:02:16.561,0.77313,0.77322,1.20,1.87
2018.03.01 02:02:19.866,0.77311,0.77322,1.70,1.87
2018.03.01 02:02:20.373,0.77311,0.7732,1.20,1.00
2018.03.01 02:02:20.603,0.77313,0.77323,1.57,1.31
2018.03.01 02:02:21.582,0.77315,0.77324,1.20,6.75
2018.03.01 02:02:25.320,0.77313,0.77324,4.20,3.00
2018.03.01 02:02:30.467,0.77314,0.77324,1.45,1.12
2018.03.01 02:02:37.830,0.77313,0.77324,2.70,1.12
2018.03.01 02:02:40.190,0.77313,0.77324,2.14,2.62
2018.03.01 02:02:40.294,0.77314,0.77323,1.20,1.87
2018.03.01 02:02:40.815,0.77312,0.77323,2.89,1.87
2018.03.01 02:02:41.513,0.77312,0.77323,2.89,5.25
2018.03.01 02:02:43.184,0.77313,0.77323,1.39,1.87
2018.03.01 02:02:45.629,0.77312,0.77323,1.57,2.62
2018.03.01 02:02:46.665,0.77311,0.77321,3.07,1.87
2018.03.01 02:02:47.175,0.77311,0.77321,1.57,1.50
2018.03.01 02:02:47.717,0.77311,0.7732,1.95,2.25
2018.03.01 02:02:48.274,0.77311,0.77321,1.45,3.37
2018.03.01 02:02:51.597,0.7731,0.7732,2.32,4.87
2018.03.01 02:02:51.938,0.77305,0.77313,1.76,1.00
2018.03.01 02:02:53.857,0.77305,0.77314,1.76,1.00
2018.03.01 02:02:54.195,0.77305,0.77312,1.76,1.00
2018.03.01 02:02:55.150,0.77305,0.77312,1.39,1.00
2018.03.01 02:02:55.759,0.77303,0.77312,3.26,1.00
2018.03.01 02:03:01.135,0.77303,0.77312,2.14,1.00
2018.03.01 02:03:01.956,0.77305,0.77312,1.20,1.00
2018.03.01 02:03:02.008,0.77307,0.77316,1.00,3.82
2018.03.01 02:03:02.061,0.77308,0.77316,1.50,1.50
2018.03.01 02:03:02.742,0.77307,0.77317,1.95,1.00
2018.03.01 02:03:03.234,0.77305,0.77314,1.95,1.00
2018.03.01 02:03:03.750,0.77303,0.77313,3.82,1.00
2018.03.01 02:03:04.314,0.77303,0.77313,3.07,1.00
2018.03.01 02:03:05.595,0.77303,0.77313,1.57,1.50
2018.03.01 02:03:07.331,0.77302,0.77313,3.26,2.25
2018.03.01 02:03:23.839,0.77302,0.77311,2.62,1.00
2018.03.01 02:03:24.247,0.773,0.77309,1.95,2.85
2018.03.01 02:03:24.299,0.77298,0.77307,1.87,1.00
2018.03.01 02:03:24.817,0.77297,0.77307,3.37,1.95
2018.03.01 02:03:25.844,0.77297,0.77307,4.12,1.95
2018.03.01 02:03:26.541,0.77296,0.77307,7.39,1.20
2018.03.01 02:03:27.356,0.77297,0.77307,1.37,1.95
2018.03.01 02:03:29.403,0.77298,0.77308,1.12,1.95
2018.03.01 02:03:30.011,0.77298,0.77308,3.00,1.20
2018.03.01 02:03:30.671,0.77299,0.77308,1.00,1.20
2018.03.01 02:03:30.969,0.77301,0.77309,1.00,1.57
2018.03.01 02:03:32.008,0.773,0.77307,1.00,1.10
2018.03.01 02:03:32.062,0.77297,0.77307,3.07,1.57
2018.03.01 02:03:32.387,0.77297,0.77307,10.57,1.10
2018.03.01 02:03:32.592,0.773,0.77309,1.00,3.82
2018.03.01 02:03:33.310,0.77299,0.77309,1.31,3.82
2018.03.01 02:03:33.413,0.77298,0.77308,1.69,2.70
2018.03.01 02:03:33.936,0.77298,0.77309,4.69,1.57
2018.03.01 02:03:35.886,0.77298,0.77307,1.50,1.00
2018.03.01 02:03:36.434,0.77297,0.77307,1.00,4.01
2018.03.01 02:03:36.974,0.77293,0.77304,1.31,1.76
2018.03.01 02:03:37.132,0.77294,0.773,1.00,1.00
2018.03.01 02:03:37.185,0.77291,0.773,1.50,1.00
2018.03.01 02:03:39.285,0.7729,0.77301,1.37,1.20
2018.03.01 02:03:39.899,0.7729,0.773,1.37,1.10
2018.03.01 02:03:42.547,0.77291,0.77302,1.12,5.70
2018.03.01 02:03:43.278,0.77291,0.77302,2.62,5.70
2018.03.01 02:03:44.144,0.77292,0.77302,1.00,4.95
2018.03.01 02:03:44.650,0.77291,0.77302,2.62,5.70
2018.03.01 02:03:47.726,0.77291,0.77302,4.87,5.70
2018.03.01 02:03:49.409,0.77291,0.77302,3.00,4.95
2018.03.01 02:03:49.954,0.77289,0.773,4.01,1.95
2018.03.01 02:03:50.262,0.77288,0.77296,2.25,1.00
2018.03.01 02:03:52.434,0.77286,0.77296,1.57,2.44
2018.03.01 02:03:52.538,0.77284,0.77295,1.76,2.44
2018.03.01 02:03:52.692,0.77283,0.77294,1.31,1.57
2018.03.01 02:03:52.744,0.77282,0.77293,1.69,1.39
2018.03.01 02:03:53.364,0.77282,0.77292,1.31,1.20
2018.03.01 02:03:53.569,0.77281,0.77292,1.50,1.76
2018.03.01 02:03:53.920,0.7728,0.77292,1.87,4.76
2018.03.01 02:03:54.428,0.77281,0.77292,1.00,4.76
2018.03.01 02:03:54.937,0.77281,0.77291,1.00,1.32
2018.03.01 02:03:55.246,0.77285,0.77293,1.87,1.57
2018.03.01 02:03:55.402,0.77286,0.77295,1.87,1.10
2018.03.01 02:03:57.240,0.77286,0.77296,1.87,1.50
2018.03.01 02:03:57.549,0.77284,0.77295,3.64,2.51
2018.03.01 02:03:57.850,0.77282,0.77292,1.19,1.47
2018.03.01 02:03:59.998,0.77281,0.77291,1.39,3.37
2018.03.01 02:04:01.392,0.77279,0.7729,3.26,1.00
2018.03.01 02:04:05.766,0.77279,0.7729,1.76,1.00
2018.03.01 02:04:07.817,0.77279,0.7729,1.76,3.00
2018.03.01 02:04:08.321,0.77279,0.77289,1.47,3.00
2018.03.01 02:04:08.642,0.77277,0.77287,1.45,2.62
2018.03.01 02:04:08.738,0.77276,0.77285,1.20,1.62
2018.03.01 02:04:08.895,0.77272,0.77283,1.01,4.87
2018.03.01 02:04:08.947,0.77277,0.77284,1.00,1.00
2018.03.01 02:04:08.999,0.77277,0.77286,1.00,1.00
2018.03.01 02:04:09.051,0.77278,0.77287,1.19,1.00
2018.03.01 02:04:09.579,0.77278,0.77289,1.29,3.56
2018.03.01 02:04:10.209,0.77276,0.77288,4.01,4.20
2018.03.01 02:04:13.753,0.77278,0.77287,2.89,3.00
2018.03.01 02:04:14.366,0.77278,0.77288,2.89,4.50
2018.03.01 02:04:14.522,0.77274,0.77284,1.45,1.87
2018.03.01 02:04:14.628,0.77272,0.77283,1.95,3.00
2018.03.01 02:04:14.939,0.77271,0.77282,1.57,4.50
2018.03.01 02:04:16.239,0.77271,0.77281,1.39,1.87
2018.03.01 02:04:16.774,0.77271,0.77281,5.14,1.87
2018.03.01 02:04:18.435,0.77271,0.7728,3.64,1.00
2018.03.01 02:04:18.975,0.77271,0.7728,2.89,1.00
2018.03.01 02:04:19.605,0.77269,0.7728,1.50,3.82
2018.03.01 02:04:20.134,0.77268,0.7728,3.26,4.57
2018.03.01 02:04:20.891,0.77268,0.77279,1.20,1.31
2018.03.01 02:04:21.046,0.77267,0.77277,7.76,1.00
2018.03.01 02:04:21.155,0.77266,0.77276,1.10,3.07
2018.03.01 02:04:21.210,0.77265,0.77275,1.10,2.70
2018.03.01 02:04:21.314,0.77261,0.77274,2.89,5.51
2018.03.01 02:04:21.469,0.77261,0.77273,1.26,6.07
2018.03.01 02:04:21.980,0.77261,0.77272,3.19,1.57
2018.03.01 02:04:22.975,0.77261,0.77273,1.94,1.95
2018.03.01 02:04:23.585,0.77262,0.77274,4.01,4.01
2018.03.01 02:04:24.089,0.77263,0.77276,4.57,4.76
2018.03.01 02:04:25.012,0.77263,0.77272,2.70,1.00
2018.03.01 02:04:25.861,0.77262,0.77273,5.89,1.00
2018.03.01 02:04:26.403,0.77263,0.77275,1.45,1.31
2018.03.01 02:04:26.965,0.77264,0.77276,1.07,4.01
2018.03.01 02:04:29.266,0.77264,0.77276,1.50,2.51
2018.03.01 02:04:29.576,0.77263,0.77276,3.26,3.26
2018.03.01 02:04:30.176,0.77263,0.77276,4.39,1.69
2018.03.01 02:04:30.699,0.77264,0.77276,1.07,1.76
2018.03.01 02:04:31.208,0.77266,0.77276,1.37,1.50
2018.03.01 02:04:31.361,0.77265,0.77277,1.10,2.89
2018.03.01 02:04:31.757,0.77265,0.77277,1.20,3.82
2018.03.01 02:04:32.981,0.77267,0.77276,1.20,1.50
2018.03.01 02:04:33.364,0.77269,0.77276,1.57,1.50
2018.03.01 02:04:33.468,0.77269,0.77277,1.57,3.56
2018.03.01 02:04:33.831,0.7727,0.77279,1.57,1.31
2018.03.01 02:04:35.054,0.7727,0.77279,1.57,3.19
2018.03.01 02:04:35.583,0.77271,0.77279,1.45,2.44
2018.03.01 02:04:36.273,0.7727,0.77279,1.57,3.19
2018.03.01 02:04:39.588,0.77269,0.77277,1.57,1.00
2018.03.01 02:04:40.090,0.77269,0.77277,1.10,1.87
2018.03.01 02:04:40.352,0.7727,0.77278,1.20,1.12
2018.03.01 02:04:42.813,0.7727,0.77278,1.20,1.37
2018.03.01 02:04:48.068,0.7727,0.77276,1.20,1.75
2018.03.01 02:04:48.565,0.7727,0.77277,1.20,1.12
2018.03.01 02:04:49.819,0.7727,0.77278,1.20,1.50
2018.03.01 02:04:50.728,0.77269,0.77277,1.10,1.00
2018.03.01 02:04:51.349,0.77268,0.77276,1.57,1.00
2018.03.01 02:04:51.505,0.77267,0.77276,1.45,2.06
2018.03.01 02:04:51.714,0.77266,0.77276,5.32,1.31
2018.03.01 02:04:51.766,0.77269,0.77276,1.57,1.12
2018.03.01 02:04:52.279,0.77269,0.77277,1.57,1.87
2018.03.01 02:04:52.785,0.77269,0.77278,1.95,2.00
2018.03.01 02:04:53.446,0.77269,0.77279,1.95,5.06
2018.03.01 02:04:59.918,0.7727,0.77277,1.20,1.75
2018.03.01 02:05:00.151,0.77269,0.77276,1.20,1.12
2018.03.01 02:05:00.203,0.77269,0.77279,2.32,2.06
2018.03.01 02:05:00.514,0.77272,0.77281,1.12,1.31
2018.03.01 02:05:00.566,0.77272,0.77282,2.32,1.50
2018.03.01 02:05:01.097,0.77274,0.77282,1.20,1.50
2018.03.01 02:05:01.722,0.77274,0.77282,1.57,1.00
2018.03.01 02:05:02.263,0.77275,0.77283,1.57,2.62
2018.03.01 02:05:02.368,0.77279,0.77286,3.37,1.00
2018.03.01 02:05:02.421,0.77279,0.77288,1.87,1.10
2018.03.01 02:05:02.689,0.7728,0.77288,1.20,1.00
2018.03.01 02:05:03.202,0.77278,0.77288,4.20,1.37
2018.03.01 02:05:03.756,0.77278,0.77289,4.57,2.81
2018.03.01 02:05:04.539,0.77278,0.77289,4.57,1.25
2018.03.01 02:05:04.851,0.77276,0.77283,1.37,1.00
2018.03.01 02:05:04.904,0.77272,0.77282,5.32,1.20
2018.03.01 02:05:05.112,0.7727,0.77281,2.81,4.20
2018.03.01 02:05:05.164,0.7727,0.7728,2.06,1.57
2018.03.01 02:05:05.532,0.77269,0.77278,1.12,1.50
2018.03.01 02:05:05.859,0.77268,0.77277,2.06,1.57
2018.03.01 02:05:06.628,0.77268,0.77277,2.06,1.10
2018.03.01 02:05:06.951,0.77267,0.77274,1.00,1.45
2018.03.01 02:05:08.015,0.77267,0.77276,2.25,2.70
2018.03.01 02:05:08.605,0.77266,0.77277,2.44,4.95
2018.03.01 02:05:09.400,0.77267,0.77276,1.12,1.45
2018.03.01 02:05:15.215,0.77267,0.77276,2.25,1.57
2018.03.01 02:05:20.170,0.77267,0.77276,1.12,1.45
2018.03.01 02:05:23.028,0.77266,0.77277,4.31,1.95
2018.03.01 02:05:26.000,0.77267,0.77275,2.62,1.47
2018.03.01 02:05:26.528,0.77267,0.77277,1.87,3.45
2018.03.01 02:05:27.189,0.77267,0.77277,1.87,4.20
2018.03.01 02:05:27.850,0.77267,0.77276,2.62,1.07
2018.03.01 02:05:31.931,0.77264,0.77274,2.81,1.45
2018.03.01 02:05:32.490,0.77264,0.77273,1.00,3.26
2018.03.01 02:05:33.481,0.77262,0.77273,1.87,2.89
2018.03.01 02:05:35.937,0.77262,0.77273,3.75,2.89
2018.03.01 02:05:36.710,0.77262,0.77271,1.50,1.20
2018.03.01 02:05:37.518,0.77263,0.77271,1.00,1.20
2018.03.01 02:05:37.571,0.77263,0.77271,1.31,1.20
2018.03.01 02:05:37.891,0.77267,0.77274,1.00,1.10
2018.03.01 02:05:38.152,0.77263,0.77272,1.31,1.00
2018.03.01 02:05:38.459,0.77264,0.77272,1.00,1.45
2018.03.01 02:05:39.009,0.77263,0.77271,1.25,1.57
2018.03.01 02:05:39.578,0.77264,0.77271,1.00,1.45
2018.03.01 02:05:40.161,0.7726,0.7727,3.00,1.20
2018.03.01 02:05:40.264,0.7726,0.7727,1.00,1.95
2018.03.01 02:05:40.944,0.7726,0.7727,1.00,1.95
2018.03.01 02:05:41.454,0.77259,0.77269,1.00,1.45
2018.03.01 02:05:41.777,0.77259,0.77269,1.00,1.95
2018.03.01 02:05:42.290,0.77259,0.77269,1.00,1.45
2018.03.01 02:05:43.124,0.77258,0.77269,1.00,1.57
2018.03.01 02:05:43.628,0.77257,0.77266,3.00,1.00
2018.03.01 02:05:44.533,0.77257,0.77266,2.25,1.20
2018.03.01 02:05:45.141,0.77257,0.77268,1.37,1.95
2018.03.01 02:05:46.346,0.77259,0.77268,1.00,2.32
2018.03.01 02:05:47.126,0.77257,0.77268,1.87,1.57
2018.03.01 02:05:51.692,0.77257,0.77268,2.06,1.95
2018.03.01 02:05:54.469,0.77259,0.77267,1.00,1.95
2018.03.01 02:05:56.093,0.77259,0.77267,1.00,1.07
2018.03.01 02:05:56.195,0.77258,0.77268,2.25,3.07
2018.03.01 02:05:57.946,0.77259,0.77268,1.00,3.07
2018.03.01 02:05:58.682,0.77258,0.77268,1.50,2.32
2018.03.01 02:05:59.497,0.77258,0.77267,1.12,2.32
2018.03.01 02:06:01.510,0.77257,0.77264,2.62,1.10
2018.03.01 02:06:02.014,0.77253,0.77261,1.87,1.31
2018.03.01 02:06:02.067,0.77251,0.7726,1.00,1.00
2018.03.01 02:06:02.576,0.77249,0.7726,2.25,1.07
2018.03.01 02:06:02.814,0.77249,0.7726,3.75,1.07
2018.03.01 02:06:03.401,0.7725,0.7726,1.50,1.20
2018.03.01 02:06:04.076,0.77248,0.7726,3.56,5.89
2018.03.01 02:06:04.128,0.77251,0.77259,1.00,1.01
2018.03.01 02:06:04.180,0.77248,0.7726,7.57,3.26
2018.03.01 02:06:04.491,0.77251,0.7726,1.00,2.89
2018.03.01 02:06:05.290,0.77251,0.7726,1.00,2.14
2018.03.01 02:06:05.756,0.77249,0.7726,1.00,3.64
2018.03.01 02:06:06.295,0.77248,0.77258,1.12,1.20
2018.03.01 02:06:11.125,0.7725,0.77258,1.00,1.20
2018.03.01 02:06:11.554,0.77248,0.77258,1.87,1.20
2018.03.01 02:06:14.413,0.77248,0.77256,1.87,1.87
2018.03.01 02:06:14.924,0.77247,0.77256,1.69,1.00
2018.03.01 02:06:16.951,0.77248,0.77257,1.00,1.76
2018.03.01 02:06:18.284,0.77248,0.77257,1.10,1.69
2018.03.01 02:06:20.342,0.77247,0.77257,4.87,2.06
2018.03.01 02:06:20.877,0.77248,0.77257,1.57,1.69
2018.03.01 02:06:21.602,0.77247,0.77253,3.00,1.00
2018.03.01 02:06:21.706,0.77244,0.77254,1.50,5.25
2018.03.01 02:06:21.913,0.77242,0.77252,1.39,3.75
2018.03.01 02:06:22.223,0.77244,0.77255,2.44,1.20
2018.03.01 02:06:22.275,0.77244,0.77255,4.69,1.57
2018.03.01 02:06:22.551,0.77247,0.77254,1.00,2.14
2018.03.01 02:06:22.655,0.77243,0.77252,1.01,1.37
2018.03.01 02:06:22.708,0.77241,0.77251,1.00,1.95
2018.03.01 02:06:23.226,0.7724,0.77249,1.12,1.37
2018.03.01 02:06:23.728,0.77239,0.7725,1.50,1.76
2018.03.01 02:06:23.994,0.77239,0.77249,1.50,2.62
2018.03.01 02:06:29.237,0.7724,0.7725,2.32,1.69
2018.03.01 02:06:29.289,0.77242,0.7725,1.00,1.69
2018.03.01 02:06:29.599,0.77247,0.77254,1.50,1.00
2018.03.01 02:06:30.102,0.77246,0.77254,1.10,1.00
2018.03.01 02:06:30.259,0.77244,0.77255,1.01,3.19
2018.03.01 02:06:30.775,0.77243,0.77254,2.89,1.87
2018.03.01 02:06:31.301,0.77244,0.77254,1.01,2.62
2018.03.01 02:06:31.725,0.77246,0.77252,1.00,1.00
2018.03.01 02:06:31.776,0.77246,0.77254,1.00,1.00
2018.03.01 02:06:32.160,0.77247,0.77256,1.50,3.82
2018.03.01 02:06:32.366,0.77245,0.77255,2.70,1.00
2018.03.01 02:06:32.888,0.77246,0.77255,1.00,1.00
2018.03.01 02:06:33.493,0.77246,0.77254,1.00,1.00
2018.03.01 02:06:33.546,0.77242,0.77253,2.32,1.12
2018.03.01 02:06:34.051,0.77242,0.77252,1.01,1.57
2018.03.01 02:06:34.578,0.77242,0.77253,1.00,4.57
2018.03.01 02:06:35.094,0.77242,0.77252,1.50,1.37
2018.03.01 02:06:35.703,0.77241,0.77251,1.12,1.50
2018.03.01 02:06:35.909,0.7724,0.7725,1.87,1.20
2018.03.01 02:06:36.711,0.77239,0.7725,1.00,1.20
2018.03.01 02:06:38.880,0.77238,0.7725,4.39,1.95
2018.03.01 02:06:39.741,0.77237,0.77246,1.00,3.37
2018.03.01 02:06:40.480,0.77238,0.77245,1.00,1.12
2018.03.01 02:06:41.796,0.77237,0.77245,1.00,2.62
2018.03.01 02:06:42.006,0.77233,0.77243,1.12,1.69
2018.03.01 02:06:42.059,0.77231,0.7724,1.10,1.87
2018.03.01 02:06:42.369,0.77228,0.77238,1.50,1.00
2018.03.01 02:06:43.079,0.77229,0.77239,1.12,2.89
2018.03.01 02:06:43.487,0.77228,0.77235,1.25,1.12
2018.03.01 02:06:44.024,0.77227,0.77237,1.87,1.39
2018.03.01 02:06:44.545,0.77228,0.77237,1.00,1.39
2018.03.01 02:06:45.052,0.77227,0.77237,5.62,1.31
2018.03.01 02:06:45.586,0.77228,0.77237,1.00,1.25
2018.03.01 02:06:46.093,0.77227,0.77237,2.81,1.31
2018.03.01 02:06:46.766,0.77228,0.77237,1.50,1.25
2018.03.01 02:06:47.169,0.77233,0.77239,1.00,1.95
2018.03.01 02:06:47.272,0.77233,0.77242,2.70,1.87
2018.03.01 02:06:47.790,0.77232,0.77243,1.76,1.47
2018.03.01 02:06:48.830,0.77232,0.77243,2.44,1.95
2018.03.01 02:06:49.285,0.77231,0.7724,3.56,1.00
2018.03.01 02:06:49.337,0.7723,0.7724,2.70,1.00
2018.03.01 02:06:49.595,0.77228,0.77238,1.50,1.00
2018.03.01 02:06:50.099,0.77228,0.77238,2.25,1.07
2018.03.01 02:06:50.580,0.77227,0.77238,7.57,1.07
2018.03.01 02:06:51.089,0.77228,0.77238,1.50,1.07
2018.03.01 02:06:51.669,0.77228,0.77236,1.00,1.00
2018.03.01 02:06:53.775,0.77228,0.77237,1.12,1.12
2018.03.01 02:06:54.393,0.77228,0.77237,2.32,1.12
2018.03.01 02:06:54.793,0.77228,0.77235,1.00,3.94
2018.03.01 02:06:54.987,0.77223,0.77233,6.07,1.50
2018.03.01 02:06:55.196,0.77226,0.77234,1.00,1.31
2018.03.01 02:06:55.713,0.77227,0.77235,1.10,1.69
2018.03.01 02:06:56.262,0.77226,0.77235,2.70,1.00
2018.03.01 02:06:57.048,0.77227,0.77235,1.00,2.06
2018.03.01 02:06:57.101,0.77225,0.77234,1.95,1.31
2018.03.01 02:06:57.689,0.77224,0.77233,1.57,1.00
2018.03.01 02:06:58.501,0.77224,0.77233,2.32,1.00
2018.03.01 02:06:59.552,0.77223,0.77233,1.20,4.31
2018.03.01 02:06:59.655,0.77221,0.7723,2.32,1.12
2018.03.01 02:06:59.965,0.77218,0.77225,3.45,1.00
2018.03.01 02:07:01.179,0.77217,0.77225,3.45,1.00
2018.03.01 02:07:01.964,0.77217,0.77227,3.07,1.12
2018.03.01 02:07:02.769,0.77217,0.77227,5.51,1.12
2018.03.01 02:07:03.295,0.77219,0.77228,1.10,2.81
2018.03.01 02:07:03.398,0.77227,0.77231,1.57,2.25
2018.03.01 02:07:03.450,0.77229,0.77234,1.00,1.00
2018.03.01 02:07:03.554,0.77228,0.77236,1.20,1.00
2018.03.01 02:07:04.072,0.77227,0.77237,8.70,1.00
2018.03.01 02:07:04.679,0.77227,0.77236,1.47,1.00
2018.03.01 02:07:05.938,0.77227,0.77236,1.10,1.00
2018.03.01 02:07:06.499,0.77228,0.77236,1.20,1.00
2018.03.01 02:07:07.601,0.77228,0.77238,1.20,1.12
2018.03.01 02:07:08.490,0.77227,0.77237,2.32,1.00
2018.03.01 02:07:08.671,0.77225,0.77235,1.57,1.50
2018.03.01 02:07:09.000,0.77227,0.77235,1.00,1.12
2018.03.01 02:07:09.598,0.77224,0.77235,4.20,1.87
2018.03.01 02:07:10.646,0.77224,0.77235,2.70,2.25
2018.03.01 02:07:11.270,0.77227,0.77235,1.50,1.00
2018.03.01 02:07:11.914,0.77227,0.77236,1.50,3.56
2018.03.01 02:07:12.415,0.77226,0.77236,3.07,2.81
2018.03.01 02:07:13.063,0.77227,0.77235,2.25,1.00
2018.03.01 02:07:14.436,0.77227,0.77236,1.00,2.81
2018.03.01 02:07:16.953,0.77227,0.77235,1.50,1.00
2018.03.01 02:07:17.616,0.77227,0.77236,1.00,2.81
2018.03.01 02:07:18.680,0.77227,0.77235,3.00,1.00
2018.03.01 02:07:19.198,0.77227,0.77236,2.25,3.19
2018.03.01 02:07:19.717,0.77227,0.77235,2.25,1.00
2018.03.01 02:07:20.230,0.77227,0.77236,1.00,2.06
2018.03.01 02:07:24.964,0.77226,0.77236,6.45,2.06
2018.03.01 02:07:27.421,0.77227,0.77236,1.50,1.12
2018.03.01 02:07:35.177,0.77228,0.77236,1.00,1.00
2018.03.01 02:07:37.783,0.77223,0.77229,1.12,2.62
2018.03.01 02:07:37.886,0.7722,0.77229,1.20,1.31
2018.03.01 02:07:38.008,0.77218,0.77229,4.20,4.31
2018.03.01 02:07:38.517,0.77218,0.77228,1.95,2.06
2018.03.01 02:07:39.058,0.77218,0.77228,1.87,2.06
2018.03.01 02:07:42.338,0.77218,0.77228,1.12,3.19
2018.03.01 02:07:43.781,0.77219,0.77227,1.20,1.00
2018.03.01 02:07:44.287,0.77219,0.77228,1.20,1.25
2018.03.01 02:07:46.666,0.77218,0.77228,7.01,2.44
2018.03.01 02:07:47.008,0.77221,0.77229,1.00,2.44
2018.03.01 02:07:48.270,0.7722,0.77229,1.00,2.06
2018.03.01 02:07:48.932,0.77219,0.77228,1.57,1.31
2018.03.01 02:07:49.499,0.77218,0.77228,1.57,1.69
2018.03.01 02:07:50.072,0.77219,0.77228,1.20,1.25
2018.03.01 02:07:50.580,0.77218,0.77228,1.10,1.25
2018.03.01 02:07:51.220,0.77218,0.77227,1.57,1.12
2018.03.01 02:07:52.338,0.77217,0.77227,2.89,1.12
2018.03.01 02:07:52.485,0.77213,0.77222,1.10,1.00
2018.03.01 02:07:52.588,0.77212,0.7722,1.20,1.00
2018.03.01 02:07:53.219,0.77211,0.7722,2.70,1.37
2018.03.01 02:07:53.882,0.77211,0.7722,1.95,1.37
2018.03.01 02:07:54.421,0.7721,0.7722,3.45,1.87
2018.03.01 02:07:55.158,0.7721,0.77219,3.45,1.12
2018.03.01 02:07:55.623,0.77209,0.77219,1.57,1.12
2018.03.01 02:07:57.425,0.77209,0.77218,1.20,1.37
2018.03.01 02:07:57.480,0.77207,0.77216,3.45,1.00
2018.03.01 02:07:57.954,0.77208,0.77217,1.45,1.00
2018.03.01 02:07:58.503,0.77208,0.77218,3.45,1.00
2018.03.01 02:08:01.465,0.77212,0.7722,1.00,1.87
2018.03.01 02:08:01.568,0.7721,0.7722,4.57,1.12
2018.03.01 02:08:02.134,0.77211,0.7722,1.00,1.12
2018.03.01 02:08:03.617,0.77209,0.77219,3.82,1.00
2018.03.01 02:08:04.168,0.77209,0.7722,2.32,1.50
2018.03.01 02:08:04.828,0.77209,0.7722,2.32,2.25
2018.03.01 02:08:06.342,0.77209,0.7722,2.32,2.25
2018.03.01 02:08:07.050,0.7721,0.7722,1.00,1.50
2018.03.01 02:08:07.570,0.77209,0.7722,3.07,2.25
2018.03.01 02:08:08.120,0.77209,0.77221,3.82,5.51
2018.03.01 02:08:09.489,0.77209,0.7722,1.10,4.31
2018.03.01 02:08:09.594,0.77207,0.77217,1.95,2.62
2018.03.01 02:08:09.908,0.77203,0.77212,1.10,1.25
2018.03.01 02:08:10.064,0.772,0.7721,2.70,2.62
2018.03.01 02:08:10.612,0.77201,0.77211,1.12,1.31
2018.03.01 02:08:11.410,0.772,0.77211,1.95,2.89
2018.03.01 02:08:12.726,0.772,0.7721,1.50,3.37
2018.03.01 02:08:13.453,0.772,0.7721,1.50,4.12
2018.03.01 02:08:13.983,0.77199,0.77209,2.32,1.00
2018.03.01 02:08:14.191,0.77201,0.77211,1.87,1.12
2018.03.01 02:08:14.706,0.772,0.77211,1.57,1.50
2018.03.01 02:08:16.262,0.772,0.77211,2.62,2.70
2018.03.01 02:08:16.773,0.772,0.77211,2.62,2.70
2018.03.01 02:08:17.122,0.77201,0.77211,1.20,2.25
2018.03.01 02:08:17.666,0.772,0.77211,1.95,2.70
2018.03.01 02:08:19.136,0.77202,0.77211,1.39,1.00
2018.03.01 02:08:19.449,0.77206,0.77215,1.57,1.87
2018.03.01 02:08:20.052,0.77207,0.77215,1.00,1.87
2018.03.01 02:08:20.742,0.77207,0.77216,1.00,1.12
2018.03.01 02:08:24.147,0.77206,0.77216,4.50,1.10
2018.03.01 02:08:24.199,0.77204,0.7721,1.00,1.50
2018.03.01 02:08:24.251,0.772,0.77211,1.00,6.64
2018.03.01 02:08:24.612,0.77202,0.77211,1.00,2.14
2018.03.01 02:08:24.793,0.77199,0.7721,4.87,1.57
2018.03.01 02:08:25.395,0.772,0.7721,1.00,3.45
2018.03.01 02:08:26.034,0.77199,0.7721,1.20,2.25
2018.03.01 02:08:26.523,0.77199,0.7721,2.70,3.37
2018.03.01 02:08:26.766,0.772,0.7721,1.00,1.20
2018.03.01 02:08:27.309,0.77199,0.7721,1.20,2.62
2018.03.01 02:08:27.905,0.77198,0.7721,4.76,1.57
2018.03.01 02:08:28.412,0.77199,0.7721,2.32,2.62
2018.03.01 02:08:32.751,0.77202,0.7721,1.00,3.07
2018.03.01 02:08:32.803,0.77204,0.77213,1.00,3.00
2018.03.01 02:08:34.147,0.77205,0.77214,1.00,1.76
2018.03.01 02:08:34.795,0.77203,0.77212,5.32,1.00
2018.03.01 02:08:35.104,0.77206,0.77216,1.50,3.56
2018.03.01 02:08:35.750,0.77207,0.77216,2.25,3.19
2018.03.01 02:08:36.308,0.77206,0.77216,1.57,2.81
2018.03.01 02:08:36.869,0.77206,0.77214,3.75,1.45
2018.03.01 02:08:37.435,0.77206,0.77215,1.50,1.32
2018.03.01 02:08:37.920,0.77208,0.77216,1.00,3.64
2018.03.01 02:08:38.459,0.77207,0.77216,3.75,3.45
2018.03.01 02:08:42.471,0.77206,0.77215,3.00,1.20
2018.03.01 02:08:42.983,0.77207,0.77215,1.50,1.20
2018.03.01 02:08:43.512,0.77206,0.77216,3.00,2.32
2018.03.01 02:08:44.046,0.77204,0.77214,1.19,2.70
2018.03.01 02:08:44.353,0.772,0.77209,1.31,1.20
2018.03.01 02:08:44.560,0.772,0.77209,1.12,1.57
2018.03.01 02:08:45.438,0.77199,0.77209,1.69,1.45
2018.03.01 02:08:46.342,0.77199,0.7721,1.69,2.70
2018.03.01 02:08:47.099,0.77199,0.7721,2.44,2.70
2018.03.01 02:08:47.317,0.77199,0.7721,2.51,1.50
2018.03.01 02:08:48.050,0.772,0.7721,1.95,2.25
2018.03.01 02:08:50.498,0.772,0.7721,6.82,1.12
2018.03.01 02:08:50.604,0.77202,0.77211,1.95,1.00
2018.03.01 02:08:50.712,0.77207,0.77217,4.31,1.25
2018.03.01 02:08:52.187,0.77209,0.77217,1.20,1.25
2018.03.01 02:08:52.784,0.77208,0.77217,1.57,2.44
2018.03.01 02:08:53.787,0.77208,0.77217,1.57,1.25
2018.03.01 02:08:55.266,0.77209,0.77219,1.95,2.81
2018.03.01 02:08:55.656,0.77209,0.77219,2.32,1.00
2018.03.01 02:08:55.709,0.77215,0.7722,2.25,1.25
2018.03.01 02:08:55.763,0.77217,0.77223,1.00,1.00
2018.03.01 02:08:55.817,0.77217,0.77226,1.50,1.76
2018.03.01 02:08:56.075,0.77218,0.77227,1.20,1.87
2018.03.01 02:08:57.996,0.77217,0.77228,1.10,2.14
2018.03.01 02:08:58.255,0.77219,0.77228,1.00,1.76
2018.03.01 02:08:59.072,0.77221,0.77228,1.00,1.69
2018.03.01 02:08:59.614,0.77221,0.77228,1.00,1.31
2018.03.01 02:09:02.141,0.77224,0.7723,1.00,1.12
2018.03.01 02:09:02.344,0.77229,0.77238,1.57,1.69
2018.03.01 02:09:02.396,0.7723,0.77241,1.57,4.39
2018.03.01 02:09:02.602,0.77232,0.7724,1.00,1.20
2018.03.01 02:09:05.040,0.77232,0.7724,1.00,1.57
2018.03.01 02:09:08.239,0.77232,0.77239,1.00,1.00
2018.03.01 02:09:08.764,0.77229,0.77239,1.00,4.39
2018.03.01 02:09:09.391,0.77228,0.77236,1.00,1.00
2018.03.01 02:09:10.005,0.77229,0.77236,1.00,1.00
2018.03.01 02:09:10.528,0.77228,0.77236,1.00,1.00
2018.03.01 02:09:11.070,0.77228,0.77237,1.00,1.12
2018.03.01 02:09:11.201,0.77228,0.77234,1.00,1.37
2018.03.01 02:09:11.255,0.77223,0.77232,1.50,1.39
2018.03.01 02:09:11.361,0.7722,0.7723,1.57,1.01
2018.03.01 02:09:11.873,0.77219,0.7723,1.12,2.89
2018.03.01 02:09:13.188,0.77218,0.7723,3.75,3.26
2018.03.01 02:09:14.105,0.77218,0.7723,1.87,3.26
2018.03.01 02:09:15.102,0.77219,0.77228,1.00,1.70
2018.03.01 02:09:15.697,0.77217,0.77227,5.62,1.20
2018.03.01 02:09:16.431,0.77218,0.77229,3.37,1.76
2018.03.01 02:09:16.959,0.77218,0.77229,1.37,1.39
2018.03.01 02:09:19.548,0.77222,0.7723,1.00,2.51
2018.03.01 02:09:19.600,0.77222,0.77231,1.00,3.64
2018.03.01 02:09:19.943,0.77224,0.77231,1.00,2.51
2018.03.01 02:09:20.100,0.77225,0.77233,1.00,3.26
2018.03.01 02:09:20.205,0.77226,0.77234,1.00,2.32
2018.03.01 02:09:20.772,0.77226,0.77236,1.00,2.51
2018.03.01 02:09:22.206,0.77226,0.77234,1.00,1.00
2018.03.01 02:09:22.464,0.77225,0.77233,1.00,1.19
2018.03.01 02:09:23.000,0.77225,0.77233,1.00,1.00
2018.03.01 02:09:25.887,0.77225,0.77234,1.00,1.95
2018.03.01 02:09:26.491,0.77225,0.77235,1.00,1.10
2018.03.01 02:09:27.061,0.77225,0.77235,1.00,1.95
2018.03.01 02:09:27.563,0.77226,0.77235,1.00,1.10
2018.03.01 02:09:28.194,0.77226,0.77235,1.00,3.07
2018.03.01 02:09:28.937,0.77226,0.77235,1.00,1.10
2018.03.01 02:09:30.339,0.77228,0.77237,1.00,1.45
2018.03.01 02:09:30.922,0.77227,0.77237,1.12,3.26
2018.03.01 02:09:31.242,0.77227,0.77236,1.00,2.51
2018.03.01 02:09:32.244,0.77225,0.77236,1.00,3.26
2018.03.01 02:09:33.079,0.77225,0.77234,1.00,1.39
2018.03.01 02:09:33.614,0.77224,0.77234,1.00,1.39
2018.03.01 02:09:34.126,0.77223,0.77234,1.57,1.70
2018.03.01 02:09:35.060,0.77223,0.77233,1.57,1.20
2018.03.01 02:09:35.806,0.77224,0.77235,1.00,4.01
2018.03.01 02:09:37.362,0.77226,0.77235,1.00,1.95
2018.03.01 02:09:37.517,0.77227,0.77236,3.75,2.14
2018.03.01 02:09:38.178,0.77227,0.77235,3.75,1.00
2018.03.01 02:09:38.600,0.77227,0.77237,3.75,2.70
2018.03.01 02:09:38.705,0.77227,0.77236,1.00,3.26
2018.03.01 02:09:38.757,0.77223,0.77235,3.00,4.01
2018.03.01 02:09:38.860,0.77223,0.77233,3.00,1.20
2018.03.01 02:09:39.016,0.77221,0.77231,1.10,1.50
2018.03.01 02:09:39.529,0.77221,0.77231,1.00,3.45
2018.03.01 02:09:43.507,0.77219,0.77228,1.00,1.00
2018.03.01 02:09:52.649,0.77219,0.77229,1.20,1.10
2018.03.01 02:09:53.154,0.77219,0.77229,1.57,1.10
2018.03.01 02:09:53.817,0.77219,0.77229,1.57,1.10
2018.03.01 02:10:00.730,0.77219,0.77229,1.95,1.00
2018.03.01 02:10:03.742,0.77219,0.77228,1.00,1.00
2018.03.01 02:10:04.378,0.77219,0.77229,1.00,1.12
2018.03.01 02:10:14.361,0.77219,0.77229,1.00,3.75
2018.03.01 02:10:16.337,0.7722,0.77229,2.25,2.25
2018.03.01 02:10:17.645,0.77217,0.77226,1.20,1.56
2018.03.01 02:10:17.751,0.77214,0.77226,3.45,4.31
2018.03.01 02:10:17.804,0.77214,0.77224,1.20,1.12
2018.03.01 02:10:18.369,0.77213,0.77224,2.25,1.20
2018.03.01 02:10:18.903,0.77213,0.77224,2.25,1.39
2018.03.01 02:10:19.672,0.77213,0.77223,1.95,1.57
2018.03.01 02:10:23.203,0.77213,0.77223,1.20,1.57
2018.03.01 02:10:23.512,0.77218,0.77229,3.45,2.14
2018.03.01 02:10:30.200,0.77219,0.77229,3.37,1.31
2018.03.01 02:10:33.223,0.77219,0.77228,1.50,2.44
2018.03.01 02:10:33.328,0.77223,0.77231,1.00,1.25
2018.03.01 02:10:33.381,0.77224,0.77233,3.75,1.10
2018.03.01 02:10:33.641,0.77232,0.77243,1.10,2.51
2018.03.01 02:10:34.188,0.7723,0.77243,4.39,1.76
2018.03.01 02:10:35.272,0.77231,0.77243,1.10,2.14
2018.03.01 02:10:39.261,0.77231,0.77241,1.10,1.00
2018.03.01 02:10:41.829,0.77231,0.77241,1.00,1.57
2018.03.01 02:10:42.318,0.77231,0.77242,1.00,1.10
2018.03.01 02:10:43.798,0.7723,0.77242,5.32,1.20
2018.03.01 02:10:44.527,0.77231,0.77242,1.00,1.57
2018.03.01 02:10:45.591,0.7723,0.77242,4.20,1.57
2018.03.01 02:10:45.898,0.77231,0.77242,1.20,1.95
2018.03.01 02:10:46.508,0.77231,0.77242,1.20,1.20
2018.03.01 02:10:49.474,0.77233,0.77242,4.50,1.12
2018.03.01 02:10:53.783,0.77234,0.77245,2.62,2.89
2018.03.01 02:10:54.307,0.77234,0.77245,4.57,1.64
2018.03.01 02:10:58.294,0.77233,0.77245,2.32,7.76
2018.03.01 02:10:59.768,0.77233,0.77245,1.20,10.01
2018.03.01 02:11:01.648,0.77233,0.77244,1.12,1.01
2018.03.01 02:11:01.873,0.7723,0.77235,1.20,1.35
2018.03.01 02:11:01.926,0.77228,0.77235,1.20,2.66
2018.03.01 02:11:01.979,0.77226,0.77234,1.10,1.31
2018.03.01 02:11:02.084,0.77223,0.77232,1.20,1.25
2018.03.01 02:11:02.693,0.77223,0.77232,1.47,1.25
2018.03.01 02:11:03.284,0.77223,0.77232,1.20,1.25
2018.03.01 02:11:03.835,0.77223,0.77232,1.47,1.25
2018.03.01 02:11:04.562,0.77223,0.77232,2.32,1.00
2018.03.01 02:11:08.535,0.77222,0.77232,6.45,1.00
2018.03.01 02:11:10.885,0.7722,0.77232,3.82,2.14
2018.03.01 02:11:13.426,0.7722,0.77231,2.32,1.00
2018.03.01 02:11:14.319,0.77219,0.77228,2.70,1.00
2018.03.01 02:11:14.422,0.77218,0.77228,2.32,1.00
2018.03.01 02:11:14.979,0.77218,0.77228,5.32,1.00
2018.03.01 02:11:17.164,0.77218,0.77228,1.10,1.00
2018.03.01 02:11:17.877,0.77219,0.77228,2.25,1.00
2018.03.01 02:11:19.106,0.77218,0.77228,4.76,1.00
2018.03.01 02:11:20.070,0.7722,0.7723,1.00,1.31
2018.03.01 02:11:21.817,0.7722,0.77228,1.00,2.25
2018.03.01 02:11:21.869,0.7722,0.77231,1.00,1.66
2018.03.01 02:11:22.025,0.77221,0.77233,1.87,7.39
2018.03.01 02:11:22.079,0.77221,0.77233,2.32,2.89
2018.03.01 02:11:22.612,0.77223,0.77233,1.12,2.44
2018.03.01 02:11:23.156,0.77223,0.77233,1.12,2.81
2018.03.01 02:11:24.051,0.77223,0.77233,1.12,2.81
2018.03.01 02:11:24.616,0.77223,0.77233,1.00,5.06
2018.03.01 02:11:28.545,0.77221,0.77232,1.57,4.69
2018.03.01 02:11:29.411,0.77221,0.77231,1.10,1.50
2018.03.01 02:11:31.007,0.77221,0.77231,1.00,5.51
2018.03.01 02:11:31.545,0.7722,0.77229,1.00,1.00
2018.03.01 02:11:33.459,0.7722,0.7723,1.00,1.31
2018.03.01 02:11:33.984,0.7722,0.77232,2.81,1.57
2018.03.01 02:11:34.501,0.77221,0.77232,1.31,2.70
2018.03.01 02:11:35.150,0.7722,0.77232,2.32,4.01
2018.03.01 02:11:35.459,0.7722,0.77232,1.57,4.39
2018.03.01 02:11:41.587,0.77219,0.77229,3.82,1.00
2018.03.01 02:11:47.035,0.77221,0.77231,1.12,1.07
2018.03.01 02:11:52.279,0.7722,0.77232,5.14,2.51
2018.03.01 02:11:58.349,0.7722,0.77232,1.50,3.26
2018.03.01 02:11:59.243,0.7722,0.7723,2.25,1.00
2018.03.01 02:11:59.566,0.77213,0.77222,1.00,1.25
2018.03.01 02:12:01.691,0.77212,0.77222,1.00,1.31
2018.03.01 02:12:03.566,0.77212,0.77222,1.00,4.01
2018.03.01 02:12:05.209,0.77211,0.77222,1.50,2.89
2018.03.01 02:12:05.534,0.77211,0.77221,1.50,4.57
2018.03.01 02:12:06.115,0.77211,0.7722,1.50,2.25
2018.03.01 02:12:07.238,0.77213,0.77222,1.00,1.76
2018.03.01 02:12:07.847,0.77213,0.77222,1.00,2.89
2018.03.01 02:12:08.351,0.77213,0.77223,1.00,3.26
2018.03.01 02:12:08.558,0.77215,0.77225,1.12,2.32
2018.03.01 02:12:09.042,0.7722,0.77228,1.00,1.00
2018.03.01 02:12:09.095,0.77221,0.7723,1.00,4.20
2018.03.01 02:12:09.147,0.77225,0.7723,1.00,1.12
2018.03.01 02:12:09.659,0.77225,0.77232,1.00,2.44
2018.03.01 02:12:10.365,0.77225,0.77232,1.00,1.57
2018.03.01 02:12:35.363,0.77225,0.77231,1.00,1.00
2018.03.01 02:12:36.108,0.77225,0.77232,1.00,1.12
2018.03.01 02:12:36.610,0.77225,0.77231,1.00,1.00
2018.03.01 02:12:37.120,0.77225,0.77232,1.00,1.12
2018.03.01 02:12:37.966,0.77225,0.77231,1.00,1.00
2018.03.01 02:12:38.857,0.77225,0.77232,1.00,1.50
2018.03.01 02:12:46.511,0.77225,0.77231,1.00,1.00
2018.03.01 02:12:47.822,0.77225,0.77233,1.00,3.19
2018.03.01 02:12:57.464,0.77225,0.77231,1.00,1.00
2018.03.01 02:13:01.161,0.77225,0.77232,1.00,1.50
2018.03.01 02:13:01.663,0.77225,0.77231,1.00,1.00
2018.03.01 02:13:03.977,0.77222,0.7723,1.00,1.00
2018.03.01 02:13:04.029,0.77222,0.77229,1.00,1.75
2018.03.01 02:13:04.263,0.77217,0.77226,2.89,3.00
2018.03.01 02:13:04.864,0.77217,0.77224,1.00,2.25
2018.03.01 02:13:05.099,0.77214,0.77225,1.39,2.25
2018.03.01 02:13:05.649,0.77214,0.77224,1.20,1.76
2018.03.01 02:13:07.430,0.77214,0.77223,1.00,1.01
2018.03.01 02:13:07.963,0.77214,0.77224,1.00,4.01
2018.03.01 02:13:10.052,0.77214,0.77223,1.00,2.70
2018.03.01 02:13:10.310,0.77211,0.77221,1.00,2.70
2018.03.01 02:13:10.517,0.7721,0.77219,1.00,1.37
2018.03.01 02:13:12.348,0.7721,0.7722,1.00,5.14
2018.03.01 02:13:12.657,0.7721,0.77219,1.00,1.57
2018.03.01 02:13:12.895,0.77208,0.7722,2.06,6.64
2018.03.01 02:13:15.652,0.77208,0.77219,4.31,1.95
2018.03.01 02:13:16.708,0.77208,0.77218,1.69,1.95
2018.03.01 02:13:17.215,0.77208,0.7722,2.81,7.76
2018.03.01 02:13:18.384,0.77208,0.7722,4.69,6.64
2018.03.01 02:13:18.904,0.77209,0.7722,1.00,5.89
2018.03.01 02:13:19.414,0.77209,0.7722,5.62,6.64
2018.03.01 02:13:21.031,0.7721,0.7722,1.00,5.14
2018.03.01 02:13:27.041,0.7721,0.77221,1.62,1.07
2018.03.01 02:13:27.643,0.77211,0.77221,1.12,1.10
2018.03.01 02:13:30.550,0.77212,0.77222,1.00,1.95
2018.03.01 02:13:32.563,0.77212,0.77221,1.00,1.20
2018.03.01 02:13:32.719,0.77213,0.77222,1.00,1.10
2018.03.01 02:13:32.772,0.77218,0.77225,1.50,1.20
2018.03.01 02:13:32.984,0.77221,0.77229,1.12,1.10
2018.03.01 02:13:35.819,0.7722,0.77231,1.69,1.76
2018.03.01 02:13:36.913,0.77221,0.77227,1.00,3.94
2018.03.01 02:13:37.070,0.77216,0.77224,1.00,1.64
2018.03.01 02:13:37.251,0.77219,0.77228,1.12,3.82
2018.03.01 02:13:37.304,0.77219,0.77228,1.00,1.10
2018.03.01 02:13:39.946,0.77219,0.77229,1.87,3.26
2018.03.01 02:13:40.463,0.77219,0.77229,1.50,2.51
2018.03.01 02:13:40.983,0.7722,0.77229,1.00,1.32
2018.03.01 02:13:41.521,0.7722,0.7723,1.00,2.14
2018.03.01 02:13:42.156,0.77221,0.7723,1.00,2.89
2018.03.01 02:13:44.571,0.77222,0.77231,1.00,1.76
2018.03.01 02:13:44.879,0.77221,0.77232,1.57,3.64
2018.03.01 02:13:54.351,0.77221,0.77232,1.76,2.32
2018.03.01 02:13:55.137,0.77221,0.77232,1.76,2.32
2018.03.01 02:13:55.796,0.77221,0.77231,1.50,1.19
2018.03.01 02:14:00.026,0.77221,0.77229,1.50,1.00
2018.03.01 02:14:00.431,0.77219,0.77226,1.00,1.50
2018.03.01 02:14:00.525,0.77217,0.77225,1.00,1.00
2018.03.01 02:14:01.026,0.77216,0.77225,1.00,1.19
2018.03.01 02:14:01.669,0.77216,0.77225,1.00,2.51
2018.03.01 02:14:02.398,0.77215,0.77223,1.00,1.12
2018.03.01 02:14:02.997,0.77215,0.77225,1.00,3.56
2018.03.01 02:14:07.174,0.77216,0.77225,1.20,1.12
2018.03.01 02:14:07.485,0.77218,0.77228,2.25,2.89
2018.03.01 02:14:07.538,0.7722,0.77229,1.00,1.10
2018.03.01 02:14:09.246,0.7722,0.77231,1.95,1.69
2018.03.01 02:14:10.741,0.77222,0.77231,1.00,1.19
2018.03.01 02:14:11.558,0.77222,0.77231,1.00,1.25
2018.03.01 02:14:21.095,0.77222,0.7723,1.00,1.00
2018.03.01 02:14:22.669,0.77222,0.77231,1.00,1.31
2018.03.01 02:14:27.213,0.77222,0.77229,1.00,1.12
2018.03.01 02:14:30.467,0.7722,0.77229,1.10,1.00
2018.03.01 02:14:30.991,0.7722,0.77228,1.50,1.00
2018.03.01 02:14:31.524,0.7722,0.77229,1.00,1.50
2018.03.01 02:14:32.646,0.7722,0.77228,1.00,1.00
2018.03.01 02:14:33.230,0.7722,0.77229,1.00,1.87
2018.03.01 02:14:34.203,0.77219,0.77228,1.57,1.25
2018.03.01 02:14:34.705,0.77219,0.77229,1.87,2.81
2018.03.01 02:14:36.603,0.77222,0.77233,2.62,3.45
2018.03.01 02:14:36.655,0.77224,0.77233,1.00,2.32
2018.03.01 02:14:38.183,0.77224,0.77233,1.00,1.00
2018.03.01 02:14:39.362,0.77224,0.77232,1.00,1.00
2018.03.01 02:14:40.038,0.77221,0.77225,1.95,1.12
2018.03.01 02:14:40.090,0.77218,0.77225,1.07,1.12
2018.03.01 02:14:40.142,0.77218,0.77224,1.00,1.19
2018.03.01 02:14:40.194,0.77216,0.77224,1.00,1.19
2018.03.01 02:14:43.166,0.77215,0.77224,1.00,4.01
2018.03.01 02:14:43.268,0.77215,0.77223,1.00,2.06
2018.03.01 02:14:43.319,0.77215,0.77224,1.00,3.19
2018.03.01 02:14:44.155,0.77214,0.77222,1.10,1.31
2018.03.01 02:14:44.755,0.77214,0.77222,1.10,1.69
2018.03.01 02:14:46.255,0.77214,0.77223,1.00,2.81
2018.03.01 02:14:46.956,0.77216,0.77225,1.00,1.00
2018.03.01 02:14:47.763,0.77215,0.77226,1.10,3.94
2018.03.01 02:14:48.499,0.77214,0.77225,1.01,1.87
2018.03.01 02:14:49.756,0.77214,0.77224,1.01,1.00
2018.03.01 02:14:53.810,0.77213,0.77223,2.32,1.00
2018.03.01 02:14:54.898,0.77213,0.77223,1.20,2.14
2018.03.01 02:14:56.290,0.77212,0.77223,3.82,1.19
2018.03.01 02:14:57.488,0.77212,0.77223,1.10,1.69
2018.03.01 02:15:01.448,0.77212,0.77223,1.95,1.19
2018.03.01 02:15:03.428,0.77212,0.77223,1.95,1.19
2018.03.01 02:15:05.835,0.77211,0.77222,1.45,1.01
2018.03.01 02:15:07.977,0.7721,0.77221,3.82,1.12
2018.03.01 02:15:09.524,0.7721,0.77221,3.82,1.57
2018.03.01 02:15:14.462,0.77211,0.77222,4.01,1.10
2018.03.01 02:15:14.991,0.77213,0.77222,1.12,1.10
2018.03.01 02:15:20.154,0.77212,0.77223,3.56,3.45
2018.03.01 02:15:20.673,0.77213,0.77223,1.12,3.82
2018.03.01 02:15:21.451,0.77214,0.77224,1.12,4.01
2018.03.01 02:15:23.675,0.77214,0.77224,1.10,5.51
2018.03.01 02:15:23.922,0.77212,0.77223,1.39,2.32
2018.03.01 02:15:24.450,0.77212,0.77222,2.62,1.00
2018.03.01 02:15:25.114,0.77211,0.77223,2.32,5.89
2018.03.01 02:15:25.756,0.77211,0.77222,1.95,1.50
2018.03.01 02:15:26.045,0.7721,0.77222,2.32,7.20
2018.03.01 02:15:26.725,0.7721,0.7722,1.20,1.10
2018.03.01 02:15:27.589,0.7721,0.7722,1.95,1.12
2018.03.01 02:15:28.129,0.77211,0.77221,2.32,2.70
2018.03.01 02:15:29.172,0.77211,0.77221,1.95,1.12
2018.03.01 02:15:30.633,0.77211,0.77221,2.25,1.00
2018.03.01 02:15:33.133,0.77211,0.77221,1.50,1.00
2018.03.01 02:15:33.757,0.77211,0.77221,1.50,1.00
2018.03.01 02:15:34.296,0.77211,0.77221,2.70,1.00
2018.03.01 02:15:35.125,0.77211,0.77221,3.07,1.00
2018.03.01 02:15:36.156,0.77211,0.77221,1.45,1.00
2018.03.01 02:15:36.691,0.77211,0.77221,1.47,3.07
2018.03.01 02:15:37.999,0.77211,0.77221,1.47,3.07
2018.03.01 02:15:38.584,0.77211,0.77221,1.47,3.07
2018.03.01 02:15:39.153,0.77211,0.77221,1.47,3.07
2018.03.01 02:15:42.393,0.77211,0.77221,1.47,3.07
2018.03.01 02:15:45.151,0.77212,0.77221,1.00,1.12
2018.03.01 02:15:45.913,0.77211,0.77221,6.82,1.12
2018.03.01 02:15:52.018,0.77212,0.77223,1.95,1.95
2018.03.01 02:15:52.700,0.77211,0.77222,4.20,1.69
2018.03.01 02:15:54.118,0.77211,0.77221,3.82,1.00
2018.03.01 02:15:54.645,0.77213,0.77223,1.00,4.95
2018.03.01 02:15:55.161,0.77213,0.77223,1.00,2.70
2018.03.01 02:15:57.979,0.77212,0.77221,1.87,1.00
2018.03.01 02:16:03.333,0.77212,0.77221,3.07,1.00
2018.03.01 02:16:05.210,0.77211,0.77221,1.57,1.00
2018.03.01 02:16:19.023,0.77211,0.77221,1.39,1.00
2018.03.01 02:16:19.513,0.77211,0.77221,1.57,1.00
2018.03.01 02:16:20.123,0.77211,0.77223,1.57,7.95
2018.03.01 02:16:20.625,0.77212,0.77222,1.10,3.45
2018.03.01 02:16:28.057,0.77211,0.77223,3.82,7.20
2018.03.01 02:16:28.579,0.77211,0.77223,3.82,7.12
2018.03.01 02:16:32.623,0.77212,0.77223,1.20,8.25
2018.03.01 02:16:36.621,0.77211,0.77221,4.20,1.00
2018.03.01 02:16:38.095,0.77211,0.77221,2.89,1.00
2018.03.01 02:16:39.695,0.77211,0.77221,2.89,1.20
2018.03.01 02:16:40.428,0.77211,0.77221,2.51,1.10
2018.03.01 02:16:41.411,0.77211,0.77221,1.57,3.26
2018.03.01 02:16:42.123,0.77211,0.77221,1.10,4.01
2018.03.01 02:16:42.446,0.77211,0.7722,1.00,3.00
2018.03.01 02:16:42.983,0.77209,0.7722,4.31,2.32
2018.03.01 02:16:43.620,0.77209,0.77218,1.95,1.12
2018.03.01 02:16:44.075,0.77209,0.77216,1.00,1.50
2018.03.01 02:16:44.179,0.77205,0.77214,1.01,4.12
2018.03.01 02:16:44.385,0.77202,0.77212,2.89,1.12
2018.03.01 02:16:50.847,0.77202,0.77213,1.76,2.81
2018.03.01 02:16:51.383,0.77202,0.77213,1.76,3.64
2018.03.01 02:16:52.458,0.77202,0.77213,1.29,4.76
2018.03.01 02:16:53.028,0.77202,0.77212,1.29,2.70
2018.03.01 02:16:59.080,0.77201,0.77211,1.39,1.37
2018.03.01 02:17:00.121,0.77201,0.7721,1.10,1.12
2018.03.01 02:17:00.952,0.77198,0.77208,4.50,2.62
2018.03.01 02:17:01.056,0.772,0.7721,2.25,1.25
2018.03.01 02:17:01.613,0.772,0.7721,3.07,1.25
2018.03.01 02:17:02.819,0.772,0.77212,3.07,3.45
2018.03.01 02:17:03.210,0.77201,0.77212,1.37,2.32
2018.03.01 02:17:06.441,0.772,0.77212,4.57,3.07
2018.03.01 02:17:06.963,0.772,0.77211,2.32,1.19
2018.03.01 02:17:07.482,0.772,0.7721,1.00,7.01
2018.03.01 02:17:11.567,0.772,0.7721,1.10,3.26
2018.03.01 02:17:12.070,0.772,0.7721,2.32,1.31
2018.03.01 02:17:13.337,0.772,0.77212,4.01,5.70
2018.03.01 02:17:14.807,0.772,0.7721,1.57,4.76
2018.03.01 02:17:14.962,0.77198,0.7721,12.00,3.82
2018.03.01 02:17:15.323,0.77199,0.7721,3.07,3.45
2018.03.01 02:17:16.694,0.772,0.7721,2.14,1.10
2018.03.01 02:17:17.204,0.77201,0.77211,2.06,1.50
2018.03.01 02:17:23.109,0.77201,0.77212,1.01,1.20
2018.03.01 02:17:23.622,0.77201,0.77212,1.39,1.20
2018.03.01 02:17:24.247,0.77202,0.77214,4.95,9.07
2018.03.01 02:17:27.846,0.77203,0.77214,2.32,5.32
2018.03.01 02:17:28.844,0.77203,0.77214,1.20,5.70
2018.03.01 02:17:32.825,0.77204,0.77214,1.00,5.70
2018.03.01 02:17:33.755,0.77203,0.77214,1.20,7.95
2018.03.01 02:17:35.003,0.77203,0.77214,1.57,2.25
2018.03.01 02:17:36.129,0.77203,0.77213,1.10,1.00
2018.03.01 02:17:36.789,0.77203,0.77214,1.10,1.50
2018.03.01 02:17:40.600,0.77202,0.77214,2.51,1.57
2018.03.01 02:17:41.409,0.77202,0.77214,3.26,1.10
2018.03.01 02:17:44.838,0.77203,0.77213,1.39,1.10
2018.03.01 02:18:00.560,0.77199,0.77207,3.45,1.50
2018.03.01 02:18:00.613,0.772,0.7721,1.87,3.94
2018.03.01 02:18:01.124,0.772,0.77211,1.95,1.31
2018.03.01 02:18:03.003,0.77201,0.77212,2.25,2.51
2018.03.01 02:18:03.455,0.772,0.77209,5.25,1.00
2018.03.01 02:18:04.469,0.772,0.7721,1.20,1.10
2018.03.01 02:18:05.395,0.772,0.77212,2.14,3.26
2018.03.01 02:18:05.906,0.772,0.77212,3.82,3.82
2018.03.01 02:18:07.960,0.772,0.77211,3.45,1.00
2018.03.01 02:18:08.062,0.772,0.77211,3.07,1.00
2018.03.01 02:18:08.328,0.772,0.7721,2.06,3.37
2018.03.01 02:18:08.866,0.77201,0.77209,1.00,1.37
2018.03.01 02:18:09.715,0.772,0.77209,2.44,1.37
2018.03.01 02:18:10.519,0.772,0.77209,3.00,1.00
2018.03.01 02:18:12.309,0.772,0.7721,1.69,1.00
2018.03.01 02:18:12.825,0.77202,0.77211,1.00,1.00
2018.03.01 02:18:16.933,0.772,0.7721,2.14,3.37
2018.03.01 02:18:19.030,0.772,0.77211,1.31,1.95
2018.03.01 02:18:20.869,0.77199,0.77209,1.95,2.25
2018.03.01 02:18:21.451,0.77199,0.77208,3.45,1.50
2018.03.01 02:18:21.733,0.77199,0.7721,6.45,1.50
2018.03.01 02:18:22.450,0.77201,0.77211,1.00,4.01
2018.03.01 02:18:23.618,0.77201,0.77211,1.00,1.76
2018.03.01 02:18:24.376,0.77202,0.77211,1.00,3.37
2018.03.01 02:18:27.729,0.77202,0.77211,1.00,1.95
2018.03.01 02:18:29.264,0.77201,0.77211,1.50,1.95
2018.03.01 02:18:30.723,0.772,0.77211,2.70,1.95
2018.03.01 02:18:33.784,0.77201,0.77211,1.00,1.95
2018.03.01 02:18:36.342,0.77201,0.77211,1.00,3.82
2018.03.01 02:18:36.576,0.77199,0.77208,2.62,1.57
2018.03.01 02:18:37.282,0.77199,0.77209,4.12,1.95
2018.03.01 02:18:37.890,0.77199,0.77209,2.25,2.70
2018.03.01 02:18:38.425,0.77199,0.7721,1.50,3.07
2018.03.01 02:18:49.289,0.77199,0.77208,2.44,1.95
2018.03.01 02:18:50.642,0.77198,0.77207,1.69,1.20
2018.03.01 02:18:52.342,0.77198,0.77206,3.00,1.10
2018.03.01 02:18:56.673,0.77198,0.77206,2.62,1.20
2018.03.01 02:18:57.106,0.77198,0.77203,1.87,1.00
2018.03.01 02:18:57.697,0.77198,0.77206,1.50,1.20
2018.03.01 02:18:57.852,0.77198,0.77208,4.87,1.95
2018.03.01 02:18:58.354,0.77197,0.77206,3.75,1.00
2018.03.01 02:18:58.509,0.77199,0.77209,1.12,2.14
2018.03.01 02:18:59.024,0.77199,0.77209,1.12,1.01
2018.03.01 02:19:02.036,0.77199,0.77209,2.25,1.32
2018.03.01 02:19:03.514,0.77199,0.7721,3.00,1.26
2018.03.01 02:19:06.597,0.77199,0.77208,1.12,2.32
2018.03.01 02:19:07.192,0.77198,0.77207,2.25,1.95
2018.03.01 02:19:08.088,0.77199,0.77207,1.00,1.95
2018.03.01 02:19:08.824,0.77198,0.77207,1.50,1.57
2018.03.01 02:19:09.793,0.77198,0.77209,3.19,1.70
2018.03.01 02:19:09.845,0.77199,0.7721,1.25,2.14
2018.03.01 02:19:12.131,0.77199,0.7721,1.57,1.19
2018.03.01 02:19:13.563,0.77198,0.77208,1.00,5.14
2018.03.01 02:19:13.770,0.77199,0.77209,1.00,2.89
2018.03.01 02:19:14.285,0.77199,0.7721,1.20,5.89
2018.03.01 02:19:14.881,0.772,0.7721,1.00,1.31
2018.03.01 02:19:20.253,0.772,0.77209,1.10,3.19
2018.03.01 02:19:20.614,0.77199,0.77206,1.50,1.00
2018.03.01 02:19:20.806,0.77194,0.77203,1.69,1.00
2018.03.01 02:19:21.011,0.77197,0.77204,1.00,1.25
2018.03.01 02:19:22.040,0.77197,0.77204,1.50,3.00
2018.03.01 02:19:23.741,0.77195,0.77204,4.50,4.31
2018.03.01 02:19:23.793,0.77194,0.77203,1.69,3.45
2018.03.01 02:19:23.897,0.77191,0.77202,1.95,3.64
2018.03.01 02:19:23.950,0.7719,0.772,3.26,3.37
2018.03.01 02:19:24.054,0.77187,0.77196,1.87,3.37
2018.03.01 02:19:24.319,0.77187,0.77197,1.00,7.87
2018.03.01 02:19:24.754,0.77189,0.77199,1.20,1.95
2018.03.01 02:19:25.872,0.77188,0.77197,3.00,2.62
2018.03.01 02:19:25.976,0.77186,0.77197,3.07,4.31
2018.03.01 02:19:26.184,0.77186,0.77196,1.00,4.57
2018.03.01 02:19:26.470,0.77188,0.77197,1.12,1.25
2018.03.01 02:19:26.981,0.77189,0.77197,1.12,1.20
2018.03.01 02:19:27.084,0.77189,0.77199,1.87,1.69
2018.03.01 02:19:28.046,0.77189,0.77199,1.57,1.25
2018.03.01 02:19:29.307,0.7719,0.77201,1.20,2.70
2018.03.01 02:19:29.859,0.7719,0.77199,1.12,1.20
2018.03.01 02:19:29.963,0.77191,0.77198,1.00,1.57
2018.03.01 02:19:30.497,0.77191,0.77199,1.00,2.14
2018.03.01 02:19:35.323,0.77187,0.77195,1.50,1.50
2018.03.01 02:19:35.376,0.77186,0.77193,1.50,1.50
2018.03.01 02:19:35.734,0.77183,0.77192,1.00,1.76
2018.03.01 02:19:35.785,0.77183,0.77191,1.00,1.20
2018.03.01 02:19:36.471,0.77183,0.77191,1.00,1.20
2018.03.01 02:19:37.516,0.77183,0.7719,1.00,1.20
2018.03.01 02:19:39.342,0.77183,0.7719,1.00,1.20
2018.03.01 02:19:40.308,0.77183,0.77189,1.00,1.20
2018.03.01 02:19:40.944,0.77183,0.77191,1.00,1.20
2018.03.01 02:19:44.490,0.77182,0.7719,1.25,1.20
2018.03.01 02:19:45.288,0.77182,0.7719,1.25,1.20
2018.03.01 02:19:50.093,0.77182,0.77192,1.00,4.01
2018.03.01 02:19:53.284,0.7718,0.77191,1.57,1.76
2018.03.01 02:19:53.687,0.77179,0.77187,1.00,5.06
2018.03.01 02:19:53.738,0.77177,0.77186,1.87,1.12
2018.03.01 02:19:53.842,0.77178,0.77189,1.87,2.89
2018.03.01 02:19:53.998,0.7718,0.77191,1.10,1.32
2018.03.01 02:19:54.521,0.7718,0.77191,1.10,2.06
2018.03.01 02:19:55.319,0.7718,0.77191,1.57,1.76
2018.03.01 02:19:56.176,0.77181,0.77191,2.32,1.31
2018.03.01 02:19:56.692,0.77181,0.77192,2.32,2.06
2018.03.01 02:19:56.745,0.77183,0.77193,2.32,1.85
2018.03.01 02:19:57.089,0.77183,0.77194,3.07,2.81
2018.03.01 02:19:57.194,0.77186,0.77196,1.00,1.26
2018.03.01 02:19:59.564,0.77189,0.77197,1.00,1.19
2018.03.01 02:19:59.732,0.7719,0.77199,1.50,1.19
2018.03.01 02:20:00.430,0.7719,0.77199,1.20,1.00
2018.03.01 02:20:01.008,0.7719,0.772,1.20,1.10
2018.03.01 02:20:01.856,0.7719,0.77201,1.57,3.56
2018.03.01 02:20:02.307,0.77187,0.77196,4.12,1.00
2018.03.01 02:20:02.841,0.77189,0.77197,1.12,1.39
2018.03.01 02:20:03.450,0.7719,0.77197,1.00,1.39
2018.03.01 02:20:05.754,0.77188,0.77198,1.10,4.31
2018.03.01 02:20:06.376,0.77189,0.77198,1.12,1.19
2018.03.01 02:20:07.021,0.77191,0.77198,1.00,1.19
2018.03.01 02:20:07.461,0.77188,0.77198,7.57,1.19
2018.03.01 02:20:10.050,0.77188,0.77198,4.20,1.19
2018.03.01 02:20:10.248,0.7719,0.77198,1.00,1.19
2018.03.01 02:20:11.107,0.77193,0.772,1.00,1.25
2018.03.01 02:20:11.211,0.77196,0.77204,1.00,3.07
2018.03.01 02:20:11.264,0.77197,0.77206,1.00,1.10
2018.03.01 02:20:11.425,0.77198,0.77208,4.12,1.10
2018.03.01 02:20:11.996,0.77199,0.77209,1.12,1.31
2018.03.01 02:20:12.306,0.77197,0.77206,1.45,1.25
2018.03.01 02:20:12.780,0.77194,0.77205,1.20,2.51
2018.03.01 02:20:13.331,0.77193,0.77205,3.45,2.14
2018.03.01 02:20:13.433,0.77192,0.77202,3.07,1.25
2018.03.01 02:20:13.941,0.77191,0.77202,3.45,1.31
2018.03.01 02:20:15.523,0.77191,0.77202,1.20,1.31
2018.03.01 02:20:15.916,0.7719,0.77198,1.10,1.19
2018.03.01 02:20:18.937,0.77188,0.77197,1.12,2.06
2018.03.01 02:20:18.990,0.77187,0.77195,1.50,1.19
2018.03.01 02:20:19.175,0.77185,0.77195,1.10,2.81
2018.03.01 02:20:25.559,0.77185,0.77194,1.00,1.76
2018.03.01 02:20:27.386,0.77185,0.77194,1.00,1.01
2018.03.01 02:20:27.896,0.77185,0.77194,1.00,1.01
2018.03.01 02:20:29.436,0.77183,0.77193,1.00,2.44
2018.03.01 02:20:29.979,0.77183,0.77193,1.00,3.19
2018.03.01 02:20:32.799,0.77183,0.77192,1.00,1.50
2018.03.01 02:20:33.342,0.77183,0.77192,1.00,1.12
2018.03.01 02:20:33.512,0.77181,0.77192,1.95,1.12
2018.03.01 02:20:33.771,0.7718,0.77191,1.95,1.62
2018.03.01 02:20:34.760,0.77181,0.77191,1.00,1.62
2018.03.01 02:20:35.290,0.77182,0.77191,1.00,2.06
2018.03.01 02:20:38.191,0.77182,0.77191,1.00,1.76
2018.03.01 02:20:38.531,0.77182,0.77189,1.00,1.00
2018.03.01 02:20:41.923,0.77181,0.77189,1.00,1.00
2018.03.01 02:20:42.509,0.7718,0.77189,1.00,1.10
2018.03.01 02:20:43.056,0.7718,0.77189,1.00,1.37
2018.03.01 02:20:43.564,0.77179,0.77189,4.87,2.32
2018.03.01 02:20:46.794,0.77179,0.77189,3.37,1.20
2018.03.01 02:20:49.886,0.77179,0.77188,4.87,1.20
2018.03.01 02:20:50.191,0.77176,0.77182,1.00,2.32
2018.03.01 02:20:50.243,0.7717,0.77179,3.00,1.20
2018.03.01 02:20:50.418,0.77169,0.77178,2.62,1.57
2018.03.01 02:20:50.923,0.77169,0.77177,1.69,1.45
2018.03.01 02:20:51.480,0.77169,0.77178,1.50,1.57
2018.03.01 02:20:52.097,0.77169,0.77177,1.50,1.20
2018.03.01 02:20:52.303,0.77169,0.77178,4.50,1.20
2018.03.01 02:20:55.393,0.7717,0.7718,2.25,1.20
2018.03.01 02:20:58.744,0.77174,0.7718,1.00,1.45
2018.03.01 02:20:58.882,0.77175,0.77183,1.50,2.70
2018.03.01 02:20:58.934,0.77177,0.77185,1.50,1.20
2018.03.01 02:20:58.988,0.77178,0.77187,1.00,1.20
2018.03.01 02:20:59.801,0.77175,0.77184,1.50,1.20
2018.03.01 02:21:00.366,0.77175,0.77185,1.12,3.82
2018.03.01 02:21:03.874,0.77175,0.77186,1.12,6.64
2018.03.01 02:21:06.063,0.77175,0.77186,1.12,2.07
2018.03.01 02:21:06.565,0.77175,0.77184,1.00,1.07
2018.03.01 02:21:07.193,0.77174,0.77184,1.12,1.20
2018.03.01 02:21:07.700,0.77174,0.77184,1.50,1.57
2018.03.01 02:21:11.088,0.77173,0.77183,2.25,1.10
2018.03.01 02:21:11.710,0.77173,0.77184,2.62,1.32
2018.03.01 02:21:13.808,0.77173,0.77184,7.50,1.01
2018.03.01 02:21:13.983,0.77173,0.77185,7.50,3.26
2018.03.01 02:21:14.088,0.77176,0.77185,2.62,3.26
2018.03.01 02:21:14.403,0.77179,0.77187,2.25,1.69
2018.03.01 02:21:14.922,0.77179,0.77187,2.25,1.31
2018.03.01 02:21:15.829,0.77179,0.77187,1.50,1.31
2018.03.01 02:21:20.474,0.77179,0.77189,6.75,1.70
2018.03.01 02:21:21.207,0.77179,0.7719,6.75,2.51
2018.03.01 02:21:21.878,0.7718,0.7719,1.12,1.76
2018.03.01 02:21:22.391,0.77182,0.77191,2.25,2.70
2018.03.01 02:21:22.707,0.77183,0.77193,1.50,3.64
2018.03.01 02:21:22.760,0.77185,0.77193,1.00,1.57
2018.03.01 02:21:23.092,0.77189,0.77198,1.50,1.95
2018.03.01 02:21:23.816,0.77187,0.77196,1.50,1.00
2018.03.01 02:21:23.870,0.77185,0.77195,1.50,1.45
2018.03.01 02:21:24.395,0.77184,0.77194,5.62,1.07
2018.03.01 02:21:25.019,0.77184,0.77195,1.12,1.57
2018.03.01 02:21:26.125,0.77183,0.77194,1.87,2.70
2018.03.01 02:21:26.704,0.77184,0.77194,1.12,2.70
2018.03.01 02:21:27.083,0.77182,0.77192,1.12,2.89
2018.03.01 02:21:27.655,0.77182,0.77192,4.12,2.14
2018.03.01 02:21:30.389,0.77182,0.77192,5.44,1.10
2018.03.01 02:21:31.068,0.77183,0.77192,1.12,1.20
2018.03.01 02:21:31.822,0.77186,0.77193,1.00,1.00
2018.03.01 02:21:32.132,0.77188,0.77198,4.12,3.26
2018.03.01 02:21:32.656,0.77188,0.77198,3.37,1.76
2018.03.01 02:21:33.674,0.77189,0.77198,2.25,2.51
2018.03.01 02:21:33.932,0.77187,0.77198,1.87,2.51
2018.03.01 02:21:34.162,0.77184,0.77194,2.62,1.07
2018.03.01 02:21:34.687,0.77185,0.77195,1.50,1.57
2018.03.01 02:21:37.077,0.77185,0.77194,3.37,1.25
2018.03.01 02:21:37.596,0.77184,0.77194,2.62,1.01
2018.03.01 02:21:37.938,0.77187,0.77196,1.50,1.57
2018.03.01 02:21:38.093,0.77188,0.77198,4.57,3.26
2018.03.01 02:21:41.459,0.77188,0.77198,1.12,5.44
2018.03.01 02:21:41.996,0.77187,0.77197,3.00,1.12
2018.03.01 02:21:43.987,0.77187,0.77197,3.75,1.00
2018.03.01 02:21:44.496,0.77189,0.77198,1.12,1.25
2018.03.01 02:21:45.021,0.77189,0.77199,1.37,3.37
2018.03.01 02:21:56.244,0.77188,0.77196,1.87,5.06
2018.03.01 02:21:56.511,0.77184,0.77194,2.32,2.81
2018.03.01 02:21:56.572,0.77183,0.77193,1.20,1.10
2018.03.01 02:21:59.175,0.77183,0.77193,1.12,1.20
2018.03.01 02:22:00.284,0.77183,0.77192,1.12,1.29
2018.03.01 02:22:01.732,0.77183,0.7719,1.00,2.25
2018.03.01 02:22:01.836,0.77181,0.7719,1.12,2.70
2018.03.01 02:22:03.589,0.7718,0.7719,1.12,3.45
2018.03.01 02:22:03.693,0.77175,0.77185,3.45,2.89
2018.03.01 02:22:04.209,0.77175,0.77185,1.50,3.26
2018.03.01 02:22:04.261,0.77177,0.77185,2.25,1.01
2018.03.01 02:22:04.314,0.77178,0.77188,1.50,1.76
2018.03.01 02:22:04.852,0.77178,0.77189,2.62,2.89
2018.03.01 02:22:05.455,0.77178,0.77189,2.62,2.89
2018.03.01 02:22:05.895,0.77178,0.77187,1.00,5.89
2018.03.01 02:22:06.429,0.77177,0.77186,1.00,1.57
2018.03.01 02:22:06.937,0.77177,0.77186,1.50,1.07
2018.03.01 02:22:07.475,0.77177,0.77187,2.25,3.45
2018.03.01 02:22:08.074,0.77177,0.77187,2.25,3.45
2018.03.01 02:22:13.134,0.77179,0.77188,1.12,1.20
2018.03.01 02:22:13.577,0.7718,0.77189,2.62,1.70
2018.03.01 02:22:13.630,0.77181,0.7719,1.00,1.00
2018.03.01 02:22:14.244,0.77182,0.77192,1.12,1.76
2018.03.01 02:22:14.770,0.77182,0.77193,1.12,4.39
2018.03.01 02:22:16.550,0.77182,0.77192,1.12,1.32
2018.03.01 02:22:17.749,0.77183,0.77193,5.62,3.26
2018.03.01 02:22:17.956,0.77184,0.77194,1.87,1.57
2018.03.01 02:22:18.504,0.77183,0.77194,6.00,1.95
2018.03.01 02:22:20.026,0.77183,0.77193,6.75,1.00
2018.03.01 02:22:20.777,0.77185,0.77194,1.00,1.20
2018.03.01 02:22:21.858,0.77185,0.77193,1.00,1.00
2018.03.01 02:22:22.391,0.77185,0.77194,1.00,1.20
2018.03.01 02:22:23.048,0.77185,0.77193,1.00,1.00
2018.03.01 02:22:23.562,0.77185,0.77192,1.00,1.29
2018.03.01 02:22:24.089,0.77185,0.77193,1.00,1.20
2018.03.01 02:22:25.463,0.77185,0.77193,1.00,1.57
2018.03.01 02:22:26.262,0.77185,0.77192,1.00,1.69
2018.03.01 02:22:26.834,0.77185,0.77194,1.00,2.89
2018.03.01 02:22:29.303,0.77185,0.77192,1.00,1.19
2018.03.01 02:22:32.998,0.77182,0.77191,1.37,1.01
2018.03.01 02:22:35.806,0.77181,0.77191,1.87,1.01
2018.03.01 02:22:36.032,0.7718,0.7719,1.12,2.06
2018.03.01 02:22:36.639,0.77181,0.7719,1.00,1.29
2018.03.01 02:22:37.369,0.77182,0.77191,1.00,2.51
2018.03.01 02:22:38.454,0.77182,0.7719,1.12,1.00
2018.03.01 02:22:40.822,0.77182,0.77191,1.00,2.51
2018.03.01 02:22:42.446,0.77182,0.7719,1.50,1.00
2018.03.01 02:22:44.646,0.77182,0.77191,1.12,4.31
2018.03.01 02:22:46.940,0.77182,0.7719,1.50,1.00
2018.03.01 02:22:47.450,0.77182,0.7719,1.50,1.00
2018.03.01 02:22:48.430,0.77182,0.77191,1.50,2.81
2018.03.01 02:22:48.936,0.77182,0.77192,1.12,4.31
2018.03.01 02:22:49.554,0.77182,0.77192,1.50,3.94
2018.03.01 02:22:51.002,0.77182,0.77191,3.82,1.19
2018.03.01 02:22:51.520,0.77183,0.77191,1.20,1.00
2018.03.01 02:22:51.574,0.77187,0.77194,1.00,1.25
2018.03.01 02:22:51.678,0.7719,0.77198,2.62,2.06
2018.03.01 02:22:51.730,0.77193,0.77197,1.00,1.00
2018.03.01 02:22:52.247,0.77193,0.77198,1.95,1.00
2018.03.01 02:22:52.531,0.77194,0.77204,1.00,1.76
2018.03.01 02:22:56.345,0.77195,0.77204,1.00,2.06
2018.03.01 02:22:58.576,0.77195,0.77204,1.00,1.20
2018.03.01 02:23:03.701,0.77193,0.77204,2.70,1.57
2018.03.01 02:23:04.667,0.77193,0.77204,3.45,1.76
2018.03.01 02:23:05.455,0.77193,0.77204,3.37,2.14
2018.03.01 02:23:06.455,0.77201,0.77206,2.25,1.00
2018.03.01 02:23:06.509,0.77202,0.77209,3.75,1.00
2018.03.01 02:23:06.561,0.77202,0.77213,1.12,4.01
2018.03.01 02:23:06.614,0.77203,0.77213,1.37,2.14
2018.03.01 02:23:07.154,0.77204,0.77213,1.87,1.01
2018.03.01 02:23:12.505,0.77204,0.77212,1.50,1.00
2018.03.01 02:23:12.556,0.77204,0.77214,1.50,1.76
2018.03.01 02:23:13.248,0.77204,0.77214,1.87,1.32
2018.03.01 02:23:13.781,0.77204,0.77215,3.37,2.14
2018.03.01 02:23:14.751,0.77204,0.77214,3.75,1.25
2018.03.01 02:23:15.797,0.77205,0.77214,1.37,1.00
2018.03.01 02:23:16.501,0.77205,0.77214,1.12,1.95
2018.03.01 02:23:17.165,0.77205,0.77214,1.37,1.95
2018.03.01 02:23:18.071,0.77205,0.77214,1.00,1.95
2018.03.01 02:23:18.793,0.77204,0.77214,1.69,1.95
2018.03.01 02:23:19.472,0.77204,0.77214,1.69,1.20
2018.03.01 02:23:23.124,0.77204,0.77214,3.56,1.95
2018.03.01 02:23:24.060,0.77204,0.77214,1.69,2.32
2018.03.01 02:23:24.294,0.77204,0.77213,1.31,1.20
2018.03.01 02:23:30.735,0.77204,0.77213,1.69,1.20
2018.03.01 02:23:31.487,0.77205,0.77213,1.00,1.20
2018.03.01 02:23:31.745,0.77205,0.77215,1.00,3.07
2018.03.01 02:23:32.453,0.77204,0.77214,1.12,1.20
2018.03.01 02:23:34.637,0.77204,0.77214,1.00,1.45
2018.03.01 02:23:35.525,0.77204,0.77215,3.00,2.32
2018.03.01 02:23:50.458,0.77204,0.77213,1.00,1.20
2018.03.01 02:23:50.962,0.77203,0.77212,1.87,1.20
2018.03.01 02:23:51.684,0.77203,0.77214,1.87,3.45
2018.03.01 02:23:52.103,0.77202,0.77211,3.00,1.45
2018.03.01 02:23:52.714,0.77202,0.77212,3.00,1.95
2018.03.01 02:23:53.272,0.77203,0.77212,1.12,1.00
2018.03.01 02:23:55.496,0.77202,0.7721,1.10,1.00
2018.03.01 02:23:55.601,0.77198,0.77209,4.39,1.00
2018.03.01 02:23:56.132,0.77198,0.77209,6.26,1.10
2018.03.01 02:23:59.351,0.77199,0.77209,2.06,1.00
2018.03.01 02:23:59.967,0.772,0.77209,3.37,1.00
2018.03.01 02:24:00.746,0.772,0.77209,2.70,1.00
2018.03.01 02:24:00.799,0.77201,0.77211,1.57,2.32
2018.03.01 02:24:00.904,0.77204,0.77213,1.00,4.95
2018.03.01 02:24:00.957,0.77204,0.77213,1.00,1.00
2018.03.01 02:24:01.529,0.77204,0.77213,1.50,1.00
2018.03.01 02:24:02.902,0.77204,0.77214,1.12,1.95
2018.03.01 02:24:08.279,0.77205,0.77214,1.50,1.50
2018.03.01 02:24:08.330,0.77206,0.77216,6.26,1.00
2018.03.01 02:24:08.382,0.77209,0.77218,1.00,2.70
2018.03.01 02:24:08.895,0.77208,0.77218,4.57,3.07
2018.03.01 02:24:12.522,0.77207,0.77217,3.64,1.00
2018.03.01 02:24:12.827,0.77204,0.77214,4.01,1.12
2018.03.01 02:24:13.420,0.77206,0.77214,3.56,1.00
2018.03.01 02:24:13.700,0.77204,0.77214,2.89,3.37
2018.03.01 02:24:13.752,0.77204,0.77212,4.76,1.00
2018.03.01 02:24:14.567,0.77204,0.77214,7.01,3.00
2018.03.01 02:24:16.928,0.77207,0.77216,1.12,3.37
2018.03.01 02:24:17.461,0.77207,0.77217,1.57,3.75
2018.03.01 02:24:17.617,0.77209,0.77219,1.12,1.12
2018.03.01 02:24:17.771,0.77209,0.77218,1.57,2.25
2018.03.01 02:24:17.925,0.77205,0.77214,1.10,1.12
2018.03.01 02:24:19.264,0.77205,0.77215,1.10,7.50
2018.03.01 02:24:19.368,0.77206,0.77216,3.75,2.62
2018.03.01 02:24:20.257,0.77206,0.77217,3.45,3.00
2018.03.01 02:24:20.986,0.77206,0.77217,1.20,3.00
2018.03.01 02:24:21.139,0.77206,0.77217,1.57,2.25
2018.03.01 02:24:21.343,0.77205,0.77217,3.07,2.25
2018.03.01 02:24:21.763,0.77205,0.77215,1.57,1.50
2018.03.01 02:24:22.312,0.77202,0.77213,2.51,1.12
2018.03.01 02:24:23.136,0.77203,0.77213,1.07,1.12
2018.03.01 02:24:24.296,0.77202,0.77213,2.89,3.00
2018.03.01 02:24:24.451,0.77201,0.77213,5.51,2.25
2018.03.01 02:24:24.963,0.77202,0.77213,1.39,2.62
2018.03.01 02:24:25.685,0.77201,0.77213,4.01,2.70
2018.03.01 02:24:29.590,0.77201,0.77213,2.89,1.57
2018.03.01 02:24:35.893,0.77201,0.77212,4.76,2.25
2018.03.01 02:24:36.433,0.772,0.7721,1.20,2.06
2018.03.01 02:24:36.768,0.77197,0.77206,1.19,1.95
2018.03.01 02:24:37.488,0.77195,0.77205,1.31,3.75
2018.03.01 02:24:39.994,0.77193,0.77203,1.01,2.32
2018.03.01 02:24:40.099,0.77191,0.77201,4.01,2.25
2018.03.01 02:24:40.255,0.77187,0.77196,1.10,1.00
2018.03.01 02:24:40.359,0.77185,0.77194,1.26,1.12
2018.03.01 02:24:41.556,0.77184,0.77194,1.50,2.25
2018.03.01 02:24:42.858,0.77184,0.77194,1.95,4.57
2018.03.01 02:24:43.367,0.77184,0.77194,1.37,2.32
2018.03.01 02:24:47.028,0.77184,0.77193,1.37,3.45
2018.03.01 02:24:48.069,0.77183,0.77193,2.51,2.70
2018.03.01 02:24:50.018,0.77184,0.77193,1.00,2.25
2018.03.01 02:24:50.614,0.77185,0.77193,1.00,2.32
2018.03.01 02:24:51.151,0.77184,0.77193,1.50,2.32
2018.03.01 02:24:53.984,0.77184,0.77193,1.20,2.25
2018.03.01 02:24:54.575,0.77184,0.77193,1.50,2.25
2018.03.01 02:25:06.680,0.77184,0.77194,1.50,2.32
2018.03.01 02:25:06.733,0.77189,0.77195,1.00,1.00
2018.03.01 02:25:06.786,0.77189,0.77197,1.00,1.12
2018.03.01 02:25:06.955,0.77189,0.772,2.44,1.07
2018.03.01 02:25:07.212,0.77189,0.77201,4.76,4.01
2018.03.01 02:25:08.048,0.77189,0.77201,4.39,4.76
2018.03.01 02:25:09.619,0.77189,0.772,3.64,1.00
2018.03.01 02:25:10.130,0.77189,0.77199,1.31,1.57
2018.03.01 02:25:10.597,0.77187,0.77198,2.89,1.87
2018.03.01 02:25:10.649,0.77185,0.77196,1.37,6.07
2018.03.01 02:25:11.734,0.77185,0.77195,1.37,2.25
2018.03.01 02:25:12.140,0.77187,0.77195,1.12,1.20
2018.03.01 02:25:12.353,0.77185,0.77196,1.87,2.51
2018.03.01 02:25:12.459,0.77188,0.77197,1.12,1.20
2018.03.01 02:25:12.565,0.77189,0.77198,1.12,1.10
2018.03.01 02:25:13.096,0.77189,0.77199,4.20,1.76
2018.03.01 02:25:14.259,0.77189,0.77199,1.95,1.01
2018.03.01 02:25:14.802,0.77189,0.77199,2.32,1.01
2018.03.01 02:25:17.471,0.77187,0.77197,1.57,1.12
2018.03.01 02:25:18.015,0.77187,0.77197,1.10,1.57
2018.03.01 02:25:18.468,0.77188,0.77197,1.87,1.00
2018.03.01 02:25:19.016,0.77187,0.77198,1.12,2.14
2018.03.01 02:25:25.976,0.77187,0.77198,1.12,4.01
2018.03.01 02:25:26.478,0.77187,0.77198,1.12,4.01
2018.03.01 02:25:27.620,0.77186,0.77198,4.57,2.51
2018.03.01 02:25:29.415,0.77186,0.77196,2.32,1.00
2018.03.01 02:25:32.999,0.77187,0.77198,3.45,1.95
2018.03.01 02:25:33.418,0.77186,0.77196,1.00,1.00
2018.03.01 02:25:36.457,0.77185,0.77195,1.50,1.00
2018.03.01 02:25:38.409,0.77186,0.77196,1.50,1.95
2018.03.01 02:25:39.232,0.77186,0.77198,3.45,3.45
2018.03.01 02:25:39.891,0.77186,0.77198,3.45,3.07
2018.03.01 02:25:43.110,0.77186,0.77196,2.25,1.00
2018.03.01 02:25:43.708,0.77185,0.77196,1.76,1.00
2018.03.01 02:25:45.858,0.77186,0.77196,1.37,1.50
2018.03.01 02:25:45.910,0.77185,0.77196,1.01,1.50
2018.03.01 02:25:47.135,0.77185,0.77195,1.01,1.00
2018.03.01 02:25:47.242,0.77189,0.77196,1.00,1.00
2018.03.01 02:25:47.397,0.7719,0.77199,2.25,1.95
2018.03.01 02:25:48.028,0.77189,0.772,1.57,3.00
2018.03.01 02:25:48.775,0.77189,0.772,1.57,2.62
2018.03.01 02:25:51.242,0.7719,0.77201,1.10,7.01
2018.03.01 02:25:51.917,0.7719,0.772,1.10,2.32
2018.03.01 02:26:04.405,0.77192,0.772,1.12,1.12
2018.03.01 02:26:04.539,0.77193,0.77203,1.87,1.20
2018.03.01 02:26:04.695,0.77195,0.77206,1.95,2.32
2018.03.01 02:26:05.518,0.77195,0.77206,2.32,1.12
2018.03.01 02:26:05.726,0.77201,0.77212,1.76,3.07
2018.03.01 02:26:06.141,0.77202,0.77213,1.37,1.95
2018.03.01 02:26:06.608,0.772,0.7721,1.95,1.00
2018.03.01 02:26:07.138,0.77199,0.77209,3.82,1.00
2018.03.01 02:26:07.816,0.77199,0.7721,4.20,1.00
2018.03.01 02:26:08.450,0.77198,0.77209,2.51,1.12
2018.03.01 02:26:09.112,0.77198,0.77208,3.26,1.00
2018.03.01 02:26:09.738,0.772,0.7721,1.50,1.12
2018.03.01 02:26:10.153,0.77201,0.77213,4.50,6.64
2018.03.01 02:26:10.721,0.77203,0.77213,1.95,1.12
2018.03.01 02:26:11.879,0.77203,0.77213,1.57,1.31
2018.03.01 02:26:12.355,0.77201,0.7721,3.07,1.00
2018.03.01 02:26:13.072,0.77201,0.77209,1.10,1.00
2018.03.01 02:26:13.620,0.772,0.7721,3.82,1.00
2018.03.01 02:26:14.124,0.772,0.77211,1.20,2.06
2018.03.01 02:26:15.200,0.772,0.7721,1.20,1.00
2018.03.01 02:26:15.751,0.772,0.77211,1.57,1.39
2018.03.01 02:26:16.413,0.772,0.7721,3.07,1.00
2018.03.01 02:26:16.911,0.77199,0.77207,3.82,1.00
2018.03.01 02:26:17.065,0.772,0.7721,1.20,1.95
2018.03.01 02:26:18.013,0.772,0.77209,1.20,1.00
2018.03.01 02:26:18.665,0.772,0.7721,1.20,1.12
2018.03.01 02:26:19.209,0.772,0.7721,4.12,1.00
2018.03.01 02:26:19.730,0.772,0.77209,3.07,1.00
2018.03.01 02:26:20.304,0.772,0.7721,3.45,1.00
2018.03.01 02:26:21.036,0.772,0.7721,3.82,1.00
2018.03.01 02:26:21.295,0.77201,0.77212,3.45,2.62
2018.03.01 02:26:22.025,0.77202,0.77211,1.20,1.00
2018.03.01 02:26:24.387,0.77202,0.77212,1.45,1.87
2018.03.01 02:26:25.048,0.77202,0.77212,1.00,3.37
2018.03.01 02:26:25.361,0.77202,0.7721,1.00,1.37
2018.03.01 02:26:25.416,0.77198,0.77208,7.20,2.25
2018.03.01 02:26:25.724,0.77198,0.77208,2.32,2.70
2018.03.01 02:26:25.776,0.77197,0.77207,1.12,9.56
2018.03.01 02:26:26.339,0.77197,0.77208,1.57,1.39
2018.03.01 02:26:27.009,0.77197,0.77208,1.57,1.76
2018.03.01 02:26:29.119,0.77197,0.77207,2.25,1.19
2018.03.01 02:26:32.283,0.77199,0.77208,1.87,1.66
2018.03.01 02:26:32.388,0.77201,0.7721,1.50,1.19
2018.03.01 02:26:32.493,0.77202,0.77211,1.20,1.12
2018.03.01 02:26:33.665,0.77202,0.77212,1.12,1.00
2018.03.01 02:26:34.199,0.77202,0.77212,1.95,1.00
2018.03.01 02:26:35.109,0.77202,0.77212,1.20,1.10
2018.03.01 02:26:36.741,0.77202,0.77213,1.07,1.20
2018.03.01 02:26:37.892,0.77202,0.77212,1.07,1.00
2018.03.01 02:26:39.461,0.77202,0.77212,1.00,1.12
2018.03.01 02:26:42.928,0.77202,0.77213,1.00,3.45
2018.03.01 02:26:43.589,0.77202,0.77213,1.00,2.32
2018.03.01 02:26:53.742,0.77202,0.77212,1.37,1.12
2018.03.01 02:26:54.478,0.77202,0.77212,1.37,1.50
2018.03.01 02:26:55.242,0.77202,0.77211,1.00,1.00
2018.03.01 02:26:55.975,0.77202,0.77211,1.37,1.00
2018.03.01 02:26:57.542,0.77202,0.77211,1.12,1.00
2018.03.01 02:26:58.165,0.77202,0.77211,1.37,1.00
2018.03.01 02:26:58.771,0.77202,0.77211,1.12,1.00
2018.03.01 02:26:59.430,0.77202,0.77211,1.37,1.00
2018.03.01 02:27:02.262,0.77202,0.77211,1.20,1.00
2018.03.01 02:27:02.795,0.77202,0.77212,1.47,2.32
2018.03.01 02:27:03.450,0.77202,0.77212,1.10,2.32
2018.03.01 02:27:04.297,0.77201,0.77212,1.57,2.32
2018.03.01 02:27:09.212,0.77201,0.77212,1.50,3.45
2018.03.01 02:27:10.189,0.77201,0.77212,1.50,1.47
2018.03.01 02:27:10.772,0.77201,0.77213,2.70,3.00
2018.03.01 02:27:13.967,0.77203,0.77212,1.37,1.00
2018.03.01 02:27:14.520,0.77207,0.77216,2.62,1.57
2018.03.01 02:27:14.780,0.77211,0.7722,1.00,1.00
2018.03.01 02:27:15.038,0.77211,0.77222,3.94,1.57
2018.03.01 02:27:15.663,0.77211,0.77222,6.19,2.32
2018.03.01 02:27:16.844,0.77212,0.77222,3.45,1.10
2018.03.01 02:27:17.374,0.77213,0.77224,3.82,5.89
2018.03.01 02:27:18.702,0.77213,0.77225,3.82,5.14
2018.03.01 02:27:19.357,0.77214,0.77225,1.10,2.89
2018.03.01 02:27:20.292,0.77214,0.77225,1.47,3.64
2018.03.01 02:27:20.843,0.77214,0.77225,1.10,4.76
2018.03.01 02:27:21.357,0.77212,0.77224,7.57,2.89
2018.03.01 02:27:21.891,0.77212,0.77223,5.70,1.00
2018.03.01 02:27:22.671,0.77212,0.77224,4.87,6.64
2018.03.01 02:27:23.961,0.77212,0.77223,2.62,1.10
2018.03.01 02:27:28.654,0.77212,0.77224,3.45,4.01
2018.03.01 02:27:28.809,0.77214,0.77225,1.69,2.70
2018.03.01 02:27:28.861,0.77215,0.77225,1.50,1.00
2018.03.01 02:27:29.394,0.77215,0.77227,1.12,10.39
2018.03.01 02:27:30.632,0.77214,0.77224,1.76,1.00
2018.03.01 02:27:31.209,0.77212,0.77224,5.89,1.76
2018.03.01 02:27:31.763,0.77212,0.77224,2.14,1.76
2018.03.01 02:27:33.957,0.77213,0.77224,3.45,2.81
2018.03.01 02:27:36.519,0.77213,0.77222,1.07,1.00
2018.03.01 02:27:37.038,0.77213,0.77223,1.07,1.12
2018.03.01 02:27:39.459,0.77212,0.77223,4.01,1.12
2018.03.01 02:27:40.036,0.77213,0.77223,1.07,1.12
2018.03.01 02:27:42.096,0.77212,0.77224,1.39,1.01
2018.03.01 02:27:42.148,0.77214,0.77225,1.12,2.70
2018.03.01 02:27:42.837,0.77215,0.77226,1.57,2.32
2018.03.01 02:27:43.153,0.77213,0.77224,5.70,1.50
2018.03.01 02:27:43.206,0.77214,0.77226,3.75,2.32
2018.03.01 02:27:43.466,0.77215,0.77226,3.07,1.87
2018.03.01 02:27:46.558,0.77217,0.77227,2.32,2.89
2018.03.01 02:27:48.116,0.77217,0.77226,3.45,1.00
2018.03.01 02:27:48.648,0.77216,0.77227,1.10,4.39
2018.03.01 02:27:49.190,0.77218,0.77226,2.25,1.10
2018.03.01 02:27:49.242,0.77219,0.77228,1.31,1.10
2018.03.01 02:27:49.294,0.7722,0.7723,3.07,1.00
2018.03.01 02:27:49.835,0.7722,0.77231,1.57,1.69
2018.03.01 02:27:52.342,0.7722,0.77232,3.82,2.89
2018.03.01 02:27:57.294,0.77221,0.77233,1.01,4.01
2018.03.01 02:27:57.821,0.77221,0.77232,2.89,1.00
2018.03.01 02:28:01.131,0.77222,0.77233,1.01,1.12
2018.03.01 02:28:01.712,0.77223,0.77233,1.00,1.12
2018.03.01 02:28:01.765,0.77224,0.77233,4.50,1.00
2018.03.01 02:28:02.029,0.77232,0.77242,1.69,1.12
2018.03.01 02:28:02.594,0.77232,0.77243,2.14,1.87
2018.03.01 02:28:04.261,0.77234,0.77245,1.31,1.57
2018.03.01 02:28:04.795,0.77235,0.77246,1.10,4.87
2018.03.01 02:28:05.311,0.77235,0.77246,1.07,4.57
2018.03.01 02:28:06.657,0.77234,0.77246,2.51,3.00
2018.03.01 02:28:09.004,0.77235,0.77246,2.70,1.37
2018.03.01 02:28:09.106,0.77235,0.77246,2.70,1.37
2018.03.01 02:28:10.963,0.77235,0.77246,3.07,2.62
2018.03.01 02:28:12.148,0.77235,0.77246,2.70,2.25
2018.03.01 02:28:12.573,0.77235,0.77246,1.20,1.00
2018.03.01 02:28:14.008,0.77236,0.77246,1.00,1.00
2018.03.01 02:28:15.368,0.77237,0.77246,1.00,1.10
2018.03.01 02:28:19.640,0.77236,0.77246,1.10,2.25
2018.03.01 02:28:20.397,0.77235,0.77246,1.95,1.00
2018.03.01 02:28:20.613,0.77234,0.77245,3.64,3.37
2018.03.01 02:28:20.820,0.77236,0.77246,1.10,3.82
2018.03.01 02:28:21.512,0.77234,0.77245,3.26,1.87
2018.03.01 02:28:21.886,0.77234,0.77244,2.51,3.00
2018.03.01 02:28:21.939,0.77234,0.77245,3.26,4.87
2018.03.01 02:28:21.991,0.77236,0.77246,1.50,2.25
2018.03.01 02:28:22.685,0.77234,0.77245,5.51,2.62
2018.03.01 02:28:23.047,0.77234,0.77244,1.32,1.87
2018.03.01 02:28:24.153,0.77234,0.77244,1.25,3.07
2018.03.01 02:28:26.204,0.77234,0.77243,1.25,1.07
2018.03.01 02:28:26.989,0.77234,0.77244,1.31,3.00
2018.03.01 02:28:27.528,0.77234,0.77243,1.25,1.57
2018.03.01 02:28:27.785,0.7724,0.7725,2.44,1.57
2018.03.01 02:28:28.335,0.77241,0.77251,3.56,1.10
2018.03.01 02:28:30.024,0.77241,0.77248,1.00,1.00
2018.03.01 02:28:30.560,0.77239,0.7725,4.20,3.26
2018.03.01 02:28:31.111,0.77239,0.77248,1.95,1.00
2018.03.01 02:28:31.370,0.7724,0.7725,1.76,1.10
2018.03.01 02:28:31.474,0.77241,0.77251,1.50,1.20
2018.03.01 02:28:32.805,0.77241,0.77253,2.25,6.64
2018.03.01 02:28:33.114,0.7724,0.77248,1.00,1.12
2018.03.01 02:28:33.426,0.77237,0.77246,2.25,1.69
2018.03.01 02:28:34.001,0.77236,0.77246,4.57,1.76
2018.03.01 02:28:35.673,0.77236,0.77246,1.57,1.29
2018.03.01 02:28:43.531,0.77236,0.77246,1.00,3.26
2018.03.01 02:28:44.626,0.77236,0.77246,1.00,6.26
2018.03.01 02:28:51.537,0.77236,0.77246,1.20,2.51
2018.03.01 02:28:54.153,0.77236,0.77246,1.57,2.89
2018.03.01 02:28:58.437,0.77236,0.77246,4.12,1.31
2018.03.01 02:29:00.409,0.77236,0.77246,2.62,1.01
2018.03.01 02:29:02.663,0.77236,0.77247,6.37,8.14
2018.03.01 02:29:03.590,0.77236,0.77246,3.00,1.29
2018.03.01 02:29:06.511,0.77236,0.77245,1.12,1.32
2018.03.01 02:29:10.016,0.77236,0.77246,1.00,1.76
2018.03.01 02:29:15.168,0.77235,0.77246,1.50,2.14
2018.03.01 02:29:18.060,0.77235,0.77246,2.62,3.26
2018.03.01 02:29:20.255,0.77235,0.77246,1.50,2.14
2018.03.01 02:29:20.798,0.77235,0.77246,1.87,1.39
2018.03.01 02:29:23.864,0.77235,0.77246,3.00,3.64
2018.03.01 02:29:25.838,0.77235,0.77246,1.12,2.14
2018.03.01 02:29:25.992,0.77235,0.77246,1.87,3.64
2018.03.01 02:29:28.848,0.77235,0.77247,4.50,3.64
2018.03.01 02:29:30.191,0.77236,0.77246,1.00,2.51
2018.03.01 02:29:31.627,0.77235,0.77246,1.57,2.89
2018.03.01 02:29:32.539,0.77235,0.77244,1.50,1.39
2018.03.01 02:29:32.642,0.77235,0.77245,1.00,5.14
2018.03.01 02:29:33.154,0.77235,0.77245,1.50,2.70
2018.03.01 02:29:35.313,0.77235,0.77245,2.62,1.10
2018.03.01 02:29:36.125,0.77236,0.77246,1.12,1.95
2018.03.01 02:29:36.716,0.77236,0.77246,1.87,2.70
2018.03.01 02:29:36.769,0.77238,0.77249,1.50,4.57
2018.03.01 02:29:37.182,0.77237,0.77246,1.00,3.19
2018.03.01 02:29:37.235,0.77235,0.77246,3.07,5.81
2018.03.01 02:29:37.782,0.77235,0.77246,3.07,5.89
2018.03.01 02:29:51.146,0.77235,0.77245,1.00,1.57
2018.03.01 02:29:54.827,0.77234,0.77244,1.10,1.01
2018.03.01 02:29:59.663,0.77233,0.77242,1.00,1.00
2018.03.01 02:29:59.925,0.7723,0.77241,1.87,2.14
2018.03.01 02:30:00.434,0.77231,0.77241,2.70,1.20
2018.03.01 02:30:00.784,0.77232,0.77241,2.25,1.10
2018.03.01 02:30:05.344,0.77232,0.77241,2.25,1.00
2018.03.01 02:30:06.080,0.77231,0.77241,9.45,1.20
2018.03.01 02:30:10.782,0.77232,0.77241,1.00,1.00
2018.03.01 02:30:11.386,0.77232,0.77238,1.00,3.00
2018.03.01 02:30:11.489,0.77228,0.77237,1.37,2.70
2018.03.01 02:30:13.015,0.77228,0.77237,1.87,1.47
2018.03.01 02:30:13.533,0.77228,0.77236,1.12,1.26
2018.03.01 02:30:13.586,0.77225,0.77235,1.01,1.76
2018.03.01 02:30:15.140,0.77224,0.77235,2.44,2.14
2018.03.01 02:30:17.049,0.77224,0.77234,1.69,1.07
2018.03.01 02:30:22.250,0.77224,0.77232,1.50,1.31
2018.03.01 02:30:22.776,0.77222,0.77231,2.44,1.12
2018.03.01 02:30:24.704,0.77222,0.77232,1.25,1.01
2018.03.01 02:30:27.345,0.77223,0.77227,1.00,3.75
2018.03.01 02:30:27.557,0.7722,0.77229,1.00,3.26
2018.03.01 02:30:27.660,0.7722,0.77229,1.00,1.39
2018.03.01 02:30:28.494,0.7722,0.7723,4.12,1.19
2018.03.01 02:30:29.645,0.77221,0.77231,4.12,1.07
2018.03.01 02:30:30.355,0.77221,0.77231,4.95,1.10
2018.03.01 02:30:32.163,0.77222,0.77233,1.20,1.00
2018.03.01 02:30:32.217,0.77225,0.77234,1.00,1.57
2018.03.01 02:30:32.772,0.77225,0.77234,1.87,1.12
2018.03.01 02:30:35.213,0.77225,0.77234,1.00,2.44
2018.03.01 02:30:35.316,0.77227,0.77237,1.00,1.76
2018.03.01 02:30:35.369,0.77228,0.77238,1.50,1.00
2018.03.01 02:30:35.914,0.7723,0.7724,1.00,1.50
2018.03.01 02:30:36.509,0.7723,0.7724,1.00,1.12
2018.03.01 02:30:39.881,0.77229,0.7724,2.89,1.37
2018.03.01 02:30:41.498,0.7723,0.7724,1.25,1.00
2018.03.01 02:31:00.609,0.7723,0.7724,2.70,1.00
2018.03.01 02:31:11.849,0.7723,0.7724,2.32,1.50
2018.03.01 02:31:12.540,0.77228,0.77238,1.95,1.12
2018.03.01 02:31:13.113,0.77227,0.77237,5.14,1.95
2018.03.01 02:31:16.732,0.77229,0.7724,6.56,3.82
2018.03.01 02:31:32.261,0.7723,0.77238,1.10,1.00
2018.03.01 02:31:32.832,0.77229,0.77238,2.44,4.95
2018.03.01 02:31:33.442,0.77229,0.77237,1.25,1.00
2018.03.01 02:31:34.113,0.77227,0.77235,1.31,2.25
2018.03.01 02:31:34.647,0.77226,0.77234,1.00,2.62
2018.03.01 02:31:35.310,0.77224,0.77235,4.01,1.57
2018.03.01 02:31:42.934,0.77224,0.77235,3.64,1.20
2018.03.01 02:31:44.070,0.77224,0.77234,2.51,1.20
2018.03.01 02:31:47.587,0.77224,0.77233,1.12,3.75
2018.03.01 02:31:48.119,0.77224,0.77232,1.00,2.32
2018.03.01 02:31:49.096,0.77223,0.77232,1.01,1.50
2018.03.01 02:31:50.810,0.77219,0.77226,1.00,1.00
2018.03.01 02:31:50.917,0.77219,0.77229,1.12,2.44
2018.03.01 02:31:51.562,0.77219,0.7723,5.44,4.57
2018.03.01 02:31:52.313,0.77219,0.7723,3.94,1.95
2018.03.01 02:31:56.184,0.7722,0.77231,4.01,1.87
2018.03.01 02:31:56.698,0.77222,0.77231,2.25,1.87
2018.03.01 02:31:57.218,0.77223,0.77231,2.44,1.00
2018.03.01 02:31:57.414,0.77223,0.77233,1.76,3.45
2018.03.01 02:31:57.472,0.77227,0.77235,1.69,1.10
2018.03.01 02:31:58.064,0.77227,0.77236,3.64,1.00
2018.03.01 02:31:58.374,0.77228,0.77238,2.14,1.00
2018.03.01 02:31:59.329,0.77228,0.77239,6.26,1.87
2018.03.01 02:32:00.164,0.77228,0.77239,2.51,1.12
2018.03.01 02:32:00.370,0.77229,0.77237,1.07,4.50
2018.03.01 02:32:00.525,0.7723,0.77239,2.70,2.25
2018.03.01 02:32:00.577,0.77229,0.77239,4.95,1.50
2018.03.01 02:32:01.668,0.7723,0.77238,1.10,3.00
2018.03.01 02:32:01.875,0.77228,0.77237,1.01,2.62
2018.03.01 02:32:05.617,0.77228,0.77238,3.26,2.62
2018.03.01 02:32:06.292,0.77231,0.77239,1.20,1.87
2018.03.01 02:32:07.868,0.77231,0.77241,2.51,1.87
2018.03.01 02:32:08.415,0.77231,0.77241,3.64,1.12
2018.03.01 02:32:12.865,0.77232,0.77241,2.14,1.00
2018.03.01 02:32:13.423,0.77232,0.77242,2.14,1.00
2018.03.01 02:32:13.928,0.77232,0.77243,2.89,3.00
2018.03.01 02:32:15.505,0.77234,0.77243,1.20,2.25
2018.03.01 02:32:16.065,0.77234,0.77243,1.95,3.37
2018.03.01 02:32:16.606,0.77234,0.77243,1.95,2.62
2018.03.01 02:32:17.872,0.77235,0.77243,1.45,1.87
2018.03.01 02:32:19.062,0.77235,0.77243,1.57,1.00
2018.03.01 02:32:19.219,0.77242,0.77252,3.64,1.20
2018.03.01 02:32:19.373,0.77244,0.77253,1.57,2.25
2018.03.01 02:32:19.961,0.77244,0.77253,1.57,1.50
2018.03.01 02:32:20.729,0.77244,0.77253,1.20,1.12
2018.03.01 02:32:21.390,0.77244,0.77254,1.45,3.75
2018.03.01 02:32:24.529,0.77243,0.77253,1.57,1.50
2018.03.01 02:32:26.718,0.77243,0.77253,1.57,2.62
2018.03.01 02:32:27.332,0.77244,0.77253,1.45,2.62
2018.03.01 02:32:27.938,0.77242,0.77253,7.76,2.62
2018.03.01 02:32:32.657,0.77244,0.77253,1.00,1.87
2018.03.01 02:32:33.195,0.77242,0.77253,5.89,1.87
2018.03.01 02:32:34.901,0.77242,0.77253,6.26,1.12
2018.03.01 02:32:41.097,0.77243,0.77253,2.51,1.87
2018.03.01 02:32:43.494,0.77243,0.77253,1.76,3.37
2018.03.01 02:32:44.950,0.77243,0.77253,1.39,3.37
2018.03.01 02:32:45.455,0.77243,0.77252,1.01,1.50
2018.03.01 02:32:59.529,0.77242,0.77252,1.76,2.25
2018.03.01 02:33:00.107,0.77241,0.77252,1.82,2.25
2018.03.01 02:33:04.465,0.77243,0.77252,1.07,1.50
2018.03.01 02:33:04.975,0.77241,0.77253,6.07,8.89
2018.03.01 02:33:17.722,0.77242,0.77252,2.62,1.87
2018.03.01 02:33:26.206,0.77242,0.77251,1.87,1.50
2018.03.01 02:33:29.188,0.77242,0.77251,1.50,1.12
2018.03.01 02:33:30.693,0.77241,0.77247,1.00,1.69
2018.03.01 02:33:30.746,0.77238,0.77248,2.32,2.51
2018.03.01 02:33:31.024,0.77237,0.77247,1.57,13.39
2018.03.01 02:33:31.914,0.77237,0.77247,1.12,5.14
2018.03.01 02:33:32.599,0.77237,0.77246,1.00,5.06
2018.03.01 02:34:04.654,0.77237,0.77245,1.00,2.25
2018.03.01 02:34:10.867,0.77237,0.77246,1.20,1.50
2018.03.01 02:34:15.955,0.77236,0.77245,2.32,1.00
2018.03.01 02:34:17.558,0.77235,0.77245,4.31,1.00
2018.03.01 02:34:18.221,0.77235,0.77245,2.14,1.00
2018.03.01 02:34:35.601,0.77237,0.77246,1.10,1.12
2018.03.01 02:34:35.956,0.77239,0.77247,1.00,6.94
2018.03.01 02:34:36.676,0.77239,0.77247,1.00,6.19
2018.03.01 02:34:39.201,0.77239,0.77246,1.00,1.00
2018.03.01 02:34:39.736,0.77239,0.77247,1.00,2.06
2018.03.01 02:34:40.315,0.77238,0.77246,1.20,1.00
2018.03.01 02:34:54.601,0.77238,0.77246,1.10,1.31
2018.03.01 02:34:55.285,0.77238,0.77246,1.10,1.31
2018.03.01 02:35:19.190,0.77238,0.77246,1.10,2.25
2018.03.01 02:35:36.138,0.7724,0.77246,2.32,1.00
2018.03.01 02:35:36.190,0.77242,0.77249,1.12,1.19
2018.03.01 02:35:36.242,0.77242,0.77252,1.12,2.51
2018.03.01 02:35:43.163,0.77242,0.77252,1.20,1.19
2018.03.01 02:35:46.831,0.77242,0.77252,1.87,1.31
2018.03.01 02:35:47.553,0.77242,0.77253,2.81,2.70
2018.03.01 02:35:50.851,0.77243,0.77252,1.00,1.12
2018.03.01 02:35:52.840,0.77242,0.77253,2.81,2.70
2018.03.01 02:35:54.087,0.77242,0.77252,3.07,1.01
2018.03.01 02:35:58.170,0.77242,0.77252,1.20,1.01
2018.03.01 02:36:01.225,0.77242,0.77251,1.20,1.00
2018.03.01 02:36:02.360,0.77241,0.77251,1.87,2.70
2018.03.01 02:36:03.938,0.77241,0.77251,1.87,2.62
2018.03.01 02:36:04.837,0.77241,0.77251,2.62,2.25
2018.03.01 02:36:08.351,0.77239,0.77246,3.45,1.00
2018.03.01 02:36:08.403,0.77238,0.77246,1.87,1.00
2018.03.01 02:36:08.610,0.77239,0.77248,4.20,1.25
2018.03.01 02:36:09.266,0.77239,0.77249,9.45,1.00
2018.03.01 02:36:10.505,0.77238,0.77247,1.95,5.62
2018.03.01 02:36:11.527,0.77238,0.77246,1.47,1.00
2018.03.01 02:36:12.075,0.77237,0.77247,2.89,1.50
2018.03.01 02:36:13.216,0.77237,0.77246,3.64,1.00
2018.03.01 02:36:14.246,0.77237,0.77247,2.89,5.25
2018.03.01 02:36:16.759,0.77237,0.77246,4.39,1.00
2018.03.01 02:36:18.120,0.77237,0.77247,2.89,1.50
2018.03.01 02:36:29.279,0.77237,0.77246,3.45,1.00
2018.03.01 02:36:29.939,0.77237,0.77247,2.70,6.00
2018.03.01 02:36:30.860,0.77239,0.77249,3.45,1.12
2018.03.01 02:36:30.964,0.77241,0.77251,1.00,1.39
2018.03.01 02:36:34.639,0.77241,0.77251,1.45,1.56
2018.03.01 02:36:35.173,0.77241,0.77251,1.00,1.56
2018.03.01 02:36:40.561,0.77241,0.77251,2.70,3.56
2018.03.01 02:36:41.089,0.7724,0.77251,4.39,2.06
2018.03.01 02:36:41.808,0.77239,0.77248,3.45,1.25
2018.03.01 02:36:41.962,0.7724,0.77251,1.00,3.07
2018.03.01 02:36:42.513,0.7724,0.77251,1.20,4.57
2018.03.01 02:36:43.177,0.7724,0.77251,1.10,3.00
2018.03.01 02:36:50.605,0.7724,0.7725,1.50,2.44
2018.03.01 02:36:50.820,0.7724,0.7725,1.50,1.00
2018.03.01 02:36:55.429,0.77242,0.77251,1.00,1.62
2018.03.01 02:36:56.051,0.77243,0.77251,1.20,1.62
2018.03.01 02:36:56.879,0.77243,0.77251,1.20,2.06
2018.03.01 02:36:59.519,0.77243,0.77252,1.20,4.31
2018.03.01 02:37:00.341,0.77243,0.77251,1.20,2.06
2018.03.01 02:37:04.976,0.77244,0.77252,1.00,3.75
2018.03.01 02:37:05.028,0.77245,0.77254,3.82,2.81
2018.03.01 02:37:05.566,0.77245,0.77254,5.32,1.50
2018.03.01 02:37:06.174,0.77247,0.77254,1.20,1.00
2018.03.01 02:37:11.041,0.77246,0.77254,1.45,3.37
2018.03.01 02:37:14.102,0.77246,0.77254,1.20,3.75
2018.03.01 02:37:14.661,0.77245,0.77254,1.57,2.25
2018.03.01 02:37:19.770,0.77245,0.77253,1.57,1.50
2018.03.01 02:37:21.362,0.77244,0.77253,1.10,2.06
2018.03.01 02:37:25.387,0.77244,0.77252,1.20,1.69
2018.03.01 02:37:25.440,0.77243,0.77247,1.95,1.00
2018.03.01 02:37:25.493,0.7724,0.77249,2.62,1.20
2018.03.01 02:37:25.788,0.7724,0.7725,5.70,1.20
2018.03.01 02:37:29.658,0.77241,0.7725,2.25,1.50
2018.03.01 02:37:31.945,0.77241,0.77248,1.10,3.00
2018.03.01 02:37:32.102,0.77238,0.77246,1.10,1.50
2018.03.01 02:37:32.155,0.7724,0.7725,1.95,1.20
2018.03.01 02:37:32.656,0.7724,0.77251,4.20,2.06
2018.03.01 02:37:34.415,0.7724,0.77251,6.07,3.56
2018.03.01 02:37:36.846,0.7724,0.77248,1.20,2.06
2018.03.01 02:37:37.105,0.77241,0.77249,2.25,2.25
2018.03.01 02:37:37.675,0.77241,0.7725,1.57,1.25
2018.03.01 02:37:38.574,0.77241,0.7725,2.51,1.00
2018.03.01 02:37:38.728,0.77244,0.77252,1.00,3.07
2018.03.01 02:37:42.613,0.77244,0.77252,1.00,1.12
2018.03.01 02:37:43.130,0.77245,0.77253,1.00,3.56
2018.03.01 02:37:43.710,0.77245,0.77254,1.00,8.06
2018.03.01 02:37:44.218,0.77246,0.77253,1.00,2.25
2018.03.01 02:37:46.599,0.77246,0.77253,1.00,3.19
2018.03.01 02:37:46.860,0.77241,0.77249,1.87,1.37
2018.03.01 02:37:47.411,0.77242,0.7725,1.00,1.31
2018.03.01 02:37:47.913,0.77243,0.77251,1.00,1.69
2018.03.01 02:37:48.440,0.77243,0.77252,1.00,5.06
2018.03.01 02:37:48.558,0.77245,0.77251,1.00,1.00
2018.03.01 02:37:49.145,0.77246,0.77254,1.00,1.69
2018.03.01 02:38:00.504,0.77246,0.77254,1.00,3.07
2018.03.01 02:38:01.238,0.77246,0.77254,1.00,3.07
2018.03.01 02:38:02.817,0.77246,0.77255,1.00,4.20
2018.03.01 02:38:03.461,0.77246,0.77254,1.00,1.00
2018.03.01 02:38:04.082,0.77246,0.77255,1.00,5.70
2018.03.01 02:38:05.094,0.77246,0.77254,1.00,1.00
2018.03.01 02:38:05.359,0.77244,0.77253,1.00,2.25
2018.03.01 02:38:06.104,0.77244,0.77253,1.00,3.37
2018.03.01 02:38:06.607,0.77244,0.77254,1.87,3.56
2018.03.01 02:38:07.422,0.77244,0.77253,1.95,3.37
2018.03.01 02:38:13.926,0.77244,0.77253,1.20,3.75
2018.03.01 02:38:16.678,0.77244,0.77253,1.20,3.00
2018.03.01 02:38:22.684,0.77244,0.77254,1.50,1.37
2018.03.01 02:38:22.837,0.7725,0.77256,1.50,2.25
2018.03.01 02:38:23.042,0.7725,0.77258,2.32,1.25
2018.03.01 02:38:23.564,0.77252,0.77262,1.00,5.14
2018.03.01 02:38:24.114,0.77251,0.7726,1.10,1.25
2018.03.01 02:38:28.878,0.77249,0.7726,5.70,1.19
2018.03.01 02:38:29.125,0.77249,0.77255,1.37,2.06
2018.03.01 02:38:29.230,0.77245,0.77253,2.51,1.00
2018.03.01 02:38:29.334,0.77246,0.77254,1.50,4.76
2018.03.01 02:38:29.541,0.77245,0.77254,1.10,3.56
2018.03.01 02:38:31.083,0.77243,0.77251,1.95,1.00
2018.03.01 02:38:31.736,0.77243,0.77252,4.50,1.69
2018.03.01 02:38:33.538,0.77243,0.77252,1.50,1.69
2018.03.01 02:38:36.256,0.77244,0.77252,1.50,2.44
2018.03.01 02:38:36.719,0.77246,0.77251,2.25,1.00
2018.03.01 02:38:36.772,0.77247,0.77254,1.87,3.07
2018.03.01 02:38:36.876,0.77246,0.77256,1.95,1.95
2018.03.01 02:38:36.929,0.77248,0.77257,3.00,1.20
2018.03.01 02:38:37.441,0.77248,0.77257,3.82,1.87
2018.03.01 02:38:38.295,0.77249,0.77258,1.12,1.95
2018.03.01 02:38:40.118,0.77251,0.7726,1.12,2.44
2018.03.01 02:38:40.170,0.77251,0.7726,1.87,2.06
2018.03.01 02:38:40.749,0.77253,0.7726,1.12,1.31
2018.03.01 02:38:41.297,0.77253,0.77261,1.12,1.31
2018.03.01 02:38:42.277,0.77253,0.77262,2.25,1.12
2018.03.01 02:38:42.904,0.77253,0.77263,1.50,1.69
2018.03.01 02:38:45.744,0.77253,0.77264,4.57,3.64
2018.03.01 02:38:45.848,0.77258,0.77267,1.87,4.20
2018.03.01 02:38:45.900,0.77259,0.77269,3.37,1.20
2018.03.01 02:38:45.953,0.77261,0.77269,1.12,1.00
2018.03.01 02:38:46.057,0.77261,0.77272,1.20,2.14
2018.03.01 02:38:46.715,0.77262,0.77271,1.12,1.39
2018.03.01 02:38:50.542,0.77262,0.77273,1.00,2.51
2018.03.01 02:38:51.086,0.77262,0.77272,1.37,1.19
2018.03.01 02:38:52.155,0.77261,0.77273,1.95,2.51
2018.03.01 02:39:00.414,0.77261,0.77272,2.25,3.64
2018.03.01 02:39:05.150,0.77261,0.77272,2.25,1.76
2018.03.01 02:39:07.993,0.77261,0.77267,1.50,1.00
2018.03.01 02:39:08.097,0.77256,0.77263,1.10,1.12
2018.03.01 02:39:08.598,0.77254,0.77263,1.00,1.25
2018.03.01 02:39:09.154,0.77254,0.77263,1.00,5.89
2018.03.01 02:39:10.756,0.77254,0.77263,1.00,11.51
2018.03.01 02:39:12.715,0.77254,0.77262,1.00,2.25
2018.03.01 02:39:13.251,0.77254,0.77263,1.00,2.70
2018.03.01 02:39:23.288,0.77254,0.77263,1.00,3.64
2018.03.01 02:39:23.919,0.77254,0.77263,1.00,2.51
2018.03.01 02:39:24.422,0.77254,0.77263,1.20,1.87
2018.03.01 02:39:33.257,0.77252,0.77263,1.57,1.37
2018.03.01 02:39:38.813,0.77253,0.77263,1.00,4.39
2018.03.01 02:39:39.987,0.77253,0.77263,1.10,1.95
2018.03.01 02:39:42.300,0.77254,0.77264,2.62,2.44
2018.03.01 02:39:42.908,0.77256,0.77265,1.00,3.45
2018.03.01 02:39:45.970,0.77254,0.77265,4.95,2.62
2018.03.01 02:39:47.577,0.77254,0.77265,4.20,3.00
2018.03.01 02:40:00.694,0.77254,0.77265,2.32,2.25
2018.03.01 02:40:03.767,0.77254,0.77263,1.10,1.00
2018.03.01 02:40:24.812,0.77253,0.77261,2.14,1.00
2018.03.01 02:40:25.126,0.77247,0.77256,2.70,1.75
2018.03.01 02:40:25.179,0.77245,0.77255,2.51,1.12
2018.03.01 02:40:29.295,0.77247,0.77257,1.12,2.44
2018.03.01 02:40:30.346,0.77245,0.77257,3.07,6.82
2018.03.01 02:40:30.889,0.77245,0.77256,3.45,2.14
2018.03.01 02:40:31.560,0.77246,0.77257,1.10,8.51
2018.03.01 02:40:32.323,0.77244,0.77256,5.32,1.25
2018.03.01 02:40:35.531,0.7725,0.77258,1.37,1.00
2018.03.01 02:40:36.042,0.77249,0.77259,6.26,1.12
2018.03.01 02:40:36.707,0.77249,0.7726,3.26,1.57
2018.03.01 02:40:38.351,0.77249,0.7726,4.39,1.10
2018.03.01 02:40:43.107,0.77249,0.7726,3.07,1.57
2018.03.01 02:40:43.740,0.77249,0.77259,3.07,3.00
2018.03.01 02:40:43.894,0.77249,0.7726,2.70,1.95
2018.03.01 02:40:53.401,0.7725,0.77259,3.07,1.00
2018.03.01 02:40:53.975,0.7725,0.7726,3.07,1.95
2018.03.01 02:40:54.027,0.7725,0.77259,2.32,3.00
2018.03.01 02:40:54.220,0.7725,0.7726,3.07,1.10
2018.03.01 02:41:01.275,0.77249,0.77259,9.07,1.50
2018.03.01 02:41:01.327,0.77249,0.7726,9.07,1.95
2018.03.01 02:41:01.381,0.77249,0.77258,9.07,1.12
2018.03.01 02:41:01.738,0.77249,0.7726,11.32,1.20
2018.03.01 02:41:10.859,0.77249,0.7726,7.95,1.25
2018.03.01 02:41:11.603,0.77249,0.7726,8.14,1.00
2018.03.01 02:41:12.130,0.77249,0.7726,8.14,1.00
2018.03.01 02:41:12.704,0.77249,0.77259,7.95,1.00
2018.03.01 02:41:15.794,0.7725,0.77261,1.10,2.81
2018.03.01 02:41:15.846,0.77252,0.77261,1.12,3.37
2018.03.01 02:41:19.525,0.77251,0.77259,4.20,1.50
2018.03.01 02:41:19.576,0.77251,0.77261,4.20,1.12
2018.03.01 02:41:24.400,0.77251,0.77261,1.20,1.20
2018.03.01 02:41:28.192,0.77251,0.77262,1.20,1.95
2018.03.01 02:41:30.415,0.77251,0.77259,1.10,1.00
2018.03.01 02:41:30.950,0.77251,0.77259,1.10,3.00
2018.03.01 02:41:31.612,0.77251,0.77261,1.10,3.26
2018.03.01 02:41:38.503,0.77251,0.77258,1.00,1.00
2018.03.01 02:41:38.609,0.77251,0.7726,1.00,1.25
2018.03.01 02:41:40.294,0.77248,0.77256,2.32,1.69
2018.03.01 02:41:40.399,0.77246,0.77257,1.57,6.37
2018.03.01 02:41:41.306,0.77246,0.77258,1.10,15.07
2018.03.01 02:41:41.510,0.77249,0.77258,2.62,3.45
2018.03.01 02:41:41.562,0.77251,0.7726,1.12,2.51
2018.03.01 02:41:41.614,0.77253,0.7726,1.00,1.20
2018.03.01 02:41:41.972,0.77253,0.77262,1.00,1.12
2018.03.01 02:41:42.488,0.77253,0.77263,1.10,1.39
2018.03.01 02:41:43.016,0.77253,0.77262,1.10,1.00
2018.03.01 02:41:44.598,0.77253,0.77263,1.10,1.01
2018.03.01 02:41:45.667,0.77254,0.77263,1.00,2.14
2018.03.01 02:41:53.492,0.7725,0.77256,1.07,2.06
2018.03.01 02:41:53.619,0.77246,0.77255,3.82,2.25
2018.03.01 02:41:54.238,0.77246,0.77255,2.25,2.25
2018.03.01 02:41:55.127,0.77245,0.77254,1.20,2.44
2018.03.01 02:41:55.851,0.77245,0.77253,1.00,1.19
2018.03.01 02:42:01.325,0.77244,0.77253,1.12,1.19
2018.03.01 02:42:09.194,0.77244,0.77254,1.57,2.44
2018.03.01 02:42:10.967,0.77244,0.77254,3.45,2.14
2018.03.01 02:42:11.715,0.77245,0.77254,1.37,2.06
2018.03.01 02:42:12.011,0.77252,0.77262,2.62,2.89
2018.03.01 02:42:12.557,0.77253,0.77262,1.20,1.69
2018.03.01 02:42:13.155,0.77254,0.77265,1.00,6.64
2018.03.01 02:42:13.930,0.77255,0.77264,1.00,1.01
2018.03.01 02:42:18.224,0.77255,0.77264,1.00,1.01
2018.03.01 02:42:18.813,0.77255,0.77264,1.00,1.69
2018.03.01 02:42:20.324,0.77254,0.77264,1.57,1.69
2018.03.01 02:42:20.631,0.77251,0.77262,2.32,1.01
2018.03.01 02:42:20.986,0.77251,0.7726,1.00,1.25
2018.03.01 02:42:23.242,0.77251,0.77262,1.20,2.32
2018.03.01 02:42:23.837,0.77251,0.77262,4.20,2.32
2018.03.01 02:42:24.708,0.77252,0.77263,1.12,3.26
2018.03.01 02:42:25.484,0.77252,0.77263,1.95,2.51
2018.03.01 02:42:26.255,0.77251,0.77263,6.26,2.89
2018.03.01 02:42:27.768,0.77252,0.77264,2.32,5.51
2018.03.01 02:42:28.075,0.77253,0.77264,1.50,3.26
2018.03.01 02:42:32.250,0.77253,0.77263,1.00,1.19
2018.03.01 02:42:46.333,0.77253,0.77263,1.47,2.14
2018.03.01 02:42:46.437,0.77254,0.77264,2.25,1.00
2018.03.01 02:42:46.942,0.77255,0.77264,1.00,1.00
2018.03.01 02:42:47.594,0.77254,0.77264,2.25,1.00
2018.03.01 02:43:05.455,0.77255,0.77265,1.00,1.57
2018.03.01 02:43:26.186,0.77256,0.77265,1.00,1.57
2018.03.01 02:43:26.237,0.77256,0.77264,1.00,3.37
2018.03.01 02:43:33.415,0.77253,0.77262,1.20,2.25
2018.03.01 02:43:33.935,0.77253,0.77262,1.12,3.00
2018.03.01 02:43:47.917,0.77253,0.77261,1.00,1.37
2018.03.01 02:43:48.544,0.7725,0.77261,4.20,1.37
2018.03.01 02:43:54.017,0.77251,0.77261,3.07,2.62
2018.03.01 02:43:54.861,0.77251,0.77261,1.07,1.50
2018.03.01 02:43:58.462,0.77251,0.77261,2.70,1.00
2018.03.01 02:43:58.514,0.77254,0.77261,1.00,1.12
2018.03.01 02:43:59.192,0.77254,0.77261,1.00,1.57
2018.03.01 02:43:59.649,0.77256,0.77263,1.00,1.07
2018.03.01 02:43:59.754,0.77258,0.77267,1.12,1.45
2018.03.01 02:43:59.806,0.77259,0.77268,1.00,1.39
2018.03.01 02:44:00.509,0.77259,0.77269,1.57,1.10
2018.03.01 02:44:01.267,0.7726,0.7727,1.00,3.75
2018.03.01 02:44:01.974,0.77259,0.7727,3.45,3.00
2018.03.01 02:44:02.515,0.77259,0.7727,3.82,2.70
2018.03.01 02:44:03.066,0.77259,0.7727,2.70,3.07
2018.03.01 02:44:03.527,0.77258,0.77265,1.00,1.50
2018.03.01 02:44:03.664,0.77253,0.77263,1.10,1.31
2018.03.01 02:44:03.924,0.77251,0.77262,1.20,1.57
2018.03.01 02:44:05.364,0.77251,0.77261,1.20,1.57
2018.03.01 02:44:08.135,0.77251,0.77261,1.31,2.25
2018.03.01 02:44:08.443,0.77254,0.77264,1.87,4.39
2018.03.01 02:44:13.168,0.77254,0.77264,5.25,2.44
2018.03.01 02:44:13.710,0.77257,0.77266,2.25,1.00
2018.03.01 02:44:14.371,0.77258,0.77269,1.12,3.26
2018.03.01 02:44:14.476,0.77259,0.77269,2.25,1.57
2018.03.01 02:44:16.028,0.77261,0.77271,1.12,1.95
2018.03.01 02:44:16.544,0.77261,0.77271,1.12,1.12
2018.03.01 02:44:17.097,0.7726,0.7727,3.82,1.00
2018.03.01 02:44:17.758,0.7726,0.7727,1.00,1.00
2018.03.01 02:44:25.465,0.7726,0.77268,1.20,1.00
2018.03.01 02:44:34.512,0.77259,0.77267,1.12,1.00
2018.03.01 02:44:35.028,0.77259,0.77269,2.25,3.64
2018.03.01 02:44:35.584,0.77258,0.77269,5.25,2.14
2018.03.01 02:44:36.200,0.77259,0.77269,2.32,3.64
2018.03.01 02:44:37.887,0.7726,0.7727,3.00,1.50
2018.03.01 02:44:37.989,0.77259,0.7727,2.32,2.06
2018.03.01 02:44:38.142,0.77258,0.77264,1.87,1.12
2018.03.01 02:44:38.244,0.77253,0.77262,5.32,1.00
2018.03.01 02:44:39.013,0.77253,0.77263,1.50,1.69
2018.03.01 02:44:39.600,0.77253,0.77264,5.70,4.01
2018.03.01 02:44:48.098,0.77253,0.77264,4.95,2.81
2018.03.01 02:44:48.694,0.77253,0.77264,6.82,3.56
2018.03.01 02:44:50.527,0.77253,0.77263,1.95,1.31
2018.03.01 02:44:52.095,0.77253,0.77262,1.57,1.25
2018.03.01 02:44:54.383,0.77253,0.77262,1.00,1.31
2018.03.01 02:44:55.353,0.77253,0.77262,1.07,1.25
2018.03.01 02:44:56.594,0.77253,0.77264,1.50,2.51
2018.03.01 02:45:00.450,0.77253,0.77262,1.00,1.00
2018.03.01 02:45:01.058,0.77253,0.77262,1.00,1.19
2018.03.01 02:45:02.264,0.77253,0.77263,1.00,1.31
2018.03.01 02:45:04.375,0.77252,0.77263,3.07,1.31
2018.03.01 02:45:06.660,0.77252,0.77262,1.12,1.69
2018.03.01 02:45:06.763,0.7725,0.77259,1.45,2.44
2018.03.01 02:45:10.877,0.77251,0.77261,2.32,1.87
2018.03.01 02:45:11.184,0.77252,0.7726,1.57,1.00
2018.03.01 02:45:11.793,0.77252,0.7726,1.12,1.10
2018.03.01 02:45:13.986,0.77251,0.77262,6.64,1.50
2018.03.01 02:45:14.382,0.77253,0.77262,1.00,1.87
2018.03.01 02:45:14.934,0.77253,0.77262,1.00,1.12
2018.03.01 02:45:17.573,0.77251,0.77262,2.14,2.25
2018.03.01 02:45:18.112,0.77251,0.77262,2.14,3.07
2018.03.01 02:45:20.426,0.77251,0.77261,1.10,5.51
2018.03.01 02:45:21.426,0.7725,0.7726,1.95,1.50
2018.03.01 02:45:27.543,0.77251,0.77262,4.57,3.07
2018.03.01 02:45:27.596,0.77253,0.77263,1.50,1.00
2018.03.01 02:45:27.649,0.77254,0.77264,2.62,4.01
2018.03.01 02:45:28.109,0.77257,0.77265,4.01,1.00
2018.03.01 02:45:28.162,0.77259,0.77268,1.00,1.32
2018.03.01 02:45:28.320,0.77259,0.7727,1.57,1.19
2018.03.01 02:45:29.305,0.77259,0.77269,3.82,1.25
2018.03.01 02:45:38.771,0.77259,0.77271,4.31,4.57
2018.03.01 02:45:39.640,0.77262,0.77271,1.00,8.25
2018.03.01 02:45:47.828,0.77262,0.77271,1.00,5.62
2018.03.01 02:45:50.936,0.77262,0.7727,1.00,2.25
2018.03.01 02:45:51.506,0.77262,0.77269,1.00,1.00
2018.03.01 02:45:54.202,0.77262,0.7727,1.00,2.25
2018.03.01 02:46:01.462,0.7726,0.7727,1.39,3.75
2018.03.01 02:46:02.187,0.7726,0.77269,1.10,1.69
2018.03.01 02:46:04.476,0.77259,0.77269,1.76,1.69
2018.03.01 02:46:05.583,0.7726,0.77269,1.00,1.25
2018.03.01 02:46:06.124,0.7726,0.7727,2.06,1.50
2018.03.01 02:46:07.110,0.77261,0.7727,1.25,1.00
2018.03.01 02:46:27.717,0.7726,0.7727,1.19,1.50
2018.03.01 02:46:28.851,0.77259,0.7727,2.14,3.00
2018.03.01 02:46:29.361,0.77259,0.77269,1.47,1.37
2018.03.01 02:46:31.295,0.77262,0.77269,1.00,1.37
2018.03.01 02:46:31.495,0.77262,0.7727,1.00,3.56
2018.03.01 02:46:35.118,0.77261,0.7727,1.00,1.31
2018.03.01 02:46:35.587,0.77259,0.7727,2.32,2.06
2018.03.01 02:46:36.115,0.7726,0.7727,1.00,1.31
2018.03.01 02:46:39.078,0.77259,0.7727,2.32,2.44
2018.03.01 02:46:45.706,0.7726,0.7727,1.00,3.19
2018.03.01 02:46:46.268,0.7726,0.7727,1.87,2.06
2018.03.01 02:46:46.955,0.7726,0.7727,2.25,1.12
2018.03.01 02:46:49.344,0.77261,0.7727,1.47,1.50
2018.03.01 02:46:50.451,0.77263,0.77272,2.25,3.45
2018.03.01 02:46:50.607,0.77263,0.77272,1.50,1.00
2018.03.01 02:46:50.660,0.77264,0.77273,4.87,1.20
2018.03.01 02:46:50.870,0.77268,0.77278,1.69,3.26
2018.03.01 02:46:51.398,0.77268,0.77278,1.76,4.76
2018.03.01 02:46:53.745,0.77269,0.77279,1.12,5.06
2018.03.01 02:47:00.406,0.77269,0.77278,1.87,2.44
2018.03.01 02:47:06.959,0.77271,0.77278,1.00,1.69
2018.03.01 02:47:19.488,0.77271,0.77278,1.00,1.69
2018.03.01 02:47:20.036,0.77271,0.77278,1.00,2.44
2018.03.01 02:47:23.822,0.77271,0.77278,1.00,2.44
2018.03.01 02:47:23.874,0.77271,0.77278,1.00,1.31
2018.03.01 02:47:26.892,0.77271,0.77277,1.00,1.00
2018.03.01 02:47:27.397,0.77271,0.77279,1.00,4.76
2018.03.01 02:47:28.320,0.77272,0.77279,1.00,3.64
2018.03.01 02:47:28.475,0.77273,0.7728,1.00,1.10
2018.03.01 02:47:28.642,0.77271,0.7728,1.00,1.87
2018.03.01 02:47:29.387,0.7727,0.7728,2.25,2.32
2018.03.01 02:47:31.638,0.7727,0.7728,4.20,1.10
2018.03.01 02:47:32.189,0.77271,0.77281,1.00,2.14
2018.03.01 02:47:37.543,0.77271,0.77281,1.37,1.69
2018.03.01 02:47:38.336,0.77271,0.77281,1.20,1.69
2018.03.01 02:47:47.761,0.77271,0.7728,3.75,1.10
2018.03.01 02:47:48.268,0.77271,0.77281,1.00,2.89
2018.03.01 02:47:53.019,0.7727,0.7728,1.00,1.57
2018.03.01 02:47:53.276,0.77272,0.77281,1.12,3.45
2018.03.01 02:47:56.217,0.77272,0.77281,1.57,1.12
2018.03.01 02:47:57.577,0.77272,0.77281,1.10,1.12
2018.03.01 02:48:06.772,0.77273,0.77282,1.00,2.25
2018.03.01 02:48:07.318,0.77272,0.77282,1.57,1.37
2018.03.01 02:48:07.863,0.77271,0.77281,2.62,1.87
2018.03.01 02:48:08.440,0.77271,0.77281,1.12,2.81
2018.03.01 02:48:11.742,0.77271,0.77281,1.20,1.00
2018.03.01 02:48:13.230,0.77272,0.77281,1.00,1.00
2018.03.01 02:48:13.581,0.77272,0.77281,1.45,1.00
2018.03.01 02:48:16.190,0.77274,0.77282,1.00,2.25
2018.03.01 02:48:16.295,0.77275,0.77284,1.00,1.50
2018.03.01 02:48:16.972,0.77274,0.77284,3.07,1.50
2018.03.01 02:48:17.510,0.77275,0.77284,1.57,2.25
2018.03.01 02:48:19.293,0.77274,0.77284,3.45,2.25
2018.03.01 02:48:20.015,0.77274,0.77283,1.57,1.00
2018.03.01 02:48:20.801,0.77274,0.77284,1.57,2.25
2018.03.01 02:48:23.860,0.77275,0.77284,1.20,1.87
2018.03.01 02:48:25.273,0.77274,0.77284,2.32,1.87
2018.03.01 02:48:28.858,0.77275,0.77284,1.20,2.25
2018.03.01 02:48:33.758,0.77274,0.77284,2.32,2.25
2018.03.01 02:48:34.539,0.77274,0.77284,2.32,2.44
2018.03.01 02:48:39.818,0.77274,0.77284,1.57,1.69
2018.03.01 02:48:45.462,0.77274,0.77284,1.57,1.87
2018.03.01 02:48:46.038,0.77274,0.77283,1.57,1.50
2018.03.01 02:48:48.344,0.77274,0.77283,2.32,1.69
2018.03.01 02:48:48.901,0.77274,0.77283,2.32,1.50
2018.03.01 02:48:49.671,0.77274,0.77284,2.70,3.00
2018.03.01 02:48:55.765,0.77276,0.77284,1.00,1.87
2018.03.01 02:48:56.074,0.77278,0.77286,1.95,1.00
2018.03.01 02:48:56.852,0.77278,0.77285,1.20,1.12
2018.03.01 02:48:57.368,0.77277,0.77285,3.07,1.12
2018.03.01 02:49:01.427,0.77277,0.77285,3.07,1.00
2018.03.01 02:49:05.112,0.77277,0.77285,2.32,1.00
2018.03.01 02:49:07.983,0.77278,0.77287,1.00,1.00
2018.03.01 02:49:08.543,0.77278,0.77288,1.10,1.10
2018.03.01 02:49:09.684,0.77278,0.77288,3.45,1.57
2018.03.01 02:49:10.236,0.77278,0.77288,2.70,1.57
2018.03.01 02:49:11.398,0.77278,0.77288,1.47,1.10
2018.03.01 02:49:14.852,0.77278,0.77289,12.45,2.25
2018.03.01 02:49:16.714,0.77279,0.77289,2.62,3.37
2018.03.01 02:49:19.497,0.77279,0.77289,1.57,2.32
2018.03.01 02:49:23.862,0.77279,0.77291,3.07,9.07
2018.03.01 02:49:24.441,0.77292,0.77299,1.64,3.00
2018.03.01 02:49:24.598,0.77295,0.77305,2.32,3.37
2018.03.01 02:49:24.650,0.77294,0.77304,1.00,2.51
2018.03.01 02:49:24.867,0.77292,0.77304,2.44,1.32
2018.03.01 02:49:25.421,0.77292,0.77304,3.64,2.51
2018.03.01 02:49:25.628,0.7729,0.77303,3.64,3.07
2018.03.01 02:49:25.731,0.7729,0.77302,3.45,1.57
2018.03.01 02:49:26.079,0.77288,0.773,3.64,2.14
2018.03.01 02:49:26.649,0.77289,0.77299,1.00,1.12
2018.03.01 02:49:27.156,0.77288,0.773,3.64,2.51
2018.03.01 02:49:27.695,0.77288,0.77299,2.89,1.57
2018.03.01 02:49:28.231,0.77287,0.77299,9.26,3.07
2018.03.01 02:49:29.582,0.77289,0.773,1.50,2.51
2018.03.01 02:49:30.096,0.77289,0.773,1.47,1.25
2018.03.01 02:49:37.011,0.77289,0.77301,3.07,2.14
2018.03.01 02:49:38.181,0.77288,0.773,6.26,5.89
2018.03.01 02:49:39.694,0.77289,0.773,2.70,1.01
2018.03.01 02:49:41.431,0.77289,0.77301,1.10,4.76
2018.03.01 02:49:42.153,0.77289,0.773,1.95,1.69
2018.03.01 02:49:42.761,0.77289,0.773,2.32,1.76
2018.03.01 02:49:44.729,0.77288,0.77299,1.45,1.57
2018.03.01 02:49:45.248,0.77288,0.773,1.95,2.70
2018.03.01 02:49:46.742,0.77289,0.773,1.47,2.32
2018.03.01 02:49:50.378,0.77289,0.77298,1.37,2.25
2018.03.01 02:49:50.981,0.77289,0.77298,1.00,2.25
2018.03.01 02:49:51.589,0.77286,0.77295,1.37,2.25
2018.03.01 02:49:51.642,0.77282,0.77293,1.39,2.70
2018.03.01 02:49:51.977,0.77282,0.77291,1.00,1.87
2018.03.01 02:49:52.496,0.77281,0.77291,1.25,1.20
2018.03.01 02:49:53.040,0.7728,0.77291,2.06,1.95
2018.03.01 02:49:53.578,0.7728,0.77289,1.31,1.00
2018.03.01 02:49:54.126,0.7728,0.77289,1.12,1.31
2018.03.01 02:49:54.686,0.77279,0.77289,3.00,1.31
2018.03.01 02:49:55.318,0.77279,0.77289,2.44,1.12
2018.03.01 02:49:55.908,0.77279,0.77289,2.44,1.12
2018.03.01 02:49:56.710,0.7728,0.7729,1.25,1.57
2018.03.01 02:49:58.446,0.77281,0.77291,1.00,4.95
2018.03.01 02:49:59.015,0.7728,0.77291,1.25,4.95
2018.03.01 02:50:00.490,0.77279,0.77289,1.12,4.57
2018.03.01 02:50:00.542,0.77278,0.77287,2.25,1.00
2018.03.01 02:50:00.846,0.77275,0.77283,1.12,1.50
2018.03.01 02:50:00.899,0.77274,0.77283,1.00,3.75
2018.03.01 02:50:01.369,0.77272,0.77281,1.00,1.50
2018.03.01 02:50:01.683,0.7727,0.77281,5.51,1.12
2018.03.01 02:50:03.366,0.7727,0.77281,6.07,1.07
2018.03.01 02:50:04.034,0.7727,0.77282,5.81,2.51
2018.03.01 02:50:05.303,0.7727,0.7728,5.51,1.00
2018.03.01 02:50:05.819,0.7727,0.77281,1.76,1.95
2018.03.01 02:50:06.423,0.7727,0.7728,1.25,1.07
2018.03.01 02:50:07.040,0.7727,0.77281,1.25,1.45
2018.03.01 02:50:07.545,0.77271,0.77282,1.00,6.64
2018.03.01 02:50:08.326,0.77271,0.77282,1.00,5.51
2018.03.01 02:50:09.224,0.7727,0.77281,5.51,1.12
2018.03.01 02:50:09.750,0.7727,0.77282,7.20,5.14
2018.03.01 02:50:10.341,0.7727,0.77282,2.89,3.64
2018.03.01 02:50:11.393,0.77271,0.77282,1.00,3.64
2018.03.01 02:50:11.997,0.77271,0.77282,1.10,5.89
2018.03.01 02:50:13.236,0.7727,0.7728,5.51,2.25
2018.03.01 02:50:13.772,0.77271,0.7728,1.00,2.25
2018.03.01 02:50:14.748,0.7727,0.7728,4.76,2.25
2018.03.01 02:50:16.873,0.77271,0.77281,1.00,3.45
2018.03.01 02:50:17.397,0.7727,0.77281,1.95,5.14
2018.03.01 02:50:18.095,0.7727,0.7728,1.20,2.89
2018.03.01 02:50:18.611,0.77268,0.77279,6.26,1.95
2018.03.01 02:50:19.733,0.77268,0.7728,2.14,2.89
2018.03.01 02:50:24.582,0.77268,0.7728,2.89,2.70
2018.03.01 02:50:25.231,0.77269,0.7728,2.06,2.70
2018.03.01 02:50:28.219,0.77269,0.7728,1.31,6.07
2018.03.01 02:50:28.747,0.77269,0.77278,1.19,1.00
2018.03.01 02:50:35.721,0.77269,0.7728,1.19,2.32
2018.03.01 02:50:36.238,0.77269,0.7728,1.69,5.70
2018.03.01 02:50:37.533,0.77269,0.77278,1.19,2.70
2018.03.01 02:50:37.689,0.77263,0.77272,1.39,1.00
2018.03.01 02:50:37.742,0.77263,0.77271,1.19,1.87
2018.03.01 02:50:37.794,0.77262,0.7727,1.10,1.00
2018.03.01 02:50:38.955,0.77261,0.7727,1.01,3.00
2018.03.01 02:50:41.895,0.77261,0.77271,5.81,2.25
2018.03.01 02:50:42.036,0.77264,0.77271,1.25,2.25
2018.03.01 02:50:42.366,0.77267,0.77277,1.69,3.75
2018.03.01 02:50:43.123,0.77267,0.77277,1.69,4.12
2018.03.01 02:50:43.654,0.77267,0.77276,1.19,2.70
2018.03.01 02:50:44.112,0.77265,0.77275,1.25,1.20
2018.03.01 02:50:46.404,0.77265,0.77275,1.31,3.07
2018.03.01 02:50:48.462,0.77262,0.77273,2.51,3.00
2018.03.01 02:50:48.619,0.7726,0.77271,3.64,2.70
2018.03.01 02:50:49.134,0.7726,0.7727,3.94,1.50
2018.03.01 02:50:50.379,0.7726,0.7727,3.19,1.50
2018.03.01 02:50:55.716,0.77262,0.7727,1.19,1.10
2018.03.01 02:50:56.646,0.7726,0.7727,1.69,1.00
2018.03.01 02:50:56.955,0.77258,0.77266,1.00,2.25
2018.03.01 02:50:57.059,0.77253,0.77261,1.25,3.00
2018.03.01 02:50:57.247,0.7725,0.77261,3.94,3.82
2018.03.01 02:51:04.442,0.77252,0.77262,1.69,2.32
2018.03.01 02:51:04.753,0.77257,0.77264,1.31,1.37
2018.03.01 02:51:06.825,0.77254,0.77263,1.76,1.12
2018.03.01 02:51:07.182,0.77256,0.77263,1.00,1.20
2018.03.01 02:51:07.691,0.77256,0.77264,1.50,1.50
2018.03.01 02:51:08.716,0.77256,0.77264,1.87,1.12
2018.03.01 02:51:09.240,0.77255,0.77264,1.31,1.95
2018.03.01 02:51:09.992,0.77255,0.77263,1.31,1.57
2018.03.01 02:51:13.741,0.77253,0.77263,1.69,2.25
2018.03.01 02:51:15.874,0.77254,0.77264,1.39,2.25
2018.03.01 02:51:16.400,0.77253,0.77263,2.14,1.50
2018.03.01 02:51:18.738,0.77253,0.77264,5.14,1.10
2018.03.01 02:51:18.798,0.77258,0.77265,1.00,1.12
2018.03.01 02:51:18.851,0.77259,0.77268,2.25,1.20
2018.03.01 02:51:20.060,0.77259,0.7727,1.45,2.25
2018.03.01 02:51:24.817,0.7726,0.7727,1.20,2.25
2018.03.01 02:51:27.421,0.7726,0.7727,1.20,1.12
2018.03.01 02:51:27.803,0.77262,0.77272,2.89,3.37
2018.03.01 02:51:29.138,0.77263,0.77271,1.95,1.00
2018.03.01 02:51:29.657,0.77263,0.77271,2.70,1.12
2018.03.01 02:51:30.252,0.77263,0.77271,1.95,1.12
2018.03.01 02:51:32.259,0.77263,0.77269,1.20,1.75
2018.03.01 02:51:32.553,0.77263,0.77271,1.20,1.12
2018.03.01 02:51:32.605,0.77262,0.77272,1.76,1.87
2018.03.01 02:51:33.120,0.77263,0.77272,1.20,2.62
2018.03.01 02:51:33.653,0.77263,0.77272,1.20,2.62
2018.03.01 02:51:35.049,0.77262,0.77272,4.01,2.62
2018.03.01 02:51:36.956,0.77263,0.77271,1.00,1.00
2018.03.01 02:51:44.836,0.77263,0.77272,1.95,1.50
2018.03.01 02:51:45.350,0.77263,0.77272,1.57,3.37
2018.03.01 02:51:45.897,0.77262,0.77271,2.14,1.87
2018.03.01 02:51:46.539,0.77262,0.77271,2.89,2.25
2018.03.01 02:51:48.909,0.77262,0.77271,3.64,3.00
2018.03.01 02:51:49.446,0.77262,0.77269,1.57,1.00
2018.03.01 02:51:49.964,0.77262,0.7727,1.20,1.50
2018.03.01 02:51:50.789,0.77262,0.77271,1.45,5.06
2018.03.01 02:51:51.306,0.77262,0.7727,1.45,1.12
2018.03.01 02:51:52.072,0.77261,0.7727,1.57,1.50
2018.03.01 02:51:54.354,0.7726,0.77269,5.70,1.50
2018.03.01 02:51:55.035,0.77262,0.77272,4.20,7.01
2018.03.01 02:51:55.346,0.7727,0.77281,1.07,2.51
2018.03.01 02:51:55.604,0.77268,0.77278,1.12,1.66
2018.03.01 02:51:55.657,0.77267,0.77277,3.37,4.31
2018.03.01 02:51:55.813,0.77264,0.77273,1.10,3.37
2018.03.01 02:51:56.317,0.77265,0.77275,1.10,3.64
2018.03.01 02:51:56.572,0.77262,0.77272,13.57,1.69
2018.03.01 02:51:56.877,0.77264,0.77273,4.12,1.10
2018.03.01 02:51:57.132,0.77263,0.77272,1.10,1.00
2018.03.01 02:51:57.234,0.77261,0.7727,4.20,1.00
2018.03.01 02:51:57.818,0.7726,0.77271,2.70,2.51
2018.03.01 02:51:58.379,0.7726,0.7727,4.20,2.06
2018.03.01 02:51:58.761,0.77263,0.77271,1.12,1.69
2018.03.01 02:51:59.276,0.77263,0.77272,1.37,1.87
2018.03.01 02:51:59.811,0.77263,0.77272,1.00,1.50
2018.03.01 02:52:03.359,0.77266,0.77272,1.37,1.00
2018.03.01 02:52:03.463,0.77269,0.77276,1.37,1.00
2018.03.01 02:52:03.641,0.77269,0.77279,1.37,1.31
2018.03.01 02:52:04.934,0.77271,0.7728,1.37,2.81
2018.03.01 02:52:05.462,0.77271,0.77281,1.37,2.25
2018.03.01 02:52:06.986,0.77271,0.77281,1.47,2.32
2018.03.01 02:52:07.296,0.77274,0.77282,1.37,1.62
2018.03.01 02:52:07.841,0.77274,0.77282,1.37,1.25
2018.03.01 02:52:11.836,0.77274,0.77283,1.00,3.64
2018.03.01 02:52:12.741,0.77274,0.77283,1.00,3.26
2018.03.01 02:52:16.190,0.77274,0.77282,1.00,1.39
2018.03.01 02:52:16.965,0.77274,0.77282,1.00,3.26
2018.03.01 02:52:18.285,0.77274,0.77282,1.00,1.31
2018.03.01 02:52:21.449,0.77272,0.77283,10.20,1.31
2018.03.01 02:52:24.767,0.77272,0.77281,4.20,1.00
2018.03.01 02:52:28.286,0.77274,0.77284,1.00,1.76
2018.03.01 02:52:28.646,0.77275,0.77285,2.62,1.87
2018.03.01 02:52:29.220,0.77275,0.77285,3.37,1.87
2018.03.01 02:52:31.720,0.77274,0.77285,4.20,1.50
2018.03.01 02:52:34.628,0.77274,0.77284,1.87,2.25
2018.03.01 02:52:35.821,0.77272,0.77281,1.20,1.00
2018.03.01 02:52:36.351,0.7727,0.7728,3.82,1.87
2018.03.01 02:52:38.395,0.7727,0.77278,3.45,1.12
2018.03.01 02:52:38.448,0.77267,0.77276,1.20,1.87
2018.03.01 02:52:38.552,0.77265,0.77274,2.32,1.00
2018.03.01 02:52:40.362,0.77263,0.77273,2.32,1.00
2018.03.01 02:52:40.915,0.77262,0.77273,1.37,3.45
2018.03.01 02:52:41.544,0.77262,0.77273,1.37,7.76
2018.03.01 02:52:41.748,0.77261,0.77272,1.57,2.51
2018.03.01 02:52:43.712,0.7726,0.7727,3.45,2.25
2018.03.01 02:52:45.179,0.7726,0.77269,1.87,1.00
2018.03.01 02:52:45.791,0.7726,0.7727,1.37,1.76
2018.03.01 02:52:47.823,0.7726,0.7727,1.37,1.76
2018.03.01 02:52:54.570,0.77261,0.77272,1.12,2.14
2018.03.01 02:53:04.676,0.77261,0.77272,1.10,2.14
2018.03.01 02:53:05.286,0.77261,0.77272,1.00,4.39
2018.03.01 02:53:15.847,0.77262,0.77272,1.00,3.07
2018.03.01 02:53:16.512,0.77263,0.77272,1.00,1.20
2018.03.01 02:53:17.394,0.77263,0.77272,2.25,1.95
2018.03.01 02:53:24.052,0.77263,0.77272,1.87,1.95
2018.03.01 02:53:24.764,0.77263,0.77273,1.87,4.57
2018.03.01 02:53:25.425,0.77264,0.77273,1.00,4.50
2018.03.01 02:53:32.410,0.77263,0.77273,1.00,2.25
2018.03.01 02:53:36.323,0.77263,0.77273,1.87,4.50
2018.03.01 02:53:36.823,0.77262,0.77272,1.50,3.94
2018.03.01 02:53:37.134,0.77256,0.77264,1.12,2.62
2018.03.01 02:53:37.627,0.77259,0.77269,2.25,4.20
2018.03.01 02:53:37.731,0.7726,0.77271,3.37,7.95
2018.03.01 02:53:38.280,0.77261,0.77271,5.51,3.00
2018.03.01 02:53:38.840,0.77262,0.77272,5.32,3.07
2018.03.01 02:53:38.997,0.77264,0.77274,3.56,3.45
2018.03.01 02:53:39.153,0.77265,0.77276,2.06,1.20
2018.03.01 02:53:39.257,0.77267,0.77278,4.95,1.57
2018.03.01 02:53:39.567,0.77267,0.77276,1.12,2.25
2018.03.01 02:53:43.056,0.77267,0.77276,1.00,1.20
2018.03.01 02:53:45.561,0.77266,0.77277,6.45,1.50
2018.03.01 02:53:46.067,0.77267,0.77277,1.00,1.12
2018.03.01 02:53:46.374,0.77268,0.77278,2.70,3.07
2018.03.01 02:53:47.259,0.77268,0.77279,2.25,1.76
2018.03.01 02:53:48.050,0.77269,0.7728,2.70,5.44
2018.03.01 02:53:49.243,0.77269,0.7728,2.32,2.06
2018.03.01 02:53:50.008,0.77268,0.77279,7.57,1.56
2018.03.01 02:53:50.060,0.77268,0.77279,1.10,2.44
2018.03.01 02:53:51.587,0.77268,0.77278,1.00,3.64
2018.03.01 02:53:54.401,0.77267,0.77279,4.57,4.76
2018.03.01 02:54:00.648,0.77267,0.77278,1.20,2.06
2018.03.01 02:54:00.700,0.77267,0.77279,1.20,2.89
2018.03.01 02:54:01.017,0.77269,0.77279,1.00,3.26
2018.03.01 02:54:01.560,0.77267,0.77278,1.57,2.14
2018.03.01 02:54:02.638,0.77266,0.77278,5.89,1.76
2018.03.01 02:54:04.000,0.77268,0.77278,2.70,1.39
2018.03.01 02:54:04.501,0.77268,0.77278,1.50,1.25
2018.03.01 02:54:06.894,0.77267,0.77277,3.07,1.00
2018.03.01 02:54:07.316,0.77266,0.77276,9.64,1.00
2018.03.01 02:54:07.368,0.77266,0.77275,2.32,2.62
2018.03.01 02:54:08.790,0.77265,0.77276,1.57,8.14
2018.03.01 02:54:10.295,0.77265,0.77276,1.37,2.51
2018.03.01 02:54:10.604,0.77267,0.77278,1.00,5.89
2018.03.01 02:54:11.802,0.77268,0.77277,1.37,1.00
2018.03.01 02:54:12.331,0.77267,0.77278,3.45,2.14
2018.03.01 02:54:12.864,0.77267,0.77278,1.12,2.51
2018.03.01 02:54:13.524,0.77267,0.77278,1.07,1.01
2018.03.01 02:54:16.410,0.7727,0.77278,1.00,1.25
2018.03.01 02:54:17.565,0.7727,0.77279,1.00,1.00
2018.03.01 02:54:18.485,0.7727,0.77279,1.00,1.37
2018.03.01 02:54:19.145,0.7727,0.7728,1.00,4.20
2018.03.01 02:54:22.460,0.7727,0.7728,1.00,3.82
2018.03.01 02:54:23.718,0.77267,0.77276,2.32,3.19
2018.03.01 02:54:23.824,0.77269,0.77277,1.50,1.00
2018.03.01 02:54:23.927,0.77269,0.77279,2.25,1.87
2018.03.01 02:54:24.441,0.77269,0.77278,1.87,1.00
2018.03.01 02:54:24.992,0.77269,0.77278,2.32,1.00
2018.03.01 02:54:25.501,0.77269,0.77279,2.32,1.00
2018.03.01 02:54:29.305,0.7727,0.7728,1.20,3.94
2018.03.01 02:54:29.358,0.7727,0.77278,3.45,1.12
2018.03.01 02:54:30.062,0.7727,0.77278,3.45,1.50
2018.03.01 02:54:30.216,0.7727,0.7728,3.45,2.81
2018.03.01 02:54:31.008,0.7727,0.7728,4.95,2.44
2018.03.01 02:54:33.993,0.77272,0.77282,1.00,3.37
2018.03.01 02:54:34.149,0.77272,0.77282,4.95,1.75
2018.03.01 02:54:34.573,0.77272,0.77282,1.57,1.87
2018.03.01 02:54:38.717,0.77269,0.7728,6.82,3.00
2018.03.01 02:54:39.221,0.77269,0.77279,2.32,1.12
2018.03.01 02:54:40.694,0.7727,0.77279,1.57,1.12
2018.03.01 02:54:41.431,0.7727,0.7728,2.32,4.31
2018.03.01 02:54:42.045,0.7727,0.7728,2.32,3.94
2018.03.01 02:54:43.137,0.7727,0.7728,1.95,3.19
2018.03.01 02:54:46.428,0.7727,0.7728,3.82,1.00
2018.03.01 02:54:51.174,0.7727,0.7728,4.57,1.19
2018.03.01 02:54:51.717,0.7727,0.7728,4.57,1.87
2018.03.01 02:54:54.840,0.77271,0.77278,1.20,1.37
2018.03.01 02:55:00.315,0.7727,0.7728,3.82,2.25
2018.03.01 02:55:01.304,0.77272,0.7728,1.20,2.25
2018.03.01 02:55:02.019,0.7727,0.7728,4.20,2.25
2018.03.01 02:55:05.299,0.77269,0.77275,3.00,1.37
2018.03.01 02:55:05.536,0.77265,0.77275,2.89,1.37
2018.03.01 02:55:05.690,0.77266,0.77276,1.10,1.00
2018.03.01 02:55:06.669,0.77266,0.77276,2.51,1.00
2018.03.01 02:55:08.749,0.77266,0.77274,2.51,1.00
2018.03.01 02:55:08.854,0.77265,0.77274,1.00,1.12
2018.03.01 02:55:10.262,0.77265,0.77275,1.10,2.70
2018.03.01 02:55:11.867,0.77266,0.77276,1.00,3.26
2018.03.01 02:55:12.550,0.77264,0.77274,2.70,2.25
2018.03.01 02:55:16.331,0.77264,0.77273,2.32,2.25
2018.03.01 02:55:18.000,0.77264,0.77274,1.57,1.95
2018.03.01 02:55:18.538,0.77263,0.77274,2.32,3.45
2018.03.01 02:55:41.043,0.77264,0.77274,1.50,7.50
2018.03.01 02:55:52.799,0.77264,0.77275,1.50,1.95
2018.03.01 02:55:53.341,0.77265,0.77275,1.12,2.32
2018.03.01 02:55:54.307,0.77264,0.77275,1.87,1.95
2018.03.01 02:55:54.820,0.77264,0.77275,2.70,2.25
2018.03.01 02:55:57.613,0.77264,0.77275,1.45,1.57
2018.03.01 02:55:58.293,0.77264,0.77275,1.95,1.87
2018.03.01 02:56:02.526,0.77264,0.77275,1.45,1.95
2018.03.01 02:56:03.060,0.77264,0.77273,1.57,2.25
2018.03.01 02:56:03.572,0.77264,0.77274,1.45,1.12
2018.03.01 02:56:04.438,0.77266,0.77276,3.07,2.62
2018.03.01 02:56:04.950,0.77265,0.77275,3.07,1.12
2018.03.01 02:56:07.379,0.77265,0.77275,1.87,1.57
2018.03.01 02:56:08.161,0.77263,0.77273,1.95,1.69
2018.03.01 02:56:08.265,0.77262,0.77272,1.95,1.12
2018.03.01 02:56:09.975,0.77261,0.77271,4.12,2.25
2018.03.01 02:56:12.075,0.77262,0.77272,3.00,2.25
2018.03.01 02:56:12.126,0.77262,0.77273,1.12,1.20
2018.03.01 02:56:12.718,0.77263,0.77273,2.25,3.82
2018.03.01 02:56:13.050,0.77262,0.77272,3.00,3.07
2018.03.01 02:56:13.279,0.77261,0.7727,1.00,1.00
2018.03.01 02:56:13.382,0.77259,0.77267,1.87,7.12
2018.03.01 02:56:13.692,0.77253,0.77263,1.57,3.64
2018.03.01 02:56:14.049,0.77252,0.77261,1.75,1.45
2018.03.01 02:56:14.306,0.77251,0.77262,1.25,4.57
2018.03.01 02:56:14.358,0.77249,0.77259,1.95,1.10
2018.03.01 02:56:14.410,0.77248,0.77254,1.12,2.25
2018.03.01 02:56:14.670,0.77241,0.77252,1.50,4.57
2018.03.01 02:56:15.123,0.7724,0.7725,1.31,3.82
2018.03.01 02:56:15.509,0.77238,0.77247,1.50,2.70
2018.03.01 02:56:16.051,0.77237,0.77248,8.44,2.32
2018.03.01 02:56:16.156,0.77237,0.77247,3.19,3.37
2018.03.01 02:56:16.762,0.77238,0.77246,3.00,4.57
2018.03.01 02:56:17.430,0.77238,0.77247,2.25,1.57
2018.03.01 02:56:18.170,0.77239,0.77248,1.50,1.57
2018.03.01 02:56:18.611,0.7724,0.7725,1.95,3.07
2018.03.01 02:56:19.622,0.77239,0.77251,3.82,4.20
2018.03.01 02:56:20.155,0.7724,0.7725,1.50,1.57
2018.03.01 02:56:21.786,0.77241,0.7725,1.12,2.32
2018.03.01 02:56:22.322,0.7724,0.77251,1.87,4.57
2018.03.01 02:56:22.374,0.7724,0.7725,1.87,1.10
2018.03.01 02:56:22.883,0.7724,0.7725,4.50,1.57
2018.03.01 02:56:23.403,0.7724,0.7725,1.12,2.32
2018.03.01 02:56:23.785,0.77239,0.77246,1.50,1.37
2018.03.01 02:56:23.837,0.77236,0.77245,4.31,1.57
2018.03.01 02:56:23.941,0.77233,0.77242,2.06,3.75
2018.03.01 02:56:24.045,0.77232,0.77241,1.31,1.20
2018.03.01 02:56:24.431,0.77231,0.7724,1.69,2.62
2018.03.01 02:56:24.587,0.77229,0.77241,2.62,3.82
2018.03.01 02:56:24.742,0.77228,0.77239,1.01,2.70
2018.03.01 02:56:24.846,0.77229,0.77237,1.00,2.62
2018.03.01 02:56:25.229,0.77226,0.77234,2.06,4.57
2018.03.01 02:56:25.298,0.77225,0.77234,1.50,4.57
2018.03.01 02:56:25.351,0.77223,0.7723,1.69,1.00
2018.03.01 02:56:25.880,0.77222,0.77231,1.31,1.10
2018.03.01 02:56:26.456,0.77222,0.77231,1.31,1.07
2018.03.01 02:56:27.171,0.77221,0.77232,3.94,3.82
2018.03.01 02:56:28.204,0.7722,0.77232,6.26,3.07
2018.03.01 02:56:29.144,0.7722,0.77232,6.26,1.10
2018.03.01 02:56:29.198,0.77228,0.77234,1.12,1.45
2018.03.01 02:56:29.251,0.77227,0.77237,4.12,3.82
2018.03.01 02:56:29.407,0.77227,0.77238,2.70,2.32
2018.03.01 02:56:29.460,0.77227,0.77237,1.95,1.85
2018.03.01 02:56:30.009,0.77225,0.77234,1.69,1.12
2018.03.01 02:56:30.060,0.77223,0.77232,1.12,1.50
2018.03.01 02:56:30.685,0.77223,0.77232,1.20,1.00
2018.03.01 02:56:31.421,0.77222,0.77233,1.76,3.00
2018.03.01 02:56:31.524,0.77223,0.77234,1.95,3.82
2018.03.01 02:56:31.940,0.77225,0.77235,1.57,1.37
2018.03.01 02:56:32.600,0.77226,0.77237,2.32,1.12
2018.03.01 02:56:32.653,0.77226,0.77238,3.82,3.37
2018.03.01 02:56:32.705,0.77229,0.77237,1.57,1.00
2018.03.01 02:56:33.292,0.7723,0.77239,1.20,2.81
2018.03.01 02:56:33.835,0.77231,0.7724,1.57,1.50
2018.03.01 02:56:34.147,0.77233,0.7724,1.20,1.37
2018.03.01 02:56:34.250,0.77232,0.77242,1.20,1.69
2018.03.01 02:56:34.767,0.77233,0.77241,1.20,1.25
2018.03.01 02:56:36.392,0.77232,0.77242,1.20,1.00
2018.03.01 02:56:36.445,0.77233,0.77243,1.20,1.69
2018.03.01 02:56:36.550,0.77234,0.77245,1.20,1.12
2018.03.01 02:56:36.838,0.77236,0.77246,2.62,1.32
2018.03.01 02:56:36.891,0.77237,0.77248,1.50,3.45
2018.03.01 02:56:36.943,0.77239,0.77248,2.25,1.95
2018.03.01 02:56:37.457,0.77238,0.77248,1.10,6.75
2018.03.01 02:56:38.022,0.77238,0.77247,1.45,1.50
2018.03.01 02:56:38.725,0.77237,0.77247,1.20,1.50
2018.03.01 02:56:39.200,0.77236,0.77247,1.57,1.50
2018.03.01 02:56:39.304,0.77238,0.77247,1.45,1.50
2018.03.01 02:56:40.118,0.77236,0.77246,2.70,1.00
2018.03.01 02:56:40.686,0.77236,0.77247,2.70,1.50
2018.03.01 02:56:40.738,0.77236,0.77247,1.57,1.50
2018.03.01 02:56:40.827,0.77238,0.77247,1.20,1.50
2018.03.01 02:56:41.895,0.77238,0.77246,1.20,1.00
2018.03.01 02:56:42.463,0.77238,0.77246,3.37,1.00
2018.03.01 02:56:42.565,0.77239,0.77249,4.01,1.12
2018.03.01 02:56:43.202,0.7724,0.7725,1.57,2.14
2018.03.01 02:56:43.956,0.77242,0.7725,1.20,1.12
2018.03.01 02:56:44.920,0.77242,0.77251,1.20,2.44
2018.03.01 02:56:46.657,0.77242,0.7725,1.20,1.12
2018.03.01 02:56:47.913,0.77241,0.7725,1.20,1.12
2018.03.01 02:56:49.363,0.77241,0.7725,2.32,1.00
2018.03.01 02:56:53.954,0.77241,0.77251,2.32,1.31
2018.03.01 02:56:55.543,0.77242,0.77251,1.10,3.56
2018.03.01 02:56:56.707,0.77241,0.77248,1.20,1.00
2018.03.01 02:56:57.018,0.77234,0.77242,4.95,2.62
2018.03.01 02:56:57.122,0.77233,0.77242,1.20,1.87
2018.03.01 02:56:57.459,0.77236,0.77242,1.37,1.00
2018.03.01 02:56:57.614,0.77237,0.77245,1.57,3.00
2018.03.01 02:56:57.718,0.77238,0.77247,1.01,2.25
2018.03.01 02:56:57.770,0.7724,0.77249,1.12,1.25
2018.03.01 02:56:58.078,0.77242,0.7725,1.57,1.87
2018.03.01 02:56:58.915,0.77242,0.77251,1.57,1.50
2018.03.01 02:56:59.295,0.77244,0.77253,2.32,2.06
2018.03.01 02:57:00.161,0.77244,0.77253,1.95,2.81
2018.03.01 02:57:00.712,0.77244,0.77253,1.57,4.69
2018.03.01 02:57:02.314,0.77244,0.77252,1.20,3.00
2018.03.01 02:57:02.417,0.77242,0.77252,1.95,3.75
2018.03.01 02:57:04.966,0.77243,0.77252,1.00,1.87
2018.03.01 02:57:05.069,0.77244,0.77253,1.12,1.00
2018.03.01 02:57:05.121,0.77246,0.77255,1.00,1.00
2018.03.01 02:57:05.174,0.77247,0.77257,2.70,1.00
2018.03.01 02:57:05.226,0.77248,0.77259,1.00,6.64
2018.03.01 02:57:05.382,0.7725,0.77259,1.20,3.37
2018.03.01 02:57:05.728,0.77253,0.77262,1.87,1.10
2018.03.01 02:57:06.039,0.77255,0.77264,1.20,1.87
2018.03.01 02:57:07.406,0.77254,0.77264,1.20,3.37
2018.03.01 02:57:10.327,0.77252,0.77263,5.32,1.12
2018.03.01 02:57:10.430,0.77253,0.77264,1.10,7.31
2018.03.01 02:57:12.569,0.77252,0.77263,2.70,1.00
2018.03.01 02:57:17.197,0.77252,0.77263,3.82,2.62
2018.03.01 02:57:17.889,0.77252,0.77263,1.95,3.37
2018.03.01 02:57:18.657,0.77252,0.77263,1.95,4.31
2018.03.01 02:57:19.544,0.77252,0.77263,1.95,2.62
2018.03.01 02:57:21.059,0.77254,0.77265,5.70,2.14
2018.03.01 02:57:21.111,0.77255,0.77266,1.95,4.12
2018.03.01 02:57:21.568,0.77259,0.77268,1.45,1.87
2018.03.01 02:57:21.620,0.77257,0.77268,5.32,1.76
2018.03.01 02:57:21.725,0.77259,0.7727,5.32,2.14
2018.03.01 02:57:22.237,0.77259,0.77269,3.07,1.87
2018.03.01 02:57:23.031,0.77259,0.7727,1.95,3.00
2018.03.01 02:57:23.967,0.77259,0.77269,1.07,1.87
2018.03.01 02:57:24.518,0.77258,0.7727,1.39,7.39
2018.03.01 02:57:25.879,0.77257,0.77269,2.14,1.07
2018.03.01 02:57:26.476,0.77257,0.77269,2.89,1.87
2018.03.01 02:57:27.134,0.77257,0.77269,4.01,1.07
2018.03.01 02:57:31.711,0.77258,0.77269,1.25,1.57
2018.03.01 02:57:32.557,0.77258,0.77268,2.44,1.00
2018.03.01 02:57:37.623,0.77256,0.77265,1.25,2.25
2018.03.01 02:57:38.296,0.77254,0.77265,1.25,3.45
2018.03.01 02:57:40.735,0.77255,0.77266,1.00,2.89
2018.03.01 02:57:46.767,0.77255,0.77265,1.00,1.07
2018.03.01 02:57:47.360,0.77255,0.77264,1.00,3.07
2018.03.01 02:57:47.909,0.77253,0.77264,2.14,1.57
2018.03.01 02:57:53.011,0.77253,0.77265,1.76,7.01
2018.03.01 02:57:54.475,0.77253,0.77264,3.26,1.95
2018.03.01 02:57:55.551,0.77253,0.77264,1.76,1.10
2018.03.01 02:57:56.660,0.77253,0.77263,1.87,1.69
2018.03.01 02:57:57.187,0.77253,0.77263,1.20,4.57
2018.03.01 02:57:57.860,0.77252,0.77263,2.25,3.45
2018.03.01 02:57:59.962,0.77252,0.77262,2.25,3.07
2018.03.01 02:58:00.068,0.77251,0.77261,1.12,1.01
2018.03.01 02:58:00.207,0.77248,0.77257,1.00,1.00
2018.03.01 02:58:00.516,0.77247,0.77256,1.00,3.07
2018.03.01 02:58:00.619,0.77247,0.77257,1.00,1.01
2018.03.01 02:58:01.210,0.77246,0.77258,1.00,6.26
2018.03.01 02:58:01.820,0.77246,0.77257,1.10,1.39
2018.03.01 02:58:02.352,0.77246,0.77257,1.12,1.01
2018.03.01 02:58:03.827,0.77248,0.77258,1.87,1.10
2018.03.01 02:58:07.530,0.77249,0.7726,1.50,5.32
2018.03.01 02:58:08.143,0.77249,0.77259,1.12,2.25
2018.03.01 02:58:09.961,0.7725,0.77259,1.00,2.25
2018.03.01 02:58:10.474,0.77249,0.77259,1.50,1.95
2018.03.01 02:58:10.984,0.77249,0.77258,1.37,1.12
2018.03.01 02:58:11.089,0.77247,0.77258,1.20,1.12
2018.03.01 02:58:11.601,0.77246,0.77258,2.32,3.45
2018.03.01 02:58:12.114,0.77247,0.77258,1.87,3.07
2018.03.01 02:58:12.773,0.77246,0.77258,6.07,1.95
2018.03.01 02:58:13.378,0.77247,0.77258,1.00,1.95
2018.03.01 02:58:14.849,0.77247,0.77257,3.07,1.20
2018.03.01 02:58:15.357,0.77246,0.77257,3.82,1.01
2018.03.01 02:58:18.141,0.77246,0.77254,2.70,1.00
2018.03.01 02:58:19.042,0.77246,0.77254,1.57,1.00
2018.03.01 02:58:19.364,0.77246,0.77254,2.89,1.00
2018.03.01 02:58:20.142,0.77246,0.77254,1.47,1.00
2018.03.01 02:58:20.472,0.77243,0.77253,1.76,1.87
2018.03.01 02:58:20.577,0.77242,0.77251,1.12,2.25
2018.03.01 02:58:23.310,0.77241,0.77251,1.50,3.37
2018.03.01 02:58:23.946,0.7724,0.7725,1.50,5.14
2018.03.01 02:58:24.473,0.77239,0.7725,1.87,4.95
2018.03.01 02:58:24.990,0.77239,0.77248,1.87,6.75
2018.03.01 02:58:25.761,0.77238,0.77248,3.19,8.25
2018.03.01 02:58:26.313,0.77238,0.77247,2.25,2.25
2018.03.01 02:58:26.838,0.77238,0.77248,2.32,1.00
2018.03.01 02:58:28.459,0.77238,0.77247,1.20,2.25
2018.03.01 02:58:29.263,0.77238,0.77247,1.50,2.25
2018.03.01 02:58:31.134,0.77238,0.77247,1.87,2.25
2018.03.01 02:58:32.101,0.77237,0.77248,4.57,2.25
2018.03.01 02:58:33.118,0.77238,0.77249,1.00,5.32
2018.03.01 02:58:33.170,0.77237,0.77247,1.10,1.00
2018.03.01 02:58:33.479,0.77234,0.77245,1.50,1.32
2018.03.01 02:58:34.029,0.77235,0.77245,1.12,1.32
2018.03.01 02:58:34.565,0.77233,0.77244,3.00,3.45
2018.03.01 02:58:35.243,0.77233,0.77244,1.50,1.57
2018.03.01 02:58:35.966,0.77232,0.77244,4.57,1.57
2018.03.01 02:58:38.447,0.77235,0.77244,1.00,2.32
2018.03.01 02:58:39.720,0.77233,0.77243,1.57,1.10
2018.03.01 02:58:44.288,0.77233,0.77244,1.50,3.82
2018.03.01 02:58:45.575,0.77234,0.77244,1.37,1.12
2018.03.01 02:58:46.078,0.77234,0.77245,1.75,1.57
2018.03.01 02:58:47.275,0.77235,0.77245,1.12,1.47
2018.03.01 02:59:00.775,0.77234,0.77245,1.20,4.57
2018.03.01 02:59:17.306,0.77235,0.77245,1.00,1.57
2018.03.01 02:59:20.789,0.77236,0.77246,1.57,1.20
2018.03.01 02:59:21.323,0.77236,0.77245,1.57,1.50
2018.03.01 02:59:25.011,0.77235,0.77244,3.64,1.00
2018.03.01 02:59:27.005,0.77235,0.77244,3.19,1.00
2018.03.01 02:59:27.724,0.77237,0.77246,1.00,5.25
