2009.01.29 08:00:01.617,0.65765,0.6578,3.10,2.40
2009.01.29 08:00:05.336,0.6575,0.65775,1.90,2.00
2009.01.29 08:00:08.295,0.6576,0.65775,1.60,1.70
2009.01.29 08:00:08.805,0.6575,0.6578,1.30,1.00
2009.01.29 08:00:09.215,0.6575,0.6578,2.00,1.60
2009.01.29 08:00:11.684,0.6576,0.6578,2.50,0.89
2009.01.29 08:00:13.364,0.65755,0.6578,0.99,2.90
2009.01.29 08:00:13.814,0.6575,0.6578,2.20,1.80
2009.01.29 08:00:14.673,0.65735,0.65775,1.40,0.74
2009.01.29 08:00:15.023,0.65725,0.6577,1.00,0.90
2009.01.29 08:00:18.172,0.6572,0.65765,0.61,1.80
2009.01.29 08:00:18.523,0.6573,0.65765,2.00,1.10
2009.01.29 08:00:18.932,0.65715,0.6576,1.60,2.30
2009.01.29 08:00:19.342,0.65705,0.6575,3.20,1.70
2009.01.29 08:00:19.852,0.65715,0.65745,1.30,1.80
2009.01.29 08:00:20.252,0.65715,0.65745,1.30,2.20
2009.01.29 08:00:20.692,0.657,0.65745,0.91,1.20
2009.01.29 08:00:20.972,0.657,0.6574,2.50,0.84
2009.01.29 08:00:22.001,0.657,0.6574,0.81,1.20
2009.01.29 08:00:22.342,0.657,0.65735,1.90,1.10
2009.01.29 08:00:22.802,0.657,0.6573,2.30,2.20
2009.01.29 08:00:23.331,0.65685,0.6573,1.90,1.10
2009.01.29 08:00:28.920,0.657,0.6573,0.89,2.80
2009.01.29 08:00:44.996,0.657,0.6574,4.90,0.62
2009.01.29 08:00:45.276,0.657,0.6574,0.68,1.50
2009.01.29 08:00:46.356,0.657,0.6573,1.80,1.60
2009.01.29 08:00:46.716,0.6571,0.6573,0.50,0.71
2009.01.29 08:00:47.065,0.65715,0.65735,1.90,1.40
2009.01.29 08:00:51.025,0.6571,0.6573,0.77,0.76
2009.01.29 08:00:51.365,0.65705,0.65735,1.70,0.52
2009.01.29 08:00:51.664,0.657,0.6574,2.50,1.30
2009.01.29 08:00:52.064,0.6572,0.6574,1.60,2.50
2009.01.29 08:00:52.634,0.6571,0.6574,1.40,2.60
2009.01.29 08:00:52.814,0.657,0.6574,2.30,1.20
2009.01.29 08:00:58.993,0.657,0.6572,1.40,0.76
2009.01.29 08:01:01.202,0.657,0.6573,1.10,1.40
2009.01.29 08:01:01.792,0.657,0.6574,1.90,1.50
2009.01.29 08:01:03.152,0.657,0.6574,2.20,0.65
2009.01.29 08:01:09.330,0.6571,0.6574,1.20,2.20
2009.01.29 08:01:09.670,0.6571,0.6574,1.90,1.50
2009.01.29 08:01:11.580,0.65725,0.65745,2.30,1.70
2009.01.29 08:01:12.040,0.65725,0.65755,2.00,0.62
2009.01.29 08:01:12.389,0.6573,0.6576,1.10,1.20
2009.01.29 08:01:13.019,0.6574,0.65765,1.30,1.80
2009.01.29 08:01:13.349,0.6574,0.65765,2.30,0.40
2009.01.29 08:01:13.619,0.65735,0.6576,1.20,1.50
2009.01.29 08:01:14.079,0.6572,0.65755,1.20,1.60
2009.01.29 08:01:14.489,0.6571,0.6574,1.80,1.10
2009.01.29 08:01:14.949,0.6571,0.6574,1.30,1.40
2009.01.29 08:01:15.479,0.6572,0.6574,1.60,2.20
2009.01.29 08:01:18.388,0.65725,0.6574,0.95,1.20
2009.01.29 08:01:22.517,0.65725,0.6575,1.80,1.00
2009.01.29 08:01:22.877,0.65725,0.6576,3.90,1.70
2009.01.29 08:01:23.447,0.65725,0.6576,1.50,1.00
2009.01.29 08:01:32.435,0.65735,0.6576,1.40,1.40
2009.01.29 08:01:32.774,0.65735,0.6576,1.50,0.74
2009.01.29 08:01:34.344,0.65725,0.6576,1.30,1.30
2009.01.29 08:01:34.684,0.65725,0.6576,2.00,0.84
2009.01.29 08:01:36.194,0.65725,0.6574,2.10,0.68
2009.01.29 08:01:39.763,0.65725,0.6575,1.40,1.50
2009.01.29 08:01:40.103,0.65725,0.65755,3.20,1.10
2009.01.29 08:01:40.433,0.65725,0.6576,2.30,0.71
2009.01.29 08:01:42.142,0.6572,0.65745,3.00,1.90
2009.01.29 08:01:43.912,0.6572,0.65735,2.60,2.30
2009.01.29 08:01:44.492,0.65708,0.65753,1.30,2.00
2009.01.29 08:01:46.461,0.65726,0.65741,2.00,3.00
2009.01.29 08:01:46.741,0.65721,0.65751,1.70,1.70
2009.01.29 08:01:47.161,0.65734,0.65743,1.40,1.20
2009.01.29 08:01:47.781,0.65734,0.65749,2.50,1.80
2009.01.29 08:01:51.060,0.65737,0.65752,2.50,1.70
2009.01.29 08:01:51.510,0.6574,0.65755,1.70,1.10
2009.01.29 08:01:51.930,0.65743,0.65758,1.40,1.70
2009.01.29 08:01:52.760,0.65746,0.6576,1.80,1.60
2009.01.29 08:01:52.990,0.65748,0.65763,1.40,1.10
2009.01.29 08:01:53.680,0.65746,0.65771,1.00,0.93
2009.01.29 08:01:54.439,0.65746,0.65776,2.00,3.00
2009.01.29 08:01:56.529,0.65751,0.65776,0.95,3.20
2009.01.29 08:01:57.099,0.65754,0.65779,0.92,1.90
2009.01.29 08:01:59.968,0.65757,0.65782,2.10,1.30
2009.01.29 08:02:00.408,0.65755,0.6578,0.58,1.60
2009.01.29 08:02:01.098,0.6574,0.65775,1.90,1.40
2009.01.29 08:02:01.368,0.6573,0.65775,1.90,1.30
2009.01.29 08:02:01.668,0.65735,0.65765,2.20,1.60
2009.01.29 08:02:02.238,0.65725,0.65765,1.00,1.20
2009.01.29 08:02:02.527,0.65725,0.65765,1.20,0.77
2009.01.29 08:02:02.877,0.65743,0.65753,1.40,2.80
2009.01.29 08:02:03.517,0.6574,0.65775,0.99,1.60
2009.01.29 08:02:03.747,0.6575,0.65785,1.00,1.50
2009.01.29 08:02:04.817,0.65745,0.6578,0.61,0.69
2009.01.29 08:02:05.167,0.65735,0.6578,1.20,1.60
2009.01.29 08:02:07.066,0.65735,0.65775,3.00,1.20
2009.01.29 08:02:07.416,0.65735,0.65775,0.76,1.60
2009.01.29 08:02:07.756,0.65735,0.65775,1.10,1.60
2009.01.29 08:02:08.206,0.65735,0.65775,1.00,1.00
2009.01.29 08:02:10.365,0.65745,0.65775,1.70,0.89
2009.01.29 08:02:10.666,0.65745,0.65775,1.20,1.50
2009.01.29 08:02:14.994,0.65765,0.65785,1.90,1.00
2009.01.29 08:02:15.274,0.65755,0.6579,2.10,0.77
2009.01.29 08:02:16.344,0.65745,0.6579,1.30,1.40
2009.01.29 08:02:16.864,0.65745,0.6578,1.60,0.86
2009.01.29 08:02:17.194,0.65745,0.65785,2.60,1.80
2009.01.29 08:02:17.484,0.65745,0.65785,1.50,1.80
2009.01.29 08:02:18.063,0.65745,0.65785,1.00,0.57
2009.01.29 08:02:18.523,0.65745,0.6578,1.70,3.00
2009.01.29 08:02:19.833,0.65745,0.6577,1.60,2.00
2009.01.29 08:02:20.163,0.65745,0.6577,1.00,0.91
2009.01.29 08:02:29.791,0.65745,0.6577,2.20,2.40
2009.01.29 08:02:32.210,0.65745,0.65775,1.40,2.50
2009.01.29 08:02:32.680,0.65745,0.6578,2.00,1.60
2009.01.29 08:02:35.479,0.65745,0.65795,0.87,0.94
2009.01.29 08:02:35.779,0.6576,0.65795,0.69,0.65
2009.01.29 08:02:36.069,0.65765,0.65795,2.40,1.30
2009.01.29 08:02:38.388,0.65765,0.6579,1.30,1.30
2009.01.29 08:02:38.978,0.65755,0.6579,2.40,0.68
2009.01.29 08:02:39.508,0.6574,0.65785,1.90,1.90
2009.01.29 08:02:40.718,0.6575,0.65785,2.00,1.70
2009.01.29 08:02:41.128,0.65745,0.65785,0.82,1.70
2009.01.29 08:02:41.248,0.65745,0.6579,1.90,2.20
2009.01.29 08:02:41.888,0.65745,0.6579,1.20,1.70
2009.01.29 08:02:42.418,0.65755,0.6579,2.30,1.40
2009.01.29 08:02:43.207,0.65755,0.6579,3.00,2.00
2009.01.29 08:02:43.917,0.65755,0.6578,2.50,3.50
2009.01.29 08:02:44.277,0.65755,0.6578,1.40,1.30
2009.01.29 08:02:44.517,0.65765,0.6578,2.60,2.00
2009.01.29 08:02:50.366,0.6577,0.65785,0.72,4.10
2009.01.29 08:02:50.775,0.6577,0.65785,1.20,0.98
2009.01.29 08:02:52.315,0.65775,0.6579,1.60,0.77
2009.01.29 08:02:52.825,0.65775,0.6579,1.10,1.50
2009.01.29 08:02:57.014,0.65775,0.658,1.10,2.50
2009.01.29 08:02:57.644,0.65775,0.65805,1.80,1.70
2009.01.29 08:02:57.754,0.65775,0.65805,1.50,2.10
2009.01.29 08:02:59.234,0.65775,0.65805,1.10,2.30
2009.01.29 08:02:59.983,0.6579,0.65805,1.80,0.77
2009.01.29 08:03:00.323,0.65775,0.65805,2.00,2.00
2009.01.29 08:03:00.673,0.6578,0.6581,1.20,0.94
2009.01.29 08:03:01.033,0.65775,0.658,1.70,1.30
2009.01.29 08:03:04.562,0.65775,0.658,1.90,1.60
2009.01.29 08:03:10.751,0.65775,0.6579,2.90,0.91
2009.01.29 08:03:11.041,0.65775,0.6579,1.60,2.00
2009.01.29 08:03:11.161,0.6577,0.6579,1.40,1.80
2009.01.29 08:03:13.060,0.65775,0.6579,0.68,1.80
2009.01.29 08:03:13.180,0.65775,0.6579,2.70,0.44
2009.01.29 08:03:13.650,0.65775,0.6579,1.30,0.91
2009.01.29 08:03:14.420,0.65775,0.6579,2.60,1.90
2009.01.29 08:03:23.957,0.65765,0.6579,2.40,4.00
2009.01.29 08:03:24.527,0.6577,0.6579,0.75,1.50
2009.01.29 08:03:24.927,0.65765,0.6579,0.48,0.79
2009.01.29 08:03:38.204,0.65765,0.6579,0.89,1.20
2009.01.29 08:03:38.674,0.65765,0.6579,0.77,1.00
2009.01.29 08:03:40.984,0.65765,0.65795,1.20,1.60
2009.01.29 08:03:42.613,0.65765,0.6579,1.10,1.90
2009.01.29 08:03:44.953,0.65765,0.65795,3.00,1.50
2009.01.29 08:03:47.822,0.65765,0.65795,1.60,0.96
2009.01.29 08:03:48.102,0.65765,0.65795,3.10,1.10
2009.01.29 08:03:48.612,0.65765,0.65805,1.40,1.70
2009.01.29 08:03:49.082,0.65765,0.65805,1.40,0.97
2009.01.29 08:03:51.381,0.65785,0.65805,1.30,0.69
2009.01.29 08:03:52.001,0.65785,0.6581,1.40,2.60
2009.01.29 08:03:52.741,0.65785,0.6581,2.10,1.70
2009.01.29 08:03:53.601,0.6579,0.6581,2.40,2.10
2009.01.29 08:03:55.790,0.658,0.6581,1.60,1.40
2009.01.29 08:03:58.829,0.65795,0.6581,0.91,1.60
2009.01.29 08:03:59.639,0.65785,0.6581,1.20,2.60
2009.01.29 08:04:01.448,0.65795,0.6581,1.60,2.30
2009.01.29 08:04:01.889,0.6578,0.6581,1.10,1.10
2009.01.29 08:04:01.998,0.6579,0.6581,0.39,1.20
2009.01.29 08:04:02.338,0.6578,0.6581,1.50,1.20
2009.01.29 08:04:02.508,0.6578,0.6581,1.20,1.80
2009.01.29 08:04:02.848,0.65785,0.6581,2.00,0.68
2009.01.29 08:04:03.278,0.65785,0.6581,1.50,1.10
2009.01.29 08:04:04.288,0.65795,0.6581,0.56,1.40
2009.01.29 08:04:04.588,0.6578,0.6581,1.80,1.20
2009.01.29 08:04:04.858,0.6578,0.6581,2.50,0.48
2009.01.29 08:04:05.408,0.6579,0.6581,1.40,2.00
2009.01.29 08:04:05.818,0.65795,0.6581,1.50,2.20
2009.01.29 08:04:06.277,0.6578,0.6581,1.50,0.68
2009.01.29 08:04:07.787,0.6579,0.6581,1.10,1.20
2009.01.29 08:04:07.967,0.6578,0.6581,1.40,1.40
2009.01.29 08:04:08.317,0.6578,0.6581,1.20,0.78
2009.01.29 08:04:09.137,0.6579,0.6581,1.20,2.30
2009.01.29 08:04:09.357,0.6579,0.65805,1.40,2.90
2009.01.29 08:04:09.767,0.65785,0.65805,0.58,2.20
2009.01.29 08:04:10.696,0.65785,0.65805,0.87,1.70
2009.01.29 08:04:10.976,0.65765,0.65805,2.50,1.70
2009.01.29 08:04:12.586,0.65765,0.65805,1.50,0.88
2009.01.29 08:04:12.816,0.65765,0.658,0.91,1.40
2009.01.29 08:04:13.296,0.65765,0.658,2.30,1.70
2009.01.29 08:04:15.915,0.65775,0.658,0.78,1.40
2009.01.29 08:04:16.365,0.6578,0.658,1.40,2.30
2009.01.29 08:04:36.970,0.65775,0.658,1.70,1.20
2009.01.29 08:04:37.380,0.65775,0.658,0.55,1.50
2009.01.29 08:04:59.045,0.65775,0.6581,0.96,3.30
2009.01.29 08:04:59.345,0.65775,0.6581,1.60,1.90
2009.01.29 08:04:59.735,0.6579,0.65815,1.10,1.20
2009.01.29 08:04:59.974,0.65795,0.65815,2.10,0.94
2009.01.29 08:05:01.934,0.65795,0.6581,1.70,0.45
2009.01.29 08:05:02.623,0.65775,0.6581,0.94,4.20
2009.01.29 08:05:03.184,0.65775,0.6581,0.95,1.20
2009.01.29 08:05:04.443,0.6579,0.65815,1.00,2.20
2009.01.29 08:05:04.953,0.6579,0.6581,1.70,1.30
2009.01.29 08:05:05.453,0.65785,0.6581,1.70,1.50
2009.01.29 08:05:05.913,0.65775,0.6581,0.62,1.50
2009.01.29 08:05:07.932,0.6579,0.6581,2.00,0.97
2009.01.29 08:05:16.090,0.6578,0.65805,1.30,1.10
2009.01.29 08:05:16.211,0.6578,0.658,1.40,1.80
2009.01.29 08:05:16.551,0.6578,0.65805,2.30,3.00
2009.01.29 08:05:17.170,0.65775,0.6581,1.90,1.10
2009.01.29 08:05:17.470,0.6578,0.658,2.00,2.10
2009.01.29 08:05:17.960,0.65775,0.658,1.60,1.80
2009.01.29 08:05:18.140,0.65775,0.65805,1.10,1.30
2009.01.29 08:05:18.370,0.65775,0.6581,1.30,1.50
2009.01.29 08:05:18.840,0.65775,0.6581,5.10,1.10
2009.01.29 08:05:19.370,0.65765,0.6581,3.10,1.20
2009.01.29 08:05:23.629,0.65765,0.6581,2.00,1.40
2009.01.29 08:05:23.808,0.65765,0.6581,0.97,1.90
2009.01.29 08:05:24.429,0.65765,0.6581,1.60,1.40
2009.01.29 08:05:24.769,0.65775,0.6581,1.30,0.79
2009.01.29 08:05:25.328,0.65765,0.6581,1.00,1.60
2009.01.29 08:05:27.358,0.6578,0.6581,0.79,1.50
2009.01.29 08:05:27.638,0.65775,0.658,1.10,1.00
2009.01.29 08:05:54.461,0.65765,0.658,4.10,0.69
2009.01.29 08:05:54.881,0.65765,0.658,0.80,0.89
2009.01.29 08:05:55.411,0.65765,0.6579,2.60,0.63
2009.01.29 08:06:00.750,0.65765,0.65795,0.94,2.00
2009.01.29 08:06:00.920,0.65765,0.65795,1.50,1.20
2009.01.29 08:06:01.240,0.65765,0.658,1.50,3.00
2009.01.29 08:06:02.399,0.65765,0.65785,1.80,1.50
2009.01.29 08:06:03.499,0.6576,0.65785,2.10,1.20
2009.01.29 08:06:03.889,0.65765,0.65785,1.60,2.20
2009.01.29 08:06:10.347,0.6576,0.65785,1.30,1.60
2009.01.29 08:06:10.747,0.6576,0.65785,2.50,0.91
2009.01.29 08:06:10.977,0.6576,0.65785,1.80,1.50
2009.01.29 08:06:11.447,0.6576,0.6578,1.40,1.80
2009.01.29 08:06:11.857,0.65745,0.6578,3.80,0.85
2009.01.29 08:06:12.667,0.65745,0.6578,0.29,1.70
2009.01.29 08:06:13.426,0.65745,0.6577,1.80,1.90
2009.01.29 08:06:16.276,0.65755,0.6577,1.60,2.10
2009.01.29 08:06:23.114,0.65755,0.65775,0.95,1.10
2009.01.29 08:06:23.624,0.65755,0.65775,1.40,1.10
2009.01.29 08:06:23.844,0.65755,0.65775,0.83,1.90
2009.01.29 08:06:24.364,0.65755,0.6577,0.88,1.60
2009.01.29 08:06:27.633,0.6575,0.6577,2.10,0.82
2009.01.29 08:06:27.973,0.6575,0.6577,1.40,1.40
2009.01.29 08:06:28.533,0.65755,0.6577,1.20,2.30
2009.01.29 08:06:32.872,0.6575,0.6577,1.10,0.99
2009.01.29 08:06:33.072,0.6575,0.6577,1.60,0.64
2009.01.29 08:06:33.412,0.6575,0.65765,0.92,1.70
2009.01.29 08:06:34.471,0.6575,0.65765,1.40,1.20
2009.01.29 08:06:38.061,0.6574,0.6575,1.40,1.40
2009.01.29 08:06:38.461,0.65735,0.6575,2.10,1.50
2009.01.29 08:06:41.810,0.65735,0.6575,1.80,3.70
2009.01.29 08:06:57.746,0.65725,0.6575,1.20,1.20
2009.01.29 08:06:58.036,0.65725,0.6575,2.70,1.00
2009.01.29 08:07:12.093,0.65715,0.6575,1.40,2.00
2009.01.29 08:07:12.353,0.65705,0.6574,1.30,1.40
2009.01.29 08:07:12.632,0.657,0.6574,1.60,0.99
2009.01.29 08:07:13.542,0.65695,0.65735,3.20,1.70
2009.01.29 08:07:14.162,0.65695,0.65735,1.20,2.00
2009.01.29 08:07:16.851,0.65695,0.65735,3.50,1.10
2009.01.29 08:07:17.261,0.65695,0.65735,1.40,1.80
2009.01.29 08:07:24.929,0.6569,0.65735,0.89,1.90
2009.01.29 08:07:25.219,0.65695,0.65735,1.70,2.90
2009.01.29 08:07:26.029,0.65695,0.6574,0.86,1.50
2009.01.29 08:07:27.769,0.65695,0.65735,1.10,0.95
2009.01.29 08:07:28.428,0.6569,0.65735,1.20,1.10
2009.01.29 08:07:29.268,0.65685,0.65735,1.30,1.70
2009.01.29 08:07:29.678,0.65685,0.6573,2.00,2.30
2009.01.29 08:07:30.138,0.65685,0.65725,2.40,1.40
2009.01.29 08:07:30.828,0.65685,0.6572,3.40,0.79
2009.01.29 08:07:39.726,0.65685,0.6572,1.20,0.73
2009.01.29 08:07:46.494,0.65685,0.6572,1.40,3.30
2009.01.29 08:08:02.430,0.65685,0.6572,0.79,1.00
2009.01.29 08:08:08.639,0.65685,0.6571,0.92,1.80
2009.01.29 08:08:17.986,0.65685,0.657,1.70,1.10
2009.01.29 08:08:36.502,0.6568,0.6569,1.40,2.80
2009.01.29 08:08:36.802,0.65665,0.6568,0.96,1.50
2009.01.29 08:08:37.942,0.6566,0.6568,1.80,1.90
2009.01.29 08:08:38.472,0.65655,0.6568,1.00,2.30
2009.01.29 08:08:38.812,0.65635,0.65675,1.30,0.87
2009.01.29 08:08:39.142,0.65635,0.65675,3.20,1.40
2009.01.29 08:08:39.892,0.65635,0.65675,1.60,1.10
2009.01.29 08:08:40.291,0.65655,0.6568,3.00,1.20
2009.01.29 08:08:41.571,0.65655,0.65695,1.30,0.89
2009.01.29 08:08:42.321,0.65655,0.6568,1.10,2.00
2009.01.29 08:08:42.541,0.65655,0.6568,0.96,2.20
2009.01.29 08:08:43.740,0.65655,0.6568,1.30,1.70
2009.01.29 08:08:43.920,0.65655,0.65685,2.30,1.30
2009.01.29 08:08:44.660,0.65655,0.65695,2.70,1.00
2009.01.29 08:08:45.060,0.65655,0.65695,2.40,2.80
2009.01.29 08:08:45.590,0.65655,0.6568,1.50,1.40
2009.01.29 08:08:46.040,0.65655,0.6568,1.30,2.70
2009.01.29 08:08:46.390,0.6566,0.6568,3.50,1.10
2009.01.29 08:08:48.449,0.65655,0.6568,1.60,1.10
2009.01.29 08:08:48.909,0.6565,0.6567,2.60,2.50
2009.01.29 08:08:51.409,0.6565,0.65665,3.90,1.00
2009.01.29 08:08:52.628,0.6564,0.6566,2.60,1.20
2009.01.29 08:08:52.888,0.6564,0.6566,2.20,1.90
2009.01.29 08:08:53.338,0.65645,0.6566,2.00,2.20
2009.01.29 08:08:53.848,0.6565,0.65665,1.50,1.60
2009.01.29 08:08:54.318,0.6565,0.65665,1.90,1.10
2009.01.29 08:08:55.748,0.6564,0.6566,4.70,1.70
2009.01.29 08:08:56.217,0.65645,0.65665,1.80,1.40
2009.01.29 08:08:56.537,0.65645,0.6568,0.82,1.70
2009.01.29 08:08:57.997,0.65655,0.6568,1.70,2.70
2009.01.29 08:09:01.916,0.6566,0.6568,1.10,0.65
2009.01.29 08:09:07.784,0.65655,0.6568,0.89,0.92
2009.01.29 08:09:09.754,0.65645,0.6568,1.80,2.10
2009.01.29 08:09:10.354,0.65645,0.6568,1.30,2.60
2009.01.29 08:09:10.704,0.65645,0.65675,3.40,1.60
2009.01.29 08:09:11.114,0.65635,0.65675,2.50,1.40
2009.01.29 08:09:11.924,0.65635,0.6566,2.30,1.50
2009.01.29 08:09:12.103,0.6563,0.6566,0.92,1.20
2009.01.29 08:09:13.583,0.6563,0.6565,1.90,2.30
2009.01.29 08:09:14.173,0.6564,0.6565,1.10,0.58
2009.01.29 08:09:14.413,0.6563,0.65645,1.10,1.80
2009.01.29 08:09:14.753,0.6563,0.65645,1.80,1.60
2009.01.29 08:09:16.332,0.65615,0.6564,1.60,1.40
2009.01.29 08:09:16.682,0.65615,0.6564,1.20,1.10
2009.01.29 08:09:17.562,0.65615,0.6564,1.50,0.90
2009.01.29 08:09:17.732,0.65615,0.6565,2.00,1.20
2009.01.29 08:09:18.022,0.65625,0.6565,1.20,2.00
2009.01.29 08:09:18.572,0.65615,0.65635,1.10,1.10
2009.01.29 08:09:19.092,0.65615,0.65645,1.00,2.70
2009.01.29 08:09:19.322,0.65605,0.6566,0.87,1.00
2009.01.29 08:09:20.222,0.65605,0.6565,2.70,2.90
2009.01.29 08:09:20.961,0.65605,0.6563,1.60,0.72
2009.01.29 08:09:21.361,0.65605,0.6563,1.60,1.50
2009.01.29 08:09:24.090,0.65605,0.6563,1.60,1.80
2009.01.29 08:09:24.670,0.65605,0.6563,1.60,1.20
2009.01.29 08:09:26.510,0.65615,0.6564,0.90,1.80
2009.01.29 08:09:26.960,0.656,0.6562,1.30,0.51
2009.01.29 08:09:27.350,0.6559,0.6562,1.10,1.50
2009.01.29 08:09:27.750,0.6558,0.6562,0.92,1.50
2009.01.29 08:09:28.150,0.6558,0.6561,0.89,1.10
2009.01.29 08:09:28.619,0.65595,0.65625,1.10,1.60
2009.01.29 08:09:28.959,0.65592,0.65622,0.75,2.60
2009.01.29 08:09:29.279,0.65589,0.65619,0.50,1.70
2009.01.29 08:09:29.629,0.65589,0.65614,0.79,0.53
2009.01.29 08:09:29.909,0.65584,0.65614,1.40,1.70
2009.01.29 08:09:30.739,0.65584,0.65609,2.40,0.92
2009.01.29 08:09:31.169,0.65579,0.65609,0.71,0.68
2009.01.29 08:09:33.918,0.65576,0.65607,1.50,1.50
2009.01.29 08:09:34.868,0.65569,0.65609,1.30,2.10
2009.01.29 08:09:35.558,0.65566,0.65607,1.10,1.00
2009.01.29 08:09:36.458,0.65569,0.65599,1.70,0.70
2009.01.29 08:09:38.647,0.6556,0.6558,0.52,1.50
2009.01.29 08:09:39.587,0.6556,0.6559,2.00,0.83
2009.01.29 08:09:40.107,0.6556,0.6559,1.30,1.30
2009.01.29 08:09:40.727,0.6555,0.6559,2.70,2.00
2009.01.29 08:09:41.186,0.65565,0.65595,1.70,1.60
2009.01.29 08:09:41.466,0.6555,0.6559,1.50,1.50
2009.01.29 08:09:42.036,0.6555,0.6559,1.20,1.10
2009.01.29 08:09:42.206,0.6555,0.6559,1.50,1.80
2009.01.29 08:09:43.906,0.6555,0.6558,1.00,0.88
2009.01.29 08:09:44.366,0.6555,0.65575,0.73,0.87
2009.01.29 08:09:45.130,0.6555,0.6557,0.89,0.99
2009.01.29 08:09:45.655,0.6555,0.65575,1.70,0.82
2009.01.29 08:09:46.565,0.6555,0.6558,1.20,0.88
2009.01.29 08:09:47.145,0.65555,0.65595,0.61,1.10
2009.01.29 08:09:47.585,0.6556,0.6559,3.50,3.20
2009.01.29 08:09:47.915,0.6556,0.656,1.10,1.00
2009.01.29 08:09:48.325,0.6556,0.656,2.10,2.00
2009.01.29 08:09:49.544,0.6556,0.656,1.40,1.00
2009.01.29 08:09:50.934,0.6556,0.65585,0.75,1.20
2009.01.29 08:09:51.684,0.65565,0.65585,2.70,1.60
2009.01.29 08:09:53.794,0.6556,0.6557,0.97,1.80
2009.01.29 08:09:54.203,0.6555,0.6558,3.10,1.30
2009.01.29 08:09:56.023,0.6555,0.6556,1.60,0.99
2009.01.29 08:09:56.423,0.6554,0.6556,1.60,0.79
2009.01.29 08:09:56.993,0.6554,0.6556,1.40,1.40
2009.01.29 08:09:57.633,0.6554,0.6556,2.00,1.60
2009.01.29 08:09:58.042,0.65555,0.65575,3.60,1.30
2009.01.29 08:09:58.262,0.65555,0.65575,1.60,1.50
2009.01.29 08:09:58.442,0.65555,0.6557,0.71,2.20
2009.01.29 08:09:58.832,0.65542,0.65577,1.30,1.00
2009.01.29 08:09:59.283,0.65542,0.65572,1.10,0.84
2009.01.29 08:09:59.672,0.65532,0.65577,0.83,0.82
2009.01.29 08:10:00.002,0.65532,0.65572,2.30,2.30
2009.01.29 08:10:00.222,0.65529,0.65569,0.70,1.70
2009.01.29 08:10:00.612,0.65526,0.65566,0.78,1.30
2009.01.29 08:10:01.072,0.6551,0.6555,0.72,1.40
2009.01.29 08:10:01.992,0.6551,0.65545,0.88,1.30
2009.01.29 08:10:02.441,0.6551,0.6553,2.40,1.50
2009.01.29 08:10:02.851,0.65515,0.65535,2.00,1.10
2009.01.29 08:10:03.422,0.65515,0.65535,2.20,1.70
2009.01.29 08:10:04.161,0.6551,0.65545,1.40,0.72
2009.01.29 08:10:04.561,0.6552,0.6554,3.00,3.10
2009.01.29 08:10:05.011,0.6552,0.6555,1.90,1.10
2009.01.29 08:10:05.591,0.6552,0.6555,1.60,1.40
2009.01.29 08:10:06.050,0.65505,0.6553,1.50,1.90
2009.01.29 08:10:06.400,0.6551,0.6553,1.90,0.71
2009.01.29 08:10:08.500,0.65515,0.65525,1.10,1.40
2009.01.29 08:10:08.970,0.6551,0.65525,1.60,0.99
2009.01.29 08:10:09.310,0.6551,0.65525,0.53,1.60
2009.01.29 08:10:10.049,0.65515,0.65525,1.60,0.96
2009.01.29 08:10:10.520,0.65515,0.65525,1.50,1.50
2009.01.29 08:10:10.869,0.65505,0.6552,0.65,2.00
2009.01.29 08:10:11.329,0.6551,0.6552,1.40,3.20
2009.01.29 08:10:12.059,0.65505,0.6554,1.00,1.00
2009.01.29 08:10:12.459,0.65505,0.6554,1.70,2.20
2009.01.29 08:10:12.869,0.65515,0.6554,1.20,1.30
2009.01.29 08:10:13.319,0.65515,0.6555,1.00,1.80
2009.01.29 08:10:13.669,0.65515,0.6555,0.90,1.30
2009.01.29 08:10:14.868,0.65515,0.65555,1.80,1.30
2009.01.29 08:10:15.198,0.65515,0.65555,1.90,1.30
2009.01.29 08:10:15.538,0.65515,0.6555,1.30,1.20
2009.01.29 08:10:18.128,0.65515,0.65535,1.20,2.10
2009.01.29 08:10:18.518,0.65515,0.6553,0.96,1.20
2009.01.29 08:10:18.987,0.65515,0.6553,1.80,1.40
2009.01.29 08:10:19.227,0.65515,0.6553,1.70,1.70
2009.01.29 08:10:20.557,0.65515,0.65525,0.88,1.40
2009.01.29 08:10:21.047,0.6551,0.65525,1.70,2.30
2009.01.29 08:10:21.617,0.6551,0.65525,0.78,1.10
2009.01.29 08:10:22.766,0.6551,0.6552,0.89,1.50
2009.01.29 08:10:23.156,0.65505,0.6552,1.50,1.20
2009.01.29 08:10:26.705,0.65505,0.65515,1.60,1.50
2009.01.29 08:10:27.065,0.65495,0.6551,0.75,1.70
2009.01.29 08:10:27.555,0.65495,0.6551,0.90,1.60
2009.01.29 08:10:28.015,0.65495,0.65505,0.72,0.88
2009.01.29 08:10:29.815,0.65495,0.65505,0.77,1.10
2009.01.29 08:10:30.674,0.65495,0.6551,0.86,0.82
2009.01.29 08:10:31.184,0.6548,0.65495,5.60,1.50
2009.01.29 08:10:31.474,0.65485,0.65495,3.20,1.60
2009.01.29 08:10:32.104,0.6549,0.65505,1.70,1.70
2009.01.29 08:10:32.444,0.6549,0.655,0.94,0.60
2009.01.29 08:10:32.844,0.6549,0.65505,1.10,1.70
2009.01.29 08:10:33.404,0.6549,0.655,0.84,1.30
2009.01.29 08:10:33.874,0.6549,0.655,0.96,1.80
2009.01.29 08:10:34.793,0.6549,0.655,0.52,1.30
2009.01.29 08:10:35.373,0.6549,0.655,0.84,0.85
2009.01.29 08:10:35.943,0.6549,0.65505,1.70,1.30
2009.01.29 08:10:39.242,0.6549,0.65505,0.92,1.90
2009.01.29 08:10:40.563,0.65495,0.65505,0.98,1.10
2009.01.29 08:10:41.542,0.65495,0.65505,1.20,1.40
2009.01.29 08:10:41.992,0.65495,0.65505,0.41,1.20
2009.01.29 08:10:42.402,0.65495,0.65505,1.60,1.90
2009.01.29 08:10:42.622,0.65495,0.65505,1.20,0.93
2009.01.29 08:10:43.901,0.65495,0.65505,0.63,2.00
2009.01.29 08:10:44.061,0.65485,0.65505,0.83,2.80
2009.01.29 08:10:44.401,0.65485,0.65505,2.20,1.30
2009.01.29 08:10:47.100,0.65485,0.65505,1.50,2.50
2009.01.29 08:10:47.391,0.65485,0.6552,0.78,1.50
2009.01.29 08:10:47.670,0.655,0.6552,1.50,1.10
2009.01.29 08:10:49.000,0.65495,0.6552,0.92,3.50
2009.01.29 08:10:49.560,0.65495,0.6552,1.10,0.99
2009.01.29 08:10:50.999,0.65495,0.65515,0.66,1.50
2009.01.29 08:10:53.519,0.655,0.65515,1.50,1.40
2009.01.29 08:11:01.017,0.655,0.65515,2.50,0.84
2009.01.29 08:11:01.797,0.655,0.6552,0.97,0.53
2009.01.29 08:11:02.257,0.655,0.6553,1.70,0.73
2009.01.29 08:11:04.566,0.65495,0.6553,2.00,1.10
2009.01.29 08:11:04.866,0.65495,0.6552,2.10,1.20
2009.01.29 08:11:07.725,0.65495,0.6552,1.50,0.51
2009.01.29 08:11:08.285,0.65495,0.65515,2.60,2.60
2009.01.29 08:11:08.805,0.655,0.65515,1.20,1.00
2009.01.29 08:11:13.454,0.655,0.65515,1.40,1.40
2009.01.29 08:11:13.894,0.65505,0.65525,1.00,1.70
2009.01.29 08:11:14.064,0.65505,0.65525,1.10,1.50
2009.01.29 08:11:14.724,0.65505,0.65525,2.60,1.60
2009.01.29 08:11:15.693,0.65515,0.6553,2.10,2.00
2009.01.29 08:11:16.044,0.6552,0.6553,1.80,1.80
2009.01.29 08:11:18.353,0.65515,0.6553,0.96,1.60
2009.01.29 08:11:20.142,0.6552,0.6553,3.00,1.10
2009.01.29 08:11:21.642,0.65515,0.6553,1.70,0.99
2009.01.29 08:11:28.780,0.65515,0.6553,0.90,0.71
2009.01.29 08:11:28.960,0.65505,0.6553,1.40,1.40
2009.01.29 08:11:29.300,0.65505,0.6553,1.40,1.90
2009.01.29 08:11:33.639,0.6551,0.6553,2.30,1.20
2009.01.29 08:11:39.578,0.65515,0.6553,2.00,2.00
2009.01.29 08:11:39.958,0.65515,0.65535,2.00,2.40
2009.01.29 08:11:41.297,0.6552,0.65535,0.75,1.50
2009.01.29 08:11:41.817,0.65515,0.65535,1.30,1.60
2009.01.29 08:11:42.247,0.65515,0.65535,1.30,1.10
2009.01.29 08:11:42.697,0.6553,0.6555,1.80,2.40
2009.01.29 08:11:43.527,0.6553,0.6555,1.50,2.40
2009.01.29 08:11:43.807,0.65515,0.6555,0.82,1.00
2009.01.29 08:11:44.337,0.65515,0.6554,1.40,2.10
2009.01.29 08:11:45.626,0.65515,0.6554,2.10,1.80
2009.01.29 08:11:49.345,0.65515,0.6554,1.10,1.30
2009.01.29 08:11:49.695,0.65515,0.6554,1.70,1.10
2009.01.29 08:11:55.134,0.6553,0.6554,2.50,0.91
2009.01.29 08:11:55.534,0.65515,0.6554,2.00,1.50
2009.01.29 08:11:56.004,0.6552,0.65535,1.70,1.50
2009.01.29 08:11:56.584,0.65515,0.65535,0.94,0.73
2009.01.29 08:11:56.804,0.65515,0.65535,2.50,1.70
2009.01.29 08:11:57.144,0.65515,0.6554,0.84,1.60
2009.01.29 08:11:57.263,0.65515,0.6554,0.91,2.00
2009.01.29 08:11:57.544,0.65515,0.6554,1.60,1.30
2009.01.29 08:11:58.453,0.65515,0.65545,1.10,2.20
2009.01.29 08:11:58.863,0.65515,0.65535,0.79,0.76
2009.01.29 08:11:59.493,0.65515,0.65545,1.40,0.93
2009.01.29 08:12:04.292,0.65515,0.65545,1.80,2.90
2009.01.29 08:12:04.682,0.65515,0.65545,2.60,0.99
2009.01.29 08:12:05.432,0.65515,0.65535,1.40,1.40
2009.01.29 08:12:05.881,0.65515,0.65535,2.00,1.70
2009.01.29 08:12:08.571,0.6552,0.65535,1.80,3.00
2009.01.29 08:12:09.191,0.65525,0.65535,1.10,1.80
2009.01.29 08:12:10.530,0.65525,0.65545,2.30,1.40
2009.01.29 08:12:13.879,0.65525,0.65545,2.60,2.80
2009.01.29 08:12:14.399,0.65515,0.65545,1.30,1.30
2009.01.29 08:12:14.739,0.65515,0.65545,1.90,1.20
2009.01.29 08:12:17.229,0.65515,0.65545,1.10,1.40
2009.01.29 08:12:18.429,0.65515,0.65545,1.30,1.20
2009.01.29 08:12:20.198,0.65515,0.65545,0.84,2.50
2009.01.29 08:12:22.547,0.65515,0.65545,2.30,4.30
2009.01.29 08:12:26.277,0.6552,0.65545,1.80,1.80
2009.01.29 08:12:26.826,0.65515,0.65545,1.10,1.10
2009.01.29 08:12:28.806,0.65515,0.65535,1.20,1.90
2009.01.29 08:12:29.366,0.65515,0.65535,1.60,1.20
2009.01.29 08:12:30.575,0.65515,0.65535,1.30,2.50
2009.01.29 08:12:30.855,0.65505,0.6553,1.90,2.40
2009.01.29 08:12:31.535,0.65505,0.65535,1.40,1.30
2009.01.29 08:12:32.165,0.65505,0.65535,1.30,1.10
2009.01.29 08:12:33.585,0.65505,0.65535,2.20,1.30
2009.01.29 08:12:34.784,0.65505,0.65535,1.80,3.00
2009.01.29 08:12:35.194,0.65495,0.6553,1.50,1.50
2009.01.29 08:12:35.834,0.6551,0.65535,1.50,1.40
2009.01.29 08:12:37.314,0.65505,0.6552,1.10,2.40
2009.01.29 08:12:38.004,0.65485,0.65515,1.70,1.00
2009.01.29 08:12:38.114,0.65485,0.65515,1.30,1.40
2009.01.29 08:12:38.813,0.65485,0.65515,1.10,0.81
2009.01.29 08:12:39.043,0.65485,0.65515,1.30,2.50
2009.01.29 08:12:40.183,0.65485,0.65515,1.20,1.60
2009.01.29 08:12:40.563,0.65485,0.6551,1.90,1.70
2009.01.29 08:12:40.913,0.65485,0.65505,0.87,1.30
2009.01.29 08:12:41.263,0.65485,0.65505,1.60,1.10
2009.01.29 08:12:41.593,0.65485,0.65505,1.10,1.40
2009.01.29 08:12:42.533,0.65485,0.65505,1.10,0.61
2009.01.29 08:12:42.823,0.65475,0.6549,3.00,2.10
2009.01.29 08:12:43.402,0.6548,0.655,1.20,0.87
2009.01.29 08:12:43.852,0.65475,0.655,1.10,1.90
2009.01.29 08:12:44.382,0.65475,0.655,1.10,1.70
2009.01.29 08:12:44.722,0.65475,0.655,1.10,1.70
2009.01.29 08:12:47.311,0.65475,0.655,0.79,1.20
2009.01.29 08:12:49.461,0.65475,0.655,0.75,1.50
2009.01.29 08:12:49.911,0.65475,0.655,1.60,1.20
2009.01.29 08:12:50.661,0.65485,0.65505,1.40,0.66
2009.01.29 08:12:51.061,0.65475,0.655,1.40,2.20
2009.01.29 08:12:51.460,0.6548,0.655,0.92,1.10
2009.01.29 08:12:52.101,0.65475,0.655,0.70,1.90
2009.01.29 08:12:52.930,0.65465,0.655,0.67,0.88
2009.01.29 08:12:53.430,0.6547,0.65485,2.30,2.00
2009.01.29 08:12:53.730,0.6546,0.65485,1.50,0.95
2009.01.29 08:12:54.190,0.65455,0.6551,1.50,1.50
2009.01.29 08:12:54.510,0.65465,0.6551,1.40,1.30
2009.01.29 08:12:55.100,0.65473,0.65497,2.40,1.90
2009.01.29 08:12:55.440,0.65455,0.6551,2.00,1.80
2009.01.29 08:12:55.849,0.6547,0.6549,2.60,1.10
2009.01.29 08:12:56.599,0.65473,0.65482,1.90,1.60
2009.01.29 08:12:56.829,0.65463,0.65487,1.40,1.20
2009.01.29 08:12:57.659,0.6546,0.65485,0.85,1.40
2009.01.29 08:12:58.409,0.6546,0.6548,1.50,0.79
2009.01.29 08:12:59.149,0.65458,0.65477,1.70,1.80
2009.01.29 08:12:59.829,0.65452,0.65477,1.60,1.20
2009.01.29 08:13:00.678,0.65449,0.65474,1.50,1.50
2009.01.29 08:13:01.408,0.65449,0.65469,2.50,2.20
2009.01.29 08:13:02.038,0.65441,0.65471,2.90,1.50
2009.01.29 08:13:02.968,0.65435,0.65455,1.10,3.10
2009.01.29 08:13:03.428,0.65425,0.6547,1.20,1.10
2009.01.29 08:13:03.847,0.65427,0.65473,0.69,2.40
2009.01.29 08:13:04.378,0.6543,0.65475,1.30,1.80
2009.01.29 08:13:05.327,0.65433,0.65478,0.45,1.30
2009.01.29 08:13:05.787,0.65415,0.65465,3.00,2.50
2009.01.29 08:13:06.836,0.65425,0.65465,0.80,2.00
2009.01.29 08:13:07.287,0.65445,0.65465,1.10,1.80
2009.01.29 08:13:08.966,0.65445,0.65465,2.10,1.50
2009.01.29 08:13:09.367,0.6544,0.6546,1.80,1.90
2009.01.29 08:13:09.936,0.6544,0.65455,3.60,1.50
2009.01.29 08:13:10.756,0.65455,0.6547,1.50,1.30
2009.01.29 08:13:11.816,0.65455,0.65475,1.90,1.10
2009.01.29 08:13:12.375,0.65445,0.6548,1.60,1.90
2009.01.29 08:13:13.105,0.6544,0.6548,2.20,3.60
2009.01.29 08:13:13.505,0.65435,0.6546,0.58,1.10
2009.01.29 08:13:15.315,0.65435,0.65465,1.80,2.10
2009.01.29 08:13:15.715,0.65445,0.6547,1.80,1.40
2009.01.29 08:13:16.635,0.65445,0.65465,1.90,1.00
2009.01.29 08:13:17.254,0.65435,0.6546,1.00,0.99
2009.01.29 08:13:17.654,0.65435,0.65455,2.20,1.10
2009.01.29 08:13:18.174,0.6543,0.65445,1.80,0.69
2009.01.29 08:13:18.694,0.6543,0.6546,1.20,1.50
2009.01.29 08:13:18.995,0.6543,0.65455,0.81,2.80
2009.01.29 08:13:19.594,0.6543,0.65455,2.90,0.87
2009.01.29 08:13:20.293,0.65425,0.65455,3.20,2.00
2009.01.29 08:13:21.123,0.6542,0.65455,1.60,1.30
2009.01.29 08:13:21.623,0.6542,0.65455,2.30,2.60
2009.01.29 08:13:22.013,0.6542,0.65445,2.30,1.20
2009.01.29 08:13:22.463,0.6542,0.65445,1.30,2.30
2009.01.29 08:13:22.693,0.6543,0.65445,1.00,2.90
2009.01.29 08:13:23.043,0.6543,0.65445,1.40,0.54
2009.01.29 08:13:23.523,0.6543,0.65445,1.30,1.10
2009.01.29 08:13:24.103,0.65445,0.65455,0.97,1.10
2009.01.29 08:13:24.553,0.65445,0.65455,2.20,0.95
2009.01.29 08:13:25.353,0.65432,0.65462,1.80,1.30
2009.01.29 08:13:25.872,0.6543,0.65465,1.80,2.20
2009.01.29 08:13:27.542,0.6544,0.65465,1.40,2.00
2009.01.29 08:13:27.902,0.6544,0.6546,2.20,0.90
2009.01.29 08:13:28.191,0.6544,0.6546,3.70,1.20
2009.01.29 08:13:28.581,0.65445,0.65455,1.00,3.90
2009.01.29 08:13:29.621,0.65445,0.65455,1.10,2.40
2009.01.29 08:13:30.361,0.6545,0.6546,1.90,1.30
2009.01.29 08:13:30.691,0.6546,0.65475,1.80,2.60
2009.01.29 08:13:31.171,0.6546,0.6547,1.60,2.20
2009.01.29 08:13:31.751,0.65445,0.65465,1.60,2.00
2009.01.29 08:13:32.801,0.65445,0.65465,1.00,0.80
2009.01.29 08:13:33.150,0.65445,0.65455,1.60,1.40
2009.01.29 08:13:33.780,0.65445,0.65455,0.79,1.40
2009.01.29 08:13:34.240,0.65445,0.65465,1.70,1.20
2009.01.29 08:13:34.980,0.65445,0.6547,1.60,0.77
2009.01.29 08:13:35.330,0.6545,0.65475,1.60,0.81
2009.01.29 08:13:35.620,0.65445,0.6546,1.20,1.10
2009.01.29 08:13:36.420,0.6544,0.6546,1.20,0.81
2009.01.29 08:13:38.139,0.65445,0.65475,2.00,2.40
2009.01.29 08:13:38.769,0.65445,0.65475,1.50,1.30
2009.01.29 08:13:40.049,0.65435,0.65475,1.20,1.90
2009.01.29 08:13:40.559,0.65435,0.65465,1.30,2.60
2009.01.29 08:13:40.948,0.65435,0.65465,2.60,1.00
2009.01.29 08:13:42.358,0.65435,0.65465,2.80,2.70
2009.01.29 08:13:43.068,0.65455,0.65475,1.50,1.00
2009.01.29 08:13:43.928,0.65455,0.65485,4.80,1.90
2009.01.29 08:13:44.558,0.65455,0.65485,1.40,1.30
2009.01.29 08:13:45.117,0.65465,0.6548,2.80,1.50
2009.01.29 08:13:49.797,0.6547,0.65485,0.86,1.80
2009.01.29 08:13:50.417,0.65475,0.6549,2.50,0.60
2009.01.29 08:13:51.036,0.65465,0.6548,1.10,0.93
2009.01.29 08:13:52.296,0.65455,0.6548,1.80,2.20
2009.01.29 08:13:54.675,0.65465,0.6548,1.20,0.93
2009.01.29 08:13:55.535,0.65465,0.6549,1.60,1.00
2009.01.29 08:13:56.305,0.6546,0.6548,1.30,2.10
2009.01.29 08:13:56.705,0.65465,0.65485,1.10,0.84
2009.01.29 08:13:57.124,0.65465,0.6549,1.20,1.30
2009.01.29 08:13:58.414,0.65465,0.6548,2.10,2.10
2009.01.29 08:13:58.864,0.65465,0.6549,2.30,1.70
2009.01.29 08:14:00.614,0.65465,0.65485,1.80,0.72
2009.01.29 08:14:00.914,0.65465,0.6548,1.70,2.70
2009.01.29 08:14:04.163,0.6547,0.65485,1.40,2.20
2009.01.29 08:14:05.523,0.65475,0.6549,1.60,1.80
2009.01.29 08:14:07.602,0.6547,0.6549,2.70,0.55
2009.01.29 08:14:07.772,0.65465,0.6548,1.70,1.20
2009.01.29 08:14:08.832,0.65465,0.65485,0.95,2.70
2009.01.29 08:14:09.262,0.65465,0.65485,1.00,0.95
2009.01.29 08:14:09.542,0.65475,0.65495,2.50,1.90
2009.01.29 08:14:11.411,0.65475,0.65495,2.30,1.20
2009.01.29 08:14:11.821,0.65475,0.65505,1.40,1.40
2009.01.29 08:14:11.991,0.6549,0.65505,3.10,1.90
2009.01.29 08:14:12.281,0.6549,0.6551,0.94,1.60
2009.01.29 08:14:13.201,0.6549,0.65505,1.50,1.70
2009.01.29 08:14:13.670,0.65475,0.65505,1.00,1.40
2009.01.29 08:14:15.420,0.65475,0.65495,1.20,2.00
2009.01.29 08:14:19.129,0.6548,0.655,0.65,1.60
2009.01.29 08:14:19.569,0.6548,0.65495,1.30,0.93
2009.01.29 08:14:20.249,0.65475,0.65495,1.70,1.30
2009.01.29 08:14:24.158,0.6547,0.6549,1.80,1.20
2009.01.29 08:14:24.218,0.6547,0.6549,0.85,1.70
2009.01.29 08:14:26.428,0.65475,0.6549,1.70,1.60
2009.01.29 08:14:26.787,0.65475,0.65495,1.30,1.10
2009.01.29 08:14:27.597,0.65475,0.65495,1.30,1.00
2009.01.29 08:14:27.757,0.65475,0.65495,0.81,1.10
2009.01.29 08:14:31.796,0.65465,0.6548,2.90,2.00
2009.01.29 08:14:32.486,0.65465,0.65485,2.00,1.30
2009.01.29 08:14:34.056,0.65455,0.65485,1.40,2.50
2009.01.29 08:14:34.615,0.65455,0.65475,0.76,1.10
2009.01.29 08:14:35.195,0.65455,0.65475,2.10,1.30
2009.01.29 08:14:35.636,0.65455,0.65475,2.20,1.70
2009.01.29 08:14:37.175,0.65445,0.65465,2.60,0.77
2009.01.29 08:14:38.824,0.65445,0.65465,2.30,1.40
2009.01.29 08:14:39.596,0.6546,0.6548,2.50,0.98
2009.01.29 08:14:40.294,0.65455,0.65485,1.60,1.30
2009.01.29 08:14:40.974,0.6545,0.65485,0.95,0.75
2009.01.29 08:14:41.604,0.65455,0.65485,1.30,0.95
2009.01.29 08:14:43.953,0.65465,0.6549,1.40,1.60
2009.01.29 08:14:44.353,0.6546,0.65485,1.30,1.10
2009.01.29 08:14:44.573,0.6546,0.65485,1.00,1.20
2009.01.29 08:14:45.343,0.65465,0.65485,1.30,1.20
2009.01.29 08:14:46.243,0.65465,0.65495,1.90,2.70
2009.01.29 08:14:48.122,0.65465,0.65485,0.76,1.30
2009.01.29 08:14:48.482,0.65465,0.65485,1.60,0.96
2009.01.29 08:14:48.882,0.65465,0.65495,0.54,2.00
2009.01.29 08:14:49.122,0.65465,0.65495,1.80,2.90
2009.01.29 08:14:51.631,0.65465,0.65485,3.20,1.20
2009.01.29 08:15:08.847,0.6547,0.65485,1.90,1.40
2009.01.29 08:15:09.847,0.65475,0.65485,2.10,1.10
2009.01.29 08:15:11.197,0.6547,0.65485,1.30,3.40
2009.01.29 08:15:13.616,0.65465,0.6548,0.42,1.50
2009.01.29 08:15:15.596,0.6546,0.6548,1.80,0.65
2009.01.29 08:15:15.655,0.6546,0.65485,1.30,1.00
2009.01.29 08:15:16.295,0.6546,0.65485,1.70,2.00
2009.01.29 08:15:16.866,0.6546,0.6547,1.30,0.87
2009.01.29 08:15:17.255,0.6546,0.65485,0.77,0.94
2009.01.29 08:15:18.005,0.6547,0.65485,2.40,1.40
2009.01.29 08:15:18.515,0.6548,0.6549,1.10,1.30
2009.01.29 08:15:19.035,0.65485,0.65495,1.20,1.60
2009.01.29 08:15:19.374,0.6549,0.655,1.20,0.36
2009.01.29 08:15:19.715,0.6549,0.65505,1.50,2.20
2009.01.29 08:15:23.634,0.65485,0.65505,1.80,1.60
2009.01.29 08:15:23.974,0.6549,0.655,1.20,1.40
2009.01.29 08:15:24.313,0.6549,0.65505,0.92,1.60
2009.01.29 08:15:27.453,0.6548,0.6549,1.00,1.10
2009.01.29 08:15:27.733,0.6547,0.6549,2.60,1.90
2009.01.29 08:15:28.742,0.6548,0.6549,1.00,2.10
2009.01.29 08:15:29.202,0.65485,0.65495,0.75,0.29
2009.01.29 08:15:29.662,0.6548,0.65495,0.91,0.89
2009.01.29 08:15:29.942,0.6547,0.65495,0.93,1.80
2009.01.29 08:15:31.892,0.65485,0.65495,2.40,1.10
2009.01.29 08:15:32.162,0.65485,0.655,3.80,2.00
2009.01.29 08:15:33.361,0.65485,0.65495,1.10,1.90
2009.01.29 08:15:35.331,0.6548,0.65495,2.10,1.20
2009.01.29 08:15:35.741,0.6547,0.65495,0.56,1.60
2009.01.29 08:15:36.850,0.6547,0.65495,1.90,0.92
2009.01.29 08:15:37.360,0.6547,0.65495,1.80,0.85
2009.01.29 08:15:37.770,0.6547,0.65495,1.40,0.76
2009.01.29 08:15:38.870,0.6547,0.65495,0.92,1.70
2009.01.29 08:15:39.050,0.65485,0.65495,0.67,2.20
2009.01.29 08:15:42.249,0.65485,0.65495,1.40,1.40
2009.01.29 08:15:42.309,0.6549,0.65505,0.66,4.00
2009.01.29 08:15:42.699,0.6548,0.65505,1.90,0.98
2009.01.29 08:15:43.059,0.6547,0.65505,1.90,2.50
2009.01.29 08:15:43.849,0.6549,0.65505,1.10,0.66
2009.01.29 08:15:44.109,0.6549,0.65505,1.30,1.30
2009.01.29 08:15:44.858,0.6548,0.65505,1.10,1.10
2009.01.29 08:15:45.138,0.6547,0.65505,2.80,0.85
2009.01.29 08:15:45.898,0.65485,0.65495,2.80,1.00
2009.01.29 08:15:46.068,0.65485,0.6551,2.60,1.20
2009.01.29 08:15:46.459,0.65485,0.6551,1.50,1.80
2009.01.29 08:15:46.678,0.65475,0.65505,1.60,1.40
2009.01.29 08:15:46.858,0.6546,0.65505,0.75,2.00
2009.01.29 08:15:47.248,0.6547,0.65505,1.90,0.58
2009.01.29 08:15:47.708,0.6548,0.65495,2.50,1.20
2009.01.29 08:15:47.948,0.6548,0.65515,1.20,2.00
2009.01.29 08:15:49.497,0.6548,0.65505,2.00,1.70
2009.01.29 08:15:49.907,0.65495,0.65515,1.70,1.10
2009.01.29 08:15:50.017,0.65495,0.65525,0.56,2.20
2009.01.29 08:15:50.077,0.65495,0.65525,1.70,0.69
2009.01.29 08:15:52.527,0.65515,0.65525,0.63,1.20
2009.01.29 08:15:52.886,0.65515,0.65535,1.60,1.70
2009.01.29 08:15:53.896,0.6551,0.65535,1.60,0.80
2009.01.29 08:15:54.686,0.6551,0.65535,0.99,2.10
2009.01.29 08:15:55.856,0.65505,0.65535,1.30,1.60
2009.01.29 08:15:56.356,0.655,0.6553,3.30,2.10
2009.01.29 08:15:57.006,0.65505,0.6555,1.30,1.10
2009.01.29 08:16:01.295,0.65505,0.6554,1.30,1.00
2009.01.29 08:16:01.744,0.65505,0.6554,0.74,0.80
2009.01.29 08:16:02.174,0.655,0.6554,0.97,1.30
2009.01.29 08:16:02.394,0.6552,0.6554,1.30,1.10
2009.01.29 08:16:02.734,0.65535,0.65545,3.00,1.10
2009.01.29 08:16:02.844,0.65535,0.65555,1.90,2.20
2009.01.29 08:16:03.254,0.6553,0.65555,0.79,1.10
2009.01.29 08:16:03.724,0.65525,0.65535,2.10,1.00
2009.01.29 08:16:04.084,0.6551,0.65535,1.00,1.20
2009.01.29 08:16:04.494,0.65505,0.6553,0.89,1.50
2009.01.29 08:16:05.873,0.65505,0.65535,0.97,0.60
2009.01.29 08:16:06.233,0.65505,0.65535,2.30,1.50
2009.01.29 08:16:06.793,0.65515,0.6555,1.70,1.80
2009.01.29 08:16:08.803,0.65515,0.65555,2.70,1.40
2009.01.29 08:16:09.383,0.65515,0.65555,0.63,1.10
2009.01.29 08:16:10.192,0.65515,0.6555,2.10,1.30
2009.01.29 08:16:14.521,0.65515,0.65535,2.70,0.77
2009.01.29 08:16:15.081,0.6551,0.65535,2.10,1.20
2009.01.29 08:16:15.821,0.65515,0.65535,2.20,0.47
2009.01.29 08:16:16.381,0.65515,0.6555,0.93,0.86
2009.01.29 08:16:16.561,0.65515,0.6555,0.95,1.40
2009.01.29 08:16:18.602,0.65515,0.6555,0.99,2.50
2009.01.29 08:16:18.950,0.6551,0.65535,1.10,3.10
2009.01.29 08:16:20.980,0.65505,0.6552,1.60,1.10
2009.01.29 08:16:21.260,0.65505,0.6552,0.64,1.50
2009.01.29 08:16:21.550,0.6551,0.65525,1.00,2.20
2009.01.29 08:16:21.840,0.6551,0.65535,1.60,1.30
2009.01.29 08:16:23.249,0.65515,0.65535,1.00,2.10
2009.01.29 08:16:23.919,0.65515,0.6554,0.72,1.10
2009.01.29 08:16:24.269,0.6551,0.6553,1.90,0.84
2009.01.29 08:16:24.779,0.6551,0.65535,0.91,2.20
2009.01.29 08:16:25.069,0.6551,0.65535,1.20,1.70
2009.01.29 08:16:27.569,0.65515,0.6554,1.30,3.40
2009.01.29 08:16:27.738,0.65515,0.6554,0.71,1.90
2009.01.29 08:16:51.142,0.65515,0.6555,3.00,2.90
2009.01.29 08:17:05.739,0.65515,0.6555,0.40,1.30
2009.01.29 08:17:06.129,0.65515,0.6555,1.20,1.40
2009.01.29 08:17:06.350,0.65515,0.65555,1.60,1.10
2009.01.29 08:17:06.919,0.65515,0.65555,1.20,2.00
2009.01.29 08:17:07.309,0.65515,0.65555,1.40,3.00
2009.01.29 08:17:07.708,0.65515,0.65555,3.10,0.86
2009.01.29 08:17:08.168,0.65515,0.6555,0.79,1.10
2009.01.29 08:17:08.468,0.65515,0.6555,1.50,1.70
2009.01.29 08:17:11.088,0.65505,0.6553,2.50,1.10
2009.01.29 08:17:11.488,0.65505,0.6553,0.34,1.40
2009.01.29 08:17:11.997,0.65505,0.6553,0.90,0.88
2009.01.29 08:17:13.127,0.655,0.65525,1.20,2.30
2009.01.29 08:17:13.947,0.655,0.65525,2.90,2.30
2009.01.29 08:17:16.697,0.65505,0.65525,0.80,1.00
2009.01.29 08:17:17.106,0.65505,0.6553,2.90,1.50
2009.01.29 08:17:17.626,0.65505,0.6554,0.89,0.79
2009.01.29 08:17:18.986,0.65495,0.6552,1.60,1.50
2009.01.29 08:17:19.276,0.655,0.6552,2.10,1.80
2009.01.29 08:17:19.716,0.655,0.65525,1.70,2.10
2009.01.29 08:17:21.265,0.655,0.6552,0.83,1.20
2009.01.29 08:17:23.025,0.655,0.65525,1.40,2.20
2009.01.29 08:17:40.161,0.65495,0.65515,3.00,1.40
2009.01.29 08:17:40.541,0.655,0.6552,0.87,0.92
2009.01.29 08:17:40.701,0.655,0.6552,1.10,1.30
2009.01.29 08:17:43.710,0.65495,0.65515,1.80,3.20
2009.01.29 08:17:45.249,0.655,0.6552,1.70,1.70
2009.01.29 08:17:45.780,0.655,0.6552,1.40,1.50
2009.01.29 08:17:48.429,0.65505,0.65525,1.10,1.90
2009.01.29 08:17:54.157,0.655,0.65525,3.00,2.10
2009.01.29 08:17:57.756,0.65485,0.6552,2.10,1.70
2009.01.29 08:17:58.097,0.65485,0.6552,1.20,2.10
2009.01.29 08:17:58.506,0.65485,0.65515,2.10,0.76
2009.01.29 08:17:58.846,0.65475,0.6551,1.10,0.92
2009.01.29 08:17:59.566,0.65475,0.65505,0.96,1.70
2009.01.29 08:18:00.076,0.65475,0.65505,1.60,1.40
2009.01.29 08:18:00.396,0.65475,0.65505,0.85,2.20
2009.01.29 08:18:01.445,0.65485,0.65505,1.10,1.00
2009.01.29 08:18:02.355,0.65485,0.6551,1.50,1.70
2009.01.29 08:18:02.775,0.65465,0.65515,1.30,1.00
2009.01.29 08:18:03.675,0.65465,0.65515,0.99,2.60
2009.01.29 08:18:04.255,0.65475,0.65505,0.79,1.10
2009.01.29 08:18:04.765,0.65478,0.65508,1.10,1.30
2009.01.29 08:18:06.154,0.65486,0.65506,1.10,1.20
2009.01.29 08:18:06.654,0.65495,0.65525,0.61,0.86
2009.01.29 08:18:06.954,0.65475,0.65525,1.20,1.10
2009.01.29 08:18:09.813,0.65475,0.65515,1.50,0.85
2009.01.29 08:18:10.283,0.65475,0.65515,0.87,1.40
2009.01.29 08:18:10.733,0.65475,0.65525,2.30,1.60
2009.01.29 08:18:11.454,0.65485,0.65525,0.60,1.80
2009.01.29 08:18:11.863,0.65485,0.65525,1.70,1.20
2009.01.29 08:18:12.633,0.65485,0.65525,3.80,1.90
2009.01.29 08:18:13.763,0.65485,0.65515,2.50,1.20
2009.01.29 08:18:13.882,0.65485,0.65515,0.58,1.50
2009.01.29 08:18:14.172,0.65485,0.65515,2.40,2.50
2009.01.29 08:18:15.502,0.65485,0.65505,1.30,1.80
2009.01.29 08:18:15.902,0.65485,0.65505,1.20,3.70
2009.01.29 08:18:17.862,0.65485,0.65505,1.20,0.70
2009.01.29 08:18:19.961,0.65485,0.6551,1.20,1.00
2009.01.29 08:18:20.541,0.65485,0.6551,1.20,4.30
2009.01.29 08:18:20.871,0.65485,0.65505,0.94,1.40
2009.01.29 08:18:21.680,0.65495,0.65505,1.20,2.40
2009.01.29 08:18:22.090,0.65495,0.6552,1.70,1.30
2009.01.29 08:18:22.830,0.65495,0.6551,2.30,1.90
2009.01.29 08:18:23.530,0.65485,0.6551,1.20,0.87
2009.01.29 08:18:26.239,0.65485,0.6551,5.40,1.20
2009.01.29 08:18:26.689,0.6549,0.65515,2.50,1.10
2009.01.29 08:18:36.617,0.65485,0.6551,2.90,1.30
2009.01.29 08:18:38.736,0.65485,0.6551,2.20,1.40
2009.01.29 08:18:39.016,0.65485,0.65525,1.50,1.10
2009.01.29 08:18:39.307,0.65485,0.65525,2.20,1.70
2009.01.29 08:18:39.926,0.65485,0.65525,2.30,1.10
2009.01.29 08:18:40.506,0.65505,0.65525,3.50,2.00
2009.01.29 08:18:41.166,0.65505,0.65525,3.50,1.00
2009.01.29 08:18:41.456,0.65525,0.65535,2.80,2.80
2009.01.29 08:18:42.036,0.65525,0.65535,1.80,0.46
2009.01.29 08:18:43.006,0.65525,0.6555,3.10,0.60
2009.01.29 08:18:43.406,0.65535,0.6556,0.79,1.30
2009.01.29 08:18:44.845,0.6555,0.6556,2.00,1.40
2009.01.29 08:18:45.235,0.6555,0.65565,1.20,2.20
2009.01.29 08:18:45.645,0.65535,0.6556,1.60,0.94
2009.01.29 08:18:45.925,0.65535,0.6556,1.50,1.40
2009.01.29 08:18:50.324,0.6553,0.6556,2.40,1.10
2009.01.29 08:18:57.162,0.6553,0.6555,2.50,2.70
2009.01.29 08:19:01.161,0.65535,0.65555,1.40,1.00
2009.01.29 08:19:01.451,0.6554,0.65555,1.70,1.70
2009.01.29 08:19:01.821,0.6554,0.6556,1.10,2.30
2009.01.29 08:19:03.261,0.65545,0.65565,1.00,0.93
2009.01.29 08:19:03.851,0.6555,0.65565,2.30,1.00
2009.01.29 08:19:04.250,0.65545,0.65565,1.20,0.65
2009.01.29 08:19:04.570,0.65545,0.6557,2.10,0.97
2009.01.29 08:19:05.030,0.65545,0.6557,0.64,2.70
2009.01.29 08:19:06.140,0.65555,0.65575,1.70,1.30
2009.01.29 08:19:06.360,0.65555,0.65575,2.10,3.10
2009.01.29 08:19:08.199,0.65555,0.6558,1.30,1.30
2009.01.29 08:19:09.059,0.65555,0.65575,1.70,1.10
2009.01.29 08:19:09.409,0.6555,0.65575,1.00,1.10
2009.01.29 08:19:09.589,0.6555,0.65575,1.70,1.00
2009.01.29 08:19:10.739,0.6555,0.65565,1.20,2.10
2009.01.29 08:19:11.579,0.6554,0.65565,1.70,0.86
2009.01.29 08:19:27.265,0.6554,0.65565,1.80,2.20
2009.01.29 08:19:28.235,0.65535,0.65565,0.67,1.10
2009.01.29 08:19:29.204,0.6553,0.65565,1.10,1.10
2009.01.29 08:19:29.684,0.6553,0.6557,0.67,2.80
2009.01.29 08:19:30.234,0.6553,0.65565,0.89,2.50
2009.01.29 08:19:37.503,0.6555,0.65565,1.80,1.30
2009.01.29 08:19:40.081,0.6555,0.6557,3.10,1.60
2009.01.29 08:19:41.042,0.65545,0.6557,2.00,2.00
2009.01.29 08:19:41.332,0.65535,0.6557,1.00,3.40
2009.01.29 08:19:41.731,0.6553,0.6557,0.97,0.82
2009.01.29 08:19:51.749,0.6553,0.6557,1.70,2.30
2009.01.29 08:20:02.056,0.65535,0.6557,1.40,2.20
2009.01.29 08:20:02.626,0.6554,0.6557,0.90,1.30
2009.01.29 08:20:03.866,0.65535,0.6557,2.90,1.70
2009.01.29 08:20:04.096,0.65535,0.6557,1.40,3.00
2009.01.29 08:20:04.336,0.6553,0.6557,1.20,0.82
2009.01.29 08:20:06.415,0.65545,0.65575,2.70,1.30
2009.01.29 08:20:07.225,0.65545,0.65575,4.00,1.30
2009.01.29 08:20:07.675,0.65558,0.65568,0.59,5.60
2009.01.29 08:20:08.065,0.65575,0.65585,1.40,1.60
2009.01.29 08:20:08.455,0.65553,0.65613,0.96,1.50
2009.01.29 08:20:08.815,0.6557,0.656,2.70,2.00
2009.01.29 08:20:09.614,0.6558,0.65595,1.10,0.66
2009.01.29 08:20:11.174,0.65575,0.65605,2.70,1.50
2009.01.29 08:20:11.464,0.6558,0.65605,0.97,1.40
2009.01.29 08:20:14.933,0.65583,0.65608,3.60,1.80
2009.01.29 08:20:15.723,0.656,0.6562,0.90,0.69
2009.01.29 08:20:17.283,0.656,0.6561,1.60,1.80
2009.01.29 08:20:17.932,0.656,0.6562,0.87,2.00
2009.01.29 08:20:18.322,0.65605,0.65625,1.50,1.10
2009.01.29 08:20:18.722,0.65605,0.6562,0.93,0.84
2009.01.29 08:20:19.003,0.656,0.65615,0.83,2.80
2009.01.29 08:20:19.352,0.656,0.65615,0.86,1.20
2009.01.29 08:20:19.652,0.656,0.6562,2.10,1.20
2009.01.29 08:20:21.102,0.656,0.6562,1.80,1.30
2009.01.29 08:20:21.561,0.65605,0.65625,0.81,1.40
2009.01.29 08:20:21.912,0.6562,0.6563,0.92,0.75
2009.01.29 08:20:22.271,0.65605,0.6562,1.70,1.20
2009.01.29 08:20:22.501,0.65595,0.65615,2.10,0.89
2009.01.29 08:20:23.151,0.65595,0.65615,0.70,1.20
2009.01.29 08:20:24.401,0.656,0.65615,1.50,1.20
2009.01.29 08:20:24.621,0.6559,0.65625,1.30,1.60
2009.01.29 08:20:25.191,0.6559,0.6562,1.00,0.84
2009.01.29 08:20:26.700,0.65605,0.65625,1.90,1.90
2009.01.29 08:20:28.840,0.65615,0.6563,2.60,0.83
2009.01.29 08:20:29.540,0.6561,0.6563,1.00,1.50
2009.01.29 08:20:29.830,0.656,0.65625,1.60,1.10
2009.01.29 08:20:30.180,0.6559,0.65625,1.50,0.64
2009.01.29 08:20:30.640,0.6559,0.65625,0.83,3.20
2009.01.29 08:20:31.429,0.65605,0.6563,1.80,0.56
2009.01.29 08:20:33.049,0.65615,0.6563,1.20,1.40
2009.01.29 08:20:33.459,0.65615,0.65635,2.00,1.20
2009.01.29 08:20:33.839,0.6561,0.65635,1.70,0.62
2009.01.29 08:20:34.249,0.6561,0.65635,0.28,1.80
2009.01.29 08:20:34.479,0.656,0.65635,2.70,2.40
2009.01.29 08:20:34.898,0.65595,0.65635,1.10,1.80
2009.01.29 08:20:35.298,0.6559,0.65635,3.00,1.20
2009.01.29 08:20:35.578,0.6559,0.6563,0.87,1.40
2009.01.29 08:20:36.458,0.6561,0.65625,1.80,1.00
2009.01.29 08:20:36.728,0.65615,0.65635,2.20,4.10
2009.01.29 08:20:37.298,0.65615,0.65635,1.10,0.64
2009.01.29 08:20:38.667,0.656,0.6563,1.80,1.40
2009.01.29 08:20:39.127,0.65595,0.6563,1.60,1.80
2009.01.29 08:20:39.757,0.6559,0.65635,0.81,2.10
2009.01.29 08:20:39.957,0.6559,0.6562,1.90,3.70
2009.01.29 08:20:40.367,0.6559,0.6562,0.63,1.80
2009.01.29 08:20:41.787,0.6559,0.65625,0.79,1.70
2009.01.29 08:20:42.057,0.656,0.65625,2.90,2.20
2009.01.29 08:20:42.547,0.656,0.65625,0.97,1.40
2009.01.29 08:20:44.556,0.65615,0.65625,1.20,1.30
2009.01.29 08:20:44.846,0.6561,0.65625,0.83,1.40
2009.01.29 08:20:45.186,0.65615,0.65625,1.80,0.88
2009.01.29 08:20:45.706,0.656,0.65625,2.60,1.40
2009.01.29 08:20:46.346,0.65615,0.65625,1.10,1.70
2009.01.29 08:20:46.786,0.656,0.65625,1.80,2.50
2009.01.29 08:20:47.186,0.656,0.6562,2.20,1.10
2009.01.29 08:20:47.565,0.656,0.6562,1.70,0.83
2009.01.29 08:20:48.935,0.65605,0.6562,1.30,2.30
2009.01.29 08:20:49.225,0.65605,0.65625,0.89,2.10
2009.01.29 08:20:50.005,0.65605,0.65625,1.00,1.60
2009.01.29 08:20:50.545,0.6561,0.65625,1.10,1.20
2009.01.29 08:20:51.074,0.6561,0.6564,1.10,1.30
2009.01.29 08:20:51.584,0.65625,0.65645,1.00,1.60
2009.01.29 08:20:51.934,0.65625,0.65645,1.20,0.95
2009.01.29 08:20:52.514,0.65625,0.65645,2.50,1.50
2009.01.29 08:20:52.854,0.65615,0.65645,1.50,1.20
2009.01.29 08:20:53.244,0.65615,0.65645,1.10,1.60
2009.01.29 08:20:54.074,0.65615,0.6565,2.10,1.30
2009.01.29 08:20:54.814,0.65615,0.65645,1.80,1.50
2009.01.29 08:20:55.043,0.65625,0.65655,1.30,0.61
2009.01.29 08:20:55.334,0.65625,0.65655,2.10,1.00
2009.01.29 08:20:56.243,0.65625,0.65655,1.40,1.10
2009.01.29 08:20:57.003,0.65625,0.6566,1.00,2.50
2009.01.29 08:20:57.663,0.65635,0.6566,1.80,1.00
2009.01.29 08:20:58.463,0.6562,0.6566,0.87,1.10
2009.01.29 08:20:59.003,0.6562,0.6566,2.40,2.10
2009.01.29 08:20:59.402,0.6562,0.6565,0.71,1.10
2009.01.29 08:21:00.672,0.6562,0.6565,1.80,1.90
2009.01.29 08:21:02.652,0.6562,0.6565,2.30,1.60
2009.01.29 08:21:02.982,0.65615,0.6564,2.70,0.93
2009.01.29 08:21:03.212,0.65615,0.6564,0.62,4.70
2009.01.29 08:21:03.501,0.65615,0.65625,1.20,1.80
2009.01.29 08:21:03.971,0.65615,0.65635,3.70,0.71
2009.01.29 08:21:04.771,0.65615,0.65635,1.60,1.40
2009.01.29 08:21:05.171,0.65615,0.65645,2.50,1.00
2009.01.29 08:21:05.351,0.65615,0.65645,0.86,0.93
2009.01.29 08:21:05.641,0.65615,0.6564,2.10,1.70
2009.01.29 08:21:06.661,0.6561,0.65635,2.30,1.30
2009.01.29 08:21:07.111,0.65625,0.65645,1.10,0.69
2009.01.29 08:21:07.740,0.65625,0.6565,2.00,0.80
2009.01.29 08:21:08.550,0.65625,0.65645,1.40,2.50
2009.01.29 08:21:10.630,0.6563,0.6565,0.95,1.10
2009.01.29 08:21:10.870,0.65625,0.65645,0.59,2.40
2009.01.29 08:21:11.390,0.65625,0.6565,0.85,1.90
2009.01.29 08:21:11.689,0.65625,0.65645,0.75,0.81
2009.01.29 08:21:12.159,0.65625,0.65645,1.30,1.40
2009.01.29 08:21:12.380,0.6563,0.65655,1.00,1.60
2009.01.29 08:21:12.789,0.6563,0.65645,2.20,1.70
2009.01.29 08:21:13.059,0.6563,0.65655,1.10,2.00
2009.01.29 08:21:14.019,0.6564,0.65655,1.30,2.30
2009.01.29 08:21:15.219,0.6564,0.6566,1.50,1.10
2009.01.29 08:21:15.959,0.65635,0.6565,2.60,0.95
2009.01.29 08:21:17.228,0.65635,0.6565,1.10,1.20
2009.01.29 08:21:17.628,0.65638,0.65653,0.82,1.10
2009.01.29 08:21:17.918,0.65641,0.65656,2.50,0.71
2009.01.29 08:21:19.138,0.65644,0.65659,1.50,0.84
2009.01.29 08:21:20.008,0.65649,0.65659,1.60,2.50
2009.01.29 08:21:20.247,0.65649,0.65664,4.30,0.46
2009.01.29 08:21:20.757,0.65652,0.65667,1.10,0.97
2009.01.29 08:21:21.417,0.6565,0.65675,1.00,0.75
2009.01.29 08:21:21.997,0.65658,0.65673,1.10,1.70
2009.01.29 08:21:22.227,0.65675,0.6569,0.64,1.20
2009.01.29 08:21:23.547,0.6568,0.6569,0.77,1.90
2009.01.29 08:21:23.767,0.6568,0.65695,1.20,2.80
2009.01.29 08:21:24.157,0.6568,0.65695,1.70,0.89
2009.01.29 08:21:24.916,0.6568,0.65695,2.70,2.00
2009.01.29 08:21:25.316,0.6568,0.65695,1.30,2.50
2009.01.29 08:21:26.486,0.6568,0.657,0.97,2.50
2009.01.29 08:21:26.996,0.657,0.6571,1.10,1.90
2009.01.29 08:21:27.395,0.657,0.65725,3.70,2.70
2009.01.29 08:21:27.816,0.65705,0.65725,0.99,1.70
2009.01.29 08:21:28.445,0.65705,0.65725,3.00,1.30
2009.01.29 08:21:29.255,0.6569,0.65735,1.00,2.00
2009.01.29 08:21:29.606,0.65705,0.6574,1.10,2.40
2009.01.29 08:21:29.725,0.6569,0.6573,1.10,1.10
2009.01.29 08:21:30.015,0.6569,0.6574,1.20,1.40
2009.01.29 08:21:30.185,0.65685,0.65735,1.10,1.00
2009.01.29 08:21:30.415,0.65685,0.65725,1.30,1.10
2009.01.29 08:21:31.325,0.65695,0.65725,0.99,1.90
2009.01.29 08:21:31.674,0.65695,0.65745,1.40,0.89
2009.01.29 08:21:32.805,0.65695,0.6573,0.92,0.87
2009.01.29 08:21:33.274,0.65685,0.65725,1.10,1.50
2009.01.29 08:21:33.564,0.657,0.65725,0.63,0.84
2009.01.29 08:21:33.894,0.657,0.65725,1.40,1.70
2009.01.29 08:21:34.304,0.657,0.6573,1.10,2.20
2009.01.29 08:21:34.854,0.65695,0.65725,2.90,2.20
2009.01.29 08:21:35.304,0.65685,0.6571,1.40,1.20
2009.01.29 08:21:35.594,0.65685,0.65735,1.00,1.20
2009.01.29 08:21:35.994,0.65685,0.6574,1.90,1.90
2009.01.29 08:21:36.274,0.65695,0.6574,1.40,1.70
2009.01.29 08:21:36.553,0.65695,0.6574,2.10,2.30
2009.01.29 08:21:36.893,0.65695,0.6571,2.20,0.64
2009.01.29 08:21:37.333,0.65695,0.6571,1.90,2.10
2009.01.29 08:21:37.623,0.65695,0.6571,1.30,1.40
2009.01.29 08:21:37.843,0.65695,0.6574,0.73,1.60
2009.01.29 08:21:38.993,0.6569,0.6573,2.50,1.70
2009.01.29 08:21:39.573,0.6569,0.6573,2.10,1.50
2009.01.29 08:21:44.192,0.657,0.6573,1.30,2.30
2009.01.29 08:21:44.601,0.657,0.6573,1.60,1.50
2009.01.29 08:21:45.731,0.657,0.6574,1.70,1.70
2009.01.29 08:21:46.071,0.657,0.6573,2.80,2.10
2009.01.29 08:21:46.461,0.65715,0.6573,0.47,0.80
2009.01.29 08:21:46.911,0.65715,0.6573,3.90,2.60
2009.01.29 08:21:47.441,0.65715,0.6573,0.87,1.50
2009.01.29 08:21:48.401,0.6571,0.6573,2.80,1.20
2009.01.29 08:21:48.801,0.6571,0.6573,1.60,2.70
2009.01.29 08:21:53.489,0.657,0.6573,1.30,2.50
2009.01.29 08:21:53.899,0.657,0.6573,1.50,1.30
2009.01.29 08:21:54.359,0.657,0.6573,1.10,3.60
2009.01.29 08:21:54.709,0.657,0.6572,1.50,2.40
2009.01.29 08:21:56.299,0.65695,0.65715,1.50,1.20
2009.01.29 08:21:56.909,0.65695,0.65715,1.60,0.98
2009.01.29 08:21:57.438,0.65695,0.65715,0.71,2.50
2009.01.29 08:21:57.838,0.65695,0.65715,3.50,0.63
2009.01.29 08:21:58.368,0.6569,0.6571,2.20,0.63
2009.01.29 08:21:58.758,0.6568,0.6571,2.40,2.30
2009.01.29 08:21:59.548,0.6569,0.6571,4.40,1.80
2009.01.29 08:22:04.957,0.65685,0.65705,2.10,0.85
2009.01.29 08:22:05.756,0.65685,0.65705,0.87,1.40
2009.01.29 08:22:08.396,0.6568,0.65705,0.91,0.84
2009.01.29 08:22:15.074,0.65685,0.65705,1.40,1.70
2009.01.29 08:22:16.914,0.65675,0.657,2.20,1.90
2009.01.29 08:22:17.434,0.65675,0.657,0.90,1.90
2009.01.29 08:22:18.933,0.65675,0.6569,2.30,2.20
2009.01.29 08:22:19.333,0.65665,0.65685,0.53,1.70
2009.01.29 08:22:20.823,0.65665,0.6568,1.20,1.20
2009.01.29 08:22:21.003,0.6567,0.6569,1.70,1.80
2009.01.29 08:22:21.283,0.6567,0.6569,1.90,1.20
2009.01.29 08:22:21.503,0.6567,0.657,1.00,1.20
2009.01.29 08:22:21.843,0.6567,0.657,1.70,1.60
2009.01.29 08:22:22.932,0.6567,0.6569,0.93,3.30
2009.01.29 08:22:23.912,0.65665,0.65685,0.89,1.20
2009.01.29 08:22:24.202,0.65665,0.65685,2.50,2.50
2009.01.29 08:22:25.292,0.65665,0.65685,2.00,1.30
2009.01.29 08:22:25.932,0.6566,0.6568,1.30,1.80
2009.01.29 08:22:26.101,0.6566,0.6568,0.91,1.70
2009.01.29 08:22:29.411,0.65655,0.65675,1.10,2.30
2009.01.29 08:22:29.521,0.65655,0.65675,1.20,0.76
2009.01.29 08:22:29.581,0.65655,0.65675,1.60,1.70
2009.01.29 08:22:30.800,0.6565,0.65665,0.88,1.60
2009.01.29 08:22:31.210,0.6565,0.65665,1.10,1.40
2009.01.29 08:22:31.380,0.65645,0.65665,1.70,1.90
2009.01.29 08:22:31.610,0.6564,0.6566,1.60,1.70
2009.01.29 08:22:31.790,0.6564,0.6566,1.40,3.10
2009.01.29 08:22:33.330,0.6565,0.6567,1.00,1.40
2009.01.29 08:22:33.680,0.65655,0.65675,1.40,1.60
2009.01.29 08:22:35.679,0.65655,0.65675,0.97,1.90
2009.01.29 08:22:37.409,0.65655,0.65675,1.10,1.30
2009.01.29 08:22:38.039,0.6565,0.6567,2.80,1.30
2009.01.29 08:22:38.318,0.6565,0.6567,1.10,1.40
2009.01.29 08:22:38.878,0.6565,0.6567,1.30,1.10
2009.01.29 08:22:39.328,0.65645,0.65665,1.00,1.30
2009.01.29 08:22:39.789,0.65645,0.65665,1.60,1.20
2009.01.29 08:22:40.368,0.6565,0.65675,0.88,1.90
2009.01.29 08:22:40.768,0.6566,0.6568,2.00,1.60
2009.01.29 08:22:47.127,0.6566,0.6568,1.90,0.79
2009.01.29 08:22:48.286,0.65655,0.65675,1.10,1.50
2009.01.29 08:22:49.136,0.6566,0.6568,1.70,1.70
2009.01.29 08:22:49.566,0.6566,0.6568,0.73,0.51
2009.01.29 08:22:49.966,0.65655,0.6568,1.30,0.91
2009.01.29 08:23:08.441,0.65655,0.6568,1.70,1.10
2009.01.29 08:23:09.371,0.65655,0.6568,1.60,1.60
2009.01.29 08:23:10.121,0.65655,0.6568,1.10,0.77
2009.01.29 08:23:15.639,0.6566,0.65685,3.00,1.10
2009.01.29 08:23:18.079,0.65655,0.65675,1.90,1.60
2009.01.29 08:23:18.469,0.65655,0.6568,1.60,2.10
2009.01.29 08:23:20.798,0.6566,0.65685,1.90,1.00
2009.01.29 08:23:28.137,0.6566,0.6569,1.60,1.30
2009.01.29 08:23:33.235,0.65665,0.6569,2.40,0.96
2009.01.29 08:23:33.645,0.6567,0.6569,0.65,1.30
2009.01.29 08:23:39.174,0.65665,0.65685,2.80,2.90
2009.01.29 08:23:40.863,0.65665,0.65685,1.40,2.00
2009.01.29 08:23:45.062,0.6566,0.6568,1.20,1.10
2009.01.29 08:23:45.453,0.65665,0.65685,2.20,3.00
2009.01.29 08:23:50.621,0.65665,0.65685,1.20,1.90
2009.01.29 08:23:51.081,0.65665,0.65685,0.62,1.70
2009.01.29 08:23:51.881,0.65665,0.65685,0.85,1.30
2009.01.29 08:23:52.281,0.6566,0.6568,0.95,1.10
2009.01.29 08:23:52.720,0.65665,0.65685,0.60,2.30
2009.01.29 08:23:53.170,0.65665,0.65685,0.78,1.40
2009.01.29 08:23:56.180,0.6567,0.6569,2.50,1.20
2009.01.29 08:23:56.470,0.6567,0.6569,1.20,2.70
2009.01.29 08:23:57.099,0.6566,0.6569,2.10,1.40
2009.01.29 08:24:01.299,0.6567,0.6569,0.91,1.50
2009.01.29 08:24:01.678,0.6568,0.65695,1.60,1.60
2009.01.29 08:24:02.028,0.6568,0.65695,0.92,1.20
2009.01.29 08:24:02.648,0.6568,0.65695,2.10,1.20
2009.01.29 08:24:07.377,0.6568,0.657,2.80,1.50
2009.01.29 08:24:08.327,0.6568,0.65695,1.40,2.00
2009.01.29 08:24:10.337,0.6568,0.657,0.77,1.20
2009.01.29 08:24:10.566,0.6567,0.657,0.60,2.00
2009.01.29 08:24:10.736,0.6569,0.657,2.20,0.76
2009.01.29 08:24:11.536,0.65675,0.657,1.20,2.60
2009.01.29 08:24:12.726,0.65685,0.6571,0.95,2.00
2009.01.29 08:24:13.136,0.657,0.6571,3.40,0.83
2009.01.29 08:24:13.495,0.65695,0.6571,0.64,1.40
2009.01.29 08:24:13.845,0.65705,0.6572,1.00,0.98
2009.01.29 08:24:14.665,0.65705,0.6572,0.65,1.30
2009.01.29 08:24:15.126,0.65705,0.6572,1.20,0.86
2009.01.29 08:24:15.356,0.65705,0.65725,1.40,1.70
2009.01.29 08:24:15.845,0.65705,0.65745,2.50,1.40
2009.01.29 08:24:16.365,0.65705,0.65745,2.00,3.70
2009.01.29 08:24:17.474,0.65705,0.65745,1.20,1.40
2009.01.29 08:24:18.074,0.65715,0.65745,1.10,1.40
2009.01.29 08:24:18.425,0.65725,0.65745,1.60,1.70
2009.01.29 08:24:19.734,0.65715,0.65745,1.00,1.40
2009.01.29 08:24:21.244,0.65725,0.65745,2.10,1.40
2009.01.29 08:24:21.704,0.65725,0.65745,1.90,1.70
2009.01.29 08:24:23.523,0.65725,0.65745,1.60,1.10
2009.01.29 08:24:24.133,0.65725,0.65765,2.50,1.70
2009.01.29 08:24:24.183,0.65715,0.65755,1.80,1.20
2009.01.29 08:24:24.583,0.65715,0.65755,0.99,1.10
2009.01.29 08:24:24.913,0.65725,0.65755,0.62,3.00
2009.01.29 08:24:25.542,0.6574,0.65755,1.10,1.30
2009.01.29 08:24:25.933,0.65745,0.6577,1.60,0.84
2009.01.29 08:24:27.582,0.65745,0.65765,0.87,1.50
2009.01.29 08:24:28.032,0.65745,0.6576,0.98,1.60
2009.01.29 08:24:28.812,0.65745,0.6576,1.10,1.50
2009.01.29 08:24:28.992,0.65745,0.6576,1.60,1.80
2009.01.29 08:24:29.972,0.6574,0.6576,4.10,2.80
2009.01.29 08:24:30.251,0.65735,0.6576,1.10,1.20
2009.01.29 08:24:30.511,0.6573,0.6575,1.90,0.92
2009.01.29 08:24:30.811,0.6573,0.6575,1.70,0.87
2009.01.29 08:24:31.112,0.6573,0.6575,1.70,0.73
2009.01.29 08:24:31.401,0.6573,0.6575,3.00,1.70
2009.01.29 08:24:32.161,0.65725,0.6574,0.71,1.10
2009.01.29 08:24:32.501,0.65725,0.65735,1.60,1.10
2009.01.29 08:24:34.220,0.65725,0.65735,1.30,0.92
2009.01.29 08:24:34.880,0.65725,0.65735,1.00,2.10
2009.01.29 08:24:35.590,0.6573,0.6576,1.30,1.60
2009.01.29 08:24:36.490,0.6574,0.65765,2.80,0.93
2009.01.29 08:24:36.850,0.6574,0.65765,4.60,0.94
2009.01.29 08:24:38.010,0.6574,0.65765,1.10,1.60
2009.01.29 08:24:39.110,0.6576,0.6577,0.90,0.78
2009.01.29 08:24:39.460,0.65765,0.65775,1.40,0.96
2009.01.29 08:24:40.489,0.65745,0.65785,1.90,0.84
2009.01.29 08:24:41.239,0.65745,0.65785,2.10,1.60
2009.01.29 08:24:42.558,0.65745,0.65785,1.30,1.30
2009.01.29 08:24:43.298,0.65758,0.65778,2.10,1.30
2009.01.29 08:24:44.508,0.65763,0.65778,0.49,1.90
2009.01.29 08:24:44.848,0.65758,0.65788,1.10,2.00
2009.01.29 08:24:49.227,0.65766,0.65786,1.10,2.20
2009.01.29 08:24:51.326,0.65774,0.65784,3.50,1.60
2009.01.29 08:24:53.506,0.65774,0.65789,0.73,1.80
2009.01.29 08:24:54.046,0.65779,0.65789,1.80,1.40
2009.01.29 08:24:57.815,0.65779,0.65794,0.98,1.80
2009.01.29 08:24:58.235,0.65795,0.6581,1.50,2.50
2009.01.29 08:24:59.495,0.658,0.6581,1.20,1.00
2009.01.29 08:25:03.283,0.6579,0.6581,1.50,2.10
2009.01.29 08:25:04.273,0.6578,0.6581,1.50,1.60
2009.01.29 08:25:04.803,0.65785,0.6582,1.40,1.10
2009.01.29 08:25:05.273,0.6578,0.6582,3.60,1.90
2009.01.29 08:25:05.553,0.65775,0.6582,1.70,1.90
2009.01.29 08:25:07.683,0.65785,0.6581,1.70,1.50
2009.01.29 08:25:10.842,0.6578,0.658,3.10,0.68
2009.01.29 08:25:12.961,0.65775,0.658,2.20,2.30
2009.01.29 08:25:13.411,0.65775,0.658,1.60,0.99
2009.01.29 08:25:15.830,0.6578,0.658,1.10,2.00
2009.01.29 08:25:19.310,0.65775,0.658,2.30,1.60
2009.01.29 08:25:19.719,0.65775,0.658,0.37,0.83
2009.01.29 08:25:19.949,0.65775,0.6579,0.92,1.50
2009.01.29 08:25:20.340,0.65765,0.65785,1.10,3.70
2009.01.29 08:25:20.629,0.6576,0.65785,0.90,0.98
2009.01.29 08:25:20.859,0.65755,0.6578,1.60,1.10
2009.01.29 08:25:21.139,0.65765,0.65785,1.00,0.84
2009.01.29 08:25:21.719,0.65775,0.6579,1.20,2.60
2009.01.29 08:25:22.129,0.65765,0.6579,0.94,2.30
2009.01.29 08:25:22.409,0.65765,0.6579,1.30,1.00
2009.01.29 08:25:24.528,0.6577,0.6579,2.40,2.60
2009.01.29 08:25:35.526,0.65765,0.6578,1.70,1.30
2009.01.29 08:25:35.696,0.65765,0.6578,0.40,1.90
2009.01.29 08:25:36.136,0.65755,0.6578,1.90,0.69
2009.01.29 08:25:37.075,0.65755,0.6578,2.30,1.30
2009.01.29 08:25:37.415,0.65755,0.6578,1.60,0.67
2009.01.29 08:25:37.635,0.65755,0.6578,1.50,1.30
2009.01.29 08:25:37.975,0.65755,0.6578,1.70,1.00
2009.01.29 08:25:39.045,0.65755,0.6578,1.70,1.20
2009.01.29 08:25:39.215,0.6576,0.65785,1.40,0.80
2009.01.29 08:25:39.395,0.6576,0.65785,2.30,2.00
2009.01.29 08:25:41.144,0.6576,0.65785,1.80,1.40
2009.01.29 08:25:41.544,0.6577,0.65785,0.84,0.91
2009.01.29 08:25:41.984,0.6576,0.65785,0.92,1.60
2009.01.29 08:25:42.364,0.65765,0.65785,1.30,2.10
2009.01.29 08:25:42.594,0.65765,0.6578,1.50,1.60
2009.01.29 08:25:42.834,0.65765,0.6578,0.91,1.70
2009.01.29 08:25:43.054,0.65765,0.658,1.30,1.20
2009.01.29 08:25:45.483,0.65765,0.658,2.60,0.88
2009.01.29 08:25:45.813,0.65765,0.658,2.00,0.97
2009.01.29 08:25:46.973,0.65765,0.6579,1.30,1.80
2009.01.29 08:25:48.193,0.65775,0.6579,1.30,1.40
2009.01.29 08:25:48.723,0.65775,0.6579,1.60,1.20
2009.01.29 08:25:48.962,0.65775,0.658,3.20,3.00
2009.01.29 08:25:49.832,0.6578,0.658,0.61,0.76
2009.01.29 08:25:50.172,0.6578,0.658,1.60,2.50
2009.01.29 08:25:50.342,0.6578,0.658,0.61,1.40
2009.01.29 08:25:50.642,0.65775,0.65785,1.50,2.40
2009.01.29 08:25:50.822,0.6576,0.65785,1.00,1.30
2009.01.29 08:25:54.551,0.6576,0.6578,2.00,1.30
2009.01.29 08:26:00.120,0.6576,0.65785,3.70,1.60
2009.01.29 08:26:00.580,0.6576,0.658,0.77,0.80
2009.01.29 08:26:00.859,0.6576,0.65795,1.20,2.60
2009.01.29 08:26:06.388,0.6576,0.658,0.85,1.30
2009.01.29 08:26:06.448,0.6576,0.658,0.89,1.70
2009.01.29 08:26:07.848,0.6576,0.65795,1.70,1.80
2009.01.29 08:26:15.306,0.6576,0.65795,3.50,1.40
2009.01.29 08:26:17.396,0.6576,0.6579,1.40,1.00
2009.01.29 08:26:19.355,0.6576,0.65785,2.70,1.40
2009.01.29 08:26:20.715,0.6576,0.6579,0.82,0.97
2009.01.29 08:26:33.322,0.6576,0.6579,2.20,1.10
2009.01.29 08:26:39.711,0.6576,0.65785,1.80,0.59
2009.01.29 08:26:40.620,0.6576,0.6579,3.00,3.10
2009.01.29 08:26:41.830,0.6576,0.65785,0.86,1.50
2009.01.29 08:26:42.999,0.6576,0.6579,0.99,1.70
2009.01.29 08:26:43.629,0.6576,0.65785,5.60,1.80
2009.01.29 08:26:44.409,0.6576,0.6578,2.00,1.50
2009.01.29 08:26:46.019,0.6576,0.65785,0.89,0.58
2009.01.29 08:26:46.479,0.6576,0.6578,1.30,3.20
2009.01.29 08:26:49.418,0.6576,0.65775,0.69,0.70
2009.01.29 08:26:49.708,0.65745,0.65765,2.10,1.80
2009.01.29 08:26:49.998,0.65745,0.65765,2.10,1.80
2009.01.29 08:26:56.396,0.65745,0.65765,1.10,1.30
2009.01.29 08:26:59.805,0.65745,0.6576,2.10,0.90
2009.01.29 08:27:00.205,0.6574,0.6576,3.10,1.80
2009.01.29 08:27:03.204,0.6574,0.6576,2.10,2.10
2009.01.29 08:27:06.983,0.6574,0.65765,1.90,0.92
2009.01.29 08:27:07.453,0.65745,0.65765,3.70,1.90
2009.01.29 08:27:07.813,0.65745,0.6576,0.78,2.10
2009.01.29 08:27:08.733,0.6574,0.6576,2.10,1.80
2009.01.29 08:27:29.059,0.6574,0.6576,0.60,1.20
2009.01.29 08:27:41.245,0.6574,0.6576,1.10,0.95
2009.01.29 08:27:41.755,0.65745,0.65765,1.10,1.50
2009.01.29 08:27:41.925,0.65745,0.65765,0.96,1.20
2009.01.29 08:27:51.113,0.65755,0.65775,2.50,1.40
2009.01.29 08:27:51.623,0.65755,0.65775,1.50,1.10
2009.01.29 08:27:52.143,0.65755,0.65775,1.70,1.50
2009.01.29 08:27:52.493,0.6576,0.6578,1.30,1.20
2009.01.29 08:27:54.572,0.6576,0.6578,0.77,1.10
2009.01.29 08:27:54.962,0.6576,0.65785,2.40,1.20
2009.01.29 08:27:55.192,0.65755,0.65785,2.00,1.10
2009.01.29 08:27:55.422,0.6575,0.65785,2.20,1.40
2009.01.29 08:27:55.532,0.6575,0.6578,1.10,2.90
2009.01.29 08:27:55.692,0.6575,0.6578,1.60,1.30
2009.01.29 08:27:56.102,0.6575,0.65775,1.30,4.00
2009.01.29 08:27:56.522,0.6575,0.6577,0.91,1.70
2009.01.29 08:27:56.971,0.6575,0.6577,0.73,2.00
2009.01.29 08:27:58.011,0.6575,0.65765,1.70,0.95
2009.01.29 08:27:58.421,0.6575,0.6577,0.85,1.40
2009.01.29 08:28:00.391,0.6574,0.6577,1.20,0.90
2009.01.29 08:28:00.950,0.6574,0.65765,2.50,0.75
2009.01.29 08:28:01.120,0.6574,0.65765,2.10,1.10
2009.01.29 08:28:01.240,0.6574,0.6576,2.60,1.50
2009.01.29 08:28:02.200,0.6574,0.6576,2.10,1.10
2009.01.29 08:28:02.650,0.65735,0.65755,1.40,1.40
2009.01.29 08:28:04.430,0.65745,0.65755,2.10,1.40
2009.01.29 08:28:04.550,0.65745,0.6576,2.00,1.20
2009.01.29 08:28:04.930,0.65745,0.65765,2.00,2.20
2009.01.29 08:28:05.040,0.6574,0.6576,3.10,2.60
2009.01.29 08:28:05.279,0.65735,0.6576,1.10,1.30
2009.01.29 08:28:05.629,0.6573,0.6576,1.40,0.74
2009.01.29 08:28:05.689,0.6573,0.6576,2.20,0.95
2009.01.29 08:28:06.219,0.6573,0.6575,0.91,0.77
2009.01.29 08:28:55.027,0.6573,0.6575,1.10,1.40
2009.01.29 08:28:55.268,0.6573,0.6576,1.70,1.20
2009.01.29 08:28:58.867,0.65735,0.65755,0.79,1.30
2009.01.29 08:28:59.046,0.65735,0.65755,1.30,0.99
2009.01.29 08:29:03.775,0.6573,0.6575,1.60,1.10
2009.01.29 08:29:04.945,0.6573,0.6575,3.00,1.10
2009.01.29 08:29:07.434,0.65735,0.6575,0.86,1.30
2009.01.29 08:29:07.945,0.65735,0.65755,1.50,2.40
2009.01.29 08:29:09.094,0.6574,0.6576,2.00,1.40
2009.01.29 08:29:09.394,0.6574,0.6576,3.00,1.30
2009.01.29 08:29:12.183,0.6574,0.6576,0.91,1.40
2009.01.29 08:29:12.624,0.65745,0.6577,1.40,2.80
2009.01.29 08:29:12.983,0.65745,0.6577,1.90,1.10
2009.01.29 08:29:14.213,0.65735,0.6576,0.98,1.50
2009.01.29 08:29:15.083,0.6575,0.6576,0.80,1.90
2009.01.29 08:29:15.372,0.6575,0.6576,1.10,0.87
2009.01.29 08:29:16.193,0.6575,0.6577,3.40,1.30
2009.01.29 08:29:17.662,0.65745,0.6577,1.40,2.00
2009.01.29 08:29:18.022,0.65745,0.6577,1.40,1.60
2009.01.29 08:29:18.902,0.65745,0.6577,1.30,1.20
2009.01.29 08:29:20.321,0.6574,0.6576,1.00,0.89
2009.01.29 08:29:21.481,0.65735,0.65765,1.30,1.70
2009.01.29 08:29:21.881,0.65735,0.6577,1.10,0.80
2009.01.29 08:29:23.391,0.65735,0.6577,1.70,1.50
2009.01.29 08:29:24.131,0.6575,0.6577,1.20,2.40
2009.01.29 08:29:26.820,0.6575,0.6577,1.30,0.71
2009.01.29 08:29:27.390,0.6575,0.6577,2.00,1.50
2009.01.29 08:29:32.728,0.6575,0.65765,4.20,1.50
2009.01.29 08:29:42.546,0.6575,0.6577,1.40,1.60
2009.01.29 08:29:43.206,0.6575,0.65765,1.10,1.40
2009.01.29 08:29:47.615,0.65745,0.65765,1.90,3.00
2009.01.29 08:29:48.005,0.6573,0.6576,0.84,1.70
2009.01.29 08:29:54.453,0.6573,0.65745,1.70,1.70
2009.01.29 08:29:54.973,0.65725,0.65745,1.60,1.10
2009.01.29 08:29:55.483,0.6573,0.6575,1.30,1.40
2009.01.29 08:29:55.893,0.6573,0.6575,4.30,1.00
2009.01.29 08:29:56.123,0.6573,0.6575,0.92,3.00
2009.01.29 08:29:56.343,0.6573,0.6576,1.90,1.30
2009.01.29 08:29:56.523,0.6573,0.6576,1.20,1.50
2009.01.29 08:30:05.241,0.6573,0.6576,3.30,1.40
2009.01.29 08:30:06.180,0.6573,0.6576,1.30,1.40
2009.01.29 08:30:11.719,0.6573,0.65755,1.40,0.64
2009.01.29 08:30:11.949,0.6573,0.6576,2.10,1.50
2009.01.29 08:30:12.669,0.6573,0.65745,0.76,1.80
2009.01.29 08:30:13.079,0.65725,0.65745,0.92,2.00
2009.01.29 08:30:13.379,0.6573,0.65745,1.50,2.30
2009.01.29 08:30:13.979,0.65725,0.65745,0.42,0.75
2009.01.29 08:30:15.138,0.6572,0.6574,1.20,1.30
2009.01.29 08:30:15.428,0.6572,0.6574,0.66,2.60
2009.01.29 08:30:21.896,0.65715,0.65735,1.10,1.30
2009.01.29 08:30:22.186,0.65715,0.65735,1.60,1.90
2009.01.29 08:30:22.508,0.6572,0.65735,2.90,0.94
2009.01.29 08:30:22.966,0.6572,0.65735,1.10,1.10
2009.01.29 08:30:23.196,0.65715,0.65735,1.90,1.10
2009.01.29 08:30:23.956,0.6572,0.65735,1.00,1.50
2009.01.29 08:30:24.306,0.65715,0.65735,1.00,1.80
2009.01.29 08:30:24.526,0.6572,0.65735,0.99,1.90
2009.01.29 08:30:26.236,0.6572,0.65735,1.10,1.90
2009.01.29 08:30:26.465,0.6572,0.65735,0.54,1.50
2009.01.29 08:30:29.045,0.6572,0.6574,0.85,1.50
2009.01.29 08:30:35.124,0.6572,0.65745,2.20,0.61
2009.01.29 08:30:35.414,0.6572,0.65755,1.20,1.10
2009.01.29 08:30:35.533,0.6572,0.6576,0.97,1.20
2009.01.29 08:30:37.672,0.6572,0.65745,0.83,2.00
2009.01.29 08:30:38.872,0.6573,0.65745,2.40,1.20
2009.01.29 08:30:45.411,0.6573,0.65745,1.20,2.80
2009.01.29 08:30:45.631,0.65725,0.65745,1.70,2.60
2009.01.29 08:30:45.741,0.6573,0.6575,1.40,0.84
2009.01.29 08:30:46.371,0.65725,0.65745,1.20,3.50
2009.01.29 08:30:46.890,0.65725,0.65745,0.64,1.90
2009.01.29 08:30:54.998,0.6572,0.6574,1.20,0.86
2009.01.29 08:30:55.049,0.6572,0.6574,3.20,0.68
2009.01.29 08:30:58.128,0.6572,0.65735,2.90,1.90
2009.01.29 08:30:59.038,0.6572,0.65735,1.60,1.30
2009.01.29 08:30:59.497,0.6572,0.65735,3.00,2.40
2009.01.29 08:31:00.537,0.6572,0.65735,1.80,2.20
2009.01.29 08:31:04.986,0.6572,0.6573,1.50,1.20
2009.01.29 08:31:06.696,0.6572,0.6573,1.20,2.30
2009.01.29 08:31:07.216,0.6572,0.6573,1.60,1.40
2009.01.29 08:31:09.485,0.6572,0.65735,2.00,2.10
2009.01.29 08:31:10.065,0.6572,0.65735,1.70,3.10
2009.01.29 08:31:11.575,0.65705,0.65715,1.80,1.70
2009.01.29 08:31:11.864,0.65705,0.65715,2.30,1.90
2009.01.29 08:31:12.504,0.657,0.65715,1.20,0.65
2009.01.29 08:31:13.044,0.65685,0.65715,1.00,1.50
2009.01.29 08:31:13.664,0.65685,0.6571,3.10,0.73
2009.01.29 08:31:13.934,0.6568,0.65705,1.20,2.50
2009.01.29 08:31:14.054,0.6568,0.65705,0.72,0.89
2009.01.29 08:31:14.354,0.6568,0.65715,2.00,2.00
2009.01.29 08:31:14.694,0.6569,0.65715,1.90,1.20
2009.01.29 08:31:14.864,0.6569,0.65715,1.50,1.60
2009.01.29 08:31:15.704,0.6569,0.6572,0.58,0.80
2009.01.29 08:31:16.094,0.6569,0.65715,1.80,3.00
2009.01.29 08:31:16.443,0.6569,0.65715,0.45,2.50
2009.01.29 08:31:17.333,0.6569,0.6572,1.70,2.70
2009.01.29 08:31:17.703,0.6569,0.6572,2.80,2.60
2009.01.29 08:31:17.933,0.6569,0.65725,0.69,1.70
2009.01.29 08:31:18.353,0.6569,0.65725,1.90,1.30
2009.01.29 08:31:18.653,0.657,0.65725,1.90,2.20
2009.01.29 08:31:21.502,0.657,0.6572,0.87,2.00
2009.01.29 08:31:21.562,0.65695,0.65705,2.30,1.40
2009.01.29 08:31:21.672,0.65695,0.65705,2.30,1.60
2009.01.29 08:31:21.942,0.65685,0.65705,1.60,1.00
2009.01.29 08:31:22.772,0.6568,0.657,0.90,1.20
2009.01.29 08:31:23.602,0.65675,0.65695,1.10,0.75
2009.01.29 08:31:24.051,0.6568,0.657,1.20,1.20
2009.01.29 08:31:24.273,0.6568,0.6571,0.83,1.40
2009.01.29 08:31:25.481,0.6568,0.65715,0.88,1.40
2009.01.29 08:31:26.291,0.6568,0.6571,1.20,1.90
2009.01.29 08:31:33.689,0.6568,0.657,1.20,1.10
2009.01.29 08:31:39.168,0.6568,0.6571,3.80,1.80
2009.01.29 08:31:39.458,0.6568,0.6571,1.60,2.30
2009.01.29 08:31:39.628,0.6568,0.6571,0.70,2.40
2009.01.29 08:31:39.978,0.65675,0.6571,1.80,1.10
2009.01.29 08:31:40.148,0.65695,0.65705,1.20,1.20
2009.01.29 08:31:40.438,0.65695,0.65705,1.50,1.90
2009.01.29 08:31:40.717,0.65695,0.65715,0.92,1.00
2009.01.29 08:31:41.887,0.6569,0.6571,1.40,1.50
2009.01.29 08:31:42.237,0.65668,0.65728,2.10,3.10
2009.01.29 08:31:42.697,0.65665,0.65726,1.60,0.78
2009.01.29 08:31:43.717,0.65655,0.65705,1.40,2.00
2009.01.29 08:31:46.956,0.6567,0.65705,2.30,1.20
2009.01.29 08:31:47.296,0.6567,0.65695,0.89,1.60
2009.01.29 08:31:47.896,0.6567,0.65705,1.90,0.84
2009.01.29 08:31:48.315,0.6567,0.65705,0.73,0.61
2009.01.29 08:31:50.095,0.6567,0.65705,0.87,3.30
2009.01.29 08:31:50.445,0.65675,0.65715,1.50,0.82
2009.01.29 08:31:50.805,0.65675,0.65715,1.40,1.30
2009.01.29 08:31:51.155,0.65675,0.65715,1.40,1.50
2009.01.29 08:31:51.275,0.65675,0.6572,1.90,1.70
2009.01.29 08:31:51.335,0.65675,0.6572,0.82,1.00
2009.01.29 08:31:51.675,0.6568,0.6572,1.40,0.55
2009.01.29 08:31:55.504,0.65685,0.6572,0.53,1.50
2009.01.29 08:31:55.974,0.6569,0.6572,1.30,2.40
2009.01.29 08:31:59.753,0.6569,0.6572,1.70,2.20
2009.01.29 08:32:16.699,0.65685,0.65705,2.00,2.50
2009.01.29 08:32:17.329,0.6569,0.6572,5.20,2.00
2009.01.29 08:32:18.638,0.6569,0.65725,2.20,1.60
2009.01.29 08:32:19.108,0.6569,0.6573,2.50,0.60
2009.01.29 08:32:19.168,0.6569,0.6573,2.40,2.90
2009.01.29 08:32:26.536,0.6569,0.6573,2.00,1.70
2009.01.29 08:32:26.826,0.6569,0.6573,2.10,1.50
2009.01.29 08:32:28.686,0.65695,0.6573,1.10,1.60
2009.01.29 08:32:28.866,0.657,0.6573,0.66,1.10
2009.01.29 08:32:28.986,0.657,0.6572,1.90,1.30
2009.01.29 08:32:29.546,0.6569,0.6572,0.78,0.39
2009.01.29 08:32:29.716,0.6569,0.65725,2.40,1.70
2009.01.29 08:32:30.006,0.6569,0.6572,2.10,1.90
2009.01.29 08:32:30.125,0.6569,0.6572,1.20,1.20
2009.01.29 08:32:30.456,0.6569,0.65725,1.50,1.00
2009.01.29 08:32:30.875,0.6569,0.65725,3.80,1.70
2009.01.29 08:32:31.045,0.6569,0.6573,4.40,1.10
2009.01.29 08:32:31.575,0.657,0.6573,1.30,1.70
2009.01.29 08:32:31.755,0.657,0.6572,1.40,1.30
2009.01.29 08:32:31.936,0.657,0.6572,2.10,1.10
2009.01.29 08:32:33.155,0.657,0.6572,2.10,2.20
2009.01.29 08:32:33.375,0.657,0.6572,0.83,3.20
2009.01.29 08:32:43.192,0.6568,0.65725,1.30,1.60
2009.01.29 08:32:49.311,0.6568,0.65715,1.00,2.30
2009.01.29 08:32:51.040,0.6568,0.65715,2.60,1.20
2009.01.29 08:32:51.101,0.6568,0.65725,0.81,2.50
2009.01.29 08:32:51.400,0.6568,0.65725,1.60,1.70
2009.01.29 08:32:54.160,0.6569,0.6572,1.50,1.10
2009.01.29 08:32:54.390,0.6569,0.6572,1.00,1.50
2009.01.29 08:32:54.779,0.6569,0.6571,1.50,1.60
2009.01.29 08:32:55.310,0.6569,0.6571,1.10,1.20
2009.01.29 08:32:55.479,0.6569,0.6571,0.86,1.60
2009.01.29 08:32:55.659,0.6569,0.6572,1.70,1.20
2009.01.29 08:32:55.899,0.6569,0.65715,1.60,2.10
2009.01.29 08:32:56.129,0.6568,0.6571,1.90,0.84
2009.01.29 08:32:56.419,0.6568,0.6571,2.70,1.30
2009.01.29 08:33:03.047,0.6568,0.6569,1.70,1.00
2009.01.29 08:33:11.265,0.6567,0.6569,1.00,1.90
2009.01.29 08:33:12.345,0.6567,0.6569,2.50,1.10
2009.01.29 08:33:14.385,0.6567,0.6569,1.30,1.40
2009.01.29 08:33:14.845,0.65673,0.65682,1.00,1.60
2009.01.29 08:33:15.195,0.65663,0.65687,0.59,1.20
2009.01.29 08:33:15.355,0.6566,0.65685,1.60,1.70
2009.01.29 08:33:15.744,0.65658,0.65682,1.30,2.10
2009.01.29 08:33:15.914,0.65655,0.6568,1.70,0.99
2009.01.29 08:33:16.775,0.6564,0.6566,1.40,2.10
2009.01.29 08:33:17.294,0.6564,0.65665,0.87,1.00
2009.01.29 08:33:18.474,0.65645,0.6567,2.10,1.20
2009.01.29 08:33:19.124,0.65645,0.6567,0.44,1.40
2009.01.29 08:33:21.053,0.65645,0.6567,2.70,0.49
2009.01.29 08:33:21.403,0.6565,0.65675,1.70,4.20
2009.01.29 08:33:22.143,0.6565,0.65675,1.80,2.10
2009.01.29 08:33:24.043,0.6565,0.65675,1.70,3.00
2009.01.29 08:33:25.422,0.65655,0.65675,2.80,0.94
2009.01.29 08:33:25.832,0.65655,0.65675,1.70,1.30
2009.01.29 08:33:26.722,0.65655,0.65675,2.10,0.70
2009.01.29 08:33:28.301,0.65655,0.65675,0.72,2.00
2009.01.29 08:33:28.581,0.65645,0.65675,2.10,3.50
2009.01.29 08:33:29.911,0.65645,0.6567,1.30,0.88
2009.01.29 08:33:32.131,0.6565,0.65675,3.70,1.00
2009.01.29 08:33:32.420,0.65655,0.65675,1.50,1.70
2009.01.29 08:33:33.120,0.65645,0.6567,2.40,4.70
2009.01.29 08:33:33.700,0.65645,0.65665,1.30,1.30
2009.01.29 08:33:33.810,0.6564,0.6566,2.10,5.10
2009.01.29 08:33:34.100,0.6564,0.6566,1.40,2.00
2009.01.29 08:33:34.430,0.65645,0.65665,0.87,1.00
2009.01.29 08:33:35.050,0.65645,0.65675,0.64,0.52
2009.01.29 08:33:35.580,0.65645,0.65675,1.10,2.00
2009.01.29 08:33:36.029,0.65645,0.65685,1.40,2.20
2009.01.29 08:33:36.560,0.65645,0.65685,2.00,2.30
2009.01.29 08:33:37.029,0.65645,0.65675,1.60,1.90
2009.01.29 08:33:37.259,0.65645,0.65675,2.80,0.95
2009.01.29 08:33:47.947,0.65645,0.65665,2.40,2.10
2009.01.29 08:33:48.336,0.6564,0.65665,0.45,1.20
2009.01.29 08:33:50.516,0.65645,0.65665,0.67,1.30
2009.01.29 08:33:50.746,0.65645,0.6567,2.90,1.10
2009.01.29 08:33:52.186,0.65635,0.6567,1.50,1.70
2009.01.29 08:33:52.526,0.65635,0.6567,0.85,1.00
2009.01.29 08:33:52.995,0.65635,0.6565,2.20,1.30
2009.01.29 08:33:53.395,0.65635,0.6566,1.80,2.00
2009.01.29 08:33:53.975,0.65635,0.6566,1.70,0.95
2009.01.29 08:33:54.495,0.65635,0.65675,0.76,1.50
2009.01.29 08:33:54.905,0.65635,0.65675,1.50,0.79
2009.01.29 08:33:55.475,0.65635,0.65655,2.20,1.10
2009.01.29 08:33:55.995,0.65645,0.65665,1.50,1.20
2009.01.29 08:33:56.675,0.65645,0.65665,1.90,1.70
2009.01.29 08:33:56.794,0.65645,0.65665,1.10,1.40
2009.01.29 08:33:57.404,0.6564,0.65655,1.40,1.80
2009.01.29 08:33:57.844,0.65635,0.65655,1.40,2.40
2009.01.29 08:33:58.404,0.65635,0.65655,1.10,1.40
2009.01.29 08:34:00.024,0.65635,0.65655,2.40,1.50
2009.01.29 08:34:00.604,0.65635,0.6566,0.96,1.10
2009.01.29 08:34:01.134,0.65635,0.65665,0.57,1.60
2009.01.29 08:34:02.153,0.65635,0.6567,1.20,1.70
2009.01.29 08:34:05.212,0.65635,0.65665,0.43,1.40
2009.01.29 08:34:06.692,0.65635,0.6567,1.40,1.50
2009.01.29 08:34:09.011,0.6563,0.6567,2.00,2.10
2009.01.29 08:34:09.881,0.6563,0.6565,2.50,1.20
2009.01.29 08:34:10.211,0.65625,0.65645,1.40,0.91
2009.01.29 08:34:10.501,0.65615,0.65645,2.10,0.87
2009.01.29 08:34:14.180,0.6562,0.6564,2.50,1.30
2009.01.29 08:34:14.470,0.65625,0.6564,0.72,2.30
2009.01.29 08:34:14.880,0.65625,0.6564,0.85,1.30
2009.01.29 08:34:16.320,0.6562,0.6564,1.60,1.80
2009.01.29 08:34:16.820,0.6562,0.6564,1.90,0.91
2009.01.29 08:34:17.000,0.65625,0.6564,1.20,1.40
2009.01.29 08:34:18.720,0.65625,0.6564,1.20,5.10
2009.01.29 08:34:18.989,0.65625,0.6564,1.50,1.10
2009.01.29 08:34:19.459,0.65635,0.65655,1.80,1.70
2009.01.29 08:34:19.989,0.6564,0.6566,1.40,1.40
2009.01.29 08:34:20.279,0.65635,0.65665,0.50,1.40
2009.01.29 08:34:20.909,0.6563,0.65665,1.10,3.00
2009.01.29 08:34:21.509,0.6563,0.65675,0.63,1.00
2009.01.29 08:34:22.148,0.6563,0.65675,0.99,1.30
2009.01.29 08:34:22.318,0.6563,0.65675,0.71,2.20
2009.01.29 08:34:22.778,0.6563,0.65675,3.30,0.64
2009.01.29 08:34:23.238,0.6563,0.65675,1.20,1.20
2009.01.29 08:34:24.078,0.6563,0.65655,1.60,1.60
2009.01.29 08:34:31.816,0.6564,0.65665,0.86,0.99
2009.01.29 08:34:32.336,0.6564,0.6567,1.60,0.56
2009.01.29 08:34:34.156,0.6564,0.6567,1.50,2.00
2009.01.29 08:34:37.145,0.65635,0.65655,2.00,1.40
2009.01.29 08:34:37.445,0.65625,0.65655,0.91,1.60
2009.01.29 08:34:40.764,0.6562,0.6564,1.70,3.20
2009.01.29 08:34:42.874,0.6562,0.65645,0.63,1.20
2009.01.29 08:34:43.283,0.6562,0.65645,2.70,1.40
2009.01.29 08:34:43.683,0.6562,0.6566,1.60,1.80
2009.01.29 08:34:44.143,0.65625,0.65665,1.40,1.90
2009.01.29 08:34:46.833,0.65625,0.65665,1.40,0.78
2009.01.29 08:34:47.282,0.65625,0.65665,0.76,1.10
2009.01.29 08:34:52.341,0.65625,0.6565,1.20,0.99
2009.01.29 08:34:52.861,0.6562,0.6565,1.50,0.95
2009.01.29 08:35:05.799,0.65625,0.65645,1.10,1.50
2009.01.29 08:35:06.528,0.6562,0.6564,2.00,1.60
2009.01.29 08:35:07.138,0.6562,0.65655,1.10,3.70
2009.01.29 08:35:07.488,0.6562,0.65655,2.10,3.00
2009.01.29 08:35:07.887,0.6562,0.65655,1.50,2.30
2009.01.29 08:35:12.896,0.6562,0.65655,0.82,2.60
2009.01.29 08:35:14.976,0.6562,0.65655,2.00,0.79
2009.01.29 08:35:15.145,0.6562,0.6566,0.47,2.80
2009.01.29 08:35:15.616,0.65625,0.65665,0.94,1.10
2009.01.29 08:35:16.545,0.65625,0.65665,0.81,1.60
2009.01.29 08:35:17.745,0.65625,0.65665,3.20,2.90
2009.01.29 08:35:19.445,0.65625,0.65665,1.20,1.20
2009.01.29 08:35:20.094,0.6562,0.65645,1.00,0.68
2009.01.29 08:35:20.624,0.65615,0.65645,1.90,1.60
2009.01.29 08:35:21.434,0.6561,0.65645,3.50,0.79
2009.01.29 08:35:22.105,0.6561,0.65645,1.40,1.00
2009.01.29 08:35:22.434,0.6561,0.6565,1.60,3.10
2009.01.29 08:35:25.273,0.6561,0.6565,2.50,1.10
2009.01.29 08:35:25.453,0.6561,0.6565,1.40,3.00
2009.01.29 08:35:30.342,0.6562,0.6565,1.60,3.50
2009.01.29 08:35:30.982,0.6562,0.6565,1.50,0.89
2009.01.29 08:35:42.609,0.6563,0.6565,1.50,2.10
2009.01.29 08:35:43.529,0.6563,0.6564,0.96,1.50
2009.01.29 08:35:44.168,0.6563,0.6565,1.10,2.70
2009.01.29 08:35:47.458,0.65635,0.65655,1.40,2.60
2009.01.29 08:35:48.148,0.65635,0.65655,1.10,1.20
2009.01.29 08:35:48.438,0.65635,0.65655,1.60,1.80
2009.01.29 08:35:49.017,0.65635,0.65655,0.68,1.10
2009.01.29 08:35:49.337,0.65635,0.65655,1.50,1.70
2009.01.29 08:35:50.617,0.6563,0.6565,1.90,0.93
2009.01.29 08:35:50.997,0.6563,0.6565,1.60,1.80
2009.01.29 08:35:54.146,0.6563,0.65655,0.78,0.78
2009.01.29 08:35:56.955,0.6563,0.6566,2.20,1.20
2009.01.29 08:36:01.874,0.6563,0.6566,4.40,1.80
2009.01.29 08:36:03.154,0.6563,0.6566,2.10,1.30
2009.01.29 08:36:04.335,0.6563,0.65665,2.40,2.30
2009.01.29 08:36:04.834,0.6563,0.65665,1.70,1.10
2009.01.29 08:36:05.073,0.6563,0.65665,1.60,0.78
2009.01.29 08:36:05.863,0.6563,0.6566,1.10,1.40
2009.01.29 08:36:09.892,0.6564,0.6566,1.30,0.87
2009.01.29 08:36:10.582,0.6564,0.6566,0.76,2.10
2009.01.29 08:36:12.992,0.65645,0.65665,1.30,2.00
2009.01.29 08:36:13.392,0.6565,0.65665,3.10,2.20
2009.01.29 08:36:14.141,0.6565,0.65665,2.40,1.50
2009.01.29 08:36:15.041,0.65655,0.65665,1.60,1.50
2009.01.29 08:36:15.341,0.65655,0.65675,3.00,1.40
2009.01.29 08:36:15.741,0.6566,0.65675,1.80,1.40
2009.01.29 08:36:17.680,0.65655,0.65675,2.00,1.00
2009.01.29 08:36:18.080,0.65655,0.65675,1.40,1.10
2009.01.29 08:36:18.600,0.65655,0.6567,2.60,1.60
2009.01.29 08:36:18.830,0.6565,0.6567,0.88,1.20
2009.01.29 08:36:19.390,0.6565,0.6567,1.40,0.65
2009.01.29 08:36:21.430,0.6564,0.6567,0.91,1.30
2009.01.29 08:36:21.779,0.6564,0.6567,0.68,1.20
2009.01.29 08:36:21.890,0.6564,0.6567,0.81,3.30
2009.01.29 08:36:27.318,0.6564,0.65665,0.70,1.40
2009.01.29 08:36:33.847,0.65645,0.65665,3.00,1.00
2009.01.29 08:36:36.236,0.65645,0.65665,2.20,1.00
2009.01.29 08:36:36.996,0.65645,0.65665,1.20,1.10
2009.01.29 08:36:39.865,0.65645,0.65665,2.30,1.00
2009.01.29 08:36:43.814,0.65645,0.65665,0.85,4.50
2009.01.29 08:36:47.623,0.65645,0.65665,1.70,2.50
2009.01.29 08:36:51.422,0.65645,0.65665,2.00,0.97
2009.01.29 08:36:56.011,0.65645,0.65665,1.10,1.90
2009.01.29 08:36:56.361,0.65645,0.65665,1.90,1.90
2009.01.29 08:36:57.441,0.65645,0.65665,0.82,1.90
2009.01.29 08:36:59.890,0.65645,0.65665,1.10,3.60
2009.01.29 08:37:00.760,0.65645,0.65665,0.77,1.60
2009.01.29 08:37:04.519,0.6565,0.65665,1.50,1.60
2009.01.29 08:37:04.809,0.6565,0.65665,0.72,1.40
2009.01.29 08:37:06.978,0.6565,0.65665,1.30,0.59
2009.01.29 08:37:09.268,0.65645,0.65665,1.30,0.69
2009.01.29 08:37:13.217,0.65645,0.65665,1.60,1.70
2009.01.29 08:37:13.687,0.6565,0.65675,1.60,1.40
2009.01.29 08:37:15.626,0.65645,0.6567,2.60,2.40
2009.01.29 08:37:15.796,0.65645,0.6567,1.20,2.10
2009.01.29 08:37:16.887,0.65645,0.6567,1.00,1.00
2009.01.29 08:37:17.746,0.65645,0.6567,2.10,1.10
2009.01.29 08:37:20.695,0.65645,0.6567,1.20,1.70
2009.01.29 08:37:23.745,0.65645,0.6567,1.30,1.00
2009.01.29 08:37:25.004,0.65645,0.6567,1.90,1.10
2009.01.29 08:37:26.444,0.65645,0.6566,1.60,1.50
2009.01.29 08:37:26.674,0.65645,0.6566,1.70,2.00
2009.01.29 08:37:26.784,0.65645,0.65655,0.63,1.00
2009.01.29 08:37:27.424,0.65645,0.6566,0.94,1.10
2009.01.29 08:37:32.502,0.65645,0.65655,1.50,1.50
2009.01.29 08:37:34.362,0.65645,0.6567,1.00,1.60
2009.01.29 08:37:35.531,0.65645,0.6567,0.95,1.50
2009.01.29 08:37:39.201,0.65645,0.6567,1.30,1.20
2009.01.29 08:37:39.961,0.65645,0.6567,1.00,1.00
2009.01.29 08:37:41.671,0.65645,0.6567,1.60,1.80
2009.01.29 08:37:44.479,0.65645,0.65665,1.60,1.30
2009.01.29 08:37:44.819,0.65645,0.65665,0.45,1.80
2009.01.29 08:37:45.519,0.65645,0.65665,1.80,1.90
2009.01.29 08:37:45.859,0.6565,0.65665,2.90,0.83
2009.01.29 08:37:54.487,0.6565,0.6567,1.10,1.20
2009.01.29 08:38:01.505,0.65655,0.65665,2.00,2.30
2009.01.29 08:38:06.214,0.65655,0.6568,1.00,0.94
2009.01.29 08:38:06.674,0.6565,0.6567,1.80,2.50
2009.01.29 08:38:10.753,0.65655,0.6568,3.40,2.00
2009.01.29 08:38:11.033,0.65665,0.65675,1.00,0.90
2009.01.29 08:38:11.153,0.65665,0.65675,3.10,1.20
2009.01.29 08:38:11.433,0.6566,0.65675,0.41,1.10
2009.01.29 08:38:11.613,0.65655,0.65675,1.00,0.68
2009.01.29 08:38:12.353,0.65655,0.65675,0.79,1.10
2009.01.29 08:38:12.933,0.65655,0.65675,1.20,1.40
2009.01.29 08:38:13.102,0.65655,0.65675,1.20,1.50
2009.01.29 08:38:14.202,0.6565,0.6567,1.20,2.60
2009.01.29 08:38:14.382,0.65655,0.6567,2.80,1.40
2009.01.29 08:38:14.602,0.65655,0.6568,1.10,2.00
2009.01.29 08:38:16.332,0.65655,0.65675,1.20,2.20
2009.01.29 08:38:19.352,0.65655,0.65675,1.00,1.20
2009.01.29 08:38:19.741,0.65655,0.65675,1.90,1.80
2009.01.29 08:38:30.179,0.65675,0.65685,2.40,1.70
2009.01.29 08:38:31.028,0.65675,0.65685,2.70,1.30
2009.01.29 08:38:31.788,0.65655,0.657,1.80,1.60
2009.01.29 08:38:32.688,0.65655,0.65695,1.70,1.60
2009.01.29 08:38:35.817,0.65655,0.6569,0.70,1.60
2009.01.29 08:38:35.987,0.65655,0.6569,1.80,0.98
2009.01.29 08:38:40.846,0.65665,0.6569,2.70,1.60
2009.01.29 08:38:41.186,0.6567,0.6569,5.50,3.10
2009.01.29 08:38:46.864,0.65675,0.657,1.60,1.20
2009.01.29 08:38:47.274,0.65675,0.65695,2.50,1.50
2009.01.29 08:38:47.634,0.6567,0.65695,1.60,1.20
2009.01.29 08:38:48.034,0.6567,0.6569,4.00,1.30
2009.01.29 08:38:48.544,0.65655,0.6569,1.60,0.55
2009.01.29 08:38:50.424,0.65655,0.65685,1.00,1.70
2009.01.29 08:38:53.963,0.65655,0.65685,1.30,1.10
2009.01.29 08:39:00.101,0.65655,0.65685,0.52,1.90
2009.01.29 08:39:00.671,0.65655,0.6568,2.00,1.90
2009.01.29 08:39:00.951,0.65655,0.6568,0.60,3.30
2009.01.29 08:39:01.651,0.65655,0.6568,3.60,1.20
2009.01.29 08:39:01.831,0.65655,0.6568,1.10,1.80
2009.01.29 08:39:08.569,0.6566,0.6568,1.70,1.40
2009.01.29 08:39:11.059,0.6566,0.6567,1.50,1.50
2009.01.29 08:39:11.468,0.65655,0.6567,0.78,1.30
2009.01.29 08:39:11.939,0.65655,0.6567,0.78,1.20
2009.01.29 08:39:12.408,0.6565,0.6567,1.40,1.70
2009.01.29 08:39:12.698,0.6565,0.6568,2.20,1.50
2009.01.29 08:39:13.098,0.65655,0.6567,2.20,1.90
2009.01.29 08:39:15.678,0.65655,0.6568,1.70,2.00
2009.01.29 08:39:16.307,0.65655,0.6567,1.70,0.86
2009.01.29 08:39:17.157,0.6566,0.6567,0.92,1.60
2009.01.29 08:39:17.377,0.6566,0.65685,1.70,1.30
2009.01.29 08:39:17.677,0.6566,0.65685,1.50,1.00
2009.01.29 08:39:17.907,0.6566,0.65675,1.60,3.10
2009.01.29 08:39:18.307,0.6566,0.65675,0.54,0.87
2009.01.29 08:39:19.786,0.6566,0.65675,0.87,2.60
2009.01.29 08:39:19.906,0.6566,0.65675,0.88,1.50
2009.01.29 08:39:20.206,0.6565,0.65675,1.50,1.80
2009.01.29 08:39:20.326,0.65655,0.6567,1.10,2.00
2009.01.29 08:39:30.104,0.65655,0.6568,1.80,0.94
2009.01.29 08:39:30.454,0.6566,0.65675,0.95,1.30
2009.01.29 08:39:30.804,0.6567,0.65685,1.90,1.40
2009.01.29 08:39:31.144,0.65655,0.6568,1.20,3.00
2009.01.29 08:39:31.664,0.65655,0.6568,1.40,0.77
2009.01.29 08:39:32.264,0.65655,0.6568,2.30,2.00
2009.01.29 08:39:32.664,0.65655,0.65675,2.80,1.00
2009.01.29 08:39:33.063,0.6565,0.65675,1.70,2.30
2009.01.29 08:39:50.339,0.65655,0.65675,1.40,0.40
2009.01.29 08:39:50.729,0.65655,0.65675,1.50,2.20
2009.01.29 08:39:52.938,0.65655,0.65675,2.80,2.00
2009.01.29 08:39:53.198,0.6566,0.6567,1.50,1.20
2009.01.29 08:39:53.318,0.6566,0.65685,1.10,2.40
2009.01.29 08:39:53.598,0.6566,0.65685,0.88,2.40
2009.01.29 08:39:53.718,0.6566,0.65685,2.40,3.10
2009.01.29 08:39:54.218,0.6566,0.65685,1.60,1.20
2009.01.29 08:39:55.238,0.65665,0.65685,1.70,1.30
2009.01.29 08:39:55.628,0.65655,0.65675,1.40,2.10
2009.01.29 08:39:55.748,0.6565,0.65675,0.84,1.50
2009.01.29 08:39:56.038,0.6565,0.65675,1.70,1.30
2009.01.29 08:39:56.098,0.6565,0.65675,1.10,0.95
2009.01.29 08:40:12.054,0.6565,0.65675,1.10,0.68
2009.01.29 08:40:13.363,0.6565,0.65675,3.00,0.83
2009.01.29 08:40:14.463,0.6565,0.65675,0.97,1.60
2009.01.29 08:40:18.272,0.6565,0.65675,1.30,0.80
2009.01.29 08:40:20.032,0.6565,0.65675,1.90,2.00
2009.01.29 08:40:20.442,0.65655,0.65675,1.00,1.40
2009.01.29 08:40:20.722,0.65655,0.65675,2.20,2.20
2009.01.29 08:40:20.832,0.65655,0.65675,2.90,2.00
2009.01.29 08:40:21.122,0.6566,0.65675,1.30,1.30
2009.01.29 08:40:21.762,0.65655,0.65675,1.20,4.10
2009.01.29 08:40:29.989,0.65655,0.65685,2.50,0.97
2009.01.29 08:40:36.678,0.65655,0.65675,1.30,1.70
2009.01.29 08:40:38.837,0.6567,0.6569,2.00,3.00
2009.01.29 08:40:39.127,0.6567,0.65685,3.00,1.40
2009.01.29 08:40:39.467,0.65665,0.65685,2.00,2.00
2009.01.29 08:40:39.847,0.65655,0.65685,1.10,1.90
2009.01.29 08:40:40.997,0.65655,0.65695,1.50,1.20
2009.01.29 08:40:41.237,0.6567,0.65705,1.50,3.20
2009.01.29 08:40:41.816,0.65675,0.657,0.90,3.00
2009.01.29 08:40:42.866,0.65685,0.657,1.20,2.00
2009.01.29 08:40:44.136,0.65685,0.657,0.96,1.60
2009.01.29 08:40:44.426,0.65695,0.6572,0.76,0.80
2009.01.29 08:40:44.826,0.65695,0.6573,1.90,1.60
2009.01.29 08:40:45.186,0.65695,0.65725,1.70,0.77
2009.01.29 08:40:47.595,0.65705,0.65725,3.00,1.00
2009.01.29 08:40:48.165,0.65705,0.65725,3.90,1.30
2009.01.29 08:40:55.643,0.65705,0.65725,0.45,3.20
2009.01.29 08:41:05.071,0.65705,0.65735,0.67,1.80
2009.01.29 08:41:12.330,0.65705,0.65725,3.00,2.30
2009.01.29 08:41:15.228,0.65715,0.65735,2.30,3.20
2009.01.29 08:41:15.389,0.65715,0.6573,2.10,1.50
2009.01.29 08:41:15.739,0.65705,0.6573,0.84,0.99
2009.01.29 08:41:15.978,0.6571,0.6573,0.68,1.50
2009.01.29 08:41:18.918,0.65715,0.6573,1.20,0.90
2009.01.29 08:41:19.427,0.6571,0.6573,2.20,3.10
2009.01.29 08:41:22.797,0.6571,0.65725,1.20,1.70
2009.01.29 08:41:31.135,0.65705,0.65725,1.60,2.70
2009.01.29 08:41:31.664,0.6571,0.65725,4.10,1.50
2009.01.29 08:41:42.822,0.6571,0.65725,1.50,1.90
2009.01.29 08:41:52.819,0.6571,0.65735,2.10,1.10
2009.01.29 08:41:58.218,0.6571,0.65725,0.69,1.50
2009.01.29 08:42:04.187,0.6571,0.65725,2.60,0.95
2009.01.29 08:42:08.126,0.6571,0.65725,2.40,2.60
2009.01.29 08:42:16.674,0.6571,0.65725,1.50,1.10
2009.01.29 08:42:26.671,0.6571,0.65725,1.50,1.20
2009.01.29 08:42:33.360,0.65715,0.65725,3.30,2.00
2009.01.29 08:42:33.730,0.65715,0.6574,3.90,0.80
2009.01.29 08:42:37.238,0.65715,0.65735,2.00,2.60
2009.01.29 08:42:37.499,0.6572,0.65745,1.50,1.20
2009.01.29 08:42:37.778,0.65725,0.65745,1.00,1.60
2009.01.29 08:42:37.959,0.65725,0.65745,0.84,2.70
2009.01.29 08:42:38.878,0.65725,0.6574,1.40,0.89
2009.01.29 08:42:39.398,0.65715,0.6574,0.67,2.30
2009.01.29 08:42:39.628,0.65725,0.6575,1.20,1.40
2009.01.29 08:42:39.688,0.65725,0.6575,3.60,1.40
2009.01.29 08:42:40.068,0.65725,0.6575,0.96,0.97
2009.01.29 08:42:40.238,0.65735,0.6576,2.30,1.30
2009.01.29 08:42:40.588,0.65735,0.6577,1.10,1.80
2009.01.29 08:42:40.708,0.65735,0.65765,1.50,1.10
2009.01.29 08:42:43.057,0.65735,0.65765,1.30,1.20
2009.01.29 08:42:43.857,0.65745,0.65765,1.30,1.10
2009.01.29 08:42:44.547,0.65745,0.65775,1.30,3.10
2009.01.29 08:42:45.567,0.65745,0.6577,1.50,0.61
2009.01.29 08:42:46.016,0.65735,0.6577,1.00,1.90
2009.01.29 08:42:46.307,0.65735,0.65765,1.80,1.80
2009.01.29 08:42:46.776,0.65755,0.6578,0.89,0.74
2009.01.29 08:42:47.126,0.65765,0.65775,1.40,1.60
2009.01.29 08:42:47.617,0.6576,0.6579,3.00,2.00
2009.01.29 08:42:48.016,0.6576,0.65785,0.94,2.20
2009.01.29 08:42:48.496,0.6576,0.65785,1.90,1.70
2009.01.29 08:42:51.905,0.6577,0.65785,0.51,1.60
2009.01.29 08:42:52.525,0.65775,0.658,1.30,0.95
2009.01.29 08:42:53.175,0.6576,0.65795,0.67,0.88
2009.01.29 08:42:54.944,0.6576,0.65795,1.60,1.40
2009.01.29 08:43:03.312,0.6577,0.65795,0.77,2.70
2009.01.29 08:43:03.542,0.6577,0.65795,1.90,2.20
2009.01.29 08:43:05.052,0.6577,0.65805,1.80,1.80
2009.01.29 08:43:06.412,0.6577,0.658,2.00,1.60
2009.01.29 08:43:07.871,0.6577,0.65785,2.10,1.50
2009.01.29 08:43:10.301,0.6577,0.658,1.50,1.70
2009.01.29 08:43:10.841,0.6577,0.65795,0.92,1.10
2009.01.29 08:43:11.590,0.6577,0.65795,2.20,2.60
2009.01.29 08:43:12.670,0.6577,0.6579,0.74,1.50
2009.01.29 08:43:13.240,0.6577,0.6579,1.70,1.10
2009.01.29 08:43:13.560,0.6577,0.658,1.20,0.72
2009.01.29 08:43:14.080,0.6577,0.65795,1.10,1.10
2009.01.29 08:43:16.869,0.6578,0.65795,1.80,2.10
2009.01.29 08:43:17.279,0.6578,0.65795,0.95,1.50
2009.01.29 08:43:17.729,0.6578,0.6579,1.60,0.67
2009.01.29 08:43:18.029,0.65775,0.65785,0.81,2.40
2009.01.29 08:43:18.639,0.65765,0.65785,1.80,1.60
2009.01.29 08:43:22.647,0.6576,0.65775,1.20,1.80
2009.01.29 08:43:23.038,0.65755,0.65775,1.20,0.91
2009.01.29 08:43:25.577,0.65755,0.65775,0.88,3.20
2009.01.29 08:43:26.337,0.6576,0.65775,0.92,2.00
2009.01.29 08:43:33.185,0.6576,0.65785,1.80,1.40
2009.01.29 08:43:34.735,0.65755,0.65775,1.90,0.90
2009.01.29 08:43:47.102,0.6574,0.6577,1.30,2.70
2009.01.29 08:43:47.381,0.6575,0.6577,1.90,0.70
2009.01.29 08:43:47.732,0.6575,0.6577,2.90,0.94
2009.01.29 08:43:48.722,0.6575,0.6577,1.50,3.60
2009.01.29 08:43:50.321,0.65745,0.6577,1.40,1.00
2009.01.29 08:43:50.941,0.6574,0.6577,1.10,1.60
2009.01.29 08:43:51.332,0.6574,0.6577,2.70,1.20
2009.01.29 08:43:51.501,0.6575,0.65775,1.70,0.90
2009.01.29 08:43:51.621,0.6575,0.65765,1.10,1.30
2009.01.29 08:43:51.981,0.65735,0.65765,2.90,1.50
2009.01.29 08:43:52.271,0.6573,0.65765,1.20,1.30
2009.01.29 08:43:52.960,0.6573,0.6575,0.50,1.50
2009.01.29 08:43:53.310,0.6572,0.6575,1.20,2.00
2009.01.29 08:43:54.930,0.6572,0.65735,0.91,1.20
2009.01.29 08:43:56.060,0.6572,0.65745,1.10,1.30
2009.01.29 08:43:56.340,0.6572,0.65745,2.60,2.20
2009.01.29 08:43:56.969,0.6572,0.65755,2.30,0.89
2009.01.29 08:43:57.369,0.6572,0.65755,1.40,0.83
2009.01.29 08:43:57.769,0.6572,0.65745,0.87,1.60
2009.01.29 08:43:58.299,0.6572,0.6574,1.90,2.10
2009.01.29 08:44:05.777,0.6572,0.6574,1.10,1.40
2009.01.29 08:44:06.127,0.6572,0.65755,0.69,1.70
2009.01.29 08:44:47.747,0.6572,0.65745,1.90,1.40
2009.01.29 08:44:48.597,0.6572,0.65745,1.00,2.70
2009.01.29 08:44:51.426,0.6572,0.65755,1.90,0.94
2009.01.29 08:45:02.273,0.6572,0.65745,0.86,1.30
2009.01.29 08:45:03.913,0.6572,0.65745,1.10,2.40
2009.01.29 08:45:04.503,0.6572,0.65745,0.69,1.70
2009.01.29 08:45:04.783,0.6572,0.6574,1.30,1.90
2009.01.29 08:45:05.763,0.6572,0.65735,1.60,0.74
2009.01.29 08:45:06.523,0.6572,0.65735,1.40,1.10
2009.01.29 08:45:08.732,0.6572,0.65735,1.30,1.30
2009.01.29 08:45:09.142,0.6571,0.6573,1.10,1.60
2009.01.29 08:45:17.390,0.6571,0.65745,0.93,1.90
2009.01.29 08:45:17.500,0.6571,0.6574,1.20,2.20
2009.01.29 08:45:23.138,0.6571,0.6574,0.61,1.20
2009.01.29 08:45:24.169,0.6571,0.6574,1.30,1.30
2009.01.29 08:45:25.508,0.6571,0.6572,0.84,1.00
2009.01.29 08:45:25.868,0.65695,0.6573,1.40,1.90
2009.01.29 08:45:25.918,0.65695,0.65725,2.30,2.30
2009.01.29 08:45:26.438,0.65695,0.65725,2.40,1.70
2009.01.29 08:45:27.338,0.65695,0.65725,0.94,0.88
2009.01.29 08:45:30.027,0.65695,0.65725,1.80,1.70
2009.01.29 08:45:30.347,0.657,0.65725,4.10,2.70
2009.01.29 08:45:36.165,0.65695,0.65705,0.91,1.50
2009.01.29 08:45:36.555,0.65695,0.65715,1.40,1.00
2009.01.29 08:45:36.665,0.65695,0.65715,1.60,1.20
2009.01.29 08:45:38.625,0.657,0.65715,1.40,1.20
2009.01.29 08:45:39.425,0.6569,0.657,0.98,1.10
2009.01.29 08:45:39.755,0.6569,0.6571,3.50,1.50
2009.01.29 08:45:40.155,0.6568,0.65705,1.20,2.20
2009.01.29 08:45:40.554,0.6568,0.6572,1.50,1.70
2009.01.29 08:45:42.124,0.6568,0.65715,0.54,1.20
2009.01.29 08:45:43.104,0.6568,0.65715,1.30,1.30
2009.01.29 08:45:43.924,0.6568,0.65725,1.80,1.70
2009.01.29 08:45:44.154,0.6569,0.6572,1.50,1.10
2009.01.29 08:45:44.333,0.6569,0.6572,0.84,1.20
2009.01.29 08:45:47.173,0.65685,0.65705,1.40,1.70
2009.01.29 08:45:47.683,0.65685,0.65715,1.30,1.80
2009.01.29 08:45:47.973,0.65685,0.65735,0.64,0.95
2009.01.29 08:45:49.592,0.6569,0.6572,2.00,0.85
2009.01.29 08:45:52.112,0.657,0.6572,1.70,1.60
2009.01.29 08:46:03.189,0.657,0.6571,0.76,1.20
2009.01.29 08:46:03.649,0.6569,0.657,1.60,1.20
2009.01.29 08:46:04.158,0.6568,0.657,3.30,3.80
2009.01.29 08:46:06.099,0.6568,0.6572,0.78,1.20
2009.01.29 08:46:06.318,0.6568,0.65715,0.62,0.76
2009.01.29 08:46:07.988,0.65675,0.65695,2.20,1.30
2009.01.29 08:46:08.328,0.6568,0.65705,0.82,1.50
2009.01.29 08:46:10.507,0.6568,0.65705,1.00,1.30
2009.01.29 08:46:10.897,0.6568,0.6572,1.50,1.70
2009.01.29 08:46:11.007,0.6568,0.6571,0.86,1.60
2009.01.29 08:46:12.337,0.6569,0.6571,2.10,0.74
2009.01.29 08:46:12.627,0.65685,0.65705,0.68,1.00
2009.01.29 08:46:12.976,0.65685,0.65705,0.43,0.72
2009.01.29 08:46:14.366,0.6569,0.65715,1.10,1.70
2009.01.29 08:46:15.486,0.6569,0.65705,1.60,2.70
2009.01.29 08:46:16.226,0.65685,0.65705,1.20,1.00
2009.01.29 08:46:16.276,0.65685,0.65705,0.86,1.70
2009.01.29 08:46:17.135,0.65685,0.65705,1.40,2.10
2009.01.29 08:46:17.406,0.6568,0.657,1.50,1.30
2009.01.29 08:46:17.585,0.6568,0.657,1.70,1.60
2009.01.29 08:46:17.706,0.6568,0.657,1.20,1.30
2009.01.29 08:46:23.214,0.65675,0.65695,0.79,2.40
2009.01.29 08:46:23.334,0.65675,0.65695,0.93,1.60
2009.01.29 08:46:24.254,0.6568,0.65705,0.65,0.68
2009.01.29 08:46:24.493,0.6568,0.657,2.10,1.70
2009.01.29 08:46:28.853,0.65675,0.65695,2.90,1.50
2009.01.29 08:46:29.323,0.65675,0.65695,0.71,0.96
2009.01.29 08:46:30.132,0.6568,0.65705,3.40,2.90
2009.01.29 08:46:30.522,0.6568,0.657,1.40,2.50
2009.01.29 08:46:30.682,0.65675,0.65695,3.40,3.00
2009.01.29 08:46:30.972,0.65675,0.65695,0.97,4.60
2009.01.29 08:46:31.142,0.65675,0.65695,2.00,1.30
2009.01.29 08:46:31.492,0.65675,0.65695,2.00,1.80
2009.01.29 08:46:31.652,0.6568,0.6572,0.74,2.10
2009.01.29 08:46:31.892,0.6568,0.65715,1.80,0.88
2009.01.29 08:46:32.472,0.6568,0.6571,0.74,0.83
2009.01.29 08:46:32.922,0.6568,0.6571,1.30,1.20
2009.01.29 08:46:33.792,0.65695,0.6571,1.70,0.51
2009.01.29 08:46:34.211,0.65695,0.6572,2.50,1.30
2009.01.29 08:46:34.671,0.65695,0.65715,1.30,1.70
2009.01.29 08:46:35.081,0.65692,0.65713,0.67,1.50
2009.01.29 08:46:35.431,0.65675,0.65695,1.30,1.70
2009.01.29 08:46:35.901,0.6567,0.6569,1.20,2.50
2009.01.29 08:46:36.301,0.6567,0.6569,1.80,1.10
2009.01.29 08:46:36.711,0.6567,0.6569,1.10,0.74
2009.01.29 08:46:37.270,0.65675,0.6569,1.40,1.90
2009.01.29 08:46:37.790,0.6568,0.65705,1.40,1.30
2009.01.29 08:46:38.240,0.6568,0.65715,1.40,1.70
2009.01.29 08:46:38.740,0.6568,0.65715,1.10,1.30
2009.01.29 08:46:39.280,0.65675,0.657,1.40,2.30
2009.01.29 08:46:39.450,0.65675,0.6571,3.10,2.30
2009.01.29 08:46:39.730,0.65675,0.65705,1.90,1.00
2009.01.29 08:46:41.320,0.65675,0.65695,2.30,0.78
2009.01.29 08:46:41.490,0.65675,0.65685,2.20,1.30
2009.01.29 08:46:41.719,0.6567,0.65695,1.20,1.90
2009.01.29 08:46:41.879,0.6567,0.6569,1.00,1.90
2009.01.29 08:46:50.127,0.65675,0.657,0.76,0.65
2009.01.29 08:46:50.307,0.65675,0.65695,1.50,1.30
2009.01.29 08:46:52.967,0.65675,0.6569,0.76,2.00
2009.01.29 08:46:53.297,0.6567,0.6569,0.73,0.96
2009.01.29 08:46:55.796,0.65675,0.6569,0.79,2.60
2009.01.29 08:46:56.136,0.6567,0.6569,1.20,1.40
2009.01.29 08:47:06.084,0.65675,0.6569,0.74,1.00
2009.01.29 08:47:06.424,0.65675,0.657,1.70,2.90
2009.01.29 08:47:06.593,0.65675,0.65695,2.60,1.70
2009.01.29 08:47:12.002,0.65675,0.65695,1.30,2.70
2009.01.29 08:47:12.272,0.65675,0.65695,2.60,1.90
2009.01.29 08:47:13.482,0.65675,0.6569,0.73,0.73
2009.01.29 08:47:14.162,0.6567,0.6569,2.30,2.30
2009.01.29 08:47:14.861,0.65665,0.65685,0.92,1.50
2009.01.29 08:47:15.731,0.6566,0.6568,1.30,1.20
2009.01.29 08:47:16.141,0.65655,0.6568,1.90,0.62
2009.01.29 08:47:16.651,0.65655,0.6568,1.20,1.40
2009.01.29 08:47:17.891,0.65655,0.6568,0.64,1.90
2009.01.29 08:47:18.291,0.6566,0.6567,1.40,2.90
2009.01.29 08:47:18.631,0.6566,0.6568,0.82,1.90
2009.01.29 08:47:19.440,0.6566,0.6568,1.90,1.10
2009.01.29 08:47:19.840,0.65655,0.65675,1.40,1.50
2009.01.29 08:47:21.720,0.65655,0.65675,0.77,1.20
2009.01.29 08:47:22.120,0.65655,0.65675,2.10,1.30
2009.01.29 08:47:25.409,0.65655,0.6567,2.00,1.90
2009.01.29 08:47:26.039,0.6565,0.6567,0.94,0.98
2009.01.29 08:47:26.329,0.65645,0.6567,1.10,1.60
2009.01.29 08:47:30.428,0.65645,0.6566,2.20,0.92
2009.01.29 08:47:31.397,0.65645,0.6567,2.10,1.80
2009.01.29 08:47:31.747,0.65655,0.6567,2.60,1.00
2009.01.29 08:47:32.147,0.65655,0.6567,0.81,0.84
2009.01.29 08:47:32.547,0.65655,0.6567,0.92,0.79
2009.01.29 08:47:32.907,0.65655,0.6567,3.70,1.10
2009.01.29 08:47:34.397,0.65655,0.65665,1.20,2.60
2009.01.29 08:47:34.746,0.65655,0.65675,1.10,1.80
2009.01.29 08:47:38.236,0.6566,0.6567,4.00,1.10
2009.01.29 08:47:38.356,0.65655,0.6567,0.64,2.70
2009.01.29 08:47:43.315,0.65655,0.6567,2.10,1.20
2009.01.29 08:47:44.354,0.65655,0.6567,1.70,2.40
2009.01.29 08:47:44.944,0.6566,0.6568,2.30,0.96
2009.01.29 08:47:45.404,0.65665,0.6568,1.10,2.70
2009.01.29 08:47:46.034,0.65665,0.6568,1.10,1.00
2009.01.29 08:47:46.584,0.65665,0.6568,0.64,2.10
2009.01.29 08:47:48.253,0.65665,0.65675,2.40,0.93
2009.01.29 08:47:48.763,0.6566,0.65675,1.80,1.70
2009.01.29 08:47:51.463,0.6566,0.65675,1.20,0.34
2009.01.29 08:47:51.922,0.6565,0.65665,1.00,2.00
2009.01.29 08:47:52.104,0.65655,0.65675,2.20,1.90
2009.01.29 08:47:52.632,0.65655,0.6567,1.30,1.80
2009.01.29 08:48:10.928,0.65655,0.6568,2.50,0.65
2009.01.29 08:48:11.488,0.65655,0.6568,1.30,1.20
2009.01.29 08:48:13.587,0.6565,0.65665,0.87,2.30
2009.01.29 08:48:13.877,0.6565,0.65665,1.30,1.60
2009.01.29 08:48:14.057,0.6565,0.65665,2.60,1.40
2009.01.29 08:48:14.647,0.65645,0.65655,2.20,1.70
2009.01.29 08:48:14.767,0.65645,0.65655,2.90,0.90
2009.01.29 08:48:19.446,0.65655,0.65665,0.90,3.30
2009.01.29 08:48:19.736,0.65645,0.65655,1.60,1.90
2009.01.29 08:48:20.485,0.65645,0.65675,1.60,2.00
2009.01.29 08:48:36.591,0.65645,0.6567,1.40,1.10
2009.01.29 08:48:37.181,0.6566,0.6567,0.74,1.80
2009.01.29 08:48:37.342,0.65645,0.6567,1.20,0.66
2009.01.29 08:48:38.211,0.65645,0.6567,1.70,2.00
2009.01.29 08:48:38.971,0.65655,0.6567,0.74,1.90
2009.01.29 08:48:44.730,0.65645,0.65655,1.80,1.60
2009.01.29 08:48:45.520,0.6564,0.65655,2.30,2.10
2009.01.29 08:48:46.299,0.65645,0.65665,1.00,1.30
2009.01.29 08:48:46.469,0.6564,0.65655,2.60,2.80
2009.01.29 08:49:05.965,0.6563,0.6564,0.85,1.00
2009.01.29 08:49:06.365,0.65605,0.65635,1.40,0.74
2009.01.29 08:49:06.704,0.6561,0.65635,1.50,3.20
2009.01.29 08:49:07.954,0.6562,0.65635,0.95,1.70
2009.01.29 08:49:08.944,0.6562,0.65645,0.98,1.80
2009.01.29 08:49:10.074,0.6562,0.65635,1.30,2.30
2009.01.29 08:49:10.243,0.65615,0.65635,2.00,1.30
2009.01.29 08:49:12.173,0.65615,0.65635,0.67,0.96
2009.01.29 08:49:12.533,0.6562,0.6563,3.20,1.60
2009.01.29 08:49:13.543,0.6562,0.6563,1.50,1.10
2009.01.29 08:49:13.943,0.65615,0.6564,1.40,1.40
2009.01.29 08:49:14.633,0.6562,0.65635,1.30,2.20
2009.01.29 08:49:14.983,0.65625,0.6565,2.50,1.10
2009.01.29 08:49:15.262,0.65625,0.65645,2.10,1.30
2009.01.29 08:49:15.662,0.65625,0.65655,1.00,1.30
2009.01.29 08:49:17.822,0.65625,0.6565,2.00,1.30
2009.01.29 08:49:18.602,0.65635,0.6566,1.60,1.10
2009.01.29 08:49:19.071,0.65635,0.65655,3.70,1.30
2009.01.29 08:49:23.290,0.65635,0.65655,2.20,1.10
2009.01.29 08:49:23.610,0.6564,0.65665,0.78,0.79
2009.01.29 08:49:24.170,0.65645,0.6566,0.81,2.30
2009.01.29 08:49:24.510,0.65645,0.6566,1.90,1.20
2009.01.29 08:49:25.850,0.6566,0.6567,1.60,1.40
2009.01.29 08:49:26.210,0.6566,0.6567,1.10,2.30
2009.01.29 08:49:26.840,0.65645,0.6567,1.70,0.87
2009.01.29 08:49:28.219,0.65645,0.6568,1.70,2.20
2009.01.29 08:49:28.789,0.65655,0.6569,2.40,1.00
2009.01.29 08:49:29.179,0.65655,0.65685,4.00,1.20
2009.01.29 08:49:30.659,0.65655,0.65685,2.80,2.20
2009.01.29 08:49:31.059,0.6564,0.6567,1.10,1.50
2009.01.29 08:49:32.918,0.65645,0.6566,1.20,0.61
2009.01.29 08:49:33.278,0.65645,0.65675,1.80,1.40
2009.01.29 08:49:35.108,0.65645,0.6567,2.00,1.50
2009.01.29 08:49:36.097,0.6566,0.6567,2.40,1.20
2009.01.29 08:49:36.687,0.6566,0.6567,1.60,1.80
2009.01.29 08:49:37.197,0.6566,0.6567,1.20,1.40
2009.01.29 08:49:38.926,0.65665,0.6568,1.10,2.60
2009.01.29 08:49:39.217,0.65665,0.6568,0.94,1.70
2009.01.29 08:49:39.557,0.6567,0.65695,1.60,0.84
2009.01.29 08:49:39.676,0.65665,0.65675,0.81,1.30
2009.01.29 08:49:39.896,0.65665,0.65675,0.93,1.40
2009.01.29 08:49:40.196,0.6566,0.65675,3.90,1.40
2009.01.29 08:49:40.766,0.6566,0.65675,1.40,1.40
2009.01.29 08:49:41.106,0.6565,0.65675,0.91,1.10
2009.01.29 08:49:42.646,0.6564,0.65655,0.82,1.40
2009.01.29 08:49:43.096,0.6564,0.65655,2.40,1.00
2009.01.29 08:49:43.325,0.65645,0.65655,1.10,1.90
2009.01.29 08:49:43.615,0.6564,0.65655,1.80,1.10
2009.01.29 08:49:43.965,0.65645,0.65665,1.80,1.50
2009.01.29 08:49:44.475,0.65645,0.6566,0.96,1.30
2009.01.29 08:49:44.645,0.6565,0.6567,1.10,0.79
2009.01.29 08:49:44.935,0.6565,0.65665,1.50,0.84
2009.01.29 08:49:45.285,0.6565,0.65665,2.60,1.60
2009.01.29 08:49:45.575,0.6565,0.65665,1.20,3.70
2009.01.29 08:49:47.964,0.65655,0.65665,0.79,1.30
2009.01.29 08:49:49.374,0.65655,0.65665,1.20,1.20
2009.01.29 08:49:49.664,0.65645,0.65665,1.80,0.72
2009.01.29 08:49:50.754,0.65645,0.6566,0.61,0.86
2009.01.29 08:49:57.812,0.6564,0.6566,0.94,1.40
2009.01.29 08:50:00.552,0.65645,0.6566,1.40,1.60
2009.01.29 08:50:04.001,0.65645,0.6567,1.40,0.85
2009.01.29 08:50:04.580,0.65645,0.6567,1.40,1.60
2009.01.29 08:50:07.470,0.65645,0.6567,0.44,1.10
2009.01.29 08:50:07.760,0.65645,0.6567,0.60,1.40
2009.01.29 08:50:09.489,0.6565,0.6567,0.83,0.84
2009.01.29 08:50:09.669,0.65655,0.6567,1.00,1.30
2009.01.29 08:50:11.739,0.6566,0.6568,1.90,2.10
2009.01.29 08:50:12.079,0.6566,0.65675,1.20,1.10
2009.01.29 08:50:12.248,0.6566,0.65675,1.20,1.00
2009.01.29 08:50:13.558,0.6566,0.65675,1.40,1.20
2009.01.29 08:50:13.968,0.6566,0.65675,0.93,2.10
2009.01.29 08:50:14.318,0.65655,0.6567,1.70,0.88
2009.01.29 08:50:15.488,0.6565,0.65665,1.70,0.81
2009.01.29 08:50:15.898,0.6565,0.65665,0.82,1.50
2009.01.29 08:50:16.637,0.65655,0.65675,1.50,0.55
2009.01.29 08:50:17.497,0.65655,0.6567,2.30,2.00
2009.01.29 08:50:19.367,0.65655,0.6567,1.50,0.99
2009.01.29 08:50:20.267,0.65655,0.6567,1.90,1.40
2009.01.29 08:50:22.276,0.65655,0.6567,1.30,2.10
2009.01.29 08:50:22.446,0.65655,0.65665,1.10,0.74
2009.01.29 08:50:23.646,0.65655,0.65665,1.40,1.10
2009.01.29 08:50:23.706,0.6565,0.6567,1.30,1.50
2009.01.29 08:50:23.816,0.65645,0.6566,2.50,1.50
2009.01.29 08:50:24.196,0.65645,0.6566,1.70,2.50
2009.01.29 08:50:24.426,0.6565,0.6566,0.60,1.10
2009.01.29 08:50:24.656,0.6565,0.6566,1.20,1.10
2009.01.29 08:50:26.205,0.6565,0.6566,0.77,1.00
2009.01.29 08:50:26.555,0.6565,0.65665,1.90,3.30
2009.01.29 08:50:26.965,0.6565,0.65665,1.80,2.00
2009.01.29 08:50:27.615,0.65645,0.6566,1.90,1.20
2009.01.29 08:50:32.654,0.65645,0.6566,1.60,1.20
2009.01.29 08:50:38.123,0.65645,0.6566,3.50,2.70
2009.01.29 08:50:38.472,0.6565,0.6567,0.66,1.70
2009.01.29 08:50:39.002,0.6564,0.65655,1.10,1.70
2009.01.29 08:50:39.842,0.6565,0.6567,0.90,1.10
2009.01.29 08:50:42.541,0.65655,0.65665,1.20,1.40
2009.01.29 08:50:42.881,0.65655,0.65675,1.00,0.48
2009.01.29 08:50:47.250,0.65655,0.65675,1.10,0.96
2009.01.29 08:50:47.780,0.65655,0.65685,1.60,1.10
2009.01.29 08:50:48.740,0.65655,0.65675,2.50,1.20
2009.01.29 08:50:49.140,0.65655,0.65675,0.98,2.40
2009.01.29 08:50:50.099,0.65645,0.65665,0.79,1.60
2009.01.29 08:50:50.959,0.65645,0.65665,2.20,2.60
2009.01.29 08:50:51.409,0.65645,0.65675,0.90,0.94
2009.01.29 08:50:51.939,0.65655,0.6567,0.92,2.00
2009.01.29 08:50:53.289,0.6567,0.6568,3.30,1.60
2009.01.29 08:50:53.768,0.65655,0.6567,1.80,1.90
2009.01.29 08:50:54.529,0.6566,0.6568,1.20,1.70
2009.01.29 08:50:54.758,0.65655,0.6567,1.70,1.30
2009.01.29 08:50:56.808,0.6565,0.65665,1.40,1.70
2009.01.29 08:50:58.257,0.65645,0.6566,0.49,0.87
2009.01.29 08:50:59.597,0.65645,0.65675,0.82,1.20
2009.01.29 08:51:00.097,0.65645,0.65675,0.60,1.10
2009.01.29 08:51:05.455,0.65655,0.65685,1.60,1.10
2009.01.29 08:51:08.126,0.6565,0.6568,1.70,0.87
2009.01.29 08:51:22.922,0.6565,0.65675,1.70,1.10
2009.01.29 08:51:23.421,0.65645,0.65665,1.00,2.00
2009.01.29 08:51:23.712,0.65645,0.65665,1.10,0.75
2009.01.29 08:51:27.110,0.6564,0.6566,2.10,1.50
2009.01.29 08:51:27.560,0.65645,0.6568,1.20,1.20
2009.01.29 08:51:27.780,0.6565,0.6568,2.10,1.70
2009.01.29 08:51:28.001,0.6565,0.6568,1.30,0.91
2009.01.29 08:51:28.180,0.65655,0.6567,1.20,1.00
2009.01.29 08:51:29.832,0.65655,0.6567,2.80,1.70
2009.01.29 08:51:30.360,0.65655,0.6567,2.30,0.69
2009.01.29 08:51:35.439,0.65655,0.65665,0.86,1.50
2009.01.29 08:51:35.788,0.65655,0.65665,2.30,0.93
2009.01.29 08:51:36.069,0.65645,0.65665,1.90,2.00
2009.01.29 08:51:37.538,0.6564,0.65655,3.90,0.86
2009.01.29 08:51:38.668,0.6564,0.65655,2.50,1.80
2009.01.29 08:51:39.867,0.6564,0.6565,1.10,1.50
2009.01.29 08:51:42.837,0.6564,0.6565,1.40,1.90
2009.01.29 08:51:42.997,0.65635,0.6566,2.80,2.10
2009.01.29 08:51:43.407,0.6563,0.6565,1.10,0.83
2009.01.29 08:51:45.986,0.6563,0.65675,1.30,1.60
2009.01.29 08:51:46.986,0.65645,0.6567,1.80,1.40
2009.01.29 08:51:47.386,0.6565,0.6567,0.65,1.30
2009.01.29 08:51:47.846,0.6565,0.6568,1.70,1.80
2009.01.29 08:51:49.325,0.6566,0.65675,0.76,0.61
2009.01.29 08:51:49.565,0.6566,0.65685,1.00,1.60
2009.01.29 08:51:49.975,0.6566,0.6568,0.98,1.40
2009.01.29 08:51:53.314,0.6566,0.65675,2.30,1.20
2009.01.29 08:51:53.984,0.6566,0.6567,1.50,0.74
2009.01.29 08:51:54.714,0.6565,0.6567,1.00,1.00
2009.01.29 08:51:56.693,0.65655,0.6567,1.60,2.00
2009.01.29 08:51:57.753,0.65655,0.6567,1.20,1.40
2009.01.29 08:51:58.143,0.6565,0.6567,1.60,0.53
2009.01.29 08:51:59.603,0.6565,0.6567,1.60,2.10
2009.01.29 08:52:00.242,0.6565,0.65685,1.10,1.20
2009.01.29 08:52:03.212,0.65645,0.6568,0.92,2.60
2009.01.29 08:52:03.612,0.65645,0.6567,1.00,3.00
2009.01.29 08:52:04.181,0.65635,0.6567,3.90,1.10
2009.01.29 08:52:04.761,0.6563,0.6567,1.40,1.30
2009.01.29 08:52:05.181,0.6563,0.65665,2.90,1.60
2009.01.29 08:52:07.711,0.6563,0.65665,1.50,1.60
2009.01.29 08:52:08.041,0.6563,0.6566,1.40,1.80
2009.01.29 08:52:08.450,0.65635,0.6566,1.10,1.80
2009.01.29 08:52:08.971,0.6563,0.6566,0.94,2.00
2009.01.29 08:52:12.110,0.65625,0.65645,2.50,1.20
2009.01.29 08:52:15.249,0.65625,0.6564,1.70,1.30
2009.01.29 08:52:16.758,0.6563,0.6565,1.20,1.80
2009.01.29 08:52:18.128,0.65625,0.65645,1.70,1.40
2009.01.29 08:52:18.528,0.65625,0.65635,1.40,2.10
2009.01.29 08:52:18.888,0.65625,0.65635,1.00,3.20
2009.01.29 08:52:19.298,0.6563,0.6565,0.74,2.20
2009.01.29 08:52:19.808,0.6561,0.65645,1.80,2.30
2009.01.29 08:52:20.798,0.6561,0.65645,1.30,1.00
2009.01.29 08:52:21.027,0.6562,0.6566,1.50,0.82
2009.01.29 08:52:22.107,0.6562,0.65655,1.70,1.40
2009.01.29 08:52:22.448,0.6562,0.65655,1.20,1.80
2009.01.29 08:52:22.677,0.65615,0.65655,0.97,1.30
2009.01.29 08:52:22.847,0.65615,0.6565,0.91,1.30
2009.01.29 08:52:23.487,0.65615,0.65635,0.90,2.30
2009.01.29 08:52:23.947,0.65615,0.65635,0.66,1.20
2009.01.29 08:52:24.177,0.6561,0.65625,0.88,1.50
2009.01.29 08:52:26.066,0.6561,0.65625,1.10,1.90
2009.01.29 08:52:26.396,0.65602,0.65627,1.10,1.90
2009.01.29 08:52:26.746,0.65599,0.65624,1.90,1.40
2009.01.29 08:52:27.086,0.65594,0.65624,2.00,1.20
2009.01.29 08:52:27.586,0.65585,0.65605,1.80,1.50
2009.01.29 08:52:27.756,0.65585,0.656,2.40,1.30
2009.01.29 08:52:28.806,0.65585,0.6562,2.00,1.20
2009.01.29 08:52:29.265,0.65585,0.65615,1.90,3.70
2009.01.29 08:52:30.485,0.6559,0.65615,1.60,2.20
2009.01.29 08:52:30.895,0.65595,0.65615,1.80,2.00
2009.01.29 08:52:31.245,0.65595,0.6563,0.96,0.94
2009.01.29 08:52:32.485,0.65595,0.6561,2.70,1.90
2009.01.29 08:52:32.765,0.65595,0.65625,1.00,1.30
2009.01.29 08:52:33.115,0.65595,0.6562,3.10,2.10
2009.01.29 08:52:33.224,0.65595,0.6564,1.50,0.62
2009.01.29 08:52:35.324,0.65595,0.65625,1.10,1.40
2009.01.29 08:52:35.904,0.65605,0.65625,2.20,1.30
2009.01.29 08:52:36.543,0.65605,0.65625,0.56,1.20
2009.01.29 08:52:38.383,0.65605,0.6563,1.30,1.40
2009.01.29 08:52:40.243,0.65605,0.65625,2.00,1.40
2009.01.29 08:52:40.593,0.65595,0.65625,0.95,1.70
2009.01.29 08:52:40.943,0.65595,0.65625,0.95,4.00
2009.01.29 08:52:41.873,0.65595,0.65625,0.87,1.10
2009.01.29 08:52:42.102,0.65595,0.65625,1.10,1.10
2009.01.29 08:52:42.682,0.65615,0.65635,2.10,0.82
2009.01.29 08:52:43.022,0.6561,0.6563,0.46,1.20
2009.01.29 08:52:43.482,0.65607,0.65627,1.30,1.60
2009.01.29 08:52:44.262,0.6559,0.6561,0.93,3.30
2009.01.29 08:52:45.431,0.6559,0.65605,0.89,1.50
2009.01.29 08:52:45.941,0.65585,0.65605,1.60,2.30
2009.01.29 08:52:48.701,0.6559,0.65615,2.10,1.90
2009.01.29 08:52:49.101,0.6559,0.6561,1.50,1.30
2009.01.29 08:52:49.780,0.65585,0.65605,2.40,1.10
2009.01.29 08:52:50.480,0.65585,0.6562,1.40,1.10
2009.01.29 08:52:50.880,0.65585,0.6563,0.97,2.20
2009.01.29 08:52:52.930,0.65585,0.65615,1.90,1.20
2009.01.29 08:52:59.228,0.65585,0.6563,1.00,2.00
2009.01.29 08:53:00.218,0.65585,0.65625,2.40,1.20
2009.01.29 08:53:00.388,0.65585,0.65605,0.97,1.20
2009.01.29 08:53:00.848,0.65585,0.65605,0.64,1.40
2009.01.29 08:53:03.047,0.65585,0.656,1.60,1.80
2009.01.29 08:53:03.487,0.65585,0.656,1.20,3.00
2009.01.29 08:53:03.787,0.65585,0.6561,3.10,0.73
2009.01.29 08:53:07.566,0.65585,0.65605,1.00,1.10
2009.01.29 08:53:08.716,0.65585,0.65605,1.60,1.50
2009.01.29 08:53:09.466,0.65585,0.65605,1.80,1.50
2009.01.29 08:53:10.046,0.65585,0.65605,0.81,2.10
2009.01.29 08:53:10.716,0.65585,0.65605,1.80,1.60
2009.01.29 08:53:11.425,0.65585,0.65605,0.57,1.80
2009.01.29 08:53:12.035,0.65585,0.65605,0.90,2.50
2009.01.29 08:53:13.115,0.65585,0.65605,2.60,4.60
2009.01.29 08:53:13.335,0.65585,0.65605,1.00,2.10
2009.01.29 08:53:13.665,0.65585,0.65605,1.20,2.00
2009.01.29 08:53:14.115,0.65585,0.656,1.00,0.74
2009.01.29 08:53:15.684,0.65585,0.6561,2.90,1.70
2009.01.29 08:53:16.134,0.65587,0.65602,2.00,1.40
2009.01.29 08:53:16.484,0.65582,0.65602,1.90,0.74
2009.01.29 08:53:17.134,0.6556,0.656,1.00,1.50
2009.01.29 08:53:17.534,0.6556,0.65585,2.50,1.40
2009.01.29 08:53:18.034,0.6556,0.65585,1.30,1.10
2009.01.29 08:53:20.053,0.65565,0.65585,1.40,1.40
2009.01.29 08:53:20.394,0.65565,0.6558,2.10,1.30
2009.01.29 08:53:20.564,0.65565,0.6558,2.70,1.60
2009.01.29 08:53:21.303,0.65565,0.6559,1.10,2.10
2009.01.29 08:53:22.173,0.65565,0.65575,1.50,1.40
2009.01.29 08:53:23.113,0.6556,0.65575,1.60,2.30
2009.01.29 08:53:23.472,0.6556,0.65585,2.00,1.20
2009.01.29 08:53:23.933,0.6556,0.6558,1.30,2.30
2009.01.29 08:53:24.392,0.65565,0.65605,1.70,1.20
2009.01.29 08:53:24.682,0.65565,0.6558,1.90,1.90
2009.01.29 08:53:25.202,0.6556,0.6558,1.60,1.80
2009.01.29 08:53:26.932,0.6556,0.65575,3.30,0.74
2009.01.29 08:53:30.910,0.6556,0.65575,2.30,2.30
2009.01.29 08:53:32.020,0.6556,0.65575,1.20,1.00
2009.01.29 08:53:36.459,0.6556,0.6559,0.81,3.30
2009.01.29 08:53:39.269,0.65575,0.65585,1.30,2.10
2009.01.29 08:53:39.608,0.6557,0.65585,1.30,2.00
2009.01.29 08:53:39.930,0.6557,0.65585,0.94,1.80
2009.01.29 08:53:40.638,0.6556,0.65585,1.40,1.20
2009.01.29 08:53:40.918,0.6556,0.65585,0.95,1.60
2009.01.29 08:53:43.957,0.6556,0.65585,2.40,0.83
2009.01.29 08:53:44.237,0.65565,0.65585,0.44,2.30
2009.01.29 08:53:44.537,0.65575,0.65595,1.80,2.20
2009.01.29 08:53:44.657,0.65575,0.65585,3.10,0.85
2009.01.29 08:53:46.107,0.65575,0.65595,0.77,1.50
2009.01.29 08:53:47.877,0.65575,0.6559,0.55,1.00
2009.01.29 08:53:47.996,0.6558,0.6561,1.50,0.83
2009.01.29 08:53:48.966,0.65575,0.65595,0.90,1.40
2009.01.29 08:53:49.366,0.6556,0.65595,1.70,1.70
2009.01.29 08:53:51.825,0.6558,0.65595,2.20,1.50
2009.01.29 08:53:52.235,0.6559,0.6561,1.70,1.70
2009.01.29 08:53:52.755,0.6559,0.65605,1.50,2.20
2009.01.29 08:54:08.502,0.6559,0.6562,2.40,0.91
2009.01.29 08:54:11.611,0.6559,0.65615,1.00,2.10
2009.01.29 08:54:12.291,0.6559,0.6563,1.20,0.73
2009.01.29 08:54:13.960,0.65605,0.65625,1.00,1.20
2009.01.29 08:54:14.480,0.65605,0.65625,1.60,1.30
2009.01.29 08:54:14.850,0.6562,0.65635,2.00,1.40
2009.01.29 08:54:15.260,0.6562,0.65635,0.72,0.95
2009.01.29 08:54:16.500,0.65625,0.65635,1.00,1.60
2009.01.29 08:54:17.129,0.65625,0.65655,0.72,1.10
2009.01.29 08:54:17.479,0.65625,0.6564,1.00,1.00
2009.01.29 08:54:18.059,0.65625,0.6564,1.80,1.10
2009.01.29 08:54:18.529,0.6562,0.6564,0.83,1.40
2009.01.29 08:54:20.049,0.6562,0.6564,2.20,0.83
2009.01.29 08:54:20.529,0.6562,0.65655,2.50,0.85
2009.01.29 08:54:22.998,0.6562,0.65645,2.50,1.90
2009.01.29 08:54:23.468,0.6562,0.65645,1.10,1.80
2009.01.29 08:54:25.057,0.6562,0.65635,1.50,3.00
2009.01.29 08:54:25.467,0.6562,0.65635,1.10,1.10
2009.01.29 08:54:28.857,0.65625,0.65635,1.60,2.20
2009.01.29 08:54:29.206,0.65625,0.65645,0.72,2.50
2009.01.29 08:54:31.476,0.65625,0.6564,1.70,1.90
2009.01.29 08:54:31.806,0.6563,0.6565,0.80,1.80
2009.01.29 08:54:32.146,0.6563,0.6566,1.60,1.50
2009.01.29 08:54:33.226,0.65635,0.65655,1.90,0.87
2009.01.29 08:54:36.255,0.6563,0.65655,2.10,1.60
2009.01.29 08:54:37.624,0.65635,0.65655,1.40,2.90
2009.01.29 08:54:38.694,0.65635,0.6565,2.70,2.50
2009.01.29 08:54:39.464,0.6563,0.6565,2.80,1.20
2009.01.29 08:54:39.994,0.6563,0.65645,1.30,1.30
2009.01.29 08:54:41.903,0.65635,0.65655,1.30,1.20
2009.01.29 08:54:44.993,0.6563,0.65645,0.77,1.20
2009.01.29 08:54:45.343,0.6563,0.65645,1.00,1.50
2009.01.29 08:54:46.492,0.6563,0.65645,0.66,0.85
2009.01.29 08:54:47.772,0.6562,0.65635,0.85,1.10
2009.01.29 08:54:48.232,0.6562,0.65635,1.50,0.96
2009.01.29 08:54:48.772,0.65605,0.65645,1.00,1.30
2009.01.29 08:54:49.012,0.656,0.65645,2.20,2.00
2009.01.29 08:54:49.482,0.65597,0.65643,1.30,1.10
2009.01.29 08:54:54.730,0.656,0.65635,0.97,0.92
2009.01.29 08:54:55.140,0.65585,0.65615,1.40,1.60
2009.01.29 08:54:56.710,0.65585,0.65615,2.00,0.98
2009.01.29 08:54:57.219,0.65585,0.65615,1.20,0.65
2009.01.29 08:54:58.829,0.656,0.65615,2.00,1.90
2009.01.29 08:54:59.709,0.656,0.6563,2.00,2.10
2009.01.29 08:55:00.059,0.656,0.65625,1.80,1.20
2009.01.29 08:55:11.976,0.656,0.65625,1.60,2.00
2009.01.29 08:55:12.386,0.656,0.65625,2.00,1.50
2009.01.29 08:55:13.276,0.656,0.65625,1.90,0.91
2009.01.29 08:55:16.525,0.656,0.65625,1.60,0.99
2009.01.29 08:55:22.454,0.656,0.65625,1.00,1.60
2009.01.29 08:55:23.174,0.656,0.65625,0.92,2.80
2009.01.29 08:55:23.633,0.656,0.65625,2.20,1.10
2009.01.29 08:55:25.063,0.656,0.65625,1.80,2.40
2009.01.29 08:55:30.911,0.656,0.65625,2.00,1.70
2009.01.29 08:55:32.341,0.656,0.65625,0.72,1.20
2009.01.29 08:55:32.971,0.656,0.65625,2.50,2.20
2009.01.29 08:55:35.690,0.656,0.65625,2.50,1.70
2009.01.29 08:55:39.260,0.65595,0.6561,1.80,1.10
2009.01.29 08:55:39.729,0.65595,0.6561,1.50,1.70
2009.01.29 08:55:40.029,0.656,0.6562,1.50,1.80
2009.01.29 08:55:40.489,0.656,0.6563,0.94,1.20
2009.01.29 08:55:41.329,0.65595,0.6561,2.30,0.76
2009.01.29 08:55:41.789,0.656,0.6562,0.87,1.50
2009.01.29 08:55:42.079,0.656,0.65615,3.70,1.20
2009.01.29 08:55:44.878,0.65585,0.65615,1.90,1.30
2009.01.29 08:55:44.988,0.6558,0.65615,2.60,1.40
2009.01.29 08:55:45.228,0.65575,0.65615,0.99,2.40
2009.01.29 08:55:45.348,0.65575,0.65605,1.60,1.40
2009.01.29 08:55:45.628,0.65575,0.65605,1.60,0.98
2009.01.29 08:55:46.637,0.65575,0.65605,1.10,2.10
2009.01.29 08:55:55.936,0.65595,0.65605,1.30,1.70
2009.01.29 08:55:56.325,0.65595,0.65605,1.40,1.20
2009.01.29 08:55:56.435,0.65595,0.65605,0.87,0.74
2009.01.29 08:55:57.115,0.65595,0.65605,1.20,1.70
2009.01.29 08:55:57.565,0.6558,0.6562,1.80,0.71
2009.01.29 08:55:57.865,0.6558,0.65615,2.10,0.89
2009.01.29 08:55:59.765,0.6559,0.65615,1.00,0.93
2009.01.29 08:56:00.215,0.65595,0.65615,1.50,1.80
2009.01.29 08:56:00.784,0.65605,0.65615,2.50,1.10
2009.01.29 08:56:01.414,0.6559,0.65615,1.00,1.40
2009.01.29 08:56:04.334,0.656,0.65615,1.70,0.84
2009.01.29 08:56:08.612,0.656,0.65625,1.10,2.50
2009.01.29 08:56:19.010,0.65595,0.65605,2.40,0.93
2009.01.29 08:56:19.540,0.65595,0.65605,1.10,4.40
2009.01.29 08:56:19.660,0.6559,0.6562,1.40,0.98
2009.01.29 08:56:25.009,0.65585,0.65605,3.10,1.80
2009.01.29 08:56:25.349,0.65585,0.65605,1.20,1.80
2009.01.29 08:56:25.518,0.65585,0.65605,1.60,1.20
2009.01.29 08:56:27.028,0.65585,0.656,3.00,1.40
2009.01.29 08:56:27.258,0.6558,0.656,0.85,2.10
2009.01.29 08:56:27.668,0.65575,0.65595,1.10,0.64
2009.01.29 08:56:28.078,0.65585,0.65595,2.60,1.20
2009.01.29 08:56:28.298,0.6559,0.6561,1.10,1.90
2009.01.29 08:56:28.737,0.65585,0.6562,1.90,1.10
2009.01.29 08:56:28.957,0.65585,0.65615,2.00,2.10
2009.01.29 08:56:29.297,0.65585,0.65615,0.86,2.30
2009.01.29 08:56:29.757,0.6558,0.65615,1.40,1.80
2009.01.29 08:56:31.087,0.65585,0.65615,1.90,1.80
2009.01.29 08:56:32.296,0.6558,0.65615,0.84,1.70
2009.01.29 08:56:32.786,0.6558,0.656,0.88,1.70
2009.01.29 08:56:33.186,0.6558,0.656,0.70,1.80
2009.01.29 08:56:33.426,0.65585,0.656,1.40,1.50
2009.01.29 08:56:33.986,0.65585,0.6561,1.20,1.90
2009.01.29 08:56:34.106,0.65575,0.65605,1.70,1.10
2009.01.29 08:56:34.846,0.65585,0.65605,0.59,0.69
2009.01.29 08:56:35.486,0.65575,0.65605,1.00,1.40
2009.01.29 08:56:38.825,0.65585,0.65605,0.77,1.20
2009.01.29 08:56:39.005,0.65575,0.65605,1.50,2.80
2009.01.29 08:56:41.135,0.6559,0.6562,1.90,2.20
2009.01.29 08:56:41.484,0.6559,0.65615,1.10,1.10
2009.01.29 08:56:41.764,0.65595,0.65615,1.50,1.80
2009.01.29 08:56:46.793,0.6559,0.65615,1.40,1.30
2009.01.29 08:56:55.641,0.65595,0.65615,1.50,1.20
2009.01.29 08:56:56.821,0.65605,0.65615,1.30,1.60
2009.01.29 08:56:57.241,0.656,0.65615,1.50,1.40
2009.01.29 08:56:57.541,0.656,0.65615,2.10,1.40
2009.01.29 08:57:05.908,0.65605,0.65615,1.70,2.00
2009.01.29 08:57:06.298,0.656,0.65615,1.10,1.30
2009.01.29 08:57:09.857,0.656,0.65615,4.60,1.10
2009.01.29 08:57:14.486,0.656,0.65615,0.94,0.94
2009.01.29 08:57:15.016,0.6561,0.65635,2.50,1.30
2009.01.29 08:57:15.636,0.6561,0.65635,1.90,3.00
2009.01.29 08:57:16.046,0.6561,0.65645,1.60,1.20
2009.01.29 08:57:19.056,0.65625,0.6564,5.80,2.60
2009.01.29 08:57:19.355,0.65625,0.65635,1.40,1.60
2009.01.29 08:57:19.825,0.65625,0.65645,1.00,0.73
2009.01.29 08:57:21.415,0.6563,0.65645,1.20,2.50
2009.01.29 08:57:21.695,0.6563,0.6567,3.00,1.00
2009.01.29 08:57:22.025,0.6563,0.6567,1.10,1.50
2009.01.29 08:57:22.324,0.65635,0.65665,1.60,2.90
2009.01.29 08:57:22.984,0.65635,0.65665,1.50,1.20
2009.01.29 08:57:23.384,0.6563,0.65665,0.71,1.30
2009.01.29 08:57:23.614,0.6563,0.65665,2.00,1.70
2009.01.29 08:57:23.954,0.6565,0.65665,1.70,1.80
2009.01.29 08:57:24.364,0.6565,0.65665,1.10,2.50
2009.01.29 08:57:24.644,0.65635,0.6566,0.85,2.30
2009.01.29 08:57:25.104,0.6563,0.6567,3.30,0.58
2009.01.29 08:57:25.444,0.6563,0.65665,1.70,1.10
2009.01.29 08:57:26.184,0.65635,0.65665,1.00,1.80
2009.01.29 08:57:27.233,0.6564,0.65675,1.60,1.20
2009.01.29 08:57:27.703,0.6564,0.6566,2.90,0.94
2009.01.29 08:57:28.083,0.6564,0.6566,0.84,1.90
2009.01.29 08:57:30.333,0.65645,0.6566,3.40,2.30
2009.01.29 08:57:30.903,0.6564,0.6566,1.20,0.91
2009.01.29 08:57:32.022,0.65645,0.6566,2.20,1.10
2009.01.29 08:57:32.672,0.6564,0.6566,1.00,2.40
2009.01.29 08:57:33.412,0.65645,0.6566,1.50,1.10
2009.01.29 08:57:34.102,0.65645,0.6566,1.50,1.50
2009.01.29 08:57:34.791,0.65645,0.6566,2.60,1.20
2009.01.29 08:57:36.051,0.65645,0.6566,0.97,1.30
2009.01.29 08:57:36.161,0.6564,0.6566,1.90,1.70
2009.01.29 08:57:47.578,0.65645,0.6566,1.20,1.10
2009.01.29 08:57:47.868,0.65645,0.6566,1.10,0.90
2009.01.29 08:57:49.368,0.6565,0.6566,1.50,0.64
2009.01.29 08:57:50.118,0.6565,0.65675,1.20,1.50
2009.01.29 08:57:50.468,0.6565,0.65685,1.70,0.57
2009.01.29 08:57:50.798,0.6565,0.6568,0.91,1.00
2009.01.29 08:57:56.686,0.65665,0.6569,1.40,2.80
2009.01.29 08:57:56.986,0.65655,0.6568,1.00,0.70
2009.01.29 08:57:57.346,0.6565,0.6568,1.40,2.20
2009.01.29 08:57:58.906,0.6566,0.6568,1.50,1.70
2009.01.29 08:57:59.296,0.65655,0.65675,1.50,2.10
2009.01.29 08:58:02.075,0.65655,0.65675,1.50,1.70
2009.01.29 08:58:03.095,0.65655,0.6567,2.10,1.60
2009.01.29 08:58:03.444,0.65655,0.6567,1.40,1.40
2009.01.29 08:58:04.114,0.6565,0.6567,1.60,0.91
2009.01.29 08:58:04.564,0.65645,0.65665,1.80,0.85
2009.01.29 08:58:05.094,0.65645,0.65665,1.70,1.10
2009.01.29 08:58:05.744,0.65645,0.6566,2.50,2.10
2009.01.29 08:58:06.104,0.65645,0.6566,0.90,2.00
2009.01.29 08:58:06.864,0.65645,0.65675,1.70,0.75
2009.01.29 08:58:07.204,0.6564,0.6567,1.40,0.88
2009.01.29 08:58:08.004,0.6564,0.65665,2.90,1.50
2009.01.29 08:58:11.303,0.6565,0.65665,1.10,0.88
2009.01.29 08:58:15.562,0.65655,0.65665,2.60,2.30
2009.01.29 08:58:16.451,0.6565,0.65665,4.70,1.10
2009.01.29 08:58:21.180,0.6565,0.65675,0.68,1.60
2009.01.29 08:58:21.750,0.6565,0.6567,2.30,2.00
2009.01.29 08:58:22.140,0.6565,0.6568,2.90,1.70
2009.01.29 08:58:22.700,0.65655,0.6569,2.30,1.30
2009.01.29 08:58:23.610,0.65655,0.657,2.00,1.20
2009.01.29 08:58:23.790,0.65655,0.65695,1.30,1.50
2009.01.29 08:58:24.239,0.65655,0.65695,1.20,2.00
2009.01.29 08:58:25.079,0.65655,0.6569,0.96,1.60
2009.01.29 08:58:25.309,0.6565,0.6569,1.20,2.40
2009.01.29 08:58:25.709,0.6565,0.65685,2.20,1.40
2009.01.29 08:58:26.499,0.6565,0.65685,0.91,0.88
2009.01.29 08:58:26.719,0.6565,0.6568,1.70,2.60
2009.01.29 08:58:27.119,0.6565,0.6568,1.80,1.30
2009.01.29 08:58:27.359,0.6567,0.6569,1.90,1.80
2009.01.29 08:58:27.759,0.6566,0.657,1.70,0.59
2009.01.29 08:58:28.109,0.65645,0.65695,3.00,2.20
2009.01.29 08:58:28.728,0.65655,0.65695,1.20,1.50
2009.01.29 08:58:28.848,0.6566,0.65695,1.20,1.70
2009.01.29 08:58:29.648,0.6566,0.65695,2.20,1.90
2009.01.29 08:58:30.048,0.6566,0.65695,3.20,1.40
2009.01.29 08:58:30.918,0.6568,0.65705,1.10,1.10
2009.01.29 08:58:37.786,0.6568,0.65705,1.20,1.20
2009.01.29 08:58:38.316,0.6568,0.6572,1.40,2.00
2009.01.29 08:58:41.355,0.6568,0.65715,1.70,1.40
2009.01.29 08:58:41.705,0.6568,0.65715,1.90,1.70
2009.01.29 08:58:42.405,0.6568,0.65715,1.10,0.96
2009.01.29 08:58:44.495,0.6568,0.65715,2.10,1.30
2009.01.29 08:58:47.354,0.6569,0.65725,2.30,0.65
2009.01.29 08:58:49.574,0.6569,0.6572,1.80,2.70
2009.01.29 08:58:51.453,0.65695,0.6572,1.90,1.40
2009.01.29 08:58:51.613,0.657,0.6572,0.97,4.20
2009.01.29 08:59:16.837,0.65695,0.65725,1.60,1.10
2009.01.29 08:59:25.155,0.65695,0.65725,0.70,0.88
2009.01.29 08:59:25.555,0.65695,0.65725,1.20,0.88
2009.01.29 08:59:25.995,0.65695,0.65725,0.90,0.93
2009.01.29 08:59:27.934,0.65695,0.65725,1.90,1.70
2009.01.29 08:59:32.573,0.65695,0.6572,1.10,1.80
2009.01.29 08:59:35.412,0.65695,0.65715,1.90,1.30
2009.01.29 08:59:37.452,0.65695,0.65715,1.30,1.30
2009.01.29 08:59:38.222,0.65705,0.65715,1.10,1.50
2009.01.29 08:59:38.722,0.657,0.6571,0.62,0.84
2009.01.29 08:59:39.072,0.65695,0.6571,2.50,1.20
2009.01.29 08:59:41.272,0.6568,0.6569,1.70,0.78
2009.01.29 08:59:41.551,0.65675,0.6569,2.40,2.40
2009.01.29 08:59:41.671,0.6567,0.65685,1.30,0.49
2009.01.29 08:59:42.021,0.6567,0.65685,2.20,1.10
2009.01.29 08:59:42.191,0.6567,0.65685,1.20,1.20
2009.01.29 08:59:43.670,0.6567,0.65685,0.56,0.65
2009.01.29 08:59:44.420,0.6567,0.6568,0.89,0.88
2009.01.29 08:59:44.990,0.65655,0.6569,1.10,1.80
2009.01.29 08:59:45.320,0.65655,0.65685,1.70,1.00
2009.01.29 08:59:45.940,0.65653,0.65682,0.95,1.90
2009.01.29 08:59:46.600,0.65645,0.65665,1.20,1.50
2009.01.29 08:59:48.939,0.65645,0.65675,1.40,1.10
2009.01.29 08:59:54.448,0.6565,0.6567,0.89,1.70
2009.01.29 08:59:54.898,0.65655,0.6567,1.60,1.60
