2015.04.14 08:00:00.082,0.75788,0.758,1.76,1.36
2015.04.14 08:00:01.776,0.7579,0.758,1.00,1.84
2015.04.14 08:00:02.284,0.7579,0.758,1.00,1.36
2015.04.14 08:00:02.821,0.7579,0.758,1.00,1.36
2015.04.14 08:00:03.025,0.75792,0.75802,1.00,1.84
2015.04.14 08:00:03.530,0.75791,0.75802,1.69,1.34
2015.04.14 08:00:04.441,0.75792,0.75803,1.00,2.21
2015.04.14 08:00:07.393,0.75791,0.75801,1.25,1.34
2015.04.14 08:00:07.999,0.75791,0.758,1.00,1.46
2015.04.14 08:00:08.049,0.75788,0.758,1.65,2.21
2015.04.14 08:00:08.595,0.75788,0.758,1.20,4.39
2015.04.14 08:00:10.026,0.75788,0.75798,1.00,4.01
2015.04.14 08:00:10.329,0.75785,0.75795,1.57,2.89
2015.04.14 08:00:10.481,0.75784,0.75794,1.57,1.71
2015.04.14 08:00:11.003,0.75783,0.75793,1.25,1.46
2015.04.14 08:00:11.511,0.75784,0.75793,1.00,1.46
2015.04.14 08:00:12.429,0.75783,0.75793,1.17,1.46
2015.04.14 08:00:12.614,0.75783,0.75793,1.17,1.46
2015.04.14 08:00:13.019,0.7578,0.75793,1.01,5.81
2015.04.14 08:00:13.380,0.75779,0.75791,1.01,2.51
2015.04.14 08:00:13.431,0.75778,0.7579,1.09,2.51
2015.04.14 08:00:13.633,0.75777,0.7579,1.61,3.26
2015.04.14 08:00:15.463,0.75778,0.7579,1.36,1.71
2015.04.14 08:00:16.678,0.75778,0.75791,2.29,3.64
2015.04.14 08:00:16.729,0.75778,0.75791,2.29,1.46
2015.04.14 08:00:17.254,0.75782,0.75793,1.00,2.89
2015.04.14 08:00:17.457,0.75781,0.75794,1.54,2.21
2015.04.14 08:00:20.646,0.75779,0.75793,1.46,3.71
2015.04.14 08:00:21.197,0.75779,0.75791,1.46,1.36
2015.04.14 08:00:21.703,0.75777,0.7579,1.46,1.36
2015.04.14 08:00:21.956,0.75777,0.75789,1.34,1.26
2015.04.14 08:00:22.967,0.75777,0.7579,1.36,1.46
2015.04.14 08:00:24.347,0.75772,0.75778,2.70,4.50
2015.04.14 08:00:24.398,0.75762,0.75775,2.59,1.65
2015.04.14 08:00:24.449,0.75762,0.75772,1.07,1.20
2015.04.14 08:00:24.500,0.75762,0.75772,1.00,1.27
2015.04.14 08:00:24.602,0.75759,0.75772,1.09,1.71
2015.04.14 08:00:25.109,0.75758,0.7577,1.76,1.71
2015.04.14 08:00:29.591,0.75758,0.75768,1.00,1.34
2015.04.14 08:00:29.998,0.75756,0.75768,1.31,1.34
2015.04.14 08:00:30.545,0.75756,0.75768,1.40,1.84
2015.04.14 08:00:31.053,0.75756,0.75769,1.34,2.59
2015.04.14 08:00:31.559,0.75755,0.75764,1.26,1.10
2015.04.14 08:00:31.660,0.75751,0.75762,2.14,1.27
2015.04.14 08:00:31.763,0.75749,0.75763,3.52,4.46
2015.04.14 08:00:32.421,0.75749,0.75763,2.21,3.71
2015.04.14 08:00:32.674,0.75753,0.75763,1.31,2.40
2015.04.14 08:00:32.775,0.75753,0.75766,1.36,5.51
2015.04.14 08:00:33.283,0.75753,0.75767,1.71,1.34
2015.04.14 08:00:33.687,0.75753,0.75766,1.46,1.44
2015.04.14 08:00:34.242,0.75753,0.75765,1.26,1.54
2015.04.14 08:00:34.646,0.7575,0.75762,1.46,1.46
2015.04.14 08:00:34.697,0.7575,0.75762,1.46,1.46
2015.04.14 08:00:35.653,0.75749,0.75762,1.39,3.64
2015.04.14 08:00:36.613,0.75746,0.75759,2.02,1.46
2015.04.14 08:00:36.665,0.75746,0.75757,1.00,1.46
2015.04.14 08:00:37.169,0.75745,0.75755,1.09,1.09
2015.04.14 08:00:37.623,0.75745,0.75757,1.09,1.71
2015.04.14 08:00:37.977,0.75743,0.75756,4.01,1.26
2015.04.14 08:00:39.177,0.75742,0.75754,1.36,1.46
2015.04.14 08:00:39.585,0.75741,0.75753,1.31,1.34
2015.04.14 08:00:39.686,0.75741,0.75751,1.25,2.51
2015.04.14 08:00:39.989,0.7574,0.75749,1.00,2.51
2015.04.14 08:00:40.343,0.75737,0.75749,1.00,2.96
2015.04.14 08:00:40.495,0.75737,0.75745,1.00,1.26
2015.04.14 08:00:40.646,0.75732,0.75744,2.29,3.56
2015.04.14 08:00:41.152,0.75731,0.75742,1.49,1.34
2015.04.14 08:00:41.405,0.75731,0.75743,1.16,3.64
2015.04.14 08:00:42.480,0.75731,0.75742,1.70,1.32
2015.04.14 08:00:42.682,0.75735,0.75748,1.69,1.19
2015.04.14 08:00:42.935,0.75736,0.75751,1.76,1.69
2015.04.14 08:00:44.939,0.75736,0.75751,2.21,1.69
2015.04.14 08:00:45.894,0.75738,0.7575,1.00,1.19
2015.04.14 08:00:46.481,0.75738,0.7575,1.01,1.19
2015.04.14 08:00:47.389,0.75738,0.75753,1.39,2.51
2015.04.14 08:00:47.895,0.7574,0.75753,1.16,1.09
2015.04.14 08:00:48.199,0.75743,0.75757,1.39,6.94
2015.04.14 08:00:48.502,0.75743,0.75756,1.84,1.34
2015.04.14 08:00:48.654,0.75744,0.75756,1.34,1.34
2015.04.14 08:00:49.109,0.75748,0.75759,1.00,1.16
2015.04.14 08:00:49.159,0.75748,0.75759,1.00,1.16
2015.04.14 08:00:49.311,0.75748,0.7576,1.65,2.29
2015.04.14 08:00:49.615,0.7575,0.7576,1.46,1.66
2015.04.14 08:00:50.071,0.7575,0.75762,1.46,2.51
2015.04.14 08:00:50.374,0.75751,0.75762,1.17,1.39
2015.04.14 08:00:50.902,0.75749,0.75762,2.29,1.39
2015.04.14 08:00:51.711,0.75749,0.75762,1.46,1.84
2015.04.14 08:00:51.762,0.7575,0.75762,1.17,1.84
2015.04.14 08:00:52.217,0.75747,0.75757,2.40,1.37
2015.04.14 08:00:52.521,0.75733,0.75748,1.54,3.34
2015.04.14 08:00:53.077,0.75734,0.75748,1.44,4.09
2015.04.14 08:00:53.914,0.75737,0.75748,1.46,1.69
2015.04.14 08:00:54.429,0.75739,0.75751,1.09,1.36
2015.04.14 08:00:56.029,0.75739,0.75751,1.09,1.84
2015.04.14 08:00:56.231,0.75732,0.75739,1.07,3.19
2015.04.14 08:00:56.333,0.75727,0.75734,1.10,1.37
2015.04.14 08:00:56.434,0.75725,0.75734,1.09,1.56
2015.04.14 08:00:56.586,0.75724,0.75737,1.34,1.46
2015.04.14 08:00:56.839,0.75726,0.7574,1.91,2.59
2015.04.14 08:00:57.807,0.75726,0.75738,1.61,1.01
2015.04.14 08:00:59.168,0.75726,0.75738,3.79,1.01
2015.04.14 08:00:59.573,0.75726,0.75739,2.36,1.27
2015.04.14 08:01:01.387,0.7573,0.75741,1.00,1.84
2015.04.14 08:01:01.538,0.7573,0.75741,1.20,2.59
2015.04.14 08:01:01.917,0.75731,0.75743,1.45,1.45
2015.04.14 08:01:02.220,0.75733,0.75746,1.35,1.15
2015.04.14 08:01:02.321,0.75733,0.75746,1.72,1.15
2015.04.14 08:01:02.625,0.75735,0.7575,1.25,2.77
2015.04.14 08:01:02.928,0.7574,0.75751,1.00,1.77
2015.04.14 08:01:03.332,0.75742,0.75752,1.00,4.39
2015.04.14 08:01:03.433,0.75742,0.75752,1.00,2.21
2015.04.14 08:01:03.938,0.75741,0.75752,1.00,2.96
2015.04.14 08:01:04.544,0.75741,0.75752,1.57,1.46
2015.04.14 08:01:05.099,0.75743,0.75752,1.00,1.55
2015.04.14 08:01:05.858,0.75744,0.75752,1.50,1.55
2015.04.14 08:01:05.960,0.75748,0.75753,1.00,1.00
2015.04.14 08:01:06.061,0.75748,0.7576,1.20,1.54
2015.04.14 08:01:06.162,0.7575,0.7576,1.00,1.70
2015.04.14 08:01:06.668,0.75749,0.75761,1.65,1.74
2015.04.14 08:01:07.377,0.7575,0.75761,1.65,1.47
2015.04.14 08:01:08.135,0.75752,0.75763,1.07,2.21
2015.04.14 08:01:08.930,0.75752,0.75764,1.20,2.40
2015.04.14 08:01:09.434,0.75753,0.75764,1.00,1.15
2015.04.14 08:01:09.788,0.75751,0.75764,2.44,1.00
2015.04.14 08:01:09.839,0.75751,0.75755,1.00,1.00
2015.04.14 08:01:09.991,0.75745,0.75757,1.10,2.70
2015.04.14 08:01:10.143,0.75745,0.75757,1.10,2.32
2015.04.14 08:01:10.194,0.75745,0.75758,1.20,1.99
2015.04.14 08:01:10.706,0.75745,0.75759,1.84,2.32
2015.04.14 08:01:10.757,0.75745,0.7576,1.84,4.09
2015.04.14 08:01:15.663,0.75749,0.7576,1.00,2.32
2015.04.14 08:01:16.032,0.75749,0.75762,1.27,1.46
2015.04.14 08:01:16.676,0.75749,0.75762,1.17,3.64
2015.04.14 08:01:18.483,0.75749,0.75762,1.15,3.64
2015.04.14 08:01:18.584,0.7575,0.75763,1.15,2.10
2015.04.14 08:01:18.837,0.75753,0.75765,2.02,2.25
2015.04.14 08:01:18.888,0.75753,0.75767,2.77,1.25
2015.04.14 08:01:19.998,0.75755,0.75768,1.52,4.20
2015.04.14 08:01:20.099,0.75756,0.7577,1.27,4.46
2015.04.14 08:01:20.504,0.75757,0.7577,1.27,1.27
2015.04.14 08:01:20.807,0.75756,0.75769,1.09,2.02
2015.04.14 08:01:21.110,0.7575,0.75763,2.32,1.52
2015.04.14 08:01:22.937,0.75751,0.75757,1.12,1.10
2015.04.14 08:01:23.703,0.75744,0.75752,1.12,2.25
2015.04.14 08:01:23.756,0.7574,0.75752,1.27,3.07
2015.04.14 08:01:25.066,0.7574,0.75752,1.47,3.07
2015.04.14 08:01:25.643,0.7574,0.75754,1.57,7.31
2015.04.14 08:01:26.047,0.75746,0.75756,1.07,1.07
2015.04.14 08:01:26.148,0.75747,0.75758,1.15,1.10
2015.04.14 08:01:26.653,0.7575,0.75761,1.15,1.72
2015.04.14 08:01:26.754,0.7575,0.75761,1.15,1.09
2015.04.14 08:01:27.058,0.75752,0.75762,1.17,1.29
2015.04.14 08:01:28.865,0.75751,0.75763,1.17,1.46
2015.04.14 08:01:29.528,0.7575,0.75763,1.15,3.71
2015.04.14 08:01:33.346,0.75749,0.75761,1.27,1.27
2015.04.14 08:01:33.548,0.75749,0.75761,1.20,3.45
2015.04.14 08:01:43.342,0.75748,0.75761,4.84,3.00
2015.04.14 08:01:43.393,0.75751,0.75764,1.27,1.46
2015.04.14 08:01:43.915,0.75753,0.75764,1.17,1.20
2015.04.14 08:01:43.966,0.75755,0.75766,1.07,1.52
2015.04.14 08:01:44.576,0.75756,0.75767,2.02,1.27
2015.04.14 08:01:44.879,0.75758,0.75768,1.17,1.20
2015.04.14 08:01:45.748,0.75759,0.75771,1.27,1.52
2015.04.14 08:01:46.387,0.75759,0.75772,1.27,1.77
2015.04.14 08:01:46.641,0.75756,0.75767,1.25,2.02
2015.04.14 08:01:46.693,0.75755,0.75767,2.40,2.40
2015.04.14 08:01:47.214,0.75754,0.75766,2.02,2.40
2015.04.14 08:01:47.517,0.75756,0.75769,1.95,1.40
2015.04.14 08:01:47.668,0.75758,0.75771,1.27,1.46
2015.04.14 08:01:48.194,0.75758,0.75773,2.02,2.29
2015.04.14 08:01:48.700,0.7576,0.75773,1.15,2.29
2015.04.14 08:01:49.247,0.75759,0.75773,1.27,2.21
2015.04.14 08:01:49.571,0.75759,0.7577,1.27,1.37
2015.04.14 08:01:49.672,0.75756,0.75765,1.10,1.20
2015.04.14 08:01:50.202,0.75757,0.75769,1.20,2.89
2015.04.14 08:01:50.404,0.75759,0.75773,1.17,2.36
2015.04.14 08:01:50.953,0.75758,0.75773,2.40,1.89
2015.04.14 08:01:51.625,0.75759,0.75771,2.02,1.20
2015.04.14 08:01:51.828,0.75761,0.75774,2.77,2.02
2015.04.14 08:01:53.075,0.75761,0.75774,1.72,2.77
2015.04.14 08:01:53.668,0.75761,0.75773,1.55,1.52
2015.04.14 08:01:55.724,0.75759,0.75771,1.35,2.02
2015.04.14 08:01:58.200,0.75757,0.75768,1.20,3.45
2015.04.14 08:01:58.251,0.75754,0.75768,3.67,3.45
2015.04.14 08:01:58.783,0.75754,0.75767,2.40,3.45
2015.04.14 08:01:58.834,0.75754,0.75764,1.57,1.27
2015.04.14 08:01:59.339,0.75753,0.75764,1.00,1.27
2015.04.14 08:01:59.947,0.75751,0.75762,1.47,1.55
2015.04.14 08:02:00.051,0.75751,0.75761,1.37,1.27
2015.04.14 08:02:03.085,0.7575,0.75761,2.14,1.07
2015.04.14 08:02:03.136,0.75754,0.75764,1.95,3.00
2015.04.14 08:02:03.187,0.75757,0.75764,1.00,2.92
2015.04.14 08:02:03.237,0.75757,0.75765,1.10,1.00
2015.04.14 08:02:03.389,0.75756,0.75768,1.65,1.27
2015.04.14 08:02:04.152,0.75758,0.75768,1.00,1.17
2015.04.14 08:02:05.498,0.75755,0.75765,3.00,1.27
2015.04.14 08:02:05.752,0.75754,0.75764,1.17,1.17
2015.04.14 08:02:06.458,0.75753,0.75766,2.40,1.52
2015.04.14 08:02:08.149,0.75753,0.75765,2.47,1.45
2015.04.14 08:02:08.301,0.75751,0.75761,1.57,1.27
2015.04.14 08:02:08.453,0.7575,0.75761,1.10,1.27
2015.04.14 08:02:08.655,0.7575,0.75761,1.10,1.27
2015.04.14 08:02:09.955,0.7575,0.75761,1.17,1.27
2015.04.14 08:02:10.660,0.75751,0.7576,0.10,1.10
2015.04.14 08:02:11.249,0.75751,0.7576,0.10,1.57
2015.04.14 08:02:11.552,0.75751,0.75757,0.10,1.95
2015.04.14 08:02:12.874,0.75751,0.75754,0.10,1.52
2015.04.14 08:02:15.346,0.75751,0.75752,0.10,1.10
2015.04.14 08:02:15.869,0.75751,0.75753,0.10,1.76
2015.04.14 08:02:15.970,0.7574,0.7575,1.17,1.00
2015.04.14 08:02:16.476,0.7574,0.75751,1.17,1.20
2015.04.14 08:02:18.355,0.7574,0.7575,1.17,1.00
2015.04.14 08:02:19.933,0.7574,0.75751,1.17,1.95
2015.04.14 08:02:20.435,0.7574,0.7575,1.17,1.00
2015.04.14 08:02:20.954,0.7574,0.7575,1.10,1.10
2015.04.14 08:02:21.627,0.75738,0.75749,1.65,1.12
2015.04.14 08:02:22.686,0.75738,0.75749,1.20,1.27
2015.04.14 08:02:22.738,0.75735,0.75745,2.21,1.00
2015.04.14 08:02:26.024,0.75735,0.75746,2.02,1.00
2015.04.14 08:02:32.289,0.75734,0.75746,1.71,1.39
2015.04.14 08:02:33.255,0.75734,0.75746,1.34,1.39
2015.04.14 08:02:34.006,0.75734,0.75746,1.34,1.66
2015.04.14 08:02:34.108,0.75731,0.75742,1.84,1.10
2015.04.14 08:02:34.612,0.75732,0.75742,1.17,1.19
2015.04.14 08:02:37.716,0.75732,0.75742,1.36,1.56
2015.04.14 08:02:37.818,0.7573,0.75741,1.46,1.71
2015.04.14 08:02:38.345,0.7573,0.75741,1.46,1.56
2015.04.14 08:02:38.648,0.7573,0.75742,3.34,1.25
2015.04.14 08:02:38.900,0.75732,0.75744,1.71,1.19
2015.04.14 08:02:40.215,0.75732,0.75745,1.16,1.71
2015.04.14 08:02:40.569,0.75731,0.75743,3.04,1.74
2015.04.14 08:02:41.074,0.75731,0.75743,2.59,1.71
2015.04.14 08:02:42.640,0.7573,0.75743,1.84,1.71
2015.04.14 08:02:43.466,0.7573,0.75743,1.84,1.71
2015.04.14 08:02:43.970,0.75729,0.75741,1.46,1.71
2015.04.14 08:02:44.520,0.75729,0.75741,1.46,2.59
2015.04.14 08:02:45.479,0.75729,0.75741,1.39,2.59
2015.04.14 08:02:47.474,0.75728,0.75741,2.29,3.34
2015.04.14 08:02:47.997,0.75729,0.75741,1.46,3.34
2015.04.14 08:02:51.475,0.75733,0.75741,1.00,2.59
2015.04.14 08:02:51.627,0.75733,0.75743,1.20,1.15
2015.04.14 08:02:51.677,0.75734,0.75743,1.19,1.15
2015.04.14 08:02:51.729,0.75739,0.75745,1.00,1.10
2015.04.14 08:02:51.830,0.75739,0.75749,1.09,2.51
2015.04.14 08:02:52.518,0.75739,0.75749,2.36,1.56
2015.04.14 08:02:52.822,0.75744,0.75751,1.07,1.00
2015.04.14 08:02:53.125,0.75744,0.75752,1.07,1.37
2015.04.14 08:02:53.378,0.75744,0.75753,1.00,1.76
2015.04.14 08:02:53.834,0.75742,0.75751,1.20,1.62
2015.04.14 08:03:02.134,0.75742,0.75752,1.09,1.76
2015.04.14 08:03:02.393,0.75744,0.75752,1.00,1.34
2015.04.14 08:03:04.385,0.75743,0.75752,1.00,1.77
2015.04.14 08:03:04.891,0.75743,0.75752,1.25,1.71
2015.04.14 08:03:05.628,0.75741,0.75752,1.69,1.71
2015.04.14 08:03:05.984,0.75741,0.75752,1.69,1.34
2015.04.14 08:03:06.489,0.75742,0.75752,1.00,1.34
2015.04.14 08:03:07.383,0.75741,0.75752,1.19,2.96
2015.04.14 08:03:07.889,0.75741,0.75752,1.25,2.21
2015.04.14 08:03:08.444,0.75741,0.75752,1.25,2.21
2015.04.14 08:03:09.437,0.75741,0.7575,1.00,1.39
2015.04.14 08:03:12.381,0.75741,0.7575,1.25,1.39
2015.04.14 08:03:15.480,0.75739,0.7575,1.84,1.71
2015.04.14 08:03:16.509,0.7574,0.7575,1.17,1.74
2015.04.14 08:03:16.913,0.7574,0.75752,1.34,2.89
2015.04.14 08:03:18.866,0.75741,0.75752,1.09,2.89
2015.04.14 08:03:19.879,0.75741,0.75752,1.09,2.89
2015.04.14 08:03:22.181,0.7574,0.75752,1.34,2.89
2015.04.14 08:03:22.879,0.75739,0.75752,5.96,2.89
2015.04.14 08:03:27.052,0.75747,0.75759,2.40,5.14
2015.04.14 08:03:27.103,0.75747,0.75759,2.96,1.29
2015.04.14 08:03:27.204,0.75747,0.7576,5.89,1.46
2015.04.14 08:03:28.013,0.75748,0.75761,1.46,3.04
2015.04.14 08:03:32.020,0.75749,0.75762,2.96,2.96
2015.04.14 08:03:32.071,0.75749,0.75756,1.39,1.00
2015.04.14 08:03:32.122,0.75748,0.75756,1.00,1.10
2015.04.14 08:03:32.628,0.75747,0.75756,1.10,1.32
2015.04.14 08:03:33.234,0.75746,0.75756,2.21,1.25
2015.04.14 08:03:33.335,0.75747,0.7576,2.21,2.66
2015.04.14 08:03:34.095,0.75748,0.7576,2.21,1.16
2015.04.14 08:03:35.439,0.75748,0.7576,2.96,1.49
2015.04.14 08:03:36.569,0.75748,0.75758,1.31,1.15
2015.04.14 08:03:36.670,0.75746,0.75755,2.32,1.00
2015.04.14 08:03:37.175,0.75743,0.75755,1.91,1.31
2015.04.14 08:03:37.478,0.75748,0.75759,1.15,1.91
2015.04.14 08:03:37.781,0.75744,0.75754,1.76,1.20
2015.04.14 08:03:39.032,0.75743,0.75754,1.26,2.21
2015.04.14 08:03:41.109,0.75742,0.75751,1.36,1.00
2015.04.14 08:03:41.210,0.75742,0.75751,1.10,1.31
2015.04.14 08:03:42.317,0.75742,0.75752,1.00,2.29
2015.04.14 08:03:43.223,0.75742,0.75752,1.00,2.29
2015.04.14 08:03:44.214,0.75742,0.75752,1.00,2.29
2015.04.14 08:03:46.246,0.75742,0.75752,1.00,2.29
2015.04.14 08:03:46.752,0.75742,0.75752,1.15,1.31
2015.04.14 08:03:47.259,0.75741,0.75752,1.84,1.31
2015.04.14 08:03:52.093,0.75741,0.7575,1.84,1.00
2015.04.14 08:03:53.695,0.75741,0.7575,1.36,1.25
2015.04.14 08:03:56.544,0.75741,0.7575,2.59,1.00
2015.04.14 08:03:57.092,0.75741,0.75751,1.84,1.00
2015.04.14 08:03:57.596,0.75741,0.7575,1.84,1.00
2015.04.14 08:04:00.638,0.75741,0.7575,1.40,1.50
2015.04.14 08:04:02.042,0.75742,0.7575,1.34,1.00
2015.04.14 08:04:02.553,0.75741,0.7575,1.29,1.00
2015.04.14 08:04:03.554,0.75741,0.7575,1.09,1.00
2015.04.14 08:04:03.857,0.75741,0.7575,1.46,1.00
2015.04.14 08:04:05.649,0.75743,0.7575,1.25,1.00
2015.04.14 08:04:06.406,0.75743,0.75752,1.25,2.14
2015.04.14 08:04:06.708,0.75743,0.75752,1.25,1.66
2015.04.14 08:04:07.061,0.75743,0.75752,1.25,1.39
2015.04.14 08:04:08.794,0.75743,0.75752,1.25,1.66
2015.04.14 08:04:09.306,0.75743,0.75751,1.25,1.25
2015.04.14 08:04:18.397,0.75743,0.75753,1.19,1.36
2015.04.14 08:04:20.206,0.75743,0.75753,1.84,1.00
2015.04.14 08:04:21.516,0.75743,0.75753,1.25,1.09
2015.04.14 08:04:23.466,0.75742,0.75753,1.84,1.09
2015.04.14 08:04:24.170,0.75742,0.75753,1.39,1.09
2015.04.14 08:04:25.171,0.75742,0.75753,1.39,1.74
2015.04.14 08:04:31.210,0.75742,0.75753,1.01,2.21
2015.04.14 08:04:32.190,0.75742,0.75753,1.29,1.46
2015.04.14 08:04:33.188,0.75742,0.75753,1.01,1.46
2015.04.14 08:04:34.203,0.75742,0.75753,1.29,1.46
2015.04.14 08:04:35.165,0.75742,0.75752,1.29,1.47
2015.04.14 08:04:35.368,0.75741,0.75751,1.09,2.14
2015.04.14 08:04:36.198,0.75741,0.75751,1.10,2.14
2015.04.14 08:04:39.057,0.75743,0.75751,1.00,2.14
2015.04.14 08:04:39.209,0.75747,0.75752,1.37,1.00
2015.04.14 08:04:39.260,0.75747,0.75757,1.37,2.36
2015.04.14 08:04:39.412,0.75746,0.75752,1.17,1.00
2015.04.14 08:04:39.463,0.75744,0.75752,1.40,1.00
2015.04.14 08:04:39.564,0.75744,0.75752,1.01,1.00
2015.04.14 08:04:40.078,0.75741,0.75753,1.54,1.17
2015.04.14 08:04:40.431,0.75742,0.75755,1.54,1.74
2015.04.14 08:04:40.937,0.75743,0.75755,1.36,2.96
2015.04.14 08:04:41.954,0.75743,0.75755,1.25,2.96
2015.04.14 08:04:42.208,0.75743,0.75755,1.34,1.71
2015.04.14 08:04:43.220,0.75744,0.75756,1.34,2.29
2015.04.14 08:04:43.735,0.75744,0.75756,1.46,1.81
2015.04.14 08:04:46.166,0.75745,0.75757,1.39,2.21
2015.04.14 08:04:46.217,0.75745,0.75757,1.46,2.21
2015.04.14 08:04:46.723,0.75746,0.75758,1.39,3.34
2015.04.14 08:04:48.594,0.75748,0.75758,1.00,1.46
2015.04.14 08:04:48.645,0.75748,0.75758,1.00,1.46
2015.04.14 08:04:50.470,0.75748,0.7576,1.15,3.49
2015.04.14 08:04:50.773,0.75749,0.75762,1.81,1.71
2015.04.14 08:04:51.278,0.75749,0.75761,1.39,2.21
2015.04.14 08:04:51.783,0.75747,0.75759,1.46,1.74
2015.04.14 08:04:53.325,0.75748,0.75754,1.00,1.71
2015.04.14 08:04:53.376,0.75741,0.75753,1.76,1.46
2015.04.14 08:04:53.579,0.75741,0.75751,1.00,1.84
2015.04.14 08:04:54.889,0.75741,0.75751,1.00,1.84
2015.04.14 08:04:56.315,0.75741,0.75749,1.00,1.09
2015.04.14 08:04:56.619,0.75731,0.75743,1.84,1.70
2015.04.14 08:04:56.670,0.75731,0.75743,1.84,1.71
2015.04.14 08:04:56.873,0.75732,0.75744,1.84,2.29
2015.04.14 08:04:57.387,0.75732,0.75744,2.59,1.46
2015.04.14 08:04:58.293,0.75733,0.75745,1.15,1.49
2015.04.14 08:04:58.843,0.75733,0.75745,1.40,1.46
2015.04.14 08:04:59.348,0.75734,0.75744,1.15,2.06
2015.04.14 08:05:01.308,0.75733,0.75744,1.84,2.21
2015.04.14 08:05:01.815,0.75733,0.75743,1.09,1.46
2015.04.14 08:05:03.336,0.7573,0.75742,1.99,1.32
2015.04.14 08:05:03.386,0.7573,0.75742,1.91,1.36
2015.04.14 08:05:04.387,0.7573,0.75742,1.65,2.21
2015.04.14 08:05:04.489,0.7573,0.75742,1.84,2.21
2015.04.14 08:05:05.398,0.75731,0.75742,1.10,1.46
2015.04.14 08:05:05.902,0.75732,0.75742,1.10,1.39
2015.04.14 08:05:08.144,0.7573,0.75742,1.34,1.66
2015.04.14 08:05:09.237,0.7573,0.75742,1.34,1.66
2015.04.14 08:05:12.848,0.7573,0.75742,1.34,2.14
2015.04.14 08:05:13.353,0.7573,0.7574,1.29,1.39
2015.04.14 08:05:13.656,0.75728,0.7574,2.59,3.34
2015.04.14 08:05:14.161,0.75729,0.75739,1.10,2.14
2015.04.14 08:05:14.514,0.75728,0.75739,2.59,2.14
2015.04.14 08:05:17.934,0.75729,0.75741,2.29,3.34
2015.04.14 08:05:20.429,0.75729,0.75739,1.27,2.14
2015.04.14 08:05:20.978,0.75729,0.75739,1.15,2.06
2015.04.14 08:05:22.935,0.75724,0.7573,1.67,1.00
2015.04.14 08:05:22.987,0.75721,0.7573,1.20,1.62
2015.04.14 08:05:23.392,0.75721,0.7573,1.20,1.25
2015.04.14 08:05:23.443,0.75721,0.75731,1.40,1.25
2015.04.14 08:05:23.953,0.75722,0.75734,1.84,1.84
2015.04.14 08:05:24.256,0.75723,0.75735,2.96,1.76
2015.04.14 08:05:25.965,0.75723,0.75735,2.96,1.09
2015.04.14 08:05:26.016,0.75724,0.75737,1.39,3.49
2015.04.14 08:05:26.117,0.75726,0.75737,1.00,1.99
2015.04.14 08:05:26.622,0.75726,0.75737,1.46,1.84
2015.04.14 08:05:27.078,0.75728,0.75738,1.01,1.76
2015.04.14 08:05:27.179,0.75728,0.75738,1.25,1.84
2015.04.14 08:05:27.381,0.75728,0.75738,1.09,1.84
2015.04.14 08:05:29.177,0.75728,0.75738,1.29,2.21
2015.04.14 08:05:29.278,0.75727,0.75737,1.00,1.36
2015.04.14 08:05:29.430,0.75724,0.75734,1.76,1.39
2015.04.14 08:05:29.481,0.75724,0.75733,1.00,3.19
2015.04.14 08:05:29.532,0.75721,0.75732,1.09,1.27
2015.04.14 08:05:30.049,0.75718,0.75729,2.29,1.32
2015.04.14 08:05:30.403,0.75719,0.75731,2.59,2.14
2015.04.14 08:05:30.454,0.75721,0.75731,1.74,1.57
2015.04.14 08:05:30.656,0.75723,0.75735,1.74,1.09
2015.04.14 08:05:30.707,0.75724,0.75736,1.46,1.19
2015.04.14 08:05:31.010,0.7572,0.75731,1.39,1.46
2015.04.14 08:05:31.687,0.7572,0.75731,1.39,2.21
2015.04.14 08:05:32.510,0.75718,0.7573,2.66,1.26
2015.04.14 08:05:33.816,0.75718,0.75729,1.46,1.34
2015.04.14 08:05:34.345,0.75719,0.75731,1.32,3.79
2015.04.14 08:05:34.850,0.75717,0.75729,1.46,1.09
2015.04.14 08:05:37.791,0.75716,0.75728,1.54,1.65
2015.04.14 08:05:38.329,0.75716,0.75728,1.54,1.84
2015.04.14 08:05:38.846,0.75714,0.75725,2.96,1.00
2015.04.14 08:05:38.947,0.75715,0.75726,1.16,1.74
2015.04.14 08:05:39.509,0.75713,0.75723,1.25,1.07
2015.04.14 08:05:39.560,0.75711,0.75721,2.02,1.47
2015.04.14 08:05:39.611,0.75711,0.75721,1.20,4.31
2015.04.14 08:05:39.662,0.75707,0.75719,1.84,1.40
2015.04.14 08:05:40.066,0.75705,0.75715,1.74,1.00
2015.04.14 08:05:40.117,0.75703,0.75714,1.44,1.10
2015.04.14 08:05:40.219,0.75703,0.75714,1.07,1.17
2015.04.14 08:05:40.270,0.757,0.75714,3.41,1.15
2015.04.14 08:05:40.321,0.757,0.75714,2.66,1.77
2015.04.14 08:05:40.574,0.75702,0.75714,1.79,2.21
2015.04.14 08:05:41.081,0.75704,0.75718,2.21,1.54
2015.04.14 08:05:44.138,0.75703,0.75717,3.60,4.95
2015.04.14 08:05:44.441,0.75705,0.75716,1.65,1.15
2015.04.14 08:05:45.017,0.75705,0.75718,2.47,1.65
2015.04.14 08:05:46.646,0.75705,0.75718,2.47,1.15
2015.04.14 08:05:47.724,0.75704,0.75714,1.42,1.00
2015.04.14 08:05:48.027,0.75703,0.75714,1.65,1.15
2015.04.14 08:05:48.230,0.75703,0.75715,2.40,1.10
2015.04.14 08:05:48.584,0.75703,0.75713,1.65,1.00
2015.04.14 08:05:48.887,0.75696,0.75711,2.40,2.21
2015.04.14 08:05:49.241,0.75696,0.75711,2.40,1.46
2015.04.14 08:05:50.826,0.75696,0.75709,1.52,1.17
2015.04.14 08:05:51.230,0.75696,0.75709,1.52,1.15
2015.04.14 08:05:51.331,0.75696,0.75704,1.15,1.00
2015.04.14 08:05:52.791,0.75696,0.75705,1.15,1.00
2015.04.14 08:05:53.074,0.75696,0.75708,1.27,1.39
2015.04.14 08:05:54.279,0.75697,0.75706,1.27,1.00
2015.04.14 08:05:54.661,0.75695,0.75702,1.30,1.00
2015.04.14 08:05:54.763,0.75693,0.75702,1.65,1.00
2015.04.14 08:05:54.814,0.75693,0.75702,1.20,1.00
2015.04.14 08:05:54.864,0.75691,0.75699,2.36,1.00
2015.04.14 08:05:55.785,0.75688,0.75698,3.60,1.00
2015.04.14 08:05:56.189,0.75688,0.757,3.60,1.10
2015.04.14 08:05:56.392,0.75688,0.75699,2.85,1.37
2015.04.14 08:05:56.746,0.75687,0.75697,1.42,1.00
2015.04.14 08:05:57.251,0.75686,0.75698,3.60,1.20
2015.04.14 08:05:58.361,0.75686,0.75699,2.17,1.55
2015.04.14 08:05:59.109,0.75686,0.7569,1.50,1.20
2015.04.14 08:05:59.160,0.75679,0.7569,1.95,1.17
2015.04.14 08:05:59.211,0.75679,0.7569,1.20,1.17
2015.04.14 08:05:59.312,0.75679,0.75686,1.07,1.00
2015.04.14 08:05:59.615,0.75677,0.75684,1.00,1.00
2015.04.14 08:05:59.868,0.75675,0.7568,1.15,1.00
2015.04.14 08:06:00.121,0.7567,0.75677,1.17,1.00
2015.04.14 08:06:00.576,0.75668,0.75676,1.20,1.00
2015.04.14 08:06:01.081,0.75668,0.75673,1.00,1.00
2015.04.14 08:06:01.232,0.75661,0.75672,1.45,1.00
2015.04.14 08:06:01.283,0.75662,0.75674,1.07,1.00
2015.04.14 08:06:01.334,0.75661,0.75674,2.10,1.00
2015.04.14 08:06:02.092,0.75665,0.75678,2.21,1.17
2015.04.14 08:06:02.916,0.75666,0.75679,3.79,1.07
2015.04.14 08:06:03.421,0.75665,0.75678,1.89,1.17
2015.04.14 08:06:04.027,0.75665,0.75679,3.79,1.17
2015.04.14 08:06:04.456,0.75665,0.75678,2.66,1.95
2015.04.14 08:06:04.608,0.75659,0.75672,2.15,1.20
2015.04.14 08:06:04.710,0.75658,0.7567,1.42,1.00
2015.04.14 08:06:04.812,0.75657,0.7567,1.61,1.15
2015.04.14 08:06:05.116,0.75656,0.75668,1.61,1.07
2015.04.14 08:06:05.624,0.75656,0.75669,1.61,1.65
2015.04.14 08:06:07.400,0.75657,0.7567,1.35,2.21
2015.04.14 08:06:10.442,0.7566,0.75671,1.07,1.15
2015.04.14 08:06:10.543,0.7566,0.75671,2.02,1.00
2015.04.14 08:06:10.745,0.75662,0.75676,1.95,1.84
2015.04.14 08:06:11.049,0.75661,0.75674,1.27,3.64
2015.04.14 08:06:11.302,0.7566,0.75672,1.65,1.27
2015.04.14 08:06:11.756,0.7566,0.75672,1.10,3.45
2015.04.14 08:06:12.563,0.7566,0.75671,1.20,1.34
2015.04.14 08:06:13.344,0.7566,0.75673,1.65,2.02
2015.04.14 08:06:13.856,0.7566,0.75673,1.65,2.02
2015.04.14 08:06:17.255,0.75665,0.75673,1.27,1.00
2015.04.14 08:06:17.306,0.7567,0.75679,1.12,1.40
2015.04.14 08:06:17.408,0.7567,0.75683,1.52,1.95
2015.04.14 08:06:17.509,0.75673,0.75683,1.15,1.00
2015.04.14 08:06:17.610,0.75675,0.75685,1.17,1.00
2015.04.14 08:06:17.712,0.75676,0.75688,1.15,1.15
2015.04.14 08:06:17.914,0.75674,0.75687,1.17,1.15
2015.04.14 08:06:18.217,0.75672,0.75684,2.29,1.17
2015.04.14 08:06:18.369,0.7567,0.75683,2.59,1.15
2015.04.14 08:06:18.622,0.7567,0.75682,1.30,1.15
2015.04.14 08:06:22.575,0.75673,0.75682,1.65,1.12
2015.04.14 08:06:22.879,0.75677,0.75687,1.00,2.32
2015.04.14 08:06:23.695,0.75676,0.75685,1.37,1.17
2015.04.14 08:06:23.796,0.75677,0.75684,1.12,1.07
2015.04.14 08:06:24.302,0.75676,0.75684,1.47,1.07
2015.04.14 08:06:25.214,0.75674,0.75684,1.62,1.00
2015.04.14 08:06:27.766,0.75675,0.75683,1.50,1.00
2015.04.14 08:06:29.607,0.75676,0.75683,1.01,1.00
2015.04.14 08:06:30.729,0.75676,0.75685,1.01,1.07
2015.04.14 08:06:32.417,0.75676,0.75687,1.01,2.21
2015.04.14 08:06:32.620,0.75675,0.75682,1.01,1.00
2015.04.14 08:06:33.576,0.75674,0.75682,1.61,1.00
2015.04.14 08:06:34.084,0.75674,0.75683,2.36,1.00
2015.04.14 08:06:34.729,0.75674,0.75682,2.36,1.00
2015.04.14 08:06:36.135,0.75674,0.75683,2.36,1.00
2015.04.14 08:06:37.512,0.75674,0.75683,2.36,1.00
2015.04.14 08:06:38.016,0.75674,0.75684,1.61,1.10
2015.04.14 08:06:39.735,0.75675,0.75685,2.29,1.00
2015.04.14 08:06:40.241,0.75675,0.75684,1.84,1.00
2015.04.14 08:06:40.747,0.75675,0.75685,1.34,1.25
2015.04.14 08:06:41.403,0.75676,0.75686,1.09,1.09
2015.04.14 08:06:41.857,0.75674,0.75684,1.54,1.00
2015.04.14 08:06:43.467,0.75674,0.75685,1.54,1.00
2015.04.14 08:06:43.770,0.75673,0.75682,1.25,1.00
2015.04.14 08:06:44.074,0.75669,0.75682,1.91,1.71
2015.04.14 08:06:44.378,0.75672,0.75683,1.81,1.00
2015.04.14 08:06:44.884,0.75673,0.75683,1.46,1.00
2015.04.14 08:06:45.392,0.75673,0.75683,1.71,1.00
2015.04.14 08:06:47.201,0.75674,0.75687,1.61,2.21
2015.04.14 08:06:47.718,0.75674,0.75686,2.36,1.32
2015.04.14 08:06:48.123,0.75677,0.75687,1.79,1.00
2015.04.14 08:06:48.678,0.75677,0.75686,1.66,1.00
2015.04.14 08:06:49.436,0.75679,0.7569,1.87,2.32
2015.04.14 08:06:49.537,0.75682,0.75694,1.71,1.15
2015.04.14 08:06:49.639,0.75682,0.75696,2.21,1.46
2015.04.14 08:06:52.639,0.75683,0.75691,1.34,1.00
2015.04.14 08:06:52.942,0.75677,0.75684,1.61,1.00
2015.04.14 08:06:55.287,0.75677,0.75685,1.70,1.00
2015.04.14 08:06:55.490,0.75679,0.75691,1.81,1.10
2015.04.14 08:06:55.541,0.75681,0.75691,2.81,1.00
2015.04.14 08:06:56.047,0.75682,0.75691,1.81,1.00
2015.04.14 08:06:56.624,0.75682,0.75691,1.81,1.00
2015.04.14 08:06:57.586,0.75682,0.75688,1.01,1.00
2015.04.14 08:06:58.192,0.75682,0.7569,1.77,1.00
2015.04.14 08:06:58.446,0.75681,0.75689,2.74,1.00
2015.04.14 08:06:58.497,0.75681,0.75687,1.99,1.00
2015.04.14 08:06:59.047,0.75678,0.75688,4.54,1.00
2015.04.14 08:06:59.553,0.7568,0.75687,1.84,1.00
2015.04.14 08:07:00.058,0.75679,0.75686,1.89,1.00
2015.04.14 08:07:02.769,0.75679,0.75694,1.89,3.64
2015.04.14 08:07:03.123,0.75679,0.75688,1.89,1.00
2015.04.14 08:07:03.629,0.75679,0.75689,1.89,1.00
2015.04.14 08:07:04.143,0.75679,0.75689,1.89,1.00
2015.04.14 08:07:05.987,0.75679,0.7569,1.89,1.10
2015.04.14 08:07:06.088,0.75679,0.75692,1.89,1.17
2015.04.14 08:07:07.564,0.75682,0.75692,2.44,1.07
2015.04.14 08:07:07.615,0.75681,0.7569,1.46,1.00
2015.04.14 08:07:08.120,0.75679,0.7569,1.89,1.10
2015.04.14 08:07:08.221,0.75681,0.75692,1.71,1.10
2015.04.14 08:07:08.726,0.75683,0.75692,1.09,1.10
2015.04.14 08:07:09.539,0.75683,0.75692,1.09,1.10
2015.04.14 08:07:10.045,0.75683,0.75691,1.09,1.00
2015.04.14 08:07:11.055,0.75682,0.7569,1.71,1.00
2015.04.14 08:07:11.913,0.7568,0.7569,3.04,1.50
2015.04.14 08:07:12.316,0.75679,0.75687,1.61,1.10
2015.04.14 08:07:12.367,0.75679,0.75687,1.54,1.10
2015.04.14 08:07:12.519,0.75675,0.75686,2.36,1.07
2015.04.14 08:07:12.822,0.75671,0.7568,1.44,1.07
2015.04.14 08:07:12.923,0.75669,0.7568,1.91,1.07
2015.04.14 08:07:13.025,0.75668,0.75678,1.61,1.07
2015.04.14 08:07:13.530,0.75665,0.75678,2.21,2.21
2015.04.14 08:07:14.198,0.75666,0.75676,1.89,1.10
2015.04.14 08:07:15.072,0.75665,0.75676,1.39,1.17
2015.04.14 08:07:15.577,0.75664,0.75676,1.46,1.09
2015.04.14 08:07:16.132,0.75663,0.7567,1.60,1.00
2015.04.14 08:07:16.183,0.75662,0.7567,1.30,1.00
2015.04.14 08:07:16.284,0.7566,0.7567,1.46,1.20
2015.04.14 08:07:16.436,0.75659,0.75668,1.09,1.00
2015.04.14 08:07:17.171,0.75658,0.75668,1.84,1.01
2015.04.14 08:07:17.223,0.75658,0.75667,1.09,1.00
2015.04.14 08:07:17.932,0.75658,0.75667,1.39,1.25
2015.04.14 08:07:19.127,0.75656,0.75667,1.71,1.00
2015.04.14 08:07:19.631,0.75655,0.75667,2.66,1.25
2015.04.14 08:07:20.539,0.75655,0.75663,1.91,1.00
2015.04.14 08:07:20.842,0.75656,0.75665,2.21,1.07
2015.04.14 08:07:20.893,0.75654,0.75665,1.09,1.00
2015.04.14 08:07:22.343,0.75654,0.75665,1.01,2.25
2015.04.14 08:07:22.394,0.75654,0.75666,1.09,1.39
2015.04.14 08:07:22.900,0.75655,0.75666,1.09,1.10
2015.04.14 08:07:23.103,0.75656,0.75666,1.01,1.10
2015.04.14 08:07:23.627,0.75656,0.75668,3.34,1.76
2015.04.14 08:07:23.933,0.75658,0.75668,1.09,1.10
2015.04.14 08:07:24.035,0.75659,0.7567,2.59,1.25
2015.04.14 08:07:24.136,0.75663,0.75672,2.89,1.69
2015.04.14 08:07:24.237,0.75661,0.75672,1.09,1.32
2015.04.14 08:07:24.642,0.75658,0.75669,1.91,1.57
2015.04.14 08:07:24.743,0.75658,0.75669,1.61,1.57
2015.04.14 08:07:24.845,0.75662,0.75672,1.25,2.32
2015.04.14 08:07:24.947,0.75665,0.75676,1.29,2.40
2015.04.14 08:07:25.000,0.75667,0.75676,2.44,1.10
2015.04.14 08:07:25.152,0.75664,0.75677,2.96,1.84
2015.04.14 08:07:29.687,0.75667,0.75675,1.17,1.00
2015.04.14 08:07:30.193,0.75668,0.75677,1.01,1.36
2015.04.14 08:07:30.244,0.7567,0.75677,1.00,1.17
2015.04.14 08:07:30.756,0.7567,0.75678,1.00,1.07
2015.04.14 08:07:31.365,0.75671,0.7568,1.00,1.46
2015.04.14 08:07:31.416,0.75671,0.7568,1.00,1.46
2015.04.14 08:07:32.238,0.75676,0.75681,1.00,1.10
2015.04.14 08:07:32.289,0.75677,0.75681,1.00,1.00
2015.04.14 08:07:32.594,0.75677,0.75687,1.00,2.21
2015.04.14 08:07:32.955,0.75678,0.75689,1.17,1.34
2015.04.14 08:07:33.515,0.75678,0.75689,1.26,1.36
2015.04.14 08:07:33.768,0.75682,0.7569,1.00,1.17
2015.04.14 08:07:33.970,0.75678,0.75685,1.10,1.00
2015.04.14 08:07:34.072,0.7568,0.75685,1.00,1.10
2015.04.14 08:07:34.225,0.75679,0.75687,1.00,1.10
2015.04.14 08:07:34.730,0.75677,0.75689,1.29,1.84
2015.04.14 08:07:35.084,0.75677,0.75688,1.10,1.84
2015.04.14 08:07:35.387,0.75679,0.75688,1.00,2.51
2015.04.14 08:07:35.488,0.75679,0.75688,1.00,1.29
2015.04.14 08:07:35.741,0.7568,0.75689,1.10,1.00
2015.04.14 08:07:37.555,0.7568,0.7569,1.26,1.32
2015.04.14 08:07:39.377,0.75679,0.75691,1.99,1.84
2015.04.14 08:07:39.832,0.75677,0.75684,1.95,1.00
2015.04.14 08:07:39.884,0.75678,0.75684,1.07,1.00
2015.04.14 08:07:39.985,0.75676,0.75684,1.57,1.10
2015.04.14 08:07:40.136,0.75676,0.75686,1.26,1.20
2015.04.14 08:07:40.641,0.75676,0.75689,1.34,2.59
2015.04.14 08:07:43.174,0.75678,0.75689,1.46,1.26
2015.04.14 08:07:43.276,0.75681,0.75691,1.10,1.26
2015.04.14 08:07:43.428,0.75681,0.75692,1.46,1.10
2015.04.14 08:07:43.479,0.75681,0.75692,1.46,1.10
2015.04.14 08:07:44.113,0.75681,0.75691,1.46,1.00
2015.04.14 08:07:44.804,0.75681,0.75691,1.46,1.19
2015.04.14 08:07:45.310,0.7568,0.7569,2.40,1.69
2015.04.14 08:07:45.462,0.75677,0.75685,3.07,1.00
2015.04.14 08:07:45.564,0.75677,0.75684,1.10,1.62
2015.04.14 08:07:45.867,0.75677,0.75684,1.10,1.31
2015.04.14 08:07:46.170,0.75674,0.75682,1.44,1.00
2015.04.14 08:07:47.249,0.75675,0.75682,1.00,1.00
2015.04.14 08:07:47.300,0.75673,0.75682,1.65,1.00
2015.04.14 08:07:47.816,0.75671,0.75682,1.51,1.29
2015.04.14 08:07:48.321,0.75671,0.75681,1.10,1.01
2015.04.14 08:07:48.725,0.75671,0.75679,1.10,1.00
2015.04.14 08:07:49.281,0.75671,0.75679,1.00,1.17
2015.04.14 08:07:49.832,0.75666,0.75674,2.47,1.00
2015.04.14 08:07:49.883,0.75665,0.75674,1.35,1.00
2015.04.14 08:07:49.933,0.75664,0.75673,1.15,1.19
2015.04.14 08:07:49.984,0.75664,0.75673,1.10,1.26
2015.04.14 08:07:50.187,0.75659,0.7567,2.29,1.01
2015.04.14 08:07:50.390,0.75659,0.75668,2.14,1.00
2015.04.14 08:07:50.894,0.75659,0.75669,2.14,1.10
2015.04.14 08:07:52.503,0.7566,0.75668,1.12,1.00
2015.04.14 08:07:53.457,0.75659,0.75669,1.95,1.01
2015.04.14 08:07:54.151,0.7566,0.75668,1.12,1.00
2015.04.14 08:07:54.657,0.7566,0.75668,1.00,1.19
2015.04.14 08:07:55.208,0.75659,0.75669,1.20,1.29
2015.04.14 08:07:55.614,0.75655,0.75666,2.02,1.27
2015.04.14 08:07:55.715,0.75651,0.75664,1.46,1.84
2015.04.14 08:07:56.220,0.75651,0.75659,1.46,1.00
2015.04.14 08:07:56.736,0.7565,0.75661,1.70,1.17
2015.04.14 08:07:58.524,0.7565,0.7566,1.39,1.09
2015.04.14 08:08:00.322,0.7565,0.7566,1.76,1.39
2015.04.14 08:08:00.525,0.75653,0.75663,1.20,1.39
2015.04.14 08:08:00.626,0.75655,0.75663,1.00,1.20
2015.04.14 08:08:01.030,0.75657,0.75665,1.00,1.39
2015.04.14 08:08:02.274,0.75656,0.75665,1.09,1.00
2015.04.14 08:08:02.789,0.75658,0.75667,1.10,1.32
2015.04.14 08:08:03.311,0.75658,0.75667,1.29,1.32
2015.04.14 08:08:03.840,0.75655,0.75667,1.34,1.39
2015.04.14 08:08:03.942,0.75652,0.75664,1.89,2.02
2015.04.14 08:08:04.043,0.75651,0.75663,1.84,1.45
2015.04.14 08:08:04.245,0.7565,0.7566,1.84,1.10
2015.04.14 08:08:04.794,0.7565,0.7566,1.01,1.10
2015.04.14 08:08:07.374,0.7565,0.75661,1.01,1.46
2015.04.14 08:08:08.106,0.75647,0.75657,1.07,1.07
2015.04.14 08:08:08.258,0.7564,0.75652,1.31,1.12
2015.04.14 08:08:08.410,0.75644,0.75654,1.95,1.00
2015.04.14 08:08:08.511,0.75644,0.75654,5.51,1.10
2015.04.14 08:08:08.663,0.75644,0.75654,1.65,1.12
2015.04.14 08:08:08.765,0.75642,0.75654,3.34,2.06
2015.04.14 08:08:09.131,0.75645,0.75654,1.34,1.00
2015.04.14 08:08:09.182,0.75646,0.75658,1.34,1.19
2015.04.14 08:08:09.544,0.75645,0.75655,2.32,1.00
2015.04.14 08:08:09.645,0.75643,0.75657,1.71,1.34
2015.04.14 08:08:10.050,0.75641,0.75654,1.34,1.34
2015.04.14 08:08:10.564,0.75641,0.75654,1.34,1.39
2015.04.14 08:08:11.088,0.75639,0.75653,3.04,1.36
2015.04.14 08:08:12.077,0.7564,0.75653,1.34,1.36
2015.04.14 08:08:12.582,0.75639,0.75653,2.59,2.21
2015.04.14 08:08:13.133,0.75639,0.75651,1.84,1.29
2015.04.14 08:08:13.674,0.75639,0.75652,1.09,1.34
2015.04.14 08:08:14.179,0.75639,0.75652,1.09,1.34
2015.04.14 08:08:14.684,0.75639,0.75652,1.09,1.34
2015.04.14 08:08:15.351,0.75638,0.75652,2.59,2.14
2015.04.14 08:08:15.856,0.75638,0.75648,1.84,1.10
2015.04.14 08:08:18.957,0.75642,0.75648,1.00,1.25
2015.04.14 08:08:19.260,0.75643,0.75651,1.84,1.25
2015.04.14 08:08:19.412,0.75643,0.75655,2.21,1.39
2015.04.14 08:08:19.463,0.75645,0.75657,1.46,2.21
2015.04.14 08:08:19.974,0.75645,0.75657,1.71,1.29
2015.04.14 08:08:20.513,0.75644,0.75659,2.21,2.36
2015.04.14 08:08:22.500,0.75645,0.75659,1.71,1.71
2015.04.14 08:08:26.435,0.75644,0.75658,2.96,1.46
2015.04.14 08:08:27.089,0.75645,0.75659,2.89,1.84
2015.04.14 08:08:27.443,0.75647,0.75659,1.09,1.36
2015.04.14 08:08:28.493,0.75647,0.75662,1.54,2.96
2015.04.14 08:08:28.998,0.75648,0.7566,1.77,1.34
2015.04.14 08:08:29.503,0.75648,0.7566,1.71,1.34
2015.04.14 08:08:32.307,0.75647,0.75661,2.96,1.74
2015.04.14 08:08:32.711,0.75646,0.75659,2.36,1.34
2015.04.14 08:08:33.467,0.75646,0.75658,1.51,1.34
2015.04.14 08:08:34.670,0.75646,0.75658,1.44,1.36
2015.04.14 08:08:35.679,0.75645,0.75659,1.74,5.14
2015.04.14 08:08:37.321,0.75644,0.75658,2.29,2.21
2015.04.14 08:08:37.373,0.7564,0.75653,3.34,1.34
2015.04.14 08:08:37.424,0.7564,0.75653,1.34,1.34
2015.04.14 08:08:37.932,0.75638,0.75652,4.01,1.34
2015.04.14 08:08:39.625,0.75639,0.75652,1.36,1.46
2015.04.14 08:08:40.745,0.75638,0.75653,2.21,2.96
2015.04.14 08:08:44.263,0.75639,0.75652,2.21,1.36
2015.04.14 08:08:44.667,0.75643,0.75652,1.00,1.17
2015.04.14 08:08:45.318,0.75644,0.75654,3.26,1.00
2015.04.14 08:08:45.370,0.75641,0.75653,4.84,1.69
2015.04.14 08:08:45.420,0.75641,0.75653,2.66,1.76
2015.04.14 08:08:45.471,0.7564,0.75653,1.84,1.84
2015.04.14 08:08:46.015,0.75639,0.75651,1.34,1.64
2015.04.14 08:08:55.927,0.75639,0.75651,3.64,1.66
2015.04.14 08:08:57.663,0.75639,0.75651,1.71,1.64
2015.04.14 08:08:59.633,0.75639,0.75651,1.46,1.32
2015.04.14 08:09:02.028,0.75646,0.75653,1.36,1.12
2015.04.14 08:09:02.079,0.75646,0.75655,1.36,1.00
2015.04.14 08:09:02.685,0.75645,0.75655,1.46,1.00
2015.04.14 08:09:03.621,0.75645,0.75656,1.71,1.00
2015.04.14 08:09:04.633,0.75646,0.75656,1.74,1.00
2015.04.14 08:09:05.544,0.75646,0.75656,1.74,1.00
2015.04.14 08:09:07.091,0.75647,0.7566,3.64,1.19
2015.04.14 08:09:07.193,0.75648,0.75661,1.71,1.34
2015.04.14 08:09:07.395,0.75648,0.75661,1.71,1.36
2015.04.14 08:09:09.332,0.75649,0.75663,1.71,1.46
2015.04.14 08:09:10.324,0.7565,0.75664,1.46,1.84
2015.04.14 08:09:11.668,0.7565,0.75663,1.46,1.09
2015.04.14 08:09:11.980,0.75653,0.75666,1.71,1.46
2015.04.14 08:09:12.283,0.75656,0.7567,1.34,1.36
2015.04.14 08:09:12.384,0.75659,0.75673,1.46,1.99
2015.04.14 08:09:12.889,0.75662,0.75674,1.40,1.32
2015.04.14 08:09:13.206,0.75664,0.75678,1.40,1.91
2015.04.14 08:09:13.308,0.75664,0.75678,5.81,2.21
2015.04.14 08:09:13.821,0.75665,0.75678,2.51,1.31
2015.04.14 08:09:13.973,0.75667,0.7568,1.34,1.54
2015.04.14 08:09:14.075,0.75668,0.7568,2.51,1.39
2015.04.14 08:09:14.564,0.75678,0.75683,2.17,1.00
2015.04.14 08:09:14.615,0.75678,0.7569,3.07,1.19
2015.04.14 08:09:14.666,0.75678,0.7569,4.01,1.19
2015.04.14 08:09:15.020,0.75678,0.75688,3.26,1.19
2015.04.14 08:09:15.121,0.75675,0.75683,1.27,1.00
2015.04.14 08:09:15.223,0.75671,0.75683,1.16,1.10
2015.04.14 08:09:15.324,0.75678,0.75688,1.00,6.26
2015.04.14 08:09:15.426,0.75677,0.75689,1.17,1.84
2015.04.14 08:09:15.780,0.75678,0.7569,1.32,1.34
2015.04.14 08:09:16.965,0.75677,0.75689,1.32,2.21
2015.04.14 08:09:17.016,0.75677,0.75689,1.25,2.21
2015.04.14 08:09:17.638,0.75677,0.75689,1.32,1.34
2015.04.14 08:09:18.148,0.75677,0.75689,1.34,1.34
2015.04.14 08:09:19.007,0.75677,0.7569,1.34,1.34
2015.04.14 08:09:23.279,0.75676,0.7569,1.71,2.59
2015.04.14 08:09:25.228,0.75677,0.75691,1.71,1.91
2015.04.14 08:09:25.738,0.75679,0.7569,1.27,1.36
2015.04.14 08:09:26.044,0.75679,0.7569,3.64,1.25
2015.04.14 08:09:26.195,0.75679,0.75693,1.46,1.46
2015.04.14 08:09:27.334,0.75679,0.75693,1.46,1.46
2015.04.14 08:09:29.390,0.75678,0.75685,2.51,1.87
2015.04.14 08:09:29.442,0.75671,0.75684,1.54,1.34
2015.04.14 08:09:29.594,0.7567,0.75684,1.54,1.34
2015.04.14 08:09:30.596,0.7567,0.75682,1.34,1.39
2015.04.14 08:09:30.849,0.75675,0.75684,1.00,1.15
2015.04.14 08:09:31.753,0.75675,0.75687,1.36,1.84
2015.04.14 08:09:32.261,0.75672,0.75686,1.44,2.59
2015.04.14 08:09:32.803,0.75671,0.75683,1.54,1.34
2015.04.14 08:09:33.309,0.75669,0.75682,1.44,1.39
2015.04.14 08:09:33.612,0.75669,0.75681,1.44,1.40
2015.04.14 08:09:34.160,0.75669,0.75681,1.44,1.34
2015.04.14 08:09:41.440,0.75669,0.75681,1.46,1.34
2015.04.14 08:09:42.097,0.75669,0.75683,3.34,2.21
2015.04.14 08:09:42.350,0.75671,0.75683,1.64,2.21
2015.04.14 08:09:42.451,0.75673,0.75685,1.09,1.34
2015.04.14 08:09:42.957,0.75671,0.75684,1.81,1.46
2015.04.14 08:09:43.833,0.75671,0.75682,1.71,1.19
2015.04.14 08:09:44.860,0.75671,0.75682,1.46,1.31
2015.04.14 08:09:45.215,0.7567,0.75682,1.76,1.46
2015.04.14 08:09:46.502,0.75669,0.75682,1.76,1.46
2015.04.14 08:09:53.702,0.7567,0.75682,1.77,1.84
2015.04.14 08:09:54.348,0.75671,0.75683,1.46,1.26
2015.04.14 08:09:54.504,0.75674,0.75686,1.15,1.91
2015.04.14 08:09:54.656,0.75675,0.75686,1.46,1.10
2015.04.14 08:09:54.960,0.75676,0.75689,4.01,1.34
2015.04.14 08:09:55.011,0.75676,0.7569,1.84,1.46
2015.04.14 08:09:55.973,0.75676,0.7569,2.59,2.21
2015.04.14 08:09:56.968,0.75676,0.75689,1.84,1.34
2015.04.14 08:09:57.674,0.75676,0.75689,1.34,1.34
2015.04.14 08:09:58.129,0.75677,0.75689,1.01,3.26
2015.04.14 08:09:58.432,0.75671,0.75683,1.54,1.66
2015.04.14 08:09:58.533,0.7567,0.75683,1.35,1.71
2015.04.14 08:10:00.971,0.75671,0.75683,2.66,1.36
2015.04.14 08:10:01.486,0.75672,0.75684,1.16,1.36
2015.04.14 08:10:03.347,0.75672,0.75686,1.44,2.59
2015.04.14 08:10:03.852,0.75671,0.75685,1.51,1.36
2015.04.14 08:10:04.155,0.75669,0.75683,1.81,2.21
2015.04.14 08:10:08.144,0.75669,0.75681,1.77,1.09
2015.04.14 08:10:08.652,0.75669,0.75681,1.71,1.36
2015.04.14 08:10:09.157,0.75673,0.75683,3.45,1.00
2015.04.14 08:10:09.208,0.75676,0.75686,1.27,1.32
2015.04.14 08:10:09.360,0.75676,0.75686,1.34,1.29
2015.04.14 08:10:09.461,0.75675,0.75688,1.54,1.74
2015.04.14 08:10:09.968,0.75677,0.75688,1.29,1.36
2015.04.14 08:10:10.539,0.75677,0.75689,1.29,1.34
2015.04.14 08:10:11.044,0.75678,0.7569,1.40,1.34
2015.04.14 08:10:11.549,0.75677,0.7569,1.40,1.34
2015.04.14 08:10:12.525,0.75676,0.7569,2.21,1.34
2015.04.14 08:10:13.805,0.75676,0.7569,2.21,1.34
2015.04.14 08:10:14.655,0.75676,0.7569,6.56,1.39
2015.04.14 08:10:16.983,0.75676,0.75688,1.84,1.39
2015.04.14 08:10:18.346,0.75676,0.75688,1.46,1.46
2015.04.14 08:10:21.059,0.75677,0.75689,1.40,1.84
2015.04.14 08:10:21.852,0.75677,0.75689,1.84,2.59
2015.04.14 08:10:22.558,0.75676,0.75687,1.10,1.34
2015.04.14 08:10:22.923,0.75674,0.75682,1.37,1.09
2015.04.14 08:10:22.975,0.7567,0.75682,1.22,1.09
2015.04.14 08:10:23.597,0.75669,0.75681,1.40,1.10
2015.04.14 08:10:24.867,0.75669,0.75681,1.34,1.29
2015.04.14 08:10:30.626,0.75669,0.7568,1.00,4.39
2015.04.14 08:10:30.677,0.75665,0.75677,1.36,1.36
2015.04.14 08:10:30.879,0.75664,0.75676,1.36,1.36
2015.04.14 08:10:31.870,0.75664,0.75676,1.09,1.09
2015.04.14 08:10:32.477,0.75663,0.75676,1.54,1.36
2015.04.14 08:10:32.783,0.75666,0.7568,1.71,4.09
2015.04.14 08:10:32.985,0.75667,0.7568,1.71,1.09
2015.04.14 08:10:35.746,0.75669,0.75682,1.71,1.46
2015.04.14 08:10:36.049,0.75669,0.75682,1.71,2.81
2015.04.14 08:10:36.605,0.75671,0.75682,1.19,2.32
2015.04.14 08:10:38.076,0.75671,0.75683,1.39,1.34
2015.04.14 08:10:38.593,0.75671,0.75683,1.39,1.40
2015.04.14 08:10:38.896,0.75672,0.75684,1.46,1.17
2015.04.14 08:10:39.703,0.75673,0.75685,1.29,4.01
2015.04.14 08:10:40.056,0.75675,0.75685,2.06,2.32
2015.04.14 08:10:40.107,0.75676,0.75687,1.09,1.30
2015.04.14 08:10:40.208,0.75678,0.75691,1.46,1.51
2015.04.14 08:10:40.713,0.75678,0.75692,1.46,1.61
2015.04.14 08:10:41.217,0.75679,0.75693,1.46,2.66
2015.04.14 08:10:41.722,0.75679,0.75691,1.46,1.34
2015.04.14 08:10:42.227,0.75679,0.75691,1.46,1.34
2015.04.14 08:10:46.321,0.75678,0.7569,1.39,1.34
2015.04.14 08:10:46.725,0.75678,0.7569,1.46,1.39
2015.04.14 08:10:47.528,0.75676,0.7569,2.59,1.36
2015.04.14 08:10:47.948,0.75678,0.75691,3.64,1.26
2015.04.14 08:10:49.242,0.75679,0.75691,1.40,1.32
2015.04.14 08:10:50.608,0.75678,0.75691,2.89,1.26
2015.04.14 08:10:53.356,0.75677,0.75691,2.29,1.26
2015.04.14 08:10:54.662,0.75677,0.75691,4.46,1.40
2015.04.14 08:10:55.465,0.75677,0.75691,2.29,2.21
2015.04.14 08:10:55.971,0.75677,0.7569,1.71,2.21
2015.04.14 08:10:56.123,0.75677,0.7569,1.71,2.14
2015.04.14 08:10:56.668,0.75677,0.7569,1.34,1.76
2015.04.14 08:10:58.271,0.75677,0.75691,2.96,1.91
2015.04.14 08:10:58.931,0.75678,0.75692,4.39,2.29
2015.04.14 08:10:59.782,0.75678,0.75692,4.39,2.14
2015.04.14 08:11:01.081,0.75678,0.75692,3.64,2.21
2015.04.14 08:11:02.945,0.75679,0.75692,1.84,1.46
2015.04.14 08:11:05.563,0.75679,0.75692,1.40,2.21
2015.04.14 08:11:06.101,0.75679,0.75692,1.84,1.46
2015.04.14 08:11:10.733,0.7568,0.75692,3.64,1.39
2015.04.14 08:11:10.783,0.75681,0.75692,2.89,1.00
2015.04.14 08:11:10.884,0.75683,0.75695,1.71,1.19
2015.04.14 08:11:11.428,0.75685,0.75697,1.09,2.96
2015.04.14 08:11:11.883,0.75686,0.75698,2.21,1.84
2015.04.14 08:11:12.388,0.75688,0.757,1.36,2.21
2015.04.14 08:11:12.893,0.75689,0.757,1.34,1.76
2015.04.14 08:11:13.894,0.75689,0.757,1.40,1.76
2015.04.14 08:11:15.270,0.75689,0.757,1.19,1.84
2015.04.14 08:11:16.018,0.75689,0.757,1.31,1.34
2015.04.14 08:11:16.320,0.75686,0.75698,2.29,1.76
2015.04.14 08:11:16.856,0.75686,0.75698,1.09,2.21
2015.04.14 08:11:17.361,0.75686,0.75697,1.39,1.36
2015.04.14 08:11:18.420,0.75686,0.75696,1.32,1.76
2015.04.14 08:11:21.410,0.75685,0.75695,1.46,1.76
2015.04.14 08:11:21.714,0.75679,0.75691,1.09,1.09
2015.04.14 08:11:21.765,0.75678,0.75691,1.91,1.40
2015.04.14 08:11:21.968,0.75677,0.75691,1.89,1.34
2015.04.14 08:11:22.808,0.75677,0.75691,1.89,1.34
2015.04.14 08:11:23.011,0.75676,0.7569,1.71,1.84
2015.04.14 08:11:23.215,0.75676,0.7569,1.71,1.99
2015.04.14 08:11:27.141,0.75677,0.75688,1.36,1.36
2015.04.14 08:11:28.041,0.75677,0.75688,1.36,1.09
2015.04.14 08:11:30.127,0.75677,0.75688,1.74,1.17
2015.04.14 08:11:33.526,0.75677,0.75688,1.74,1.10
2015.04.14 08:11:35.125,0.75677,0.75688,1.74,1.01
2015.04.14 08:11:35.631,0.75677,0.75688,1.74,1.29
2015.04.14 08:11:39.136,0.75679,0.75689,1.25,2.59
2015.04.14 08:11:39.639,0.75679,0.75689,1.25,2.59
2015.04.14 08:11:40.346,0.75679,0.75689,1.46,1.09
2015.04.14 08:11:43.037,0.75679,0.75691,3.34,2.66
2015.04.14 08:11:43.541,0.75679,0.75691,3.71,2.66
2015.04.14 08:11:46.196,0.75679,0.75689,1.36,1.25
2015.04.14 08:11:47.476,0.75679,0.75689,1.09,1.25
2015.04.14 08:11:48.167,0.75679,0.75689,1.36,1.19
2015.04.14 08:11:48.586,0.7568,0.7569,1.32,1.26
2015.04.14 08:11:48.687,0.7568,0.75691,1.40,1.69
2015.04.14 08:11:49.848,0.75679,0.7569,1.01,1.01
2015.04.14 08:11:49.999,0.75678,0.75688,1.01,1.00
2015.04.14 08:11:50.605,0.75677,0.75688,1.09,1.10
2015.04.14 08:11:50.857,0.75677,0.75685,1.46,1.00
2015.04.14 08:11:51.161,0.75676,0.7568,1.00,1.00
2015.04.14 08:11:51.212,0.75669,0.7568,1.09,1.25
2015.04.14 08:11:53.078,0.7567,0.75682,1.40,1.29
2015.04.14 08:11:53.785,0.7567,0.75683,1.34,1.39
2015.04.14 08:11:53.987,0.7567,0.75683,1.09,1.29
2015.04.14 08:11:57.253,0.7567,0.75682,1.84,1.19
2015.04.14 08:11:58.017,0.75671,0.75683,1.34,1.39
2015.04.14 08:11:58.522,0.7567,0.75683,1.34,1.46
2015.04.14 08:11:59.029,0.7567,0.75683,1.34,1.46
2015.04.14 08:11:59.624,0.7567,0.7568,1.09,1.25
2015.04.14 08:12:00.130,0.75668,0.75682,1.91,1.36
2015.04.14 08:12:01.009,0.75667,0.75681,3.79,1.29
2015.04.14 08:12:02.720,0.75671,0.75683,1.09,1.07
2015.04.14 08:12:02.771,0.75671,0.75683,1.09,1.00
2015.04.14 08:12:02.923,0.75674,0.75684,1.66,1.01
2015.04.14 08:12:03.327,0.75674,0.75684,1.01,1.76
2015.04.14 08:12:03.479,0.75674,0.75683,1.01,1.17
2015.04.14 08:12:08.558,0.75674,0.75684,1.10,1.29
2015.04.14 08:12:08.865,0.75675,0.75687,1.71,2.51
2015.04.14 08:12:09.169,0.75676,0.75688,2.21,1.01
2015.04.14 08:12:10.127,0.75677,0.75689,2.21,1.84
2015.04.14 08:12:11.128,0.75677,0.75689,2.21,1.84
2015.04.14 08:12:12.145,0.75678,0.75689,1.29,1.09
2015.04.14 08:12:12.499,0.75678,0.75692,1.74,1.34
2015.04.14 08:12:13.431,0.75678,0.75692,1.61,1.84
2015.04.14 08:12:14.134,0.75678,0.75692,1.61,1.84
2015.04.14 08:12:14.437,0.75677,0.75691,1.81,1.34
2015.04.14 08:12:14.845,0.75676,0.75688,1.99,1.39
2015.04.14 08:12:15.349,0.75675,0.75687,1.71,1.40
2015.04.14 08:12:15.652,0.75677,0.75689,1.84,1.84
2015.04.14 08:12:17.226,0.75677,0.75689,2.21,1.84
2015.04.14 08:12:18.008,0.75679,0.75689,1.39,1.36
2015.04.14 08:12:18.464,0.7568,0.75692,1.46,2.59
2015.04.14 08:12:19.250,0.75681,0.75693,1.36,1.65
2015.04.14 08:12:19.352,0.75683,0.75694,2.21,1.20
2015.04.14 08:12:19.403,0.75686,0.75695,1.07,1.07
2015.04.14 08:12:19.455,0.75687,0.75698,1.09,1.54
2015.04.14 08:12:19.962,0.75687,0.75699,1.76,1.84
2015.04.14 08:12:21.969,0.75687,0.75699,1.46,1.84
2015.04.14 08:12:23.008,0.75687,0.75699,1.46,2.59
2015.04.14 08:12:28.194,0.75687,0.75697,1.20,1.39
2015.04.14 08:12:28.346,0.75686,0.75696,1.32,1.32
2015.04.14 08:12:28.850,0.75684,0.75694,1.29,1.84
2015.04.14 08:12:29.379,0.75682,0.75694,1.84,2.59
2015.04.14 08:12:29.695,0.75682,0.75693,1.01,1.09
2015.04.14 08:12:29.746,0.75682,0.75692,1.29,1.07
2015.04.14 08:12:30.049,0.75679,0.7569,1.34,1.07
2015.04.14 08:12:30.251,0.75678,0.7569,1.39,1.36
2015.04.14 08:12:30.555,0.75676,0.75688,1.36,1.40
2015.04.14 08:12:32.208,0.75677,0.75689,1.64,1.34
2015.04.14 08:12:32.310,0.75677,0.75689,1.71,1.84
2015.04.14 08:12:32.815,0.75677,0.75689,1.76,1.84
2015.04.14 08:12:37.324,0.75677,0.75689,1.46,1.34
2015.04.14 08:12:37.829,0.75677,0.7569,1.41,1.34
2015.04.14 08:12:38.132,0.75677,0.75685,1.41,1.00
2015.04.14 08:12:38.637,0.75677,0.75685,1.41,1.00
2015.04.14 08:12:38.738,0.75677,0.75688,1.41,1.09
2015.04.14 08:12:39.042,0.75677,0.75686,1.09,1.00
2015.04.14 08:12:39.144,0.75676,0.75688,1.99,1.09
2015.04.14 08:12:39.548,0.75676,0.75686,1.99,1.00
2015.04.14 08:12:40.087,0.75676,0.75686,1.99,1.00
2015.04.14 08:12:40.592,0.75676,0.75686,1.99,1.00
2015.04.14 08:12:41.767,0.75677,0.75686,1.39,1.25
2015.04.14 08:12:42.275,0.75677,0.75686,1.39,1.00
2015.04.14 08:12:42.793,0.75677,0.75686,1.46,1.00
2015.04.14 08:12:43.348,0.75677,0.75684,1.46,1.00
2015.04.14 08:12:43.853,0.75677,0.75684,1.25,1.00
2015.04.14 08:12:45.265,0.75675,0.75684,1.71,1.00
2015.04.14 08:12:45.367,0.75675,0.75686,1.71,1.84
2015.04.14 08:12:46.769,0.75675,0.75685,1.71,1.00
2015.04.14 08:12:47.257,0.75675,0.75687,1.77,1.40
2015.04.14 08:12:47.359,0.75673,0.75679,1.10,1.07
2015.04.14 08:12:47.461,0.75668,0.75673,1.12,1.00
2015.04.14 08:12:47.563,0.75668,0.75672,1.00,1.00
2015.04.14 08:12:47.614,0.75666,0.75672,1.10,1.00
2015.04.14 08:12:47.665,0.75661,0.75666,1.50,1.00
2015.04.14 08:12:47.716,0.75658,0.75666,1.72,1.00
2015.04.14 08:12:48.518,0.75658,0.75668,1.56,1.65
2015.04.14 08:12:50.327,0.75658,0.75667,1.62,1.10
2015.04.14 08:12:50.834,0.75658,0.75667,1.46,1.50
2015.04.14 08:12:51.339,0.75658,0.75669,1.46,2.51
2015.04.14 08:12:51.643,0.75662,0.75671,1.39,1.36
2015.04.14 08:12:51.745,0.75664,0.75673,1.52,1.00
2015.04.14 08:12:51.997,0.75665,0.75674,1.74,1.00
2015.04.14 08:12:52.099,0.75666,0.75677,1.64,1.99
2015.04.14 08:12:52.503,0.75666,0.75678,1.71,1.46
2015.04.14 08:12:53.876,0.75666,0.75676,1.71,1.00
2015.04.14 08:12:54.079,0.75661,0.75671,1.46,1.00
2015.04.14 08:12:54.282,0.75659,0.7567,2.14,1.65
2015.04.14 08:12:55.058,0.75662,0.75671,1.00,1.84
2015.04.14 08:12:55.361,0.75663,0.7567,2.51,1.00
2015.04.14 08:12:55.512,0.75662,0.7567,1.36,1.00
2015.04.14 08:12:56.366,0.75658,0.7567,1.99,1.25
2015.04.14 08:12:56.720,0.75657,0.75669,2.36,1.09
2015.04.14 08:12:57.225,0.75657,0.75667,1.71,1.00
2015.04.14 08:12:57.730,0.75657,0.75667,1.71,1.10
2015.04.14 08:12:58.034,0.75655,0.75667,2.21,1.15
2015.04.14 08:12:58.439,0.75653,0.75664,1.71,1.00
2015.04.14 08:12:58.893,0.75652,0.75661,1.07,1.10
2015.04.14 08:12:58.944,0.75649,0.75661,1.61,1.01
2015.04.14 08:12:58.995,0.75648,0.75661,1.71,1.32
2015.04.14 08:12:59.500,0.75648,0.7566,1.46,1.84
2015.04.14 08:13:00.005,0.75648,0.75658,1.46,1.20
2015.04.14 08:13:01.472,0.75651,0.75659,1.09,1.00
2015.04.14 08:13:01.527,0.75651,0.75663,1.09,2.59
2015.04.14 08:13:01.780,0.75654,0.75664,1.00,2.10
2015.04.14 08:13:01.831,0.75654,0.75664,1.01,2.02
2015.04.14 08:13:01.881,0.75656,0.75667,1.00,1.61
2015.04.14 08:13:02.185,0.75659,0.7567,1.00,5.06
2015.04.14 08:13:03.018,0.75659,0.75671,1.19,6.56
2015.04.14 08:13:03.271,0.75657,0.75671,1.99,6.19
2015.04.14 08:13:03.323,0.75657,0.75669,1.46,2.89
2015.04.14 08:13:05.280,0.75655,0.75669,2.36,4.01
2015.04.14 08:13:06.234,0.75655,0.75667,2.36,1.46
2015.04.14 08:13:06.931,0.75655,0.75667,2.36,1.39
2015.04.14 08:13:07.441,0.75655,0.75667,2.36,1.39
2015.04.14 08:13:07.837,0.75654,0.75666,1.61,1.34
2015.04.14 08:13:07.938,0.75653,0.75666,1.71,1.34
2015.04.14 08:13:08.141,0.75652,0.75665,1.46,1.46
2015.04.14 08:13:08.243,0.75651,0.75662,1.61,1.20
2015.04.14 08:13:08.446,0.7565,0.75662,1.39,1.46
2015.04.14 08:13:08.648,0.7565,0.75662,1.39,1.46
2015.04.14 08:13:11.658,0.75649,0.75662,1.74,1.46
2015.04.14 08:13:17.696,0.7565,0.75662,1.34,1.66
2015.04.14 08:13:18.706,0.7565,0.75662,1.34,1.66
2015.04.14 08:13:19.462,0.75648,0.7566,1.91,1.76
2015.04.14 08:13:19.968,0.75647,0.75659,2.21,1.09
2015.04.14 08:13:20.473,0.75649,0.75659,0.30,1.56
2015.04.14 08:13:21.080,0.75649,0.7566,1.05,1.46
2015.04.14 08:13:22.093,0.75649,0.7566,0.99,1.46
2015.04.14 08:13:26.080,0.75649,0.75661,0.94,1.76
2015.04.14 08:13:26.586,0.75649,0.75662,0.94,2.96
2015.04.14 08:13:27.525,0.75649,0.75661,0.86,2.21
2015.04.14 08:13:32.150,0.75649,0.7566,0.94,1.54
2015.04.14 08:13:35.145,0.75649,0.7566,0.94,1.05
2015.04.14 08:13:35.945,0.75649,0.75661,0.46,1.71
2015.04.14 08:13:36.449,0.75649,0.75661,0.27,2.21
2015.04.14 08:13:37.044,0.75649,0.75661,0.46,2.21
2015.04.14 08:13:39.811,0.75649,0.7566,0.45,1.17
2015.04.14 08:13:40.014,0.75649,0.7566,0.39,1.36
2015.04.14 08:13:43.668,0.75649,0.7566,0.20,1.74
2015.04.14 08:13:44.639,0.75649,0.7566,0.45,1.74
2015.04.14 08:13:45.347,0.75652,0.75662,1.37,1.72
2015.04.14 08:13:45.650,0.75652,0.75664,3.64,1.87
2015.04.14 08:13:46.100,0.75656,0.7567,4.01,2.29
2015.04.14 08:13:46.354,0.7566,0.75672,1.46,2.10
2015.04.14 08:13:46.405,0.7566,0.75672,1.77,1.27
2015.04.14 08:13:46.709,0.7566,0.75671,1.25,4.69
2015.04.14 08:13:46.760,0.7566,0.75671,1.25,4.69
2015.04.14 08:13:47.266,0.75656,0.7567,1.99,1.34
2015.04.14 08:13:48.175,0.75658,0.75671,2.06,5.81
2015.04.14 08:13:50.003,0.75658,0.75671,2.21,1.46
2015.04.14 08:13:50.508,0.75658,0.75671,2.21,1.46
2015.04.14 08:13:51.976,0.75658,0.75671,2.21,1.46
2015.04.14 08:13:52.179,0.7566,0.75672,1.31,1.71
2015.04.14 08:13:53.330,0.75659,0.75673,1.71,1.84
2015.04.14 08:13:54.844,0.75659,0.75671,1.46,1.34
2015.04.14 08:13:55.298,0.75658,0.75671,2.21,1.46
2015.04.14 08:13:58.460,0.75658,0.75671,2.89,2.21
2015.04.14 08:13:59.437,0.75658,0.75671,2.89,2.21
2015.04.14 08:13:59.958,0.75658,0.7567,2.21,1.84
2015.04.14 08:14:00.833,0.75658,0.7567,2.96,1.84
2015.04.14 08:14:01.340,0.75659,0.75671,2.21,1.76
2015.04.14 08:14:02.295,0.75659,0.75671,2.21,1.76
2015.04.14 08:14:05.306,0.75659,0.75671,2.21,1.01
2015.04.14 08:14:10.326,0.75659,0.75671,2.21,1.76
2015.04.14 08:14:11.332,0.75659,0.75671,2.21,1.76
2015.04.14 08:14:13.086,0.75659,0.75671,2.21,1.76
2015.04.14 08:14:14.356,0.75659,0.75671,2.21,1.76
2015.04.14 08:14:16.364,0.75659,0.75672,2.21,2.59
2015.04.14 08:14:16.869,0.75661,0.75673,1.19,2.59
2015.04.14 08:14:18.084,0.75658,0.7567,2.21,1.09
2015.04.14 08:14:18.438,0.75658,0.7567,2.21,1.36
2015.04.14 08:14:19.599,0.75658,0.7567,1.71,1.46
2015.04.14 08:14:20.457,0.75658,0.75672,2.21,2.96
2015.04.14 08:14:24.487,0.75659,0.75671,2.21,1.46
2015.04.14 08:14:24.639,0.75658,0.7567,3.26,3.64
2015.04.14 08:14:24.993,0.75658,0.7567,1.39,2.51
2015.04.14 08:14:25.650,0.75658,0.75671,1.46,3.64
2015.04.14 08:14:25.891,0.75658,0.75671,1.46,2.89
2015.04.14 08:14:26.043,0.75665,0.75673,1.00,1.00
2015.04.14 08:14:26.094,0.75666,0.75673,1.19,1.00
2015.04.14 08:14:26.246,0.75666,0.75679,1.66,1.71
2015.04.14 08:14:27.651,0.75668,0.7568,1.94,1.39
2015.04.14 08:14:28.181,0.7567,0.75681,1.29,1.36
2015.04.14 08:14:28.636,0.75672,0.75681,1.15,1.19
2015.04.14 08:14:28.686,0.75672,0.75682,1.15,1.00
2015.04.14 08:14:28.838,0.7567,0.75682,1.36,2.21
2015.04.14 08:14:29.343,0.75669,0.75681,2.21,1.36
2015.04.14 08:14:30.324,0.75669,0.75683,2.21,2.96
2015.04.14 08:14:31.188,0.75669,0.75681,1.46,1.36
2015.04.14 08:14:32.217,0.75669,0.75681,1.39,1.84
2015.04.14 08:14:34.176,0.75669,0.7568,1.46,1.31
2015.04.14 08:14:34.782,0.75669,0.7568,1.46,1.00
2015.04.14 08:14:37.784,0.75669,0.7568,1.71,1.25
2015.04.14 08:14:38.687,0.75669,0.7568,1.34,1.25
2015.04.14 08:14:38.990,0.75666,0.75678,2.59,1.84
2015.04.14 08:14:39.293,0.75665,0.75674,1.39,1.46
2015.04.14 08:14:39.597,0.7566,0.75669,1.46,1.10
2015.04.14 08:14:39.900,0.75657,0.75666,1.84,1.00
2015.04.14 08:14:40.556,0.75657,0.75669,1.84,1.36
2015.04.14 08:14:41.084,0.75657,0.75669,1.74,1.46
2015.04.14 08:14:41.135,0.75657,0.75669,1.74,1.46
2015.04.14 08:14:42.920,0.75659,0.7567,1.29,1.71
2015.04.14 08:14:43.604,0.75659,0.7567,1.29,1.34
2015.04.14 08:14:44.102,0.75661,0.7567,1.37,1.40
2015.04.14 08:14:44.816,0.75661,0.75672,1.55,2.21
2015.04.14 08:14:45.332,0.75662,0.75672,1.57,2.21
2015.04.14 08:14:46.192,0.75662,0.75672,1.46,1.84
2015.04.14 08:14:46.647,0.75662,0.75671,1.39,1.39
2015.04.14 08:14:46.849,0.75661,0.75671,1.10,2.21
2015.04.14 08:14:47.859,0.75661,0.7567,1.10,1.39
2015.04.14 08:14:48.363,0.7566,0.7567,1.25,1.84
2015.04.14 08:14:48.919,0.7566,0.7567,1.00,1.84
2015.04.14 08:14:49.171,0.7566,0.7567,1.15,1.29
2015.04.14 08:14:49.594,0.75662,0.75673,1.07,1.46
2015.04.14 08:14:49.797,0.75665,0.75674,1.00,1.36
2015.04.14 08:14:50.864,0.75664,0.75674,1.01,1.74
2015.04.14 08:14:51.472,0.75663,0.75673,1.00,4.09
2015.04.14 08:14:54.638,0.75662,0.75674,1.01,6.26
2015.04.14 08:14:54.689,0.75662,0.75674,1.01,3.34
2015.04.14 08:14:55.547,0.75662,0.75673,1.01,2.59
2015.04.14 08:14:57.322,0.75662,0.75673,1.29,2.21
2015.04.14 08:14:58.644,0.75662,0.75673,1.10,2.21
2015.04.14 08:15:00.549,0.75662,0.75673,1.01,2.21
2015.04.14 08:15:01.596,0.75662,0.75673,1.01,1.84
2015.04.14 08:15:03.670,0.75662,0.75673,1.10,2.59
2015.04.14 08:15:06.851,0.75662,0.75671,1.00,1.71
2015.04.14 08:15:08.580,0.75662,0.75671,1.10,1.64
2015.04.14 08:15:09.438,0.7566,0.75671,1.46,1.84
2015.04.14 08:15:11.958,0.75662,0.75672,1.00,1.46
2015.04.14 08:15:15.224,0.75665,0.75674,1.00,2.21
2015.04.14 08:15:15.730,0.75665,0.75674,1.00,2.21
2015.04.14 08:15:16.234,0.75665,0.75675,1.07,1.26
2015.04.14 08:15:16.285,0.75667,0.75677,1.07,1.26
2015.04.14 08:15:16.336,0.75667,0.75678,1.17,2.59
2015.04.14 08:15:16.387,0.75668,0.75678,1.10,1.39
2015.04.14 08:15:16.437,0.75668,0.75678,1.10,1.46
2015.04.14 08:15:16.942,0.75668,0.75678,1.00,1.46
2015.04.14 08:15:18.016,0.75668,0.75678,1.19,1.34
2015.04.14 08:15:18.320,0.75672,0.75679,1.17,1.31
2015.04.14 08:15:18.624,0.75675,0.75681,1.17,1.19
2015.04.14 08:15:18.776,0.75674,0.75681,1.00,1.74
2015.04.14 08:15:19.281,0.75673,0.75682,1.00,2.59
2015.04.14 08:15:19.836,0.75673,0.75682,1.00,2.21
2015.04.14 08:15:20.221,0.75673,0.7568,1.00,1.39
2015.04.14 08:15:21.641,0.75674,0.75681,1.00,1.46
2015.04.14 08:15:23.442,0.75674,0.75681,1.10,1.25
2015.04.14 08:15:24.918,0.7567,0.75682,1.34,1.76
2015.04.14 08:15:25.422,0.75671,0.75682,1.17,1.76
2015.04.14 08:15:27.104,0.75673,0.75684,1.07,1.84
2015.04.14 08:15:27.155,0.75675,0.75685,1.10,1.80
2015.04.14 08:15:27.358,0.75675,0.75684,1.10,1.64
2015.04.14 08:15:27.409,0.75671,0.75683,1.84,1.64
2015.04.14 08:15:27.510,0.75669,0.75681,1.34,1.32
2015.04.14 08:15:28.017,0.75668,0.75681,2.21,1.74
2015.04.14 08:15:28.724,0.75669,0.75679,1.09,1.01
2015.04.14 08:15:29.261,0.75669,0.75679,1.09,1.39
2015.04.14 08:15:29.412,0.75669,0.75679,1.09,1.76
2015.04.14 08:15:29.913,0.7567,0.75679,1.00,1.66
2015.04.14 08:15:31.118,0.75668,0.75679,1.46,1.19
2015.04.14 08:15:31.623,0.75668,0.75682,4.39,1.84
2015.04.14 08:15:31.674,0.75668,0.75682,4.39,1.84
2015.04.14 08:15:33.676,0.75668,0.75682,4.46,1.84
2015.04.14 08:15:34.679,0.75668,0.75682,4.46,1.84
2015.04.14 08:15:36.656,0.75669,0.75681,1.46,1.39
2015.04.14 08:15:37.162,0.75671,0.75679,1.25,1.46
2015.04.14 08:15:37.667,0.75671,0.75679,1.00,1.74
2015.04.14 08:15:39.286,0.75671,0.75679,1.00,1.74
2015.04.14 08:15:41.814,0.7567,0.75679,1.10,1.74
2015.04.14 08:15:42.268,0.75672,0.7568,1.00,1.76
2015.04.14 08:15:42.773,0.75672,0.75682,1.20,2.21
2015.04.14 08:15:43.481,0.7567,0.75684,1.34,2.21
2015.04.14 08:15:44.472,0.7567,0.75684,1.40,2.21
2015.04.14 08:15:44.674,0.7567,0.75682,1.26,1.84
2015.04.14 08:15:50.135,0.7567,0.75682,2.21,2.96
2015.04.14 08:15:51.474,0.75671,0.75681,1.17,2.59
2015.04.14 08:15:52.742,0.75669,0.75681,1.66,1.34
2015.04.14 08:15:53.265,0.75671,0.75681,1.00,2.59
2015.04.14 08:15:53.518,0.75671,0.75681,1.00,4.39
2015.04.14 08:15:54.191,0.75671,0.75681,2.06,3.82
2015.04.14 08:15:54.343,0.75672,0.75682,1.40,1.31
2015.04.14 08:15:54.444,0.75676,0.75685,1.00,1.27
2015.04.14 08:15:54.596,0.75678,0.75688,1.10,1.76
2015.04.14 08:15:54.747,0.75678,0.75688,2.21,1.69
2015.04.14 08:15:56.065,0.75678,0.75692,1.71,1.34
2015.04.14 08:15:56.622,0.75678,0.75691,1.74,2.51
2015.04.14 08:15:57.900,0.75678,0.75691,1.36,2.51
2015.04.14 08:15:58.254,0.75678,0.75692,1.34,1.34
2015.04.14 08:15:58.766,0.75678,0.75692,2.21,4.01
2015.04.14 08:16:04.430,0.75678,0.75692,2.21,4.01
2015.04.14 08:16:04.936,0.75678,0.75692,2.21,4.01
2015.04.14 08:16:11.941,0.75677,0.75691,2.21,1.51
2015.04.14 08:16:13.957,0.75677,0.75691,3.71,1.99
2015.04.14 08:16:14.985,0.75679,0.75691,1.39,1.44
2015.04.14 08:16:15.553,0.75679,0.75691,1.46,1.34
2015.04.14 08:16:16.064,0.7568,0.75692,1.39,1.84
2015.04.14 08:16:16.899,0.7568,0.75692,1.39,1.84
2015.04.14 08:16:17.642,0.7568,0.75692,1.09,1.84
2015.04.14 08:16:18.111,0.7568,0.75691,1.19,2.51
2015.04.14 08:16:18.314,0.75678,0.75691,1.46,2.51
2015.04.14 08:16:18.820,0.75677,0.75689,2.14,2.51
2015.04.14 08:16:19.464,0.75677,0.75689,1.01,2.51
2015.04.14 08:16:19.991,0.75678,0.75689,1.00,2.59
2015.04.14 08:16:20.597,0.75678,0.75689,1.25,1.54
2015.04.14 08:16:23.401,0.7568,0.75689,1.00,1.54
2015.04.14 08:16:23.906,0.75681,0.7569,1.00,2.29
2015.04.14 08:16:24.646,0.75681,0.7569,1.00,1.79
2015.04.14 08:16:26.508,0.75681,0.75691,1.00,2.96
2015.04.14 08:16:27.568,0.75681,0.7569,1.12,1.71
2015.04.14 08:16:27.821,0.75681,0.75692,1.57,1.76
2015.04.14 08:16:27.872,0.75683,0.75692,1.37,1.57
2015.04.14 08:16:28.176,0.75687,0.75699,1.01,5.14
2015.04.14 08:16:28.717,0.75688,0.75699,1.00,4.39
2015.04.14 08:16:37.449,0.75688,0.75699,1.32,1.74
2015.04.14 08:16:38.204,0.75688,0.75698,1.64,1.39
2015.04.14 08:16:39.809,0.75688,0.757,1.70,2.21
2015.04.14 08:16:40.282,0.75689,0.757,1.47,1.71
2015.04.14 08:16:40.585,0.75695,0.75702,1.20,1.62
2015.04.14 08:16:40.892,0.75696,0.75702,1.00,1.31
2015.04.14 08:16:41.431,0.75695,0.75702,1.50,1.31
2015.04.14 08:16:41.937,0.75696,0.75705,1.00,1.46
2015.04.14 08:16:42.139,0.75698,0.75706,1.00,2.21
2015.04.14 08:16:42.240,0.75696,0.75706,1.00,2.21
2015.04.14 08:16:42.745,0.75697,0.75703,1.00,1.01
2015.04.14 08:16:43.917,0.75696,0.75703,1.00,1.10
2015.04.14 08:16:46.034,0.75696,0.75703,1.32,1.00
2015.04.14 08:16:46.237,0.75698,0.75706,1.65,1.62
2015.04.14 08:16:46.439,0.757,0.75707,1.40,1.00
2015.04.14 08:16:46.642,0.757,0.75705,1.00,1.37
2015.04.14 08:16:46.693,0.757,0.75705,1.00,1.37
2015.04.14 08:16:46.946,0.75697,0.75705,1.20,1.37
2015.04.14 08:16:47.097,0.75698,0.75708,1.00,1.76
2015.04.14 08:16:47.148,0.757,0.75708,1.07,1.19
2015.04.14 08:16:47.453,0.75703,0.75711,1.10,1.76
2015.04.14 08:16:47.655,0.75703,0.75712,1.15,1.09
2015.04.14 08:16:49.267,0.75704,0.75715,1.65,1.54
2015.04.14 08:16:49.777,0.75705,0.75716,1.00,2.74
2015.04.14 08:16:49.929,0.75707,0.75716,1.00,1.99
2015.04.14 08:16:50.030,0.75711,0.75718,1.00,1.20
2015.04.14 08:16:50.131,0.75711,0.75721,1.50,1.46
2015.04.14 08:16:50.232,0.75714,0.75722,1.00,2.21
2015.04.14 08:16:50.976,0.75716,0.75726,1.00,1.84
2015.04.14 08:16:51.078,0.75716,0.75727,1.00,2.21
2015.04.14 08:16:51.634,0.75717,0.75727,1.00,1.34
2015.04.14 08:16:52.038,0.7572,0.75728,1.00,3.71
2015.04.14 08:16:52.089,0.7572,0.75728,1.00,1.54
2015.04.14 08:16:52.140,0.75722,0.75728,1.00,1.17
2015.04.14 08:16:52.191,0.75722,0.7573,1.00,1.27
2015.04.14 08:16:52.748,0.75722,0.75734,1.17,3.71
2015.04.14 08:16:53.253,0.75722,0.75734,1.15,1.34
2015.04.14 08:16:55.336,0.75726,0.75734,1.00,1.41
2015.04.14 08:16:55.387,0.75726,0.75736,1.00,1.16
2015.04.14 08:16:55.438,0.75729,0.75737,1.00,4.01
2015.04.14 08:16:55.590,0.7573,0.75737,1.10,1.20
2015.04.14 08:16:55.991,0.75729,0.75741,1.32,2.74
2015.04.14 08:16:56.193,0.75727,0.75741,2.81,1.39
2015.04.14 08:16:56.395,0.75727,0.75741,2.06,1.36
2015.04.14 08:16:57.406,0.75727,0.7574,1.19,1.66
2015.04.14 08:16:57.457,0.75727,0.75736,1.00,1.31
2015.04.14 08:16:57.509,0.75725,0.75736,1.00,1.31
2015.04.14 08:16:57.560,0.75725,0.75736,1.19,1.31
2015.04.14 08:16:57.763,0.75722,0.75732,1.50,1.00
2015.04.14 08:16:58.888,0.75715,0.75721,1.20,2.85
2015.04.14 08:16:58.939,0.75707,0.75721,2.21,4.16
2015.04.14 08:16:59.394,0.75707,0.7572,1.77,1.39
2015.04.14 08:16:59.698,0.75708,0.7572,1.34,1.54
2015.04.14 08:17:00.002,0.75709,0.75722,1.09,1.89
2015.04.14 08:17:00.609,0.75708,0.75722,2.21,1.54
2015.04.14 08:17:00.812,0.75708,0.7572,1.84,1.46
2015.04.14 08:17:01.014,0.75708,0.7572,1.09,1.46
2015.04.14 08:17:01.620,0.75706,0.75717,1.40,1.56
2015.04.14 08:17:01.722,0.75704,0.75716,2.59,1.76
2015.04.14 08:17:02.025,0.75703,0.75714,1.17,1.26
2015.04.14 08:17:04.306,0.75699,0.75709,1.32,1.25
2015.04.14 08:17:04.357,0.75699,0.75707,1.25,1.00
2015.04.14 08:17:04.712,0.75697,0.75707,1.00,1.62
2015.04.14 08:17:05.344,0.75697,0.75707,1.25,1.56
2015.04.14 08:17:06.828,0.75695,0.75706,2.06,1.31
2015.04.14 08:17:07.988,0.75695,0.75704,1.56,1.00
2015.04.14 08:17:08.693,0.75695,0.75705,1.56,1.00
2015.04.14 08:17:09.197,0.75695,0.75705,1.56,1.25
2015.04.14 08:17:09.703,0.75695,0.75705,1.56,1.00
2015.04.14 08:17:10.694,0.75696,0.75707,1.31,1.19
2015.04.14 08:17:10.998,0.75697,0.75707,1.19,1.19
2015.04.14 08:17:11.522,0.75697,0.75707,1.25,1.25
2015.04.14 08:17:12.030,0.75697,0.75707,1.19,1.19
2015.04.14 08:17:14.554,0.75697,0.75708,1.31,2.44
2015.04.14 08:17:15.061,0.75697,0.75708,2.06,2.44
2015.04.14 08:17:18.880,0.75697,0.75708,1.31,2.44
2015.04.14 08:17:21.829,0.75697,0.75708,1.31,1.62
2015.04.14 08:17:22.787,0.75699,0.75711,1.00,1.76
2015.04.14 08:17:22.838,0.757,0.75712,1.37,2.02
2015.04.14 08:17:23.807,0.75699,0.75711,1.69,1.69
2015.04.14 08:17:24.161,0.75698,0.7571,2.81,2.44
2015.04.14 08:17:25.178,0.75696,0.7571,2.81,3.19
2015.04.14 08:17:26.168,0.75696,0.7571,2.81,3.19
2015.04.14 08:17:27.171,0.75696,0.7571,2.81,3.19
2015.04.14 08:17:28.661,0.75696,0.7571,2.81,3.19
2015.04.14 08:17:29.206,0.75696,0.7571,2.81,3.19
2015.04.14 08:17:29.458,0.75697,0.7571,1.56,1.31
2015.04.14 08:17:29.963,0.75698,0.75712,1.56,2.06
2015.04.14 08:17:30.999,0.757,0.75712,1.19,1.69
2015.04.14 08:17:31.958,0.757,0.75712,1.19,1.50
2015.04.14 08:17:33.697,0.757,0.75712,1.19,2.06
2015.04.14 08:17:34.001,0.757,0.75713,1.31,1.25
2015.04.14 08:17:34.910,0.75698,0.75712,1.46,1.00
2015.04.14 08:17:35.012,0.75697,0.75711,2.21,1.31
2015.04.14 08:17:35.995,0.75697,0.75711,2.06,2.14
2015.04.14 08:17:36.984,0.75697,0.75711,2.81,2.89
2015.04.14 08:17:40.617,0.75699,0.7571,1.19,1.62
2015.04.14 08:17:41.124,0.75699,0.75709,1.25,1.31
2015.04.14 08:17:43.414,0.75699,0.75709,1.19,1.12
2015.04.14 08:17:44.090,0.75699,0.75709,1.19,1.31
2015.04.14 08:17:45.108,0.75699,0.75711,1.19,2.14
2015.04.14 08:17:50.040,0.75701,0.75713,1.00,2.89
2015.04.14 08:17:51.129,0.75701,0.75713,1.25,2.89
2015.04.14 08:17:52.133,0.75699,0.75713,1.31,2.89
2015.04.14 08:17:54.740,0.757,0.75713,1.19,2.14
2015.04.14 08:17:55.045,0.757,0.75712,1.09,2.96
2015.04.14 08:17:55.450,0.75698,0.7571,1.71,1.31
2015.04.14 08:17:56.358,0.75699,0.75712,1.46,1.84
2015.04.14 08:17:58.418,0.75699,0.75712,2.21,1.84
2015.04.14 08:17:59.328,0.75699,0.75712,2.21,1.84
2015.04.14 08:17:59.883,0.75701,0.75712,1.40,1.46
2015.04.14 08:17:59.934,0.75701,0.75712,1.71,1.10
2015.04.14 08:18:00.036,0.75703,0.75712,1.74,1.00
2015.04.14 08:18:00.086,0.75706,0.75716,1.46,1.56
2015.04.14 08:18:00.187,0.75708,0.75718,1.17,1.12
2015.04.14 08:18:01.722,0.7571,0.75718,1.00,1.31
2015.04.14 08:18:01.773,0.7571,0.75718,1.17,1.31
2015.04.14 08:18:03.590,0.7571,0.75718,1.09,1.31
2015.04.14 08:18:10.492,0.7571,0.75719,1.00,1.76
2015.04.14 08:18:11.152,0.7571,0.75721,1.09,2.59
2015.04.14 08:18:14.681,0.7571,0.7572,1.07,1.01
2015.04.14 08:18:15.265,0.7571,0.7572,1.10,1.09
2015.04.14 08:18:15.826,0.7571,0.7572,1.29,1.01
2015.04.14 08:18:16.330,0.75711,0.75721,1.01,1.01
2015.04.14 08:18:16.482,0.75714,0.75723,1.00,2.21
2015.04.14 08:18:16.836,0.75713,0.75723,1.10,1.09
2015.04.14 08:18:18.241,0.75713,0.75724,1.10,2.21
2015.04.14 08:18:20.266,0.75713,0.75725,1.46,1.39
2015.04.14 08:18:20.317,0.75713,0.75726,2.21,2.21
2015.04.14 08:18:20.418,0.75714,0.75726,2.51,1.31
2015.04.14 08:18:20.721,0.75715,0.75726,1.36,2.14
2015.04.14 08:18:21.237,0.75715,0.75725,1.25,1.74
2015.04.14 08:18:21.982,0.75711,0.75723,2.21,1.19
2015.04.14 08:18:23.048,0.75711,0.75722,1.84,1.20
2015.04.14 08:18:23.250,0.75716,0.75726,2.21,1.10
2015.04.14 08:18:23.301,0.75718,0.75726,1.07,1.10
2015.04.14 08:18:23.453,0.75715,0.75722,1.17,1.00
2015.04.14 08:18:23.655,0.75714,0.75722,1.40,1.00
2015.04.14 08:18:24.362,0.75712,0.75724,4.84,1.39
2015.04.14 08:18:25.463,0.75712,0.75725,3.26,2.21
2015.04.14 08:18:25.615,0.75712,0.75725,1.36,2.21
2015.04.14 08:18:28.556,0.75715,0.75724,1.00,1.15
2015.04.14 08:18:28.607,0.75717,0.75725,1.07,1.07
2015.04.14 08:18:28.658,0.75717,0.75725,1.17,1.00
2015.04.14 08:18:28.759,0.75718,0.75729,1.09,1.29
2015.04.14 08:18:29.113,0.75718,0.75729,1.09,1.09
2015.04.14 08:18:29.727,0.75718,0.75729,1.20,1.84
2015.04.14 08:18:30.233,0.75717,0.75728,1.09,1.84
2015.04.14 08:18:30.536,0.75714,0.75723,1.19,2.02
2015.04.14 08:18:30.587,0.75713,0.75723,1.20,2.02
2015.04.14 08:18:30.638,0.75712,0.75723,1.09,2.02
2015.04.14 08:18:31.093,0.7571,0.75721,2.21,1.39
2015.04.14 08:18:31.245,0.7571,0.75721,2.14,1.46
2015.04.14 08:18:31.751,0.7571,0.75722,1.46,1.74
2015.04.14 08:18:33.341,0.7571,0.75722,1.39,1.71
2015.04.14 08:18:33.846,0.75709,0.75721,1.81,1.39
2015.04.14 08:18:34.351,0.75707,0.75721,2.29,1.46
2015.04.14 08:18:34.944,0.75708,0.75722,1.54,1.71
2015.04.14 08:18:37.926,0.75711,0.75723,1.19,2.21
2015.04.14 08:18:38.129,0.75712,0.75723,1.34,1.69
2015.04.14 08:18:38.633,0.75713,0.75724,1.09,1.34
2015.04.14 08:18:38.684,0.75713,0.75724,1.09,1.26
2015.04.14 08:18:41.485,0.75715,0.75726,1.27,2.14
2015.04.14 08:18:43.123,0.75711,0.75722,1.09,1.76
2015.04.14 08:18:43.174,0.75711,0.75722,1.09,1.76
2015.04.14 08:18:43.883,0.7571,0.75722,2.21,2.21
2015.04.14 08:18:43.985,0.7571,0.75722,2.96,1.39
2015.04.14 08:18:44.036,0.75714,0.75722,1.12,1.20
2015.04.14 08:18:44.086,0.75714,0.75726,1.07,4.91
2015.04.14 08:18:44.442,0.75712,0.75724,2.74,1.66
2015.04.14 08:18:44.695,0.75713,0.75726,1.76,1.74
2015.04.14 08:18:44.998,0.75716,0.75729,1.07,4.46
2015.04.14 08:18:46.782,0.75718,0.75729,1.07,2.14
2015.04.14 08:18:48.360,0.75718,0.75729,1.17,2.51
2015.04.14 08:18:48.411,0.75718,0.75729,1.27,2.44
2015.04.14 08:18:48.462,0.75718,0.75729,1.46,3.19
2015.04.14 08:18:48.563,0.75718,0.75729,1.39,2.59
2015.04.14 08:18:50.927,0.75716,0.75728,2.21,1.09
2015.04.14 08:18:51.028,0.75717,0.75728,2.21,1.09
2015.04.14 08:18:51.432,0.7572,0.7573,1.07,1.01
2015.04.14 08:18:52.723,0.75721,0.75732,2.59,1.76
2015.04.14 08:18:53.366,0.75725,0.75734,1.07,1.39
2015.04.14 08:18:53.568,0.75725,0.75735,1.34,1.31
2015.04.14 08:18:54.073,0.75724,0.75734,1.27,1.29
2015.04.14 08:18:54.376,0.75726,0.75736,1.32,1.39
2015.04.14 08:18:55.519,0.75726,0.75737,1.46,1.29
2015.04.14 08:18:56.176,0.75727,0.75737,1.36,1.10
2015.04.14 08:18:56.682,0.75728,0.7574,2.14,3.26
2015.04.14 08:18:56.733,0.75729,0.7574,1.46,1.29
2015.04.14 08:18:56.885,0.75729,0.7574,1.46,1.01
2015.04.14 08:18:57.897,0.75723,0.75734,4.01,1.70
2015.04.14 08:18:57.948,0.75723,0.75734,1.26,1.46
2015.04.14 08:18:58.453,0.75723,0.75734,1.34,1.46
2015.04.14 08:18:59.421,0.75723,0.75734,1.40,1.76
2015.04.14 08:18:59.573,0.75721,0.75733,1.34,1.74
2015.04.14 08:19:00.078,0.75721,0.75733,1.36,1.46
2015.04.14 08:19:00.583,0.75722,0.75734,1.46,2.21
2015.04.14 08:19:01.088,0.75723,0.75734,1.66,1.36
2015.04.14 08:19:01.139,0.75724,0.75735,4.39,1.29
2015.04.14 08:19:01.190,0.75726,0.75736,1.52,1.00
2015.04.14 08:19:01.342,0.75729,0.7574,1.65,1.84
2015.04.14 08:19:03.136,0.75729,0.7574,1.39,1.71
2015.04.14 08:19:03.641,0.75729,0.7574,1.01,1.71
2015.04.14 08:19:04.352,0.75729,0.7574,1.29,1.71
2015.04.14 08:19:04.887,0.75729,0.7574,1.00,1.71
2015.04.14 08:19:05.392,0.75726,0.75739,1.39,1.84
2015.04.14 08:19:05.897,0.75728,0.75739,1.00,1.09
2015.04.14 08:19:06.452,0.75728,0.7574,1.01,2.59
2015.04.14 08:19:06.959,0.75729,0.7574,1.00,1.84
2015.04.14 08:19:07.464,0.75729,0.7574,1.46,1.76
2015.04.14 08:19:07.970,0.7573,0.7574,1.09,1.84
2015.04.14 08:19:08.122,0.7573,0.75742,1.09,1.64
2015.04.14 08:19:08.274,0.75731,0.75744,1.51,1.65
2015.04.14 08:19:08.325,0.7573,0.75742,2.59,2.51
2015.04.14 08:19:08.729,0.75729,0.75741,1.01,3.26
2015.04.14 08:19:08.830,0.75729,0.75739,1.25,2.51
2015.04.14 08:19:09.504,0.75729,0.75738,1.25,2.32
2015.04.14 08:19:09.555,0.75729,0.75741,1.31,4.39
2015.04.14 08:19:09.707,0.75729,0.75741,1.31,4.39
2015.04.14 08:19:10.764,0.7573,0.75742,1.29,3.64
2015.04.14 08:19:11.269,0.7573,0.75741,1.19,2.51
2015.04.14 08:19:11.877,0.7573,0.75743,1.19,4.39
2015.04.14 08:19:12.739,0.75729,0.75742,1.39,2.89
2015.04.14 08:19:13.245,0.7573,0.75742,1.29,2.89
2015.04.14 08:19:13.296,0.75731,0.75743,1.19,1.71
2015.04.14 08:19:13.803,0.75731,0.75743,1.19,1.46
2015.04.14 08:19:14.106,0.75734,0.75744,1.19,3.45
2015.04.14 08:19:14.156,0.75734,0.75746,1.19,2.96
2015.04.14 08:19:14.308,0.75735,0.75747,1.76,1.71
2015.04.14 08:19:14.460,0.75735,0.75747,1.29,3.64
2015.04.14 08:19:14.713,0.75734,0.75747,1.46,2.21
2015.04.14 08:19:16.036,0.75733,0.75747,1.34,2.21
2015.04.14 08:19:16.087,0.75732,0.75746,2.29,3.64
2015.04.14 08:19:16.239,0.75732,0.75744,1.31,1.71
2015.04.14 08:19:18.196,0.75731,0.75743,2.59,1.36
2015.04.14 08:19:18.719,0.75731,0.75743,2.21,1.46
2015.04.14 08:19:18.820,0.75731,0.75743,1.39,1.40
2015.04.14 08:19:19.023,0.75731,0.75743,2.21,1.40
2015.04.14 08:19:19.550,0.75729,0.75743,3.79,1.34
2015.04.14 08:19:21.253,0.7573,0.75744,2.29,2.21
2015.04.14 08:19:22.336,0.7573,0.75744,2.29,2.21
2015.04.14 08:19:22.840,0.75731,0.75744,1.46,1.71
2015.04.14 08:19:23.143,0.75731,0.75744,1.09,1.71
2015.04.14 08:19:23.647,0.75731,0.75743,1.39,1.46
2015.04.14 08:19:24.152,0.75729,0.75741,2.29,1.39
2015.04.14 08:19:24.306,0.75729,0.75741,2.21,1.36
2015.04.14 08:19:24.817,0.75729,0.75741,1.84,1.46
2015.04.14 08:19:25.857,0.75729,0.75741,1.84,1.74
2015.04.14 08:19:26.564,0.75729,0.75742,1.36,2.21
2015.04.14 08:19:28.351,0.75729,0.75741,1.46,1.74
2015.04.14 08:19:28.856,0.7573,0.75742,1.76,1.46
2015.04.14 08:19:29.562,0.7573,0.75742,1.29,1.46
2015.04.14 08:19:30.584,0.7573,0.75742,2.14,1.46
2015.04.14 08:19:30.888,0.75732,0.75744,1.20,2.21
2015.04.14 08:19:31.393,0.75732,0.75744,1.32,2.21
2015.04.14 08:19:31.646,0.75733,0.75744,2.02,1.34
2015.04.14 08:19:32.967,0.75739,0.75746,1.07,2.17
2015.04.14 08:19:33.018,0.75739,0.75751,1.34,1.29
2015.04.14 08:19:33.070,0.75739,0.75751,4.01,1.29
2015.04.14 08:19:33.171,0.75739,0.75753,3.11,2.21
2015.04.14 08:19:33.477,0.7574,0.75753,1.61,1.46
2015.04.14 08:19:33.982,0.75738,0.75752,4.76,1.34
2015.04.14 08:19:34.675,0.75738,0.75752,4.76,1.34
2015.04.14 08:19:34.726,0.75738,0.75752,2.59,1.34
2015.04.14 08:19:35.503,0.75738,0.75752,2.21,1.71
2015.04.14 08:19:39.468,0.75739,0.75751,1.46,1.66
2015.04.14 08:19:39.923,0.75739,0.75753,4.46,1.74
2015.04.14 08:19:40.941,0.7574,0.75753,1.54,1.46
2015.04.14 08:19:41.878,0.75739,0.75753,3.71,1.46
2015.04.14 08:19:42.959,0.75741,0.75755,3.26,2.21
2015.04.14 08:19:43.161,0.75741,0.75755,1.24,2.21
2015.04.14 08:19:43.892,0.75742,0.75755,1.81,1.34
2015.04.14 08:19:44.094,0.75744,0.75756,1.34,1.76
2015.04.14 08:19:44.600,0.75744,0.75758,2.29,2.59
2015.04.14 08:19:45.155,0.75743,0.75757,2.29,2.21
2015.04.14 08:19:45.661,0.75744,0.75757,2.21,1.74
2015.04.14 08:19:46.165,0.75744,0.75757,2.59,1.71
2015.04.14 08:19:47.837,0.75745,0.75757,1.09,2.21
2015.04.14 08:19:48.602,0.75744,0.75757,1.46,2.96
2015.04.14 08:19:48.805,0.75743,0.75757,5.89,2.96
2015.04.14 08:19:49.109,0.75743,0.75755,3.71,1.46
2015.04.14 08:19:49.646,0.75745,0.75757,1.34,1.34
2015.04.14 08:19:49.951,0.75747,0.75758,1.39,1.09
2015.04.14 08:19:50.305,0.75748,0.75761,2.21,2.21
2015.04.14 08:19:50.812,0.75748,0.75761,2.14,2.21
2015.04.14 08:19:51.318,0.75748,0.75762,2.21,2.96
2015.04.14 08:19:52.218,0.75748,0.75762,1.84,2.96
2015.04.14 08:19:52.370,0.75748,0.75758,1.00,2.70
2015.04.14 08:19:52.420,0.75748,0.75758,1.25,2.51
2015.04.14 08:19:52.471,0.75748,0.7576,1.32,1.46
2015.04.14 08:19:52.977,0.75747,0.75761,2.21,1.71
2015.04.14 08:19:53.183,0.75747,0.75759,1.71,1.46
2015.04.14 08:19:53.689,0.75747,0.75759,1.46,1.46
2015.04.14 08:19:54.194,0.75747,0.75759,1.46,1.46
2015.04.14 08:19:55.426,0.75747,0.75761,2.21,2.29
2015.04.14 08:19:57.571,0.75747,0.75761,2.21,2.21
2015.04.14 08:19:58.078,0.75747,0.75759,2.14,1.46
2015.04.14 08:19:58.685,0.75747,0.7576,2.51,2.29
2015.04.14 08:19:58.988,0.75747,0.75759,2.14,2.89
2015.04.14 08:19:59.141,0.75746,0.75758,1.57,1.46
2015.04.14 08:19:59.292,0.75744,0.75756,2.21,2.89
2015.04.14 08:19:59.596,0.75744,0.75756,1.29,1.40
2015.04.14 08:20:00.106,0.75744,0.75756,1.29,1.84
2015.04.14 08:20:00.207,0.75742,0.75753,1.46,1.46
2015.04.14 08:20:00.258,0.75742,0.75753,1.46,1.71
2015.04.14 08:20:00.309,0.75742,0.75753,1.31,5.81
2015.04.14 08:20:00.916,0.7574,0.75753,2.14,2.36
2015.04.14 08:20:02.828,0.75738,0.75743,1.87,1.01
2015.04.14 08:20:02.880,0.75731,0.75743,1.74,1.09
2015.04.14 08:20:03.386,0.75731,0.75743,1.09,1.34
2015.04.14 08:20:06.124,0.75729,0.75743,1.71,1.81
2015.04.14 08:20:07.683,0.75731,0.75745,1.71,3.41
2015.04.14 08:20:07.734,0.75731,0.75745,1.71,2.66
2015.04.14 08:20:08.038,0.75733,0.75747,2.59,1.99
2015.04.14 08:20:08.543,0.75735,0.75747,1.84,1.99
2015.04.14 08:20:09.362,0.75738,0.7575,1.34,1.09
2015.04.14 08:20:09.867,0.75737,0.75751,2.96,3.11
2015.04.14 08:20:10.271,0.75737,0.75751,2.96,3.11
2015.04.14 08:20:11.114,0.75739,0.75751,1.09,2.36
2015.04.14 08:20:11.821,0.75738,0.7575,2.21,1.36
2015.04.14 08:20:12.870,0.75738,0.7575,1.84,1.54
2015.04.14 08:20:14.255,0.75738,0.7575,2.21,1.54
2015.04.14 08:20:14.805,0.75738,0.7575,2.21,1.46
2015.04.14 08:20:16.032,0.75738,0.7575,2.21,1.46
2015.04.14 08:20:17.766,0.75737,0.75751,2.96,5.36
2015.04.14 08:20:18.275,0.75738,0.75751,2.21,4.61
2015.04.14 08:20:18.427,0.7574,0.75751,1.39,4.16
2015.04.14 08:20:18.478,0.7574,0.75751,1.46,1.39
2015.04.14 08:20:18.579,0.7574,0.75751,1.31,3.26
2015.04.14 08:20:18.934,0.7574,0.7575,1.00,2.21
2015.04.14 08:20:18.985,0.75738,0.75748,1.31,1.15
2015.04.14 08:20:19.239,0.75734,0.75742,1.10,1.10
2015.04.14 08:20:19.290,0.75732,0.75743,1.70,4.20
2015.04.14 08:20:19.863,0.75728,0.7574,2.14,1.34
2015.04.14 08:20:19.914,0.75727,0.7574,1.46,1.71
2015.04.14 08:20:20.419,0.75725,0.75737,1.74,1.46
2015.04.14 08:20:20.925,0.75726,0.75738,1.34,1.76
2015.04.14 08:20:21.430,0.75726,0.7574,3.34,2.29
2015.04.14 08:20:21.894,0.75729,0.75741,1.17,1.74
2015.04.14 08:20:22.197,0.75734,0.75744,1.15,1.39
2015.04.14 08:20:22.248,0.75734,0.75746,1.27,1.99
2015.04.14 08:20:22.299,0.75735,0.75746,4.50,1.34
2015.04.14 08:20:22.552,0.75736,0.75748,4.01,2.14
2015.04.14 08:20:23.259,0.75738,0.75749,2.02,1.19
2015.04.14 08:20:23.462,0.75739,0.75752,2.96,4.54
2015.04.14 08:20:24.416,0.7574,0.75752,2.21,4.46
2015.04.14 08:20:25.418,0.7574,0.75752,1.71,1.46
2015.04.14 08:20:25.469,0.7574,0.75752,1.71,1.46
2015.04.14 08:20:26.378,0.75741,0.75752,1.39,1.84
2015.04.14 08:20:27.491,0.75741,0.75752,1.46,1.29
2015.04.14 08:20:28.046,0.75743,0.75752,1.62,1.10
2015.04.14 08:20:28.147,0.75743,0.75756,3.71,1.16
2015.04.14 08:20:28.198,0.75746,0.75756,1.84,1.01
2015.04.14 08:20:28.703,0.75746,0.75757,1.76,1.09
2015.04.14 08:20:29.209,0.75746,0.75757,1.76,1.40
2015.04.14 08:20:29.512,0.75747,0.75757,1.69,1.09
2015.04.14 08:20:30.035,0.75747,0.75758,1.76,1.09
2015.04.14 08:20:31.195,0.75746,0.75758,1.36,2.21
2015.04.14 08:20:31.296,0.75745,0.75757,1.46,2.21
2015.04.14 08:20:32.662,0.75744,0.75755,1.19,1.46
2015.04.14 08:20:33.117,0.75747,0.75758,1.20,1.91
2015.04.14 08:20:33.269,0.75747,0.75758,1.39,1.34
2015.04.14 08:20:34.265,0.75746,0.75758,2.96,1.34
2015.04.14 08:20:34.923,0.75748,0.75758,1.00,1.34
2015.04.14 08:20:35.428,0.75747,0.75758,2.21,1.15
2015.04.14 08:20:35.933,0.75749,0.75761,1.84,1.46
2015.04.14 08:20:36.424,0.75753,0.75763,1.07,2.32
2015.04.14 08:20:36.626,0.75751,0.75763,1.09,2.59
2015.04.14 08:20:36.878,0.75751,0.75761,1.17,1.56
2015.04.14 08:20:37.232,0.7575,0.75761,1.09,1.34
2015.04.14 08:20:37.434,0.75751,0.75761,1.57,1.26
2015.04.14 08:20:37.939,0.7575,0.75761,1.46,1.01
2015.04.14 08:20:38.746,0.75751,0.75761,1.10,1.29
2015.04.14 08:20:39.588,0.75751,0.75761,1.01,1.29
2015.04.14 08:20:41.499,0.75749,0.75761,2.96,1.10
2015.04.14 08:20:41.549,0.75749,0.75761,2.96,1.15
2015.04.14 08:20:42.562,0.7575,0.75761,1.39,1.15
2015.04.14 08:20:42.615,0.75749,0.75762,1.84,4.39
2015.04.14 08:20:43.121,0.75749,0.75762,2.21,1.34
2015.04.14 08:20:43.424,0.75749,0.75762,2.21,1.46
2015.04.14 08:20:43.930,0.7575,0.75761,1.19,2.89
2015.04.14 08:20:44.233,0.7575,0.75761,1.25,2.70
2015.04.14 08:20:44.435,0.7575,0.75761,1.19,2.89
2015.04.14 08:20:45.497,0.75749,0.75761,2.14,2.89
2015.04.14 08:20:45.548,0.75749,0.75762,2.21,1.71
2015.04.14 08:20:46.170,0.75751,0.75763,1.84,1.40
2015.04.14 08:20:48.014,0.75749,0.75761,1.91,1.84
2015.04.14 08:20:48.727,0.75749,0.7576,1.19,1.46
2015.04.14 08:20:49.637,0.75747,0.75759,3.41,1.17
2015.04.14 08:20:49.739,0.75747,0.75759,3.41,1.32
2015.04.14 08:20:50.262,0.75748,0.75759,1.36,1.40
2015.04.14 08:20:50.566,0.75748,0.7576,1.34,1.34
2015.04.14 08:20:50.617,0.75748,0.7576,1.34,1.40
2015.04.14 08:20:51.123,0.75748,0.7576,1.84,1.40
2015.04.14 08:20:52.618,0.75748,0.7576,2.21,1.40
2015.04.14 08:20:53.286,0.75747,0.75756,2.96,1.00
2015.04.14 08:20:53.741,0.75747,0.75757,1.84,1.09
2015.04.14 08:20:53.944,0.75747,0.75755,1.84,1.00
2015.04.14 08:20:54.046,0.75747,0.75757,1.84,1.09
2015.04.14 08:20:54.451,0.75747,0.75755,1.84,1.10
2015.04.14 08:20:55.160,0.75746,0.75754,1.26,1.00
2015.04.14 08:20:55.564,0.75745,0.75756,2.21,1.00
2015.04.14 08:20:56.742,0.75745,0.75754,2.96,1.00
2015.04.14 08:20:56.945,0.75745,0.75757,3.71,1.09
2015.04.14 08:21:00.522,0.75745,0.75757,2.21,1.09
2015.04.14 08:21:00.775,0.75745,0.75753,1.07,1.00
2015.04.14 08:21:00.826,0.75745,0.75753,1.00,1.47
2015.04.14 08:21:00.877,0.75743,0.75749,1.57,1.00
2015.04.14 08:21:00.978,0.7574,0.75748,1.17,1.10
2015.04.14 08:21:01.029,0.7574,0.75748,1.00,1.07
2015.04.14 08:21:01.181,0.75735,0.75745,1.40,1.25
2015.04.14 08:21:01.232,0.75734,0.75745,1.36,1.32
2015.04.14 08:21:01.283,0.75733,0.75744,2.14,1.36
2015.04.14 08:21:01.586,0.75733,0.75741,1.00,1.19
2015.04.14 08:21:01.789,0.75729,0.75741,1.17,1.34
2015.04.14 08:21:03.273,0.75729,0.75741,1.39,1.40
2015.04.14 08:21:03.475,0.75729,0.75741,1.34,1.39
2015.04.14 08:21:03.779,0.75731,0.75744,1.40,1.25
2015.04.14 08:21:04.187,0.75736,0.75748,1.01,2.66
2015.04.14 08:21:04.288,0.75736,0.75748,1.84,1.91
2015.04.14 08:21:04.591,0.75737,0.75749,1.84,1.44
2015.04.14 08:21:05.097,0.75739,0.7575,1.34,1.01
2015.04.14 08:21:05.401,0.75739,0.7575,1.39,1.09
2015.04.14 08:21:06.088,0.75739,0.75751,1.34,1.34
2015.04.14 08:21:06.593,0.75739,0.75752,1.09,3.64
2015.04.14 08:21:07.098,0.75739,0.75751,1.01,3.64
2015.04.14 08:21:07.603,0.75739,0.7575,1.26,1.36
2015.04.14 08:21:09.371,0.75739,0.7575,1.84,1.36
2015.04.14 08:21:09.876,0.75739,0.7575,2.06,1.09
2015.04.14 08:21:10.383,0.75739,0.7575,2.14,1.36
2015.04.14 08:21:10.636,0.75737,0.7575,3.04,1.46
2015.04.14 08:21:10.889,0.75737,0.75749,1.19,1.84
2015.04.14 08:21:11.508,0.75736,0.75749,1.20,2.21
2015.04.14 08:21:11.609,0.75734,0.75747,1.84,1.46
2015.04.14 08:21:11.913,0.75733,0.75743,1.19,1.15
2015.04.14 08:21:12.616,0.75733,0.75743,1.25,1.09
2015.04.14 08:21:12.667,0.75733,0.75743,1.25,1.09
2015.04.14 08:21:13.424,0.75733,0.75743,1.25,1.36
2015.04.14 08:21:18.425,0.75732,0.75742,1.37,1.46
2015.04.14 08:21:18.477,0.7573,0.75741,1.87,2.51
2015.04.14 08:21:18.628,0.75729,0.75742,1.36,3.64
2015.04.14 08:21:19.447,0.75729,0.7574,1.19,1.40
2015.04.14 08:21:19.952,0.75729,0.7574,1.25,1.34
2015.04.14 08:21:20.608,0.75726,0.75739,1.39,2.21
2015.04.14 08:21:20.912,0.75726,0.75738,1.39,3.64
2015.04.14 08:21:21.216,0.75726,0.75739,1.84,1.61
2015.04.14 08:21:21.570,0.75728,0.7574,1.29,3.26
2015.04.14 08:21:22.656,0.75726,0.75737,1.27,1.64
2015.04.14 08:21:22.707,0.75726,0.75736,1.20,1.39
2015.04.14 08:21:22.808,0.75724,0.75736,1.39,3.64
2015.04.14 08:21:23.314,0.75725,0.75738,1.39,3.64
2015.04.14 08:21:23.364,0.75725,0.75738,1.46,1.46
2015.04.14 08:21:23.870,0.75727,0.75739,1.39,4.39
2015.04.14 08:21:23.971,0.75727,0.75739,1.46,2.21
2015.04.14 08:21:24.371,0.75727,0.7574,2.21,4.39
2015.04.14 08:21:24.876,0.75727,0.7574,1.46,2.96
2015.04.14 08:21:26.367,0.75729,0.7574,1.09,1.34
2015.04.14 08:21:27.487,0.75728,0.75738,1.00,1.46
2015.04.14 08:21:27.794,0.75727,0.75735,1.00,1.40
2015.04.14 08:21:28.300,0.75727,0.75736,1.00,1.46
2015.04.14 08:21:28.351,0.75725,0.75736,1.00,1.34
2015.04.14 08:21:28.755,0.75724,0.75734,1.00,1.27
2015.04.14 08:21:29.260,0.75723,0.75734,1.25,1.34
2015.04.14 08:21:29.579,0.75723,0.75734,1.40,1.36
2015.04.14 08:21:29.781,0.75723,0.75734,1.01,1.84
2015.04.14 08:21:29.983,0.75723,0.75735,1.36,2.29
2015.04.14 08:21:30.489,0.75723,0.75735,1.76,2.29
2015.04.14 08:21:31.094,0.75723,0.75735,1.29,3.71
2015.04.14 08:21:32.526,0.75723,0.75733,1.00,3.26
2015.04.14 08:21:32.577,0.75719,0.75732,1.39,2.89
2015.04.14 08:21:32.994,0.75721,0.75733,1.36,1.46
2015.04.14 08:21:33.197,0.75723,0.75736,1.29,1.99
2015.04.14 08:21:33.349,0.75725,0.75739,2.21,4.09
2015.04.14 08:21:33.853,0.75728,0.75739,1.19,2.51
2015.04.14 08:21:34.510,0.75726,0.75739,2.51,2.51
2015.04.14 08:21:36.507,0.75727,0.75739,1.29,3.26
2015.04.14 08:21:36.810,0.75723,0.75735,1.76,5.81
2015.04.14 08:21:36.912,0.75722,0.75733,1.69,4.69
2015.04.14 08:21:37.115,0.7572,0.75732,1.19,2.51
2015.04.14 08:21:37.418,0.7572,0.75731,1.19,2.51
2015.04.14 08:21:37.781,0.7572,0.75731,1.19,2.51
2015.04.14 08:21:38.286,0.7572,0.75732,1.29,3.26
2015.04.14 08:21:40.107,0.7572,0.75731,1.19,2.51
2015.04.14 08:21:40.792,0.7572,0.75731,1.19,2.51
2015.04.14 08:21:41.396,0.7572,0.75732,1.19,1.34
2015.04.14 08:21:42.338,0.7572,0.75732,1.19,5.44
2015.04.14 08:21:42.924,0.7572,0.75732,1.19,1.34
2015.04.14 08:21:43.435,0.7572,0.75732,1.19,5.81
2015.04.14 08:21:44.449,0.7572,0.75732,1.19,1.71
2015.04.14 08:21:45.734,0.7572,0.75732,1.00,1.46
2015.04.14 08:21:48.426,0.75719,0.75732,1.39,1.34
2015.04.14 08:21:49.707,0.75719,0.75733,1.46,5.51
2015.04.14 08:21:50.423,0.75719,0.75733,1.46,5.51
2015.04.14 08:21:50.828,0.75719,0.75731,1.29,2.51
2015.04.14 08:21:51.353,0.75719,0.75732,1.26,2.89
2015.04.14 08:21:52.235,0.75719,0.75733,1.84,1.54
2015.04.14 08:21:53.734,0.7572,0.75734,1.34,2.10
2015.04.14 08:21:53.784,0.75725,0.75736,1.00,1.91
2015.04.14 08:21:53.936,0.75726,0.75737,1.34,1.09
2015.04.14 08:21:54.138,0.75726,0.75738,1.34,1.34
2015.04.14 08:21:54.442,0.75729,0.75741,1.34,1.55
2015.04.14 08:21:54.644,0.75729,0.75742,1.19,4.39
2015.04.14 08:21:55.052,0.75733,0.75742,1.00,3.64
2015.04.14 08:21:55.458,0.75729,0.7574,1.29,1.15
2015.04.14 08:21:55.761,0.75728,0.75739,1.19,2.32
2015.04.14 08:21:56.902,0.75726,0.75739,2.89,3.26
2015.04.14 08:21:57.411,0.75727,0.75738,1.19,3.26
2015.04.14 08:21:57.962,0.75727,0.75738,1.39,1.40
2015.04.14 08:21:59.570,0.75727,0.75738,1.84,1.01
2015.04.14 08:22:04.441,0.75727,0.75738,1.19,1.84
2015.04.14 08:22:04.947,0.75725,0.75736,1.36,1.10
2015.04.14 08:22:05.250,0.7572,0.75732,2.96,1.84
2015.04.14 08:22:05.785,0.75719,0.75731,1.36,1.09
2015.04.14 08:22:06.329,0.75719,0.75731,1.36,1.46
2015.04.14 08:22:06.849,0.75718,0.75732,2.59,2.21
2015.04.14 08:22:07.500,0.75718,0.75732,2.96,2.21
2015.04.14 08:22:08.117,0.75718,0.75732,2.96,1.52
2015.04.14 08:22:08.219,0.75723,0.75735,1.36,1.91
2015.04.14 08:22:08.471,0.75725,0.75737,1.84,3.64
2015.04.14 08:22:08.522,0.75725,0.75737,1.84,3.64
2015.04.14 08:22:08.573,0.75727,0.75737,3.26,1.69
2015.04.14 08:22:09.106,0.75729,0.75739,1.40,1.39
2015.04.14 08:22:10.487,0.75729,0.75739,1.01,1.39
2015.04.14 08:22:14.689,0.75729,0.75739,1.01,1.46
2015.04.14 08:22:17.191,0.75727,0.75738,1.26,1.09
2015.04.14 08:22:17.395,0.75727,0.75738,1.34,1.09
2015.04.14 08:22:19.442,0.75728,0.75738,1.39,1.39
2015.04.14 08:22:20.218,0.75728,0.75738,1.09,1.09
2015.04.14 08:22:23.492,0.75728,0.75738,1.25,1.46
2015.04.14 08:22:23.896,0.75725,0.75737,1.46,1.46
2015.04.14 08:22:25.122,0.75726,0.75737,1.09,1.29
2015.04.14 08:22:25.686,0.75721,0.75728,1.00,1.00
2015.04.14 08:22:26.407,0.75715,0.75725,1.25,1.00
2015.04.14 08:22:26.912,0.75717,0.75728,1.25,1.46
2015.04.14 08:22:27.441,0.75717,0.75727,1.19,1.15
2015.04.14 08:22:28.455,0.75716,0.75727,1.29,1.17
2015.04.14 08:22:28.960,0.75716,0.75727,1.36,1.10
2015.04.14 08:22:31.528,0.75716,0.75728,1.46,2.21
2015.04.14 08:22:32.452,0.75716,0.75728,1.46,2.21
2015.04.14 08:22:33.455,0.75716,0.75728,1.46,2.21
2015.04.14 08:22:37.121,0.75716,0.75726,1.46,1.00
2015.04.14 08:22:37.474,0.75716,0.75726,1.36,1.00
2015.04.14 08:22:39.483,0.75716,0.75726,1.36,1.00
2015.04.14 08:22:39.987,0.75716,0.75728,1.74,1.84
2015.04.14 08:22:41.022,0.7572,0.75728,1.50,1.84
2015.04.14 08:22:41.073,0.75726,0.75736,1.84,1.00
2015.04.14 08:22:41.427,0.75726,0.75738,2.21,1.09
2015.04.14 08:22:41.630,0.75727,0.75738,1.81,1.09
2015.04.14 08:22:41.832,0.75727,0.75738,1.74,1.09
2015.04.14 08:22:42.135,0.75727,0.75738,1.84,1.32
2015.04.14 08:22:42.667,0.75726,0.75738,3.11,1.36
2015.04.14 08:22:43.174,0.75726,0.75738,1.89,1.84
2015.04.14 08:22:43.710,0.75725,0.75737,1.54,1.76
2015.04.14 08:22:44.225,0.75725,0.75737,1.46,1.84
2015.04.14 08:22:44.730,0.75725,0.75737,1.46,1.40
2015.04.14 08:22:46.459,0.75725,0.75735,1.46,1.00
2015.04.14 08:22:46.712,0.75724,0.75734,1.05,1.01
2015.04.14 08:22:46.914,0.75722,0.75733,1.54,1.39
2015.04.14 08:22:47.217,0.7572,0.75729,1.46,1.57
2015.04.14 08:22:48.012,0.75718,0.7573,1.16,1.40
2015.04.14 08:22:48.527,0.75718,0.75731,1.16,1.34
2015.04.14 08:22:48.578,0.7572,0.75731,1.05,1.34
2015.04.14 08:22:49.101,0.75718,0.75731,1.16,1.40
2015.04.14 08:22:49.935,0.75717,0.75731,1.89,1.40
2015.04.14 08:22:51.370,0.7572,0.7573,2.14,1.20
2015.04.14 08:22:52.026,0.7572,0.7573,2.14,1.01
2015.04.14 08:22:53.038,0.75718,0.75732,2.29,1.34
2015.04.14 08:22:56.190,0.75718,0.75732,2.29,1.34
2015.04.14 08:22:58.049,0.75718,0.75732,2.29,1.34
2015.04.14 08:22:59.068,0.75718,0.75732,2.29,1.34
2015.04.14 08:22:59.169,0.75718,0.7573,2.29,1.32
2015.04.14 08:22:59.674,0.75718,0.7573,2.29,1.34
2015.04.14 08:23:01.234,0.75718,0.7573,2.29,1.39
2015.04.14 08:23:01.740,0.75718,0.75732,2.29,1.34
2015.04.14 08:23:02.044,0.75718,0.75732,2.29,1.34
2015.04.14 08:23:02.972,0.75718,0.75731,1.81,1.36
2015.04.14 08:23:03.488,0.75718,0.75732,2.29,1.34
2015.04.14 08:23:06.887,0.75718,0.75732,2.29,3.64
2015.04.14 08:23:07.392,0.75718,0.75732,2.29,1.46
2015.04.14 08:23:08.049,0.75718,0.75732,2.29,1.46
2015.04.14 08:23:10.096,0.75717,0.75731,1.89,1.36
2015.04.14 08:23:11.250,0.75718,0.7573,1.54,1.01
2015.04.14 08:23:12.055,0.75718,0.75732,1.44,1.34
2015.04.14 08:23:12.882,0.75718,0.75732,1.44,1.34
2015.04.14 08:23:14.207,0.75721,0.75733,1.26,1.15
2015.04.14 08:23:14.309,0.75719,0.75733,2.96,1.17
2015.04.14 08:23:14.864,0.75721,0.75731,1.20,1.39
2015.04.14 08:23:16.239,0.75718,0.75729,1.39,1.09
2015.04.14 08:23:16.863,0.75717,0.75729,2.21,1.40
2015.04.14 08:23:17.552,0.75717,0.75729,2.29,1.32
2015.04.14 08:23:20.392,0.75717,0.75731,2.29,3.26
2015.04.14 08:23:20.695,0.75717,0.75731,2.29,1.34
2015.04.14 08:23:21.227,0.75717,0.75731,2.29,1.34
2015.04.14 08:23:22.884,0.75717,0.7573,1.54,1.34
2015.04.14 08:23:23.237,0.75717,0.7573,1.54,1.34
2015.04.14 08:23:23.390,0.75717,0.7573,1.54,1.36
2015.04.14 08:23:23.644,0.75717,0.7573,1.54,1.34
2015.04.14 08:23:26.033,0.75717,0.75731,2.29,3.64
2015.04.14 08:23:28.610,0.75715,0.75727,4.46,1.17
2015.04.14 08:23:29.115,0.75715,0.75727,4.39,1.01
2015.04.14 08:23:36.028,0.75717,0.75728,1.71,1.25
2015.04.14 08:23:37.047,0.75717,0.75729,2.21,1.46
2015.04.14 08:23:37.552,0.75718,0.75729,1.39,1.46
2015.04.14 08:23:38.056,0.75718,0.75729,1.46,1.46
2015.04.14 08:23:39.033,0.75718,0.75729,1.46,1.46
2015.04.14 08:23:40.316,0.75718,0.7573,1.46,2.14
2015.04.14 08:23:44.520,0.75717,0.7573,1.84,2.59
2015.04.14 08:23:44.621,0.75717,0.7573,1.66,6.94
2015.04.14 08:23:44.773,0.75717,0.75729,1.01,2.02
2015.04.14 08:23:46.026,0.75717,0.75728,1.10,2.89
2015.04.14 08:23:46.441,0.75716,0.75727,1.09,2.14
2015.04.14 08:23:46.946,0.75716,0.75727,1.40,2.06
2015.04.14 08:23:47.469,0.75716,0.75727,1.36,2.14
2015.04.14 08:23:47.520,0.75716,0.75727,1.71,1.76
2015.04.14 08:23:48.194,0.75717,0.75727,1.46,1.32
2015.04.14 08:23:50.199,0.75717,0.75727,2.21,1.00
2015.04.14 08:23:52.463,0.75717,0.75727,1.71,1.00
2015.04.14 08:23:53.737,0.75718,0.75727,4.46,1.00
2015.04.14 08:23:54.242,0.75718,0.75727,4.46,1.00
2015.04.14 08:23:54.612,0.75719,0.7573,3.07,1.69
2015.04.14 08:23:55.743,0.75719,0.75731,1.46,2.59
2015.04.14 08:23:56.267,0.75719,0.75731,1.46,1.84
2015.04.14 08:23:57.468,0.75719,0.75731,1.46,1.84
2015.04.14 08:23:58.136,0.75719,0.75731,1.71,1.56
2015.04.14 08:23:58.540,0.7572,0.75731,2.89,1.56
2015.04.14 08:23:58.590,0.75723,0.75734,1.07,2.21
2015.04.14 08:23:59.095,0.75723,0.75732,1.46,1.00
2015.04.14 08:24:00.717,0.75723,0.75732,1.34,1.00
2015.04.14 08:24:01.586,0.75721,0.75732,2.96,1.10
2015.04.14 08:24:01.739,0.7572,0.75731,2.21,1.36
2015.04.14 08:24:03.903,0.7572,0.75731,1.54,1.84
2015.04.14 08:24:04.409,0.75719,0.7573,1.39,1.46
2015.04.14 08:24:04.914,0.75719,0.7573,1.32,1.84
2015.04.14 08:24:05.853,0.75717,0.75721,1.00,1.12
2015.04.14 08:24:05.954,0.75718,0.75722,1.00,1.00
2015.04.14 08:24:06.005,0.75712,0.75721,2.66,1.12
2015.04.14 08:24:06.056,0.7571,0.75721,2.21,1.20
2015.04.14 08:24:06.560,0.75711,0.7572,1.34,1.00
2015.04.14 08:24:07.158,0.75714,0.7572,1.40,1.00
2015.04.14 08:24:07.561,0.75714,0.75722,1.54,1.37
2015.04.14 08:24:07.763,0.75705,0.75714,1.00,2.02
2015.04.14 08:24:07.915,0.75701,0.75714,1.46,3.41
2015.04.14 08:24:08.067,0.75701,0.75711,1.46,1.37
2015.04.14 08:24:08.168,0.75701,0.75707,1.39,1.00
2015.04.14 08:24:08.219,0.75701,0.75707,1.01,1.00
2015.04.14 08:24:08.757,0.75699,0.7571,1.26,1.84
2015.04.14 08:24:09.318,0.75699,0.7571,1.26,1.36
2015.04.14 08:24:10.486,0.75698,0.75709,1.29,1.36
2015.04.14 08:24:12.339,0.75699,0.7571,1.32,1.36
2015.04.14 08:24:12.843,0.75699,0.75711,1.36,1.54
2015.04.14 08:24:13.360,0.75699,0.75712,1.36,2.21
2015.04.14 08:24:15.540,0.75698,0.75712,3.64,1.71
2015.04.14 08:24:16.051,0.75698,0.75712,3.64,1.46
2015.04.14 08:24:18.254,0.75698,0.75712,1.71,2.21
2015.04.14 08:24:18.811,0.75698,0.7571,1.34,1.84
2015.04.14 08:24:22.360,0.75698,0.7571,2.21,2.59
2015.04.14 08:24:22.897,0.75698,0.7571,1.36,3.34
2015.04.14 08:24:24.379,0.75698,0.7571,1.34,3.34
2015.04.14 08:24:25.175,0.75698,0.7571,1.34,3.34
2015.04.14 08:24:26.059,0.75698,0.75709,1.34,1.56
2015.04.14 08:24:28.094,0.75698,0.75709,1.46,1.29
2015.04.14 08:24:30.410,0.75698,0.75709,1.46,1.39
2015.04.14 08:24:31.267,0.75698,0.75709,1.46,1.46
2015.04.14 08:24:31.772,0.75698,0.75709,1.46,1.01
2015.04.14 08:24:31.975,0.75698,0.75708,1.36,1.07
2015.04.14 08:24:33.508,0.75697,0.75706,1.46,1.00
2015.04.14 08:24:33.712,0.75689,0.757,3.34,1.07
2015.04.14 08:24:35.683,0.75689,0.75701,2.66,1.34
2015.04.14 08:24:36.188,0.7569,0.75703,1.71,2.96
2015.04.14 08:24:36.692,0.7569,0.75703,1.74,2.96
2015.04.14 08:24:37.879,0.7569,0.75703,1.71,2.96
2015.04.14 08:24:38.616,0.75691,0.75703,1.71,1.39
2015.04.14 08:24:40.003,0.75693,0.75703,1.09,1.39
2015.04.14 08:24:40.055,0.75693,0.75707,1.09,3.71
2015.04.14 08:24:40.308,0.75694,0.75707,5.06,1.25
2015.04.14 08:24:40.813,0.75696,0.75709,2.21,2.21
2015.04.14 08:24:41.117,0.75695,0.75708,3.04,1.71
2015.04.14 08:24:41.218,0.75695,0.75708,1.46,5.14
2015.04.14 08:24:42.137,0.75694,0.75707,1.84,2.21
2015.04.14 08:24:42.649,0.75694,0.75707,1.84,2.21
2015.04.14 08:24:43.802,0.75694,0.75707,2.21,2.21
2015.04.14 08:24:45.226,0.75693,0.75706,2.59,2.21
2015.04.14 08:24:45.732,0.75693,0.75706,1.84,2.96
2015.04.14 08:24:46.237,0.75693,0.75706,1.09,2.21
2015.04.14 08:24:46.899,0.75694,0.75707,1.09,2.96
2015.04.14 08:24:47.153,0.75698,0.7571,1.01,4.46
2015.04.14 08:24:47.254,0.75699,0.7571,1.01,2.21
2015.04.14 08:24:47.764,0.757,0.7571,1.09,1.09
2015.04.14 08:24:48.470,0.757,0.75711,1.39,1.34
2015.04.14 08:24:48.976,0.757,0.75711,1.29,2.21
2015.04.14 08:24:49.481,0.75698,0.75709,1.34,1.46
2015.04.14 08:24:50.036,0.75698,0.75709,1.34,1.46
2015.04.14 08:24:51.044,0.75698,0.75709,1.34,1.46
2015.04.14 08:24:58.650,0.75699,0.7571,1.84,1.29
2015.04.14 08:25:00.173,0.75699,0.75712,2.21,2.21
2015.04.14 08:25:00.679,0.75699,0.75711,2.21,1.26
2015.04.14 08:25:01.184,0.757,0.75711,1.36,1.32
2015.04.14 08:25:02.394,0.75701,0.75712,1.09,1.66
2015.04.14 08:25:04.361,0.757,0.75712,1.46,2.21
2015.04.14 08:25:06.279,0.757,0.75712,1.27,2.21
2015.04.14 08:25:06.783,0.757,0.75711,1.25,2.21
2015.04.14 08:25:07.334,0.75699,0.75711,1.39,2.21
2015.04.14 08:25:08.187,0.75698,0.75711,1.74,2.96
2015.04.14 08:25:12.319,0.75698,0.75711,2.21,3.71
2015.04.14 08:25:12.824,0.75698,0.75711,2.21,2.96
2015.04.14 08:25:13.329,0.75698,0.75711,1.46,3.71
2015.04.14 08:25:15.351,0.75698,0.75709,1.36,1.29
2015.04.14 08:25:15.868,0.75699,0.75711,1.46,1.39
2015.04.14 08:25:16.433,0.75699,0.75712,2.21,2.21
2015.04.14 08:25:17.441,0.75699,0.75711,1.46,1.39
2015.04.14 08:25:17.948,0.75698,0.75711,1.46,2.21
2015.04.14 08:25:18.139,0.75698,0.75711,1.46,5.14
2015.04.14 08:25:19.443,0.75698,0.75711,1.46,4.39
2015.04.14 08:25:19.898,0.75698,0.75711,2.21,2.21
2015.04.14 08:25:20.423,0.75698,0.75711,1.46,2.21
2015.04.14 08:25:20.625,0.75698,0.75711,1.46,2.21
2015.04.14 08:25:24.989,0.75698,0.75709,1.46,1.46
2015.04.14 08:25:26.474,0.75698,0.75709,1.40,1.46
2015.04.14 08:25:27.434,0.75697,0.75708,1.36,1.32
2015.04.14 08:25:27.839,0.75694,0.75705,1.84,1.07
2015.04.14 08:25:27.890,0.75694,0.75705,1.17,1.07
2015.04.14 08:25:28.042,0.75693,0.75704,1.25,1.27
2015.04.14 08:25:28.244,0.75691,0.75701,1.46,1.32
2015.04.14 08:25:28.748,0.75691,0.75701,1.62,1.09
2015.04.14 08:25:30.009,0.75691,0.75701,1.47,1.36
2015.04.14 08:25:33.469,0.75691,0.75701,1.37,3.64
2015.04.14 08:25:34.628,0.75688,0.75701,1.84,4.39
2015.04.14 08:25:34.981,0.75689,0.75701,1.39,2.29
2015.04.14 08:25:35.500,0.75689,0.75701,1.74,2.21
2015.04.14 08:25:36.043,0.75689,0.75701,1.64,2.21
2015.04.14 08:25:37.090,0.75689,0.75701,1.74,2.21
2015.04.14 08:25:37.292,0.75688,0.75701,1.91,4.39
2015.04.14 08:25:37.696,0.75688,0.75701,1.84,2.21
2015.04.14 08:25:38.228,0.75688,0.757,1.81,1.71
2015.04.14 08:25:40.169,0.75689,0.757,2.21,1.46
2015.04.14 08:25:40.674,0.75689,0.75701,1.84,1.84
2015.04.14 08:25:41.683,0.7569,0.75701,1.76,2.21
2015.04.14 08:25:42.678,0.7569,0.75701,1.46,2.21
2015.04.14 08:25:43.189,0.7569,0.75701,1.46,1.84
2015.04.14 08:25:44.801,0.7569,0.75701,1.46,1.84
2015.04.14 08:25:45.978,0.7569,0.75701,1.94,1.76
2015.04.14 08:25:46.382,0.75692,0.75703,1.57,1.29
2015.04.14 08:25:46.433,0.75693,0.75706,1.71,2.36
2015.04.14 08:25:47.262,0.75693,0.75706,1.84,2.96
2015.04.14 08:25:48.628,0.75693,0.75704,1.76,1.46
2015.04.14 08:25:49.208,0.75693,0.75704,1.84,1.46
2015.04.14 08:25:49.937,0.75693,0.75705,1.76,1.71
2015.04.14 08:25:52.130,0.75691,0.75702,1.74,1.39
2015.04.14 08:25:53.146,0.75691,0.75702,1.46,2.14
2015.04.14 08:25:53.550,0.75691,0.75702,1.46,2.14
2015.04.14 08:25:54.588,0.75691,0.75702,1.74,2.14
2015.04.14 08:25:55.976,0.75691,0.75702,1.74,1.39
2015.04.14 08:25:56.499,0.75691,0.75702,1.46,1.39
2015.04.14 08:25:57.226,0.75689,0.75702,2.21,1.64
2015.04.14 08:25:57.377,0.75688,0.75701,1.84,1.46
2015.04.14 08:25:57.882,0.75688,0.75702,1.09,2.21
2015.04.14 08:25:59.280,0.75687,0.757,1.09,1.91
2015.04.14 08:26:00.039,0.75688,0.75693,1.20,1.00
2015.04.14 08:26:01.265,0.75688,0.75693,1.39,1.00
2015.04.14 08:26:01.641,0.75688,0.75695,1.39,1.00
2015.04.14 08:26:01.743,0.75688,0.75697,1.84,1.00
2015.04.14 08:26:02.867,0.75688,0.75697,1.31,1.01
2015.04.14 08:26:05.277,0.75688,0.75697,1.39,1.07
2015.04.14 08:26:05.580,0.75685,0.75693,5.14,1.00
2015.04.14 08:26:05.732,0.75685,0.75694,1.46,1.57
2015.04.14 08:26:06.085,0.75683,0.75692,1.30,1.20
2015.04.14 08:26:06.187,0.75682,0.75689,1.91,1.00
2015.04.14 08:26:06.288,0.75682,0.75689,1.84,1.00
2015.04.14 08:26:07.368,0.7568,0.75688,1.46,1.10
2015.04.14 08:26:07.420,0.75679,0.75688,1.64,1.10
2015.04.14 08:26:07.862,0.75676,0.75682,1.57,1.00
2015.04.14 08:26:07.913,0.75676,0.75682,2.02,1.00
2015.04.14 08:26:08.064,0.75675,0.75683,1.34,1.00
2015.04.14 08:26:08.166,0.75677,0.75688,1.09,1.91
2015.04.14 08:26:08.368,0.75677,0.75687,1.34,1.00
2015.04.14 08:26:08.873,0.75675,0.75687,2.21,1.00
2015.04.14 08:26:10.487,0.75676,0.75684,1.34,1.00
2015.04.14 08:26:12.642,0.75673,0.75684,2.89,2.89
2015.04.14 08:26:12.693,0.75672,0.75678,1.70,1.00
2015.04.14 08:26:13.203,0.7567,0.75678,1.77,1.00
2015.04.14 08:26:13.405,0.7567,0.75678,1.64,1.00
2015.04.14 08:26:13.910,0.7567,0.75677,1.34,1.00
2015.04.14 08:26:16.008,0.75668,0.75678,3.41,1.00
2015.04.14 08:26:18.709,0.75668,0.75677,3.04,1.00
2015.04.14 08:26:19.215,0.75668,0.75677,1.91,1.10
2015.04.14 08:26:19.418,0.75668,0.75676,1.00,1.15
2015.04.14 08:26:19.519,0.75665,0.75669,1.00,1.00
2015.04.14 08:26:19.620,0.75661,0.75669,1.46,1.00
2015.04.14 08:26:19.721,0.75661,0.75669,1.46,1.00
2015.04.14 08:26:20.520,0.75661,0.75669,1.34,1.00
2015.04.14 08:26:21.025,0.7566,0.75669,1.91,1.00
2015.04.14 08:26:22.622,0.7566,0.75669,1.16,1.00
2015.04.14 08:26:23.127,0.75659,0.75669,1.84,1.00
2015.04.14 08:26:23.662,0.75659,0.75669,1.84,1.25
2015.04.14 08:26:25.177,0.7566,0.75671,1.29,1.09
2015.04.14 08:26:25.682,0.7566,0.75671,1.84,1.01
2015.04.14 08:26:27.429,0.7566,0.75671,1.84,1.10
2015.04.14 08:26:30.852,0.75661,0.75671,1.84,1.20
2015.04.14 08:26:31.155,0.75664,0.75672,1.36,1.00
2015.04.14 08:26:31.935,0.75664,0.75672,1.36,1.00
2015.04.14 08:26:32.958,0.75664,0.75672,1.36,1.00
2015.04.14 08:26:33.463,0.75662,0.75672,1.74,1.07
2015.04.14 08:26:33.968,0.75661,0.75671,1.24,1.10
2015.04.14 08:26:34.565,0.75661,0.7567,1.24,1.00
2015.04.14 08:26:34.919,0.7566,0.75669,1.16,1.00
2015.04.14 08:26:35.222,0.75658,0.75668,1.39,1.01
2015.04.14 08:26:35.324,0.75657,0.75668,4.09,1.01
2015.04.14 08:26:35.869,0.75657,0.75668,2.96,1.19
2015.04.14 08:26:36.992,0.75658,0.75669,1.09,1.01
2015.04.14 08:26:38.626,0.75658,0.75669,1.36,1.20
2015.04.14 08:26:39.229,0.75658,0.75669,1.09,1.01
2015.04.14 08:26:40.243,0.75658,0.75669,1.09,1.10
2015.04.14 08:26:42.045,0.75658,0.75669,1.36,1.76
2015.04.14 08:26:42.551,0.75658,0.75669,1.36,1.10
2015.04.14 08:26:43.849,0.75658,0.75669,1.09,1.01
2015.04.14 08:26:44.497,0.75658,0.75669,1.09,1.29
2015.04.14 08:26:45.048,0.75658,0.75669,1.09,1.76
2015.04.14 08:26:45.598,0.75658,0.75669,1.09,1.76
2015.04.14 08:26:50.064,0.75658,0.75672,2.59,1.16
2015.04.14 08:26:50.165,0.75658,0.75672,6.94,1.16
2015.04.14 08:26:50.367,0.75659,0.75672,1.64,3.34
2015.04.14 08:26:51.760,0.75658,0.75669,1.69,1.46
2015.04.14 08:26:52.274,0.75658,0.75671,1.84,2.96
2015.04.14 08:26:52.527,0.75657,0.75664,1.81,1.00
2015.04.14 08:26:52.729,0.75652,0.75663,1.16,1.50
2015.04.14 08:26:53.234,0.75649,0.7566,1.99,1.00
2015.04.14 08:26:53.751,0.7565,0.7566,1.91,1.25
2015.04.14 08:26:54.377,0.7565,0.7566,1.91,1.00
2015.04.14 08:26:55.362,0.7565,0.75661,1.36,1.09
2015.04.14 08:26:55.514,0.75649,0.75661,1.36,1.46
2015.04.14 08:26:56.975,0.75648,0.75659,1.46,1.00
2015.04.14 08:26:57.412,0.75648,0.75659,1.46,1.29
2015.04.14 08:26:58.295,0.75648,0.75659,1.46,1.29
2015.04.14 08:27:02.029,0.75648,0.75662,2.44,1.39
2015.04.14 08:27:02.537,0.7565,0.75662,1.69,1.19
2015.04.14 08:27:02.890,0.75651,0.75663,1.56,1.50
2015.04.14 08:27:03.395,0.75653,0.75664,1.76,1.31
2015.04.14 08:27:03.848,0.75653,0.75666,2.51,2.06
2015.04.14 08:27:03.899,0.75653,0.75666,3.26,1.00
2015.04.14 08:27:04.303,0.75656,0.75669,1.94,1.19
2015.04.14 08:27:04.354,0.75656,0.75669,2.44,1.19
2015.04.14 08:27:04.607,0.75657,0.7567,1.09,1.46
2015.04.14 08:27:06.806,0.7566,0.75669,1.31,1.15
2015.04.14 08:27:06.959,0.75657,0.75669,1.12,2.02
2015.04.14 08:27:07.010,0.75657,0.75668,1.31,4.69
2015.04.14 08:27:07.212,0.75654,0.75667,2.21,1.46
2015.04.14 08:27:07.516,0.75654,0.75667,2.21,1.46
2015.04.14 08:27:07.869,0.75653,0.75667,1.34,2.59
2015.04.14 08:27:07.920,0.75653,0.75665,1.40,1.71
2015.04.14 08:27:08.424,0.75651,0.75662,1.54,1.10
2015.04.14 08:27:08.828,0.75652,0.75666,1.46,1.54
2015.04.14 08:27:08.879,0.75653,0.75665,3.26,1.29
2015.04.14 08:27:08.980,0.75652,0.75666,2.21,1.54
2015.04.14 08:27:09.515,0.75652,0.75666,1.46,1.56
2015.04.14 08:27:10.020,0.75654,0.75667,1.34,1.34
2015.04.14 08:27:12.028,0.75653,0.75666,1.71,1.71
2015.04.14 08:27:12.839,0.75653,0.75666,2.96,1.46
2015.04.14 08:27:13.327,0.75654,0.75668,1.71,2.29
2015.04.14 08:27:13.429,0.75654,0.75668,4.39,2.29
2015.04.14 08:27:14.330,0.75657,0.75668,1.09,2.14
2015.04.14 08:27:14.987,0.75657,0.7567,2.96,2.21
2015.04.14 08:27:15.493,0.75658,0.7567,3.64,1.76
2015.04.14 08:27:15.847,0.75659,0.7567,1.27,1.10
2015.04.14 08:27:18.594,0.75661,0.75672,1.29,1.84
2015.04.14 08:27:19.099,0.75661,0.75672,1.19,2.59
2015.04.14 08:27:19.603,0.75661,0.75672,1.01,2.96
2015.04.14 08:27:20.267,0.75661,0.75672,1.10,2.96
2015.04.14 08:27:24.066,0.75661,0.75672,1.00,3.34
2015.04.14 08:27:24.750,0.75661,0.75672,1.19,3.15
2015.04.14 08:27:24.852,0.75662,0.75672,1.71,1.00
2015.04.14 08:27:24.903,0.75663,0.75674,1.34,1.31
2015.04.14 08:27:25.004,0.75663,0.75675,1.61,1.52
2015.04.14 08:27:25.516,0.75663,0.75674,1.54,2.21
2015.04.14 08:27:26.884,0.75661,0.75672,1.01,2.21
2015.04.14 08:27:27.389,0.75659,0.7567,1.54,1.10
2015.04.14 08:27:27.896,0.7566,0.75672,1.36,2.96
2015.04.14 08:27:34.656,0.75661,0.75672,1.84,1.84
2015.04.14 08:27:35.160,0.75661,0.75672,1.84,1.84
2015.04.14 08:27:35.312,0.75661,0.75672,2.96,1.20
2015.04.14 08:27:35.817,0.75665,0.75676,1.65,1.27
2015.04.14 08:27:36.326,0.75666,0.75677,1.25,2.89
2015.04.14 08:27:36.428,0.75666,0.7568,2.21,3.71
2015.04.14 08:27:36.935,0.75669,0.75679,1.09,1.54
2015.04.14 08:27:37.455,0.75669,0.75679,1.01,1.40
2015.04.14 08:27:37.556,0.75669,0.75679,1.01,1.01
2015.04.14 08:27:37.808,0.75669,0.75681,1.69,2.36
2015.04.14 08:27:38.183,0.75669,0.75681,2.21,2.36
2015.04.14 08:27:38.234,0.75671,0.75681,1.71,1.09
2015.04.14 08:27:38.336,0.75673,0.75681,2.21,1.57
2015.04.14 08:27:39.678,0.75679,0.75685,1.46,1.00
2015.04.14 08:27:39.830,0.7568,0.75687,1.36,1.00
2015.04.14 08:27:39.931,0.7568,0.75689,1.46,1.00
2015.04.14 08:27:40.236,0.75679,0.75686,1.61,1.00
2015.04.14 08:27:40.754,0.75679,0.75686,1.46,1.00
2015.04.14 08:27:42.438,0.75679,0.75686,1.39,1.00
2015.04.14 08:27:42.799,0.75679,0.75684,1.46,1.00
2015.04.14 08:27:43.397,0.75679,0.75684,1.20,1.00
2015.04.14 08:27:51.230,0.75677,0.75685,1.74,1.00
2015.04.14 08:27:52.725,0.75677,0.75684,1.09,1.00
2015.04.14 08:27:53.231,0.75677,0.75683,1.09,1.00
2015.04.14 08:27:55.447,0.75677,0.75685,1.36,1.00
2015.04.14 08:27:55.958,0.75677,0.75684,1.84,1.00
2015.04.14 08:27:56.546,0.75677,0.75685,1.84,1.00
2015.04.14 08:28:00.559,0.75677,0.75687,1.84,1.25
2015.04.14 08:28:01.091,0.75677,0.75686,1.84,1.00
2015.04.14 08:28:01.912,0.75677,0.75687,2.21,1.00
2015.04.14 08:28:02.417,0.75677,0.75687,2.29,1.00
2015.04.14 08:28:05.349,0.75677,0.75687,2.36,1.00
2015.04.14 08:28:06.872,0.75677,0.75687,2.36,1.00
2015.04.14 08:28:08.392,0.75679,0.75687,1.46,1.00
2015.04.14 08:28:08.493,0.75679,0.75687,2.21,1.00
2015.04.14 08:28:08.998,0.75679,0.75687,2.36,1.00
2015.04.14 08:28:11.115,0.7568,0.75687,1.05,1.00
2015.04.14 08:28:11.291,0.75679,0.75687,1.91,1.00
2015.04.14 08:28:11.797,0.7568,0.75687,1.05,1.00
2015.04.14 08:28:12.652,0.7568,0.75688,1.05,1.00
2015.04.14 08:28:13.159,0.75678,0.75685,1.54,1.00
2015.04.14 08:28:17.848,0.75677,0.75685,1.46,1.00
2015.04.14 08:28:19.219,0.75677,0.75683,1.46,1.00
2015.04.14 08:28:20.031,0.7568,0.75688,1.45,1.20
2015.04.14 08:28:20.081,0.7568,0.75685,1.45,1.00
2015.04.14 08:28:20.183,0.75682,0.75689,1.37,1.00
2015.04.14 08:28:20.587,0.75681,0.75692,1.39,1.40
2015.04.14 08:28:20.841,0.75685,0.75692,1.10,1.07
2015.04.14 08:28:20.895,0.75685,0.75693,1.10,1.50
2015.04.14 08:28:20.996,0.75686,0.75695,1.00,1.01
2015.04.14 08:28:21.047,0.75686,0.75695,1.07,1.25
2015.04.14 08:28:21.350,0.7568,0.7569,2.59,1.00
2015.04.14 08:28:21.401,0.7568,0.75692,2.59,1.65
2015.04.14 08:28:21.452,0.75682,0.75692,2.51,1.10
2015.04.14 08:28:21.503,0.75682,0.75695,5.44,1.00
2015.04.14 08:28:21.606,0.75683,0.75697,5.14,1.65
2015.04.14 08:28:21.657,0.75685,0.75695,1.84,1.00
2015.04.14 08:28:22.196,0.75685,0.75696,1.84,1.00
2015.04.14 08:28:22.700,0.75685,0.75696,2.96,1.00
2015.04.14 08:28:23.003,0.75686,0.75698,2.96,1.01
2015.04.14 08:28:23.105,0.75685,0.75698,3.11,1.09
2015.04.14 08:28:23.609,0.75685,0.75698,3.86,1.20
2015.04.14 08:28:24.436,0.75685,0.75698,3.86,1.20
2015.04.14 08:28:24.598,0.75685,0.75698,3.86,1.09
2015.04.14 08:28:25.961,0.75685,0.75697,3.86,1.00
2015.04.14 08:28:29.051,0.75686,0.75697,1.81,1.00
2015.04.14 08:28:29.574,0.75686,0.75697,2.29,1.00
2015.04.14 08:28:31.624,0.75686,0.75697,2.29,1.00
2015.04.14 08:28:32.616,0.75686,0.75697,2.29,1.00
2015.04.14 08:28:34.311,0.75687,0.75697,2.29,1.00
2015.04.14 08:28:34.833,0.75687,0.75697,4.54,1.00
2015.04.14 08:28:34.985,0.75687,0.75699,4.54,1.10
2015.04.14 08:28:35.491,0.75688,0.75699,3.71,1.00
2015.04.14 08:28:35.592,0.75689,0.75696,1.91,1.00
2015.04.14 08:28:38.550,0.75692,0.75702,1.17,1.26
2015.04.14 08:28:40.604,0.75691,0.75696,1.27,1.00
2015.04.14 08:28:41.109,0.75691,0.75704,1.25,2.21
2015.04.14 08:28:41.727,0.75692,0.75698,1.46,1.00
2015.04.14 08:28:45.324,0.7569,0.75697,2.21,1.00
2015.04.14 08:28:51.422,0.75689,0.75699,4.46,1.00
2015.04.14 08:28:51.952,0.75691,0.75698,1.46,1.00
2015.04.14 08:28:52.358,0.75691,0.75699,3.04,1.00
2015.04.14 08:28:52.864,0.7569,0.75699,5.59,1.00
2015.04.14 08:28:55.618,0.7569,0.75701,4.84,1.00
2015.04.14 08:28:57.521,0.75692,0.75703,2.29,1.32
2015.04.14 08:28:58.365,0.75696,0.75706,3.19,2.36
2015.04.14 08:28:58.416,0.75694,0.75704,1.31,1.15
2015.04.14 08:28:58.467,0.75694,0.75704,1.46,1.10
2015.04.14 08:28:58.770,0.75692,0.75705,1.01,4.57
2015.04.14 08:28:59.073,0.75691,0.75703,1.39,3.26
2015.04.14 08:28:59.387,0.75691,0.75703,1.39,1.40
2015.04.14 08:28:59.690,0.75691,0.75703,1.39,3.26
2015.04.14 08:29:00.094,0.75691,0.75703,1.39,1.34
2015.04.14 08:29:00.803,0.75691,0.75703,2.29,1.84
2015.04.14 08:29:01.432,0.75691,0.75703,1.54,2.59
2015.04.14 08:29:03.786,0.75691,0.75702,1.46,1.46
2015.04.14 08:29:06.423,0.75689,0.75702,3.71,2.14
2015.04.14 08:29:08.024,0.75689,0.75702,1.81,2.21
2015.04.14 08:29:08.478,0.75691,0.75702,1.36,2.14
2015.04.14 08:29:10.570,0.75694,0.75702,1.00,1.84
2015.04.14 08:29:18.622,0.75694,0.75702,1.25,1.84
2015.04.14 08:29:19.128,0.75694,0.75702,1.25,1.84
2015.04.14 08:29:19.672,0.75694,0.75702,1.25,1.84
2015.04.14 08:29:21.299,0.75694,0.75702,1.00,1.01
2015.04.14 08:29:26.067,0.75694,0.75702,1.00,1.07
2015.04.14 08:29:29.749,0.75693,0.75702,1.10,1.09
2015.04.14 08:29:30.253,0.75692,0.75702,1.76,1.84
2015.04.14 08:29:30.803,0.75692,0.75702,1.76,1.84
2015.04.14 08:29:31.631,0.75692,0.75702,1.76,1.76
2015.04.14 08:29:33.633,0.75692,0.75702,1.69,1.84
2015.04.14 08:29:34.234,0.75692,0.75702,1.76,1.76
2015.04.14 08:29:34.741,0.75692,0.75702,1.76,1.76
2015.04.14 08:29:39.230,0.75692,0.75702,1.36,1.10
2015.04.14 08:29:39.735,0.75694,0.75704,1.20,1.29
2015.04.14 08:29:40.247,0.75694,0.75704,1.09,1.09
2015.04.14 08:29:42.315,0.75694,0.75704,1.46,1.01
2015.04.14 08:29:42.876,0.75695,0.75705,1.29,1.84
2015.04.14 08:29:45.762,0.75695,0.75705,1.34,1.19
2015.04.14 08:29:46.326,0.75696,0.75706,1.09,1.29
2015.04.14 08:29:46.864,0.75694,0.75706,1.84,1.84
2015.04.14 08:29:48.701,0.75696,0.75706,1.29,1.34
2015.04.14 08:29:48.954,0.75693,0.75705,1.39,1.84
2015.04.14 08:29:49.257,0.75693,0.75705,1.84,1.84
2015.04.14 08:29:50.882,0.75693,0.75705,1.46,1.76
2015.04.14 08:29:51.386,0.75693,0.75705,1.34,1.84
2015.04.14 08:29:52.061,0.75693,0.75705,1.34,1.84
2015.04.14 08:29:53.085,0.75693,0.75705,1.36,1.36
2015.04.14 08:29:53.388,0.75695,0.75706,1.17,1.39
2015.04.14 08:29:53.993,0.75695,0.75706,1.09,1.19
2015.04.14 08:29:54.488,0.75697,0.75707,1.07,2.51
2015.04.14 08:29:54.993,0.75697,0.75706,1.20,1.25
2015.04.14 08:29:55.598,0.75697,0.75707,1.07,2.06
2015.04.14 08:29:56.102,0.75697,0.75707,1.32,1.46
2015.04.14 08:29:57.197,0.75697,0.75707,1.09,1.54
2015.04.14 08:29:57.299,0.75697,0.75707,1.01,2.21
2015.04.14 08:29:58.296,0.75696,0.75706,1.09,1.29
2015.04.14 08:29:58.804,0.75695,0.75705,1.17,2.14
2015.04.14 08:29:59.309,0.75691,0.75705,5.06,1.39
2015.04.14 08:29:59.814,0.75692,0.75707,2.21,1.84
2015.04.14 08:30:00.218,0.75693,0.75707,2.89,1.84
2015.04.14 08:30:00.672,0.75693,0.75702,1.26,1.00
2015.04.14 08:30:00.723,0.75688,0.75702,4.84,1.57
2015.04.14 08:30:00.824,0.75688,0.75701,4.46,1.69
2015.04.14 08:30:01.178,0.75691,0.75702,2.32,1.25
2015.04.14 08:30:01.684,0.75691,0.75704,3.26,1.19
2015.04.14 08:30:03.584,0.75689,0.75703,1.46,1.15
2015.04.14 08:30:03.635,0.75689,0.75703,1.34,1.46
2015.04.14 08:30:04.443,0.75689,0.75702,1.84,1.39
2015.04.14 08:30:04.746,0.75688,0.75701,5.89,1.31
2015.04.14 08:30:05.050,0.75686,0.757,5.21,1.74
2015.04.14 08:30:05.707,0.75685,0.75698,5.77,1.19
2015.04.14 08:30:05.808,0.75684,0.75697,1.25,1.71
2015.04.14 08:30:05.910,0.75684,0.75695,1.10,2.21
2015.04.14 08:30:06.314,0.75683,0.75695,1.09,2.96
2015.04.14 08:30:07.425,0.75683,0.75695,1.09,2.96
2015.04.14 08:30:07.809,0.75682,0.75693,1.07,1.46
2015.04.14 08:30:07.960,0.75679,0.7569,2.51,1.31
2015.04.14 08:30:08.466,0.75679,0.7569,2.51,1.31
2015.04.14 08:30:09.063,0.75679,0.75691,2.89,2.14
2015.04.14 08:30:09.215,0.75676,0.7569,6.64,1.39
2015.04.14 08:30:09.972,0.75676,0.7569,5.89,1.39
2015.04.14 08:30:10.722,0.75678,0.75691,2.51,2.14
2015.04.14 08:30:11.224,0.75678,0.7569,2.51,1.01
2015.04.14 08:30:12.179,0.75682,0.75694,1.01,2.59
2015.04.14 08:30:12.634,0.75682,0.75694,1.34,1.84
2015.04.14 08:30:13.291,0.75682,0.75694,2.21,1.36
2015.04.14 08:30:13.797,0.75685,0.75695,1.17,1.76
2015.04.14 08:30:13.848,0.75685,0.75695,1.65,1.29
2015.04.14 08:30:14.890,0.75685,0.75696,1.84,1.39
2015.04.14 08:30:15.951,0.75687,0.75696,1.00,1.39
2015.04.14 08:30:16.052,0.75688,0.75696,1.15,1.01
2015.04.14 08:30:16.154,0.75689,0.757,1.15,1.39
2015.04.14 08:30:17.813,0.7569,0.75701,1.34,1.76
2015.04.14 08:30:18.235,0.75692,0.75703,1.36,3.26
2015.04.14 08:30:18.555,0.75693,0.75703,1.40,1.19
2015.04.14 08:30:18.606,0.75693,0.75703,1.34,1.25
2015.04.14 08:30:19.617,0.75694,0.75705,1.46,1.09
2015.04.14 08:30:20.135,0.75694,0.75705,2.21,1.09
2015.04.14 08:30:21.968,0.75694,0.75706,2.96,1.69
2015.04.14 08:30:22.423,0.75694,0.75705,2.21,1.39
2015.04.14 08:30:23.154,0.75694,0.75705,1.84,1.39
2015.04.14 08:30:23.659,0.75693,0.75704,1.76,1.01
2015.04.14 08:30:24.783,0.75693,0.75704,1.84,1.25
2015.04.14 08:30:26.525,0.75694,0.75706,1.74,1.09
2015.04.14 08:30:31.626,0.75699,0.75706,1.07,1.01
2015.04.14 08:30:31.680,0.757,0.75711,1.46,1.29
2015.04.14 08:30:32.706,0.757,0.75711,1.39,2.51
2015.04.14 08:30:33.322,0.75697,0.75708,1.46,1.25
2015.04.14 08:30:33.374,0.75697,0.75708,1.39,1.46
2015.04.14 08:30:34.562,0.75697,0.75706,1.20,1.29
2015.04.14 08:30:35.678,0.75697,0.75706,1.20,1.29
2015.04.14 08:30:36.385,0.75697,0.75708,1.57,1.46
2015.04.14 08:30:38.155,0.75698,0.75709,1.29,2.21
2015.04.14 08:30:39.349,0.75698,0.75709,1.01,2.21
2015.04.14 08:30:39.869,0.75695,0.75708,1.71,2.21
2015.04.14 08:30:41.684,0.75696,0.75708,1.09,2.21
2015.04.14 08:30:41.987,0.75697,0.7571,1.84,1.99
2015.04.14 08:30:42.190,0.75698,0.75711,1.46,2.66
2015.04.14 08:30:42.736,0.757,0.75711,1.36,1.32
2015.04.14 08:30:48.550,0.75698,0.75711,1.84,2.21
2015.04.14 08:30:49.410,0.75698,0.75711,2.21,1.84
2015.04.14 08:30:49.714,0.75698,0.75711,2.21,1.84
2015.04.14 08:30:50.622,0.75701,0.75712,1.01,1.84
2015.04.14 08:30:50.774,0.75701,0.75712,1.09,1.76
2015.04.14 08:30:52.900,0.75701,0.75712,1.46,1.25
2015.04.14 08:30:53.791,0.75701,0.75712,1.71,1.25
2015.04.14 08:30:54.095,0.75704,0.75714,1.26,1.12
2015.04.14 08:30:54.348,0.75701,0.75714,1.34,2.21
2015.04.14 08:30:55.206,0.75701,0.75713,1.46,1.76
2015.04.14 08:30:56.203,0.75704,0.75717,1.84,4.84
2015.04.14 08:30:56.708,0.75705,0.75717,1.29,4.76
2015.04.14 08:30:57.213,0.75705,0.75717,1.01,4.01
2015.04.14 08:30:57.567,0.75705,0.75713,1.00,2.62
2015.04.14 08:30:57.668,0.75702,0.75713,1.20,4.57
2015.04.14 08:30:57.769,0.75701,0.75711,1.07,2.89
2015.04.14 08:30:57.871,0.757,0.75711,1.25,2.89
2015.04.14 08:30:59.340,0.757,0.75711,1.62,3.64
2015.04.14 08:30:59.845,0.757,0.75711,1.25,4.39
2015.04.14 08:31:01.644,0.75698,0.75705,1.54,1.07
2015.04.14 08:31:01.695,0.75689,0.75702,1.46,1.71
2015.04.14 08:31:02.419,0.75687,0.75701,2.96,1.46
2015.04.14 08:31:03.468,0.75686,0.75702,2.21,5.96
2015.04.14 08:31:05.468,0.75686,0.75702,3.41,5.81
2015.04.14 08:31:05.876,0.75688,0.75702,1.05,5.81
2015.04.14 08:31:06.563,0.75686,0.75702,3.41,5.81
2015.04.14 08:31:07.655,0.75694,0.75706,1.36,1.54
2015.04.14 08:31:07.958,0.75698,0.75711,1.46,2.21
2015.04.14 08:31:08.465,0.75701,0.75711,1.17,1.19
2015.04.14 08:31:09.176,0.75701,0.75712,1.09,2.89
2015.04.14 08:31:11.214,0.757,0.75711,1.40,1.31
2015.04.14 08:31:12.023,0.75699,0.7571,1.34,1.09
2015.04.14 08:31:15.645,0.75699,0.7571,1.34,1.36
2015.04.14 08:31:16.622,0.75699,0.7571,1.40,1.17
2015.04.14 08:31:17.429,0.757,0.75711,1.34,1.19
2015.04.14 08:31:17.987,0.757,0.7571,1.09,1.12
2015.04.14 08:31:18.240,0.757,0.7571,1.20,1.54
2015.04.14 08:31:18.392,0.75696,0.75708,1.40,2.21
2015.04.14 08:31:18.594,0.75695,0.75707,1.34,1.54
2015.04.14 08:31:19.251,0.75695,0.75707,1.46,1.54
2015.04.14 08:31:19.403,0.75695,0.75708,3.64,1.74
2015.04.14 08:31:19.707,0.75697,0.7571,2.21,2.36
2015.04.14 08:31:21.741,0.75698,0.75711,2.21,1.81
2015.04.14 08:31:22.999,0.75698,0.75711,2.21,1.81
2015.04.14 08:31:23.302,0.757,0.75711,1.15,1.39
2015.04.14 08:31:24.262,0.757,0.75711,2.21,1.10
2015.04.14 08:31:24.565,0.75702,0.75714,1.46,1.84
2015.04.14 08:31:25.534,0.75703,0.75714,1.84,1.61
2015.04.14 08:31:26.141,0.75703,0.75714,1.84,1.46
2015.04.14 08:31:26.999,0.75703,0.75714,1.34,1.46
2015.04.14 08:31:27.302,0.75703,0.75712,1.00,1.46
2015.04.14 08:31:27.454,0.75698,0.7571,1.24,1.66
2015.04.14 08:31:27.504,0.75697,0.75708,1.84,1.15
2015.04.14 08:31:27.757,0.75696,0.75707,1.25,1.46
2015.04.14 08:31:27.909,0.75692,0.75705,2.14,3.64
2015.04.14 08:31:28.213,0.75689,0.75699,1.46,1.27
2015.04.14 08:31:28.718,0.75686,0.757,1.46,1.34
2015.04.14 08:31:29.273,0.75686,0.757,1.46,1.40
2015.04.14 08:31:30.710,0.75684,0.75692,1.20,1.57
2015.04.14 08:31:30.761,0.75678,0.75692,1.46,2.21
2015.04.14 08:31:31.267,0.75678,0.75692,1.46,2.21
2015.04.14 08:31:33.200,0.75679,0.75691,1.71,1.39
2015.04.14 08:31:33.712,0.75679,0.75692,1.26,1.71
2015.04.14 08:31:33.863,0.75677,0.7569,1.71,1.74
2015.04.14 08:31:34.778,0.75675,0.7569,2.89,1.91
2015.04.14 08:31:35.082,0.75672,0.75684,1.46,1.46
2015.04.14 08:31:35.991,0.7567,0.75684,5.51,1.71
2015.04.14 08:31:36.647,0.7567,0.75683,1.71,2.21
2015.04.14 08:31:37.270,0.75669,0.75683,1.84,2.29
2015.04.14 08:31:37.789,0.75673,0.75683,1.00,1.79
2015.04.14 08:31:38.042,0.75672,0.75686,1.09,1.77
2015.04.14 08:31:38.557,0.75673,0.75686,1.09,1.46
2015.04.14 08:31:39.112,0.75672,0.75686,1.09,1.46
2015.04.14 08:31:39.617,0.75672,0.75686,1.09,1.46
2015.04.14 08:31:40.339,0.75672,0.75686,1.84,1.46
2015.04.14 08:31:40.541,0.75674,0.75687,2.89,1.54
2015.04.14 08:31:41.203,0.75675,0.75688,1.71,1.44
2015.04.14 08:31:41.305,0.75675,0.75688,6.56,1.00
2015.04.14 08:31:42.315,0.75676,0.75688,1.71,1.19
2015.04.14 08:31:42.821,0.75675,0.75688,1.34,1.91
2015.04.14 08:31:43.376,0.75674,0.75688,4.01,1.91
2015.04.14 08:31:43.479,0.75674,0.75684,1.17,1.46
2015.04.14 08:31:43.682,0.75671,0.75684,1.46,2.29
2015.04.14 08:31:45.539,0.7567,0.75684,2.21,2.66
2015.04.14 08:31:46.775,0.7567,0.75684,2.21,2.66
2015.04.14 08:31:47.387,0.7567,0.75681,1.66,1.46
2015.04.14 08:31:48.044,0.7567,0.75681,1.39,1.91
2015.04.14 08:31:48.397,0.75669,0.75681,1.09,1.61
2015.04.14 08:31:49.155,0.75669,0.75682,1.84,1.81
2015.04.14 08:31:49.661,0.75669,0.75682,1.09,1.81
2015.04.14 08:31:50.199,0.75673,0.75682,1.00,1.81
2015.04.14 08:31:51.056,0.75668,0.75678,1.45,1.07
2015.04.14 08:31:51.157,0.75666,0.75678,1.65,1.74
2015.04.14 08:31:51.309,0.75665,0.75676,1.09,1.46
2015.04.14 08:31:51.923,0.75665,0.75673,1.00,1.01
2015.04.14 08:31:52.427,0.75664,0.75673,1.25,1.29
2015.04.14 08:31:52.958,0.75663,0.75673,1.01,1.66
2015.04.14 08:31:53.765,0.75664,0.75673,1.00,1.66
2015.04.14 08:31:54.270,0.75664,0.75673,1.00,1.66
2015.04.14 08:31:54.644,0.75664,0.75673,1.00,1.66
2015.04.14 08:31:55.445,0.75664,0.75673,1.00,2.21
2015.04.14 08:31:55.496,0.75664,0.75672,1.10,1.39
2015.04.14 08:32:01.082,0.75662,0.75673,1.15,2.36
2015.04.14 08:32:03.115,0.75663,0.75672,1.17,1.01
2015.04.14 08:32:04.087,0.75663,0.75674,1.17,1.71
2015.04.14 08:32:05.213,0.75663,0.75672,1.17,1.01
2015.04.14 08:32:05.314,0.75663,0.75672,1.17,1.29
2015.04.14 08:32:07.133,0.75663,0.75672,1.17,1.29
2015.04.14 08:32:08.009,0.75663,0.75672,1.17,1.01
2015.04.14 08:32:08.537,0.75664,0.75672,1.10,1.29
2015.04.14 08:32:09.110,0.75664,0.75672,1.10,1.29
2015.04.14 08:32:13.167,0.75663,0.75674,1.17,2.36
2015.04.14 08:32:13.469,0.75666,0.75674,1.00,2.36
2015.04.14 08:32:15.877,0.75666,0.75673,1.00,1.61
2015.04.14 08:32:16.418,0.75667,0.75673,1.00,1.42
2015.04.14 08:32:17.246,0.75667,0.75674,1.00,1.44
2015.04.14 08:32:17.449,0.75667,0.75674,1.00,1.30
2015.04.14 08:32:17.500,0.75672,0.75677,1.00,1.80
2015.04.14 08:32:17.653,0.75674,0.75678,1.00,1.00
2015.04.14 08:32:17.704,0.75676,0.75682,1.00,1.99
2015.04.14 08:32:17.857,0.75674,0.75683,1.00,2.14
2015.04.14 08:32:18.882,0.75674,0.75683,1.00,1.66
2015.04.14 08:32:19.982,0.75676,0.75683,1.00,1.10
2015.04.14 08:32:20.487,0.75676,0.75683,1.00,1.07
2015.04.14 08:32:21.294,0.7567,0.7568,4.46,1.00
2015.04.14 08:32:23.211,0.75671,0.75682,1.34,1.39
2015.04.14 08:32:23.747,0.75672,0.75682,1.36,1.29
2015.04.14 08:32:24.404,0.75671,0.75682,2.21,1.01
2015.04.14 08:32:26.142,0.75674,0.75684,1.46,1.00
2015.04.14 08:32:26.193,0.75674,0.75687,2.21,1.25
2015.04.14 08:32:26.244,0.75674,0.75687,4.39,1.00
2015.04.14 08:32:26.554,0.75677,0.75691,2.89,1.56
2015.04.14 08:32:27.514,0.75677,0.7569,2.89,1.76
2015.04.14 08:32:28.120,0.75677,0.75688,2.51,1.00
2015.04.14 08:32:28.272,0.75674,0.75687,1.46,1.36
2015.04.14 08:32:28.777,0.75671,0.75684,4.39,1.32
2015.04.14 08:32:31.065,0.75671,0.75686,2.21,6.64
2015.04.14 08:32:31.840,0.75669,0.75682,1.46,1.36
2015.04.14 08:32:31.891,0.7567,0.7568,1.09,1.09
2015.04.14 08:32:32.417,0.75669,0.7568,1.40,1.99
2015.04.14 08:32:33.497,0.75669,0.75681,1.34,1.40
2015.04.14 08:32:33.649,0.7567,0.75683,1.46,2.36
2015.04.14 08:32:34.195,0.7567,0.75683,1.71,1.84
2015.04.14 08:32:35.301,0.75671,0.75682,1.46,1.26
2015.04.14 08:32:38.315,0.75671,0.75682,1.09,1.36
2015.04.14 08:32:38.822,0.75671,0.75682,1.36,1.36
2015.04.14 08:32:40.911,0.75671,0.75682,1.09,1.36
2015.04.14 08:32:43.695,0.75669,0.75681,1.46,1.32
2015.04.14 08:32:44.200,0.75669,0.75682,1.46,1.91
2015.04.14 08:32:46.055,0.75669,0.75682,1.74,2.85
2015.04.14 08:32:50.317,0.75669,0.75682,1.84,2.85
2015.04.14 08:32:52.084,0.75669,0.75682,1.09,1.44
2015.04.14 08:32:54.850,0.75669,0.75681,2.21,1.36
2015.04.14 08:32:55.599,0.7567,0.75681,1.01,1.46
2015.04.14 08:32:55.801,0.75669,0.75681,2.21,4.01
2015.04.14 08:32:57.215,0.75669,0.75679,2.14,1.39
2015.04.14 08:32:57.519,0.75671,0.75681,1.47,1.56
2015.04.14 08:32:58.024,0.75671,0.75681,1.85,1.36
2015.04.14 08:32:58.529,0.75672,0.75682,1.84,1.49
2015.04.14 08:32:59.034,0.75672,0.75682,1.76,1.39
2015.04.14 08:33:00.875,0.7567,0.75682,1.71,1.84
2015.04.14 08:33:05.108,0.7567,0.75682,1.46,2.21
2015.04.14 08:33:06.319,0.75669,0.75677,1.00,1.00
2015.04.14 08:33:06.622,0.75665,0.75676,1.81,1.36
2015.04.14 08:33:06.925,0.75661,0.75674,2.29,1.34
2015.04.14 08:33:08.746,0.75662,0.75674,1.57,1.34
2015.04.14 08:33:08.847,0.75663,0.75675,1.84,1.32
2015.04.14 08:33:08.999,0.75667,0.75679,1.07,2.74
2015.04.14 08:33:09.503,0.75669,0.75679,1.25,1.40
2015.04.14 08:33:11.751,0.75667,0.75677,1.26,1.76
2015.04.14 08:33:11.852,0.75664,0.75675,1.76,1.32
2015.04.14 08:33:12.256,0.75664,0.75674,1.00,1.34
2015.04.14 08:33:12.762,0.75663,0.75674,1.09,1.34
2015.04.14 08:33:12.964,0.75661,0.75673,1.20,2.21
2015.04.14 08:33:14.127,0.75658,0.75672,1.81,1.84
2015.04.14 08:33:15.927,0.75658,0.75672,2.21,2.66
2015.04.14 08:33:17.318,0.75657,0.75672,2.21,2.29
2015.04.14 08:33:18.959,0.75657,0.75672,2.21,2.29
2015.04.14 08:33:19.957,0.75658,0.75672,1.46,1.81
2015.04.14 08:33:21.069,0.75658,0.75672,2.21,1.81
2015.04.14 08:33:21.170,0.75658,0.75672,2.21,1.81
2015.04.14 08:33:26.981,0.75659,0.75674,1.46,1.89
2015.04.14 08:33:27.082,0.75658,0.75674,2.96,1.89
2015.04.14 08:33:27.991,0.75659,0.75674,1.71,1.81
2015.04.14 08:33:29.001,0.7566,0.75674,1.46,1.81
2015.04.14 08:33:29.524,0.75658,0.75674,3.11,1.71
2015.04.14 08:33:30.878,0.75666,0.75674,1.76,1.00
2015.04.14 08:33:31.081,0.7567,0.7568,1.15,1.19
2015.04.14 08:33:31.283,0.7567,0.75682,3.64,1.76
2015.04.14 08:33:31.892,0.75672,0.75682,1.09,1.39
2015.04.14 08:33:32.407,0.75672,0.75682,1.09,1.01
2015.04.14 08:33:35.705,0.7567,0.75683,2.89,1.64
2015.04.14 08:33:36.008,0.7567,0.75682,2.89,1.66
2015.04.14 08:33:37.005,0.75668,0.75683,2.21,1.71
2015.04.14 08:33:37.712,0.75668,0.75683,2.21,1.91
2015.04.14 08:33:39.594,0.75668,0.75683,1.71,2.36
2015.04.14 08:33:40.737,0.75668,0.75682,2.89,1.36
2015.04.14 08:33:42.643,0.75669,0.75684,2.59,2.29
2015.04.14 08:33:43.573,0.75671,0.75684,2.51,2.21
2015.04.14 08:33:43.624,0.75672,0.75684,3.26,1.45
2015.04.14 08:33:43.826,0.75674,0.75686,1.34,1.10
2015.04.14 08:33:43.928,0.75676,0.75686,1.46,1.00
2015.04.14 08:33:44.231,0.7568,0.7569,1.20,1.49
2015.04.14 08:33:44.637,0.7568,0.7569,1.09,1.09
2015.04.14 08:33:46.145,0.7568,0.7569,1.39,1.39
2015.04.14 08:33:47.453,0.75681,0.75691,1.15,1.19
2015.04.14 08:33:47.605,0.75681,0.75691,1.46,1.25
2015.04.14 08:33:47.909,0.75683,0.75693,1.46,1.69
2015.04.14 08:33:48.011,0.75685,0.75695,1.15,1.00
2015.04.14 08:33:48.062,0.75683,0.75695,1.99,1.19
2015.04.14 08:33:48.265,0.75686,0.75698,1.36,1.36
2015.04.14 08:33:48.417,0.75688,0.75701,3.26,1.41
2015.04.14 08:33:48.468,0.75688,0.75701,3.26,1.84
2015.04.14 08:33:48.973,0.75688,0.75702,3.26,1.36
2015.04.14 08:33:50.438,0.75689,0.75703,1.46,2.21
2015.04.14 08:33:54.398,0.75689,0.75702,1.46,1.16
2015.04.14 08:33:56.421,0.75689,0.75702,2.21,1.46
2015.04.14 08:33:58.322,0.75688,0.75702,5.14,1.36
2015.04.14 08:33:58.474,0.75685,0.75697,3.34,1.47
2015.04.14 08:33:58.575,0.75683,0.75695,1.57,1.15
2015.04.14 08:33:58.626,0.75683,0.75693,1.20,1.36
2015.04.14 08:33:59.033,0.75679,0.75691,1.84,1.36
2015.04.14 08:33:59.338,0.75679,0.75689,1.00,1.36
2015.04.14 08:33:59.843,0.7568,0.75689,1.00,1.44
2015.04.14 08:34:01.276,0.75672,0.7568,1.00,1.25
2015.04.14 08:34:01.377,0.75667,0.75682,2.74,1.34
2015.04.14 08:34:01.882,0.75667,0.75681,5.44,1.49
2015.04.14 08:34:02.034,0.75672,0.75683,2.25,2.02
2015.04.14 08:34:02.408,0.75677,0.75683,1.26,1.05
2015.04.14 08:34:02.459,0.75677,0.75691,6.94,1.56
2015.04.14 08:34:02.886,0.75677,0.75691,6.94,1.56
2015.04.14 08:34:04.669,0.75679,0.75692,1.34,1.54
2015.04.14 08:34:05.190,0.75679,0.75692,1.34,1.44
2015.04.14 08:34:05.868,0.75679,0.75692,1.71,1.34
2015.04.14 08:34:06.873,0.75679,0.75693,1.71,2.21
2015.04.14 08:34:06.974,0.75677,0.75691,3.34,1.40
2015.04.14 08:34:07.278,0.75673,0.75685,1.32,1.27
2015.04.14 08:34:07.329,0.75673,0.75685,1.32,2.02
2015.04.14 08:34:07.430,0.7567,0.75683,2.89,1.27
2015.04.14 08:34:07.481,0.75669,0.75682,2.21,1.34
2015.04.14 08:34:08.037,0.75669,0.75681,1.09,1.34
2015.04.14 08:34:08.493,0.75667,0.75677,1.81,1.00
2015.04.14 08:34:08.595,0.75669,0.75681,1.46,1.09
2015.04.14 08:34:09.100,0.75668,0.75683,6.94,1.34
2015.04.14 08:34:09.352,0.75667,0.75678,3.04,1.07
2015.04.14 08:34:09.656,0.75664,0.75673,1.65,1.00
2015.04.14 08:34:10.060,0.75666,0.75678,1.76,3.26
2015.04.14 08:34:10.111,0.75666,0.75678,1.74,1.36
2015.04.14 08:34:11.092,0.7567,0.75682,1.12,1.84
2015.04.14 08:34:12.298,0.75669,0.75682,1.71,1.46
2015.04.14 08:34:12.803,0.75668,0.75682,2.59,1.91
2015.04.14 08:34:13.712,0.75668,0.75682,1.74,5.21
2015.04.14 08:34:14.822,0.75666,0.75675,2.70,1.00
2015.04.14 08:34:16.392,0.75661,0.75668,1.09,1.00
2015.04.14 08:34:17.300,0.7566,0.75668,1.09,1.00
2015.04.14 08:34:17.848,0.7566,0.75669,1.09,1.00
2015.04.14 08:34:21.373,0.7566,0.75669,3.26,1.00
2015.04.14 08:34:21.979,0.75662,0.75675,2.70,1.84
2015.04.14 08:34:22.030,0.75663,0.75675,2.70,1.09
2015.04.14 08:34:22.081,0.75665,0.75677,3.45,2.14
2015.04.14 08:34:22.132,0.75665,0.75678,6.56,1.01
2015.04.14 08:34:22.183,0.75669,0.7568,1.17,2.96
2015.04.14 08:34:23.047,0.75668,0.7568,3.64,1.29
2015.04.14 08:34:23.579,0.75668,0.7568,3.64,1.29
2015.04.14 08:34:27.202,0.75668,0.75677,3.64,1.00
2015.04.14 08:34:28.446,0.75668,0.75679,4.76,1.00
2015.04.14 08:34:28.699,0.75667,0.75675,1.09,1.00
2015.04.14 08:34:28.901,0.75666,0.75676,2.21,1.00
2015.04.14 08:34:29.103,0.75666,0.75674,1.46,1.00
2015.04.14 08:34:29.608,0.75666,0.75676,1.46,1.19
2015.04.14 08:34:31.494,0.75664,0.75672,1.40,1.00
2015.04.14 08:34:31.807,0.75662,0.7567,2.51,1.00
2015.04.14 08:34:31.858,0.7566,0.7567,1.89,1.00
2015.04.14 08:34:32.363,0.75661,0.75669,1.61,1.00
2015.04.14 08:34:34.307,0.7566,0.7567,1.99,1.25
2015.04.14 08:34:34.871,0.7566,0.7567,1.99,1.19
2015.04.14 08:34:39.049,0.7566,0.7567,1.91,1.25
2015.04.14 08:34:44.223,0.75659,0.75671,6.34,1.25
2015.04.14 08:34:44.874,0.75659,0.75671,6.34,1.19
2015.04.14 08:34:46.139,0.75659,0.75671,1.99,1.36
2015.04.14 08:34:46.979,0.75659,0.75671,1.99,1.36
2015.04.14 08:34:47.866,0.75658,0.75671,1.91,1.84
2015.04.14 08:34:48.371,0.75657,0.75671,2.21,1.84
2015.04.14 08:34:50.520,0.75657,0.75669,1.46,1.84
2015.04.14 08:34:50.932,0.75657,0.75668,1.46,1.40
2015.04.14 08:34:51.418,0.75656,0.75662,1.07,1.00
2015.04.14 08:34:51.571,0.7565,0.75661,2.59,1.19
2015.04.14 08:34:51.774,0.7565,0.7566,1.62,1.84
2015.04.14 08:34:53.835,0.75649,0.7566,1.29,1.40
2015.04.14 08:34:55.776,0.75648,0.7566,3.71,1.29
2015.04.14 08:34:55.928,0.75648,0.7566,3.71,1.29
2015.04.14 08:34:56.357,0.75648,0.7566,4.84,1.10
2015.04.14 08:34:57.019,0.75649,0.75662,5.51,1.26
2015.04.14 08:34:57.373,0.75652,0.75663,1.34,1.69
2015.04.14 08:34:57.879,0.75652,0.75663,1.26,1.84
2015.04.14 08:34:59.267,0.75652,0.7566,1.07,1.00
2015.04.14 08:35:00.958,0.7565,0.75663,2.21,2.21
2015.04.14 08:35:01.262,0.7565,0.75663,2.21,2.21
2015.04.14 08:35:02.584,0.7565,0.7566,1.39,1.29
2015.04.14 08:35:03.091,0.75649,0.75659,1.19,1.36
2015.04.14 08:35:03.650,0.75649,0.75659,1.00,1.36
2015.04.14 08:35:05.567,0.75647,0.75658,1.36,1.01
2015.04.14 08:35:05.618,0.75646,0.75658,2.29,1.01
2015.04.14 08:35:05.821,0.75646,0.75658,3.04,1.01
2015.04.14 08:35:06.023,0.75647,0.75657,3.26,1.37
2015.04.14 08:35:06.327,0.75648,0.7566,1.09,1.84
2015.04.14 08:35:06.933,0.75648,0.7566,1.36,1.74
2015.04.14 08:35:07.136,0.75649,0.7566,1.32,2.21
2015.04.14 08:35:07.674,0.75649,0.75659,1.01,2.89
2015.04.14 08:35:12.998,0.75649,0.75659,1.20,2.14
2015.04.14 08:35:13.503,0.75649,0.75659,1.47,1.66
2015.04.14 08:35:16.406,0.75649,0.7566,1.39,2.96
2015.04.14 08:35:17.630,0.75649,0.7566,1.39,2.21
2015.04.14 08:35:18.440,0.75649,0.7566,1.39,2.29
2015.04.14 08:35:18.844,0.75649,0.7566,1.56,2.29
2015.04.14 08:35:19.982,0.75649,0.7566,1.76,2.29
2015.04.14 08:35:20.940,0.75651,0.7566,1.37,1.81
2015.04.14 08:35:21.647,0.7565,0.75661,1.52,1.99
2015.04.14 08:35:22.801,0.7565,0.75661,1.77,1.61
2015.04.14 08:35:23.507,0.7565,0.75661,4.39,1.54
2015.04.14 08:35:23.659,0.75651,0.75662,1.34,1.01
2015.04.14 08:35:25.149,0.75651,0.75663,1.84,1.39
2015.04.14 08:35:25.984,0.75651,0.75663,1.84,1.81
2015.04.14 08:35:27.664,0.7565,0.75662,2.51,1.01
2015.04.14 08:35:28.170,0.7565,0.75662,2.51,1.01
2015.04.14 08:35:29.027,0.75648,0.75662,2.89,1.01
2015.04.14 08:35:29.533,0.75647,0.75662,5.14,1.09
2015.04.14 08:35:31.082,0.75645,0.75651,1.00,1.34
2015.04.14 08:35:31.133,0.75638,0.75651,2.96,1.34
2015.04.14 08:35:31.285,0.75639,0.75651,1.46,1.26
2015.04.14 08:35:31.589,0.7564,0.75653,6.56,1.19
2015.04.14 08:35:33.279,0.7564,0.75653,2.51,1.39
2015.04.14 08:35:33.785,0.75639,0.75653,4.01,2.29
2015.04.14 08:35:34.340,0.75639,0.7565,1.34,1.09
2015.04.14 08:35:35.198,0.75639,0.7565,1.71,1.09
2015.04.14 08:35:35.703,0.75639,0.7565,1.71,1.16
2015.04.14 08:35:37.635,0.75642,0.75652,1.00,1.80
2015.04.14 08:35:37.736,0.75642,0.75653,1.76,1.07
2015.04.14 08:35:38.040,0.75641,0.75653,1.52,2.21
2015.04.14 08:35:38.559,0.7564,0.75653,3.64,1.34
2015.04.14 08:35:38.913,0.7564,0.75653,3.64,1.34
2015.04.14 08:35:39.364,0.75639,0.75652,1.71,1.84
2015.04.14 08:35:39.516,0.75638,0.75651,4.39,1.91
2015.04.14 08:35:39.617,0.75638,0.75651,1.71,1.51
2015.04.14 08:35:40.707,0.75638,0.7565,1.77,1.44
2015.04.14 08:35:40.758,0.75635,0.75647,1.65,1.76
2015.04.14 08:35:41.263,0.75638,0.75649,1.15,1.76
2015.04.14 08:35:41.364,0.75638,0.75649,1.65,1.76
2015.04.14 08:35:41.924,0.75638,0.75649,1.84,1.76
2015.04.14 08:35:42.126,0.75638,0.75649,1.84,1.76
2015.04.14 08:35:43.787,0.75638,0.75649,1.71,1.09
2015.04.14 08:35:45.935,0.75638,0.75649,2.21,1.86
2015.04.14 08:35:46.393,0.75638,0.75649,2.96,1.76
2015.04.14 08:35:47.008,0.7564,0.75652,3.45,2.14
2015.04.14 08:35:47.440,0.7564,0.75652,3.64,1.76
2015.04.14 08:35:48.351,0.75642,0.75652,4.01,1.00
2015.04.14 08:35:48.402,0.75643,0.75655,1.77,1.76
2015.04.14 08:35:48.554,0.75643,0.75653,1.17,1.29
2015.04.14 08:35:49.060,0.75641,0.75652,1.34,1.19
2015.04.14 08:35:49.604,0.75639,0.75652,1.71,1.84
2015.04.14 08:35:49.958,0.7564,0.75652,2.89,1.09
2015.04.14 08:35:50.261,0.7564,0.75653,2.89,1.26
2015.04.14 08:35:51.965,0.7564,0.75653,2.89,2.14
2015.04.14 08:35:53.087,0.75641,0.75653,1.46,1.39
2015.04.14 08:35:53.592,0.7564,0.75653,2.21,2.96
2015.04.14 08:35:54.130,0.75638,0.75653,4.01,2.29
2015.04.14 08:35:54.635,0.75638,0.75652,4.76,1.46
2015.04.14 08:35:55.846,0.75639,0.75652,1.46,1.34
2015.04.14 08:35:56.352,0.75638,0.75652,4.39,1.46
2015.04.14 08:35:56.655,0.75638,0.75651,2.89,1.71
2015.04.14 08:35:56.706,0.75637,0.75651,1.71,1.71
2015.04.14 08:35:57.666,0.75637,0.75651,2.21,2.21
2015.04.14 08:35:58.655,0.75637,0.75651,2.96,1.46
2015.04.14 08:35:58.958,0.7564,0.75651,1.56,1.34
2015.04.14 08:35:59.109,0.7564,0.75653,1.84,1.24
2015.04.14 08:35:59.210,0.7564,0.75655,4.01,3.79
2015.04.14 08:36:01.080,0.75641,0.75651,1.46,1.25
2015.04.14 08:36:01.607,0.7564,0.7565,2.21,1.00
2015.04.14 08:36:02.621,0.7564,0.7565,1.46,1.37
2015.04.14 08:36:02.874,0.75634,0.75643,2.32,1.76
2015.04.14 08:36:02.925,0.75631,0.75641,3.82,1.00
2015.04.14 08:36:02.976,0.75631,0.75641,1.74,1.10
2015.04.14 08:36:03.077,0.7563,0.75639,1.84,1.00
2015.04.14 08:36:03.179,0.75629,0.75641,2.21,1.10
2015.04.14 08:36:03.685,0.75628,0.75641,1.34,1.29
2015.04.14 08:36:03.786,0.7563,0.75643,1.74,1.84
2015.04.14 08:36:04.089,0.75634,0.75646,1.34,1.29
2015.04.14 08:36:04.392,0.75633,0.75642,1.07,1.32
2015.04.14 08:36:04.443,0.7563,0.75642,2.10,1.40
2015.04.14 08:36:04.948,0.75628,0.7564,2.51,1.25
2015.04.14 08:36:05.251,0.75628,0.75641,1.34,1.44
2015.04.14 08:36:06.379,0.75628,0.75641,1.46,1.74
2015.04.14 08:36:06.929,0.75628,0.75641,3.64,1.66
2015.04.14 08:36:07.434,0.75628,0.75642,3.64,2.14
2015.04.14 08:36:07.838,0.75628,0.75642,3.64,1.66
2015.04.14 08:36:08.383,0.75628,0.75641,4.39,1.31
2015.04.14 08:36:09.913,0.75628,0.75643,1.71,3.04
2015.04.14 08:36:10.521,0.75629,0.75643,1.46,1.71
2015.04.14 08:36:11.027,0.75628,0.75643,1.71,1.71
2015.04.14 08:36:13.014,0.75628,0.75641,1.71,1.39
2015.04.14 08:36:15.123,0.75628,0.75642,1.71,1.74
2015.04.14 08:36:18.288,0.75627,0.75638,2.89,1.00
2015.04.14 08:36:18.389,0.75625,0.75637,1.20,1.15
2015.04.14 08:36:18.541,0.75625,0.75637,1.29,2.21
2015.04.14 08:36:18.795,0.75626,0.75641,1.71,2.66
2015.04.14 08:36:19.740,0.75626,0.75641,1.71,2.36
2015.04.14 08:36:21.797,0.75626,0.75636,2.21,1.00
2015.04.14 08:36:22.049,0.75624,0.75637,1.84,2.59
2015.04.14 08:36:22.709,0.75627,0.75639,1.71,1.46
2015.04.14 08:36:23.014,0.75627,0.75641,3.64,3.79
2015.04.14 08:36:23.754,0.75627,0.75641,3.64,3.71
2015.04.14 08:36:25.558,0.75628,0.75641,1.46,2.59
2015.04.14 08:36:25.862,0.75619,0.75624,1.00,1.19
2015.04.14 08:36:25.912,0.75613,0.75626,3.34,1.74
2015.04.14 08:36:26.064,0.75613,0.75626,1.17,2.21
2015.04.14 08:36:26.570,0.75612,0.75624,1.44,1.29
2015.04.14 08:36:26.620,0.75615,0.75624,1.07,1.29
2015.04.14 08:36:26.671,0.75615,0.75627,1.15,1.41
2015.04.14 08:36:26.722,0.75615,0.75627,1.15,1.34
2015.04.14 08:36:27.025,0.7562,0.7563,1.17,1.74
2015.04.14 08:36:27.176,0.75615,0.75629,1.25,1.15
2015.04.14 08:36:27.227,0.75614,0.75627,2.59,1.07
2015.04.14 08:36:27.278,0.75613,0.75627,1.46,3.26
2015.04.14 08:36:27.480,0.75612,0.75624,1.07,3.26
2015.04.14 08:36:27.685,0.75603,0.75612,1.07,1.00
2015.04.14 08:36:27.786,0.75599,0.75609,1.71,1.00
2015.04.14 08:36:28.315,0.75599,0.75612,1.36,1.84
2015.04.14 08:36:28.618,0.75599,0.75612,1.26,2.21
2015.04.14 08:36:30.295,0.75598,0.75611,1.15,1.36
2015.04.14 08:36:30.346,0.75598,0.75611,2.21,1.46
2015.04.14 08:36:30.649,0.75596,0.75609,1.54,2.14
2015.04.14 08:36:30.700,0.75596,0.75609,1.35,1.84
2015.04.14 08:36:31.088,0.75602,0.75611,1.00,3.26
2015.04.14 08:36:31.139,0.75602,0.75611,1.00,1.36
2015.04.14 08:36:31.392,0.75602,0.75609,1.00,1.84
2015.04.14 08:36:31.645,0.7559,0.75604,4.69,1.76
2015.04.14 08:36:31.847,0.7559,0.75599,4.57,1.12
2015.04.14 08:36:31.898,0.75588,0.75599,5.62,1.12
2015.04.14 08:36:32.102,0.75588,0.75601,4.57,3.19
2015.04.14 08:36:32.204,0.75586,0.756,3.52,1.29
2015.04.14 08:36:32.307,0.75585,0.75594,1.54,1.00
2015.04.14 08:36:32.611,0.75584,0.75597,1.25,3.26
2015.04.14 08:36:32.713,0.75584,0.75597,1.72,1.36
2015.04.14 08:36:32.814,0.75584,0.75597,1.84,1.36
2015.04.14 08:36:33.017,0.75583,0.75596,1.36,1.34
2015.04.14 08:36:33.169,0.75587,0.75596,1.87,1.84
2015.04.14 08:36:33.321,0.75587,0.75598,2.06,1.44
2015.04.14 08:36:33.827,0.75587,0.756,2.96,1.34
2015.04.14 08:36:34.910,0.75588,0.75601,1.46,2.96
2015.04.14 08:36:35.314,0.75587,0.75601,3.34,1.84
2015.04.14 08:36:35.516,0.7559,0.75603,1.26,2.59
2015.04.14 08:36:35.986,0.75593,0.75606,1.34,2.59
2015.04.14 08:36:36.453,0.75596,0.75608,1.95,1.84
2015.04.14 08:36:37.013,0.75596,0.7561,2.21,3.71
2015.04.14 08:36:37.331,0.75597,0.75611,5.14,1.84
2015.04.14 08:36:37.634,0.75599,0.75612,3.64,1.26
2015.04.14 08:36:37.735,0.75602,0.75614,1.76,1.32
2015.04.14 08:36:38.240,0.75602,0.75615,1.09,1.39
2015.04.14 08:36:39.241,0.75606,0.75616,1.09,1.00
2015.04.14 08:36:39.647,0.75605,0.75611,2.17,1.00
2015.04.14 08:36:39.850,0.75606,0.75612,2.02,1.00
2015.04.14 08:36:40.153,0.75606,0.75614,2.02,1.00
2015.04.14 08:36:40.636,0.75603,0.75616,2.70,1.17
2015.04.14 08:36:40.738,0.756,0.75609,2.29,1.00
2015.04.14 08:36:40.840,0.756,0.75608,2.21,1.00
2015.04.14 08:36:41.345,0.75597,0.75607,4.09,1.00
2015.04.14 08:36:41.851,0.75597,0.75608,3.26,1.00
2015.04.14 08:36:42.154,0.75601,0.75611,1.09,1.29
2015.04.14 08:36:42.204,0.75601,0.75611,3.26,1.19
2015.04.14 08:36:42.255,0.75601,0.75613,3.26,1.20
2015.04.14 08:36:42.457,0.75602,0.75616,6.94,1.39
2015.04.14 08:36:42.962,0.75606,0.75617,2.21,1.34
2015.04.14 08:36:44.601,0.756,0.7561,1.09,1.00
2015.04.14 08:36:45.105,0.75598,0.75609,3.34,1.01
2015.04.14 08:36:45.648,0.75598,0.7561,1.91,1.25
2015.04.14 08:36:46.017,0.756,0.75612,3.26,1.01
2015.04.14 08:36:46.372,0.756,0.75609,2.89,1.00
2015.04.14 08:36:46.879,0.75598,0.75608,4.39,1.00
2015.04.14 08:36:46.930,0.75597,0.75608,1.09,1.10
2015.04.14 08:36:49.079,0.75597,0.75606,1.45,1.00
2015.04.14 08:36:49.130,0.75597,0.75606,2.62,1.10
2015.04.14 08:36:49.181,0.75597,0.75603,2.89,1.00
2015.04.14 08:36:49.484,0.75597,0.75607,2.06,1.36
2015.04.14 08:36:49.636,0.75595,0.75607,2.89,1.29
2015.04.14 08:36:50.141,0.75596,0.75608,2.21,1.36
2015.04.14 08:36:50.192,0.75596,0.75608,2.21,1.36
2015.04.14 08:36:50.904,0.75597,0.75609,1.71,1.40
2015.04.14 08:36:51.056,0.75598,0.7561,1.71,1.25
2015.04.14 08:36:51.107,0.75598,0.7561,1.71,1.25
2015.04.14 08:36:51.436,0.75597,0.75609,2.59,1.17
2015.04.14 08:36:51.943,0.75599,0.7561,1.09,1.01
2015.04.14 08:36:52.448,0.75599,0.75612,1.09,1.36
2015.04.14 08:36:57.006,0.75602,0.75614,1.46,3.26
2015.04.14 08:36:57.107,0.75602,0.75614,1.46,1.39
2015.04.14 08:36:57.259,0.75604,0.75616,1.15,1.01
2015.04.14 08:36:57.310,0.75604,0.75616,1.34,1.29
2015.04.14 08:36:57.613,0.75604,0.75616,2.66,1.29
2015.04.14 08:36:57.966,0.75605,0.75619,1.84,1.36
2015.04.14 08:36:59.246,0.75607,0.75619,1.46,1.36
2015.04.14 08:36:59.972,0.75607,0.75618,1.09,1.25
2015.04.14 08:37:00.478,0.75608,0.7562,1.46,1.29
2015.04.14 08:37:00.730,0.75608,0.7562,1.46,1.01
2015.04.14 08:37:01.440,0.75608,0.7562,1.81,1.01
2015.04.14 08:37:01.972,0.75609,0.7562,1.91,1.09
2015.04.14 08:37:02.477,0.75608,0.7562,1.99,1.17
2015.04.14 08:37:06.992,0.75608,0.75619,1.54,1.32
2015.04.14 08:37:07.469,0.75606,0.75613,1.87,1.07
2015.04.14 08:37:07.520,0.75603,0.75615,1.84,1.17
2015.04.14 08:37:07.571,0.75602,0.7561,3.64,1.00
2015.04.14 08:37:07.673,0.75601,0.7561,1.86,1.07
2015.04.14 08:37:07.826,0.756,0.75609,1.25,1.10
2015.04.14 08:37:07.876,0.75597,0.75607,1.54,1.00
2015.04.14 08:37:08.950,0.75595,0.75609,2.66,1.34
2015.04.14 08:37:09.299,0.75595,0.75604,1.91,1.07
2015.04.14 08:37:09.350,0.75594,0.756,1.84,1.00
2015.04.14 08:37:09.401,0.75594,0.75601,1.09,1.00
2015.04.14 08:37:09.603,0.75592,0.75602,1.20,1.26
2015.04.14 08:37:09.705,0.75592,0.75603,1.57,1.34
2015.04.14 08:37:10.210,0.75592,0.75602,1.39,1.20
2015.04.14 08:37:10.513,0.75592,0.75605,1.71,1.36
2015.04.14 08:37:10.563,0.75593,0.75605,1.84,1.17
2015.04.14 08:37:10.917,0.75602,0.75609,1.00,1.76
2015.04.14 08:37:10.968,0.75602,0.75609,1.00,1.25
2015.04.14 08:37:11.221,0.75603,0.75615,2.25,1.65
2015.04.14 08:37:11.424,0.75602,0.75614,3.22,1.57
2015.04.14 08:37:11.525,0.75602,0.75611,2.29,1.00
2015.04.14 08:37:12.534,0.75602,0.75616,2.59,2.21
2015.04.14 08:37:14.252,0.75604,0.75611,1.19,1.15
2015.04.14 08:37:14.303,0.75596,0.75604,2.55,1.00
2015.04.14 08:37:14.354,0.75596,0.75603,1.35,1.00
2015.04.14 08:37:14.455,0.75595,0.75608,3.75,2.21
2015.04.14 08:37:14.859,0.75594,0.75606,1.91,1.40
2015.04.14 08:37:14.910,0.75595,0.75602,1.94,1.00
2015.04.14 08:37:15.370,0.75591,0.756,2.17,1.19
2015.04.14 08:37:15.421,0.75588,0.756,1.54,1.29
2015.04.14 08:37:16.144,0.75586,0.75599,1.79,1.32
2015.04.14 08:37:17.953,0.75585,0.75598,3.04,2.44
2015.04.14 08:37:18.156,0.75586,0.75593,1.10,1.00
2015.04.14 08:37:18.308,0.75583,0.75591,2.21,1.00
2015.04.14 08:37:18.510,0.75582,0.75591,1.61,1.10
2015.04.14 08:37:19.267,0.75581,0.75592,1.86,1.09
2015.04.14 08:37:20.126,0.75582,0.75592,1.61,1.17
2015.04.14 08:37:24.344,0.75584,0.75595,1.00,4.76
2015.04.14 08:37:24.446,0.75584,0.75595,1.10,1.17
2015.04.14 08:37:24.498,0.75584,0.75594,1.29,1.01
2015.04.14 08:37:24.802,0.75587,0.75599,3.64,1.84
2015.04.14 08:37:25.105,0.75584,0.75593,1.10,1.76
2015.04.14 08:37:25.711,0.75578,0.75592,4.01,1.40
2015.04.14 08:37:26.222,0.75584,0.75594,1.25,1.17
2015.04.14 08:37:26.425,0.75585,0.75598,1.54,3.26
2015.04.14 08:37:26.728,0.75585,0.75597,1.54,1.34
2015.04.14 08:37:26.880,0.75585,0.75597,1.24,1.34
2015.04.14 08:37:27.699,0.75585,0.75597,1.32,1.34
2015.04.14 08:37:30.552,0.75583,0.75596,1.40,4.39
2015.04.14 08:37:31.059,0.75581,0.75594,1.16,1.46
2015.04.14 08:37:31.363,0.75581,0.75591,1.09,1.29
2015.04.14 08:37:31.867,0.75581,0.75591,1.20,1.29
2015.04.14 08:37:33.036,0.75577,0.75587,1.54,1.00
2015.04.14 08:37:33.339,0.75576,0.75586,1.27,1.39
2015.04.14 08:37:34.046,0.75574,0.75585,1.95,1.36
2015.04.14 08:37:34.097,0.75574,0.75585,1.15,1.36
2015.04.14 08:37:34.502,0.75575,0.75586,2.40,1.29
2015.04.14 08:37:34.957,0.75575,0.75588,1.15,2.21
2015.04.14 08:37:35.463,0.75575,0.75588,3.34,1.26
2015.04.14 08:37:35.964,0.75578,0.75587,1.00,1.39
2015.04.14 08:37:36.368,0.75575,0.75587,1.84,1.46
2015.04.14 08:37:36.941,0.75577,0.75587,1.00,1.46
2015.04.14 08:37:37.294,0.75576,0.75588,3.26,1.39
2015.04.14 08:37:37.446,0.75576,0.75589,3.26,2.14
2015.04.14 08:37:37.951,0.7558,0.7559,1.10,2.29
2015.04.14 08:37:40.407,0.75578,0.75589,1.17,1.39
2015.04.14 08:37:40.509,0.75577,0.75587,1.17,1.39
2015.04.14 08:37:41.015,0.75576,0.75586,1.17,1.46
2015.04.14 08:37:42.743,0.75575,0.75587,1.34,1.71
2015.04.14 08:37:44.078,0.75577,0.75586,1.10,1.64
2015.04.14 08:37:45.722,0.75576,0.75589,5.81,2.06
2015.04.14 08:37:45.824,0.75576,0.75589,1.84,2.21
2015.04.14 08:37:46.341,0.75577,0.75588,1.00,1.71
2015.04.14 08:37:46.849,0.75574,0.75588,1.46,1.71
2015.04.14 08:37:47.354,0.75576,0.75586,1.20,1.46
2015.04.14 08:37:47.860,0.75577,0.75586,1.00,1.46
2015.04.14 08:37:48.364,0.75576,0.75586,1.20,1.76
2015.04.14 08:37:49.183,0.75574,0.75586,3.04,1.46
2015.04.14 08:37:49.587,0.75576,0.75586,1.57,1.46
2015.04.14 08:37:49.739,0.75577,0.75588,1.27,1.64
2015.04.14 08:37:50.244,0.75577,0.75589,1.27,1.74
2015.04.14 08:37:52.320,0.75574,0.75583,1.09,1.07
2015.04.14 08:37:52.371,0.75572,0.75583,2.21,1.00
2015.04.14 08:37:52.472,0.75572,0.75582,1.54,1.19
2015.04.14 08:37:52.927,0.7557,0.75581,2.21,1.09
2015.04.14 08:37:53.792,0.75571,0.75581,1.27,1.25
2015.04.14 08:37:54.096,0.75571,0.75579,1.52,1.00
2015.04.14 08:37:54.298,0.7557,0.75579,1.77,1.00
2015.04.14 08:37:55.310,0.75567,0.7558,2.29,1.39
2015.04.14 08:37:55.361,0.75565,0.75574,3.71,1.00
2015.04.14 08:37:55.665,0.75561,0.75575,3.64,1.36
2015.04.14 08:37:56.169,0.75561,0.75575,1.71,2.21
2015.04.14 08:37:56.674,0.75561,0.75575,1.34,2.21
2015.04.14 08:37:58.832,0.75565,0.75574,1.50,2.96
2015.04.14 08:37:58.885,0.75565,0.75574,1.50,2.02
2015.04.14 08:38:00.907,0.75565,0.75572,1.50,1.39
2015.04.14 08:38:01.160,0.75566,0.75572,1.87,1.01
2015.04.14 08:38:01.575,0.75562,0.75567,1.25,1.10
2015.04.14 08:38:01.626,0.75559,0.75567,1.00,1.20
2015.04.14 08:38:01.677,0.75556,0.75567,1.72,1.17
2015.04.14 08:38:01.829,0.7556,0.75566,1.50,1.39
2015.04.14 08:38:01.931,0.75561,0.75568,1.00,1.10
2015.04.14 08:38:02.034,0.75561,0.7557,1.10,1.54
2015.04.14 08:38:02.338,0.7556,0.75573,1.77,1.81
2015.04.14 08:38:02.540,0.75562,0.75573,2.77,1.51
2015.04.14 08:38:02.642,0.75561,0.75573,4.95,1.46
2015.04.14 08:38:02.945,0.75566,0.75572,1.87,1.19
2015.04.14 08:38:03.147,0.75561,0.75575,4.20,2.29
2015.04.14 08:38:03.602,0.75566,0.75575,1.87,2.29
2015.04.14 08:38:03.905,0.75561,0.7557,3.37,1.29
2015.04.14 08:38:04.158,0.7556,0.75572,2.21,1.91
2015.04.14 08:38:04.888,0.75562,0.75574,1.27,2.29
2015.04.14 08:38:05.912,0.75562,0.75574,1.27,2.29
2015.04.14 08:38:06.903,0.75562,0.75574,1.27,2.29
2015.04.14 08:38:07.408,0.7556,0.75574,5.29,2.21
2015.04.14 08:38:09.729,0.75561,0.75574,1.16,2.21
2015.04.14 08:38:10.083,0.75567,0.75574,1.87,2.21
2015.04.14 08:38:10.638,0.75561,0.75573,1.89,1.07
2015.04.14 08:38:11.042,0.75562,0.75574,1.54,2.02
2015.04.14 08:38:11.597,0.75561,0.75572,1.24,1.10
2015.04.14 08:38:13.763,0.75566,0.75573,1.87,1.36
2015.04.14 08:38:16.370,0.75566,0.75574,1.87,2.10
2015.04.14 08:38:16.572,0.7556,0.75574,1.71,2.29
2015.04.14 08:38:17.641,0.75559,0.75573,3.34,1.61
2015.04.14 08:38:18.973,0.75561,0.75572,1.71,1.31
2015.04.14 08:38:19.658,0.75561,0.75573,2.96,1.76
2015.04.14 08:38:23.702,0.75561,0.75574,2.21,2.36
2015.04.14 08:38:24.695,0.75561,0.75572,1.77,1.31
2015.04.14 08:38:25.654,0.75562,0.75573,1.15,1.66
2015.04.14 08:38:25.704,0.75562,0.75575,1.15,2.36
2015.04.14 08:38:25.806,0.75562,0.75573,1.40,1.19
2015.04.14 08:38:26.816,0.75561,0.75573,5.06,1.56
2015.04.14 08:38:27.321,0.7556,0.75573,4.76,1.64
2015.04.14 08:38:28.820,0.7556,0.75573,4.01,1.64
2015.04.14 08:38:31.723,0.75564,0.75577,1.27,1.91
2015.04.14 08:38:32.228,0.75564,0.75578,2.21,4.76
2015.04.14 08:38:32.805,0.75564,0.75578,2.21,4.76
2015.04.14 08:38:33.278,0.75566,0.75578,1.71,1.26
2015.04.14 08:38:33.531,0.75568,0.75581,1.46,1.91
2015.04.14 08:38:34.036,0.75571,0.75582,1.17,2.29
2015.04.14 08:38:34.339,0.75572,0.75583,1.17,1.76
2015.04.14 08:38:43.520,0.75575,0.75585,1.07,1.84
2015.04.14 08:38:43.824,0.75575,0.75585,1.15,1.25
2015.04.14 08:38:44.177,0.75575,0.75588,3.64,1.09
2015.04.14 08:38:44.683,0.75576,0.75588,3.26,1.09
2015.04.14 08:38:45.284,0.75577,0.75589,2.51,1.81
2015.04.14 08:38:45.741,0.7558,0.75592,3.64,2.04
2015.04.14 08:38:49.328,0.75583,0.75593,1.32,1.39
2015.04.14 08:38:50.365,0.75583,0.75594,1.32,1.74
2015.04.14 08:38:50.931,0.75583,0.75595,1.40,2.21
2015.04.14 08:38:51.083,0.75587,0.75595,1.07,1.12
2015.04.14 08:38:51.184,0.75589,0.75599,1.15,1.01
2015.04.14 08:38:51.235,0.75589,0.756,1.40,1.55
2015.04.14 08:38:51.387,0.75592,0.75603,1.15,2.29
2015.04.14 08:38:51.590,0.75587,0.75598,1.57,1.15
2015.04.14 08:38:51.895,0.75588,0.75598,1.10,1.01
2015.04.14 08:38:51.997,0.75588,0.756,1.40,1.76
2015.04.14 08:38:52.098,0.75588,0.75597,1.00,1.10
2015.04.14 08:38:52.250,0.75584,0.75595,4.54,1.12
2015.04.14 08:38:53.254,0.75585,0.75597,1.51,1.74
2015.04.14 08:38:55.195,0.75585,0.75597,1.44,1.46
2015.04.14 08:38:55.716,0.75584,0.75595,3.41,1.37
2015.04.14 08:38:56.221,0.75586,0.75595,1.15,1.31
2015.04.14 08:38:56.681,0.75585,0.75595,1.01,1.39
2015.04.14 08:38:58.154,0.75585,0.75595,1.29,1.20
2015.04.14 08:38:58.412,0.75585,0.75598,1.46,1.94
2015.04.14 08:38:58.513,0.75588,0.756,1.09,3.41
2015.04.14 08:38:58.766,0.7559,0.75601,1.19,1.89
2015.04.14 08:38:58.867,0.75585,0.75599,4.16,1.66
2015.04.14 08:38:58.918,0.75585,0.75597,1.24,1.10
2015.04.14 08:38:58.969,0.75584,0.75596,2.55,1.56
2015.04.14 08:38:59.272,0.75583,0.75595,2.59,1.36
2015.04.14 08:39:01.611,0.75583,0.75597,2.96,1.84
2015.04.14 08:39:02.519,0.75583,0.75597,2.21,3.71
2015.04.14 08:39:02.923,0.75582,0.75594,1.27,1.81
2015.04.14 08:39:03.638,0.75582,0.75594,1.20,2.36
2015.04.14 08:39:04.159,0.75582,0.75594,1.39,2.36
2015.04.14 08:39:04.915,0.75582,0.75595,2.21,2.36
2015.04.14 08:39:05.218,0.75584,0.75596,1.09,1.71
2015.04.14 08:39:06.284,0.75584,0.75596,3.64,1.39
2015.04.14 08:39:06.386,0.75585,0.75599,1.71,2.36
2015.04.14 08:39:10.312,0.75584,0.75597,3.26,1.71
2015.04.14 08:39:10.363,0.75584,0.75597,1.40,1.71
2015.04.14 08:39:10.616,0.75582,0.75594,2.21,1.31
2015.04.14 08:39:11.525,0.75584,0.75595,1.34,1.46
2015.04.14 08:39:13.052,0.75585,0.75598,1.46,2.21
2015.04.14 08:39:13.589,0.75585,0.75599,1.71,2.21
2015.04.14 08:39:14.254,0.75585,0.75599,2.21,2.96
2015.04.14 08:39:15.067,0.75588,0.75599,1.26,1.46
2015.04.14 08:39:15.591,0.75588,0.75601,1.46,2.96
2015.04.14 08:39:15.998,0.75589,0.75601,1.54,1.71
2015.04.14 08:39:17.958,0.75589,0.75601,3.04,1.84
2015.04.14 08:39:18.616,0.7559,0.75598,1.10,1.65
2015.04.14 08:39:18.818,0.75585,0.75597,1.54,1.46
2015.04.14 08:39:19.020,0.75587,0.75599,1.16,2.21
2015.04.14 08:39:19.324,0.75585,0.75596,1.54,1.39
2015.04.14 08:39:19.829,0.75585,0.75598,3.04,1.71
2015.04.14 08:39:20.133,0.75584,0.75594,1.72,1.39
2015.04.14 08:39:20.604,0.75579,0.75591,1.84,1.36
2015.04.14 08:39:21.109,0.7558,0.75594,1.91,2.21
2015.04.14 08:39:21.614,0.75582,0.75593,1.54,1.39
2015.04.14 08:39:21.923,0.75582,0.75593,1.54,1.31
2015.04.14 08:39:22.378,0.7558,0.75592,1.54,1.56
2015.04.14 08:39:23.352,0.75579,0.75592,3.79,1.56
2015.04.14 08:39:23.858,0.75579,0.75592,4.54,1.56
2015.04.14 08:39:26.455,0.7558,0.75593,1.16,2.14
2015.04.14 08:39:28.498,0.75583,0.75593,1.07,2.14
2015.04.14 08:39:28.550,0.75583,0.75593,1.09,1.39
2015.04.14 08:39:29.084,0.75583,0.75593,1.17,2.14
2015.04.14 08:39:29.503,0.75581,0.75591,3.34,1.69
2015.04.14 08:39:29.554,0.75581,0.75591,1.29,1.84
2015.04.14 08:39:30.059,0.75581,0.75591,1.01,1.84
2015.04.14 08:39:34.622,0.75581,0.75591,1.07,2.21
2015.04.14 08:39:35.347,0.75581,0.75591,1.17,2.21
2015.04.14 08:39:36.406,0.75581,0.75592,1.40,1.74
2015.04.14 08:39:38.455,0.75581,0.75593,1.40,2.89
2015.04.14 08:39:41.443,0.75582,0.75592,1.09,1.01
2015.04.14 08:39:43.472,0.75582,0.75592,1.09,1.29
2015.04.14 08:39:44.009,0.75582,0.75592,1.17,1.29
2015.04.14 08:39:44.565,0.75584,0.75592,1.10,1.29
2015.04.14 08:39:44.666,0.75586,0.75594,1.00,1.17
2015.04.14 08:39:44.868,0.75584,0.75595,1.54,1.39
2015.04.14 08:39:44.970,0.75579,0.75584,3.37,1.37
2015.04.14 08:39:45.072,0.75571,0.75575,1.00,1.10
2015.04.14 08:39:45.443,0.75566,0.75575,7.50,1.15
2015.04.14 08:39:45.496,0.75561,0.75573,1.40,1.84
2015.04.14 08:39:45.952,0.75564,0.75576,1.19,1.16
2015.04.14 08:39:46.007,0.75564,0.75576,1.34,1.01
2015.04.14 08:39:46.313,0.75567,0.75577,1.40,1.25
2015.04.14 08:39:46.618,0.75564,0.75576,2.66,1.29
2015.04.14 08:39:47.428,0.75564,0.75576,1.91,1.36
2015.04.14 08:39:47.934,0.75564,0.75575,1.46,1.26
2015.04.14 08:39:48.239,0.75561,0.75573,5.29,1.29
2015.04.14 08:39:48.290,0.75561,0.75571,2.36,1.10
2015.04.14 08:39:48.794,0.75561,0.75572,1.34,1.36
2015.04.14 08:39:51.362,0.7556,0.75573,1.34,2.74
2015.04.14 08:39:54.383,0.75562,0.75572,1.09,1.36
2015.04.14 08:39:55.355,0.75562,0.75571,1.17,1.01
2015.04.14 08:39:55.865,0.75562,0.75572,1.20,1.39
2015.04.14 08:39:56.373,0.75562,0.75572,1.09,1.39
2015.04.14 08:39:58.446,0.75558,0.75567,4.35,1.39
2015.04.14 08:39:58.498,0.75555,0.75567,1.46,1.46
2015.04.14 08:39:58.549,0.75555,0.75567,1.46,1.46
2015.04.14 08:39:58.751,0.75555,0.75568,4.01,1.76
2015.04.14 08:39:59.257,0.75558,0.7557,1.26,1.84
2015.04.14 08:39:59.662,0.75559,0.75571,1.34,1.40
2015.04.14 08:40:00.063,0.7556,0.75572,1.34,1.84
2015.04.14 08:40:00.733,0.7556,0.75572,1.46,1.54
2015.04.14 08:40:01.565,0.7556,0.75572,1.46,2.21
2015.04.14 08:40:02.744,0.75558,0.75572,2.66,5.14
2015.04.14 08:40:03.298,0.75558,0.75571,1.91,1.46
2015.04.14 08:40:03.803,0.75558,0.75571,1.16,1.46
2015.04.14 08:40:04.573,0.75559,0.75571,1.61,1.39
2015.04.14 08:40:05.077,0.75559,0.75572,1.61,1.74
2015.04.14 08:40:07.269,0.75561,0.75573,1.65,2.21
2015.04.14 08:40:08.604,0.75559,0.75573,3.79,2.96
2015.04.14 08:40:11.223,0.75559,0.7557,2.59,1.31
2015.04.14 08:40:11.274,0.75558,0.7557,1.54,1.39
2015.04.14 08:40:14.128,0.75561,0.7557,1.00,1.39
2015.04.14 08:40:14.634,0.7556,0.7557,1.01,1.29
2015.04.14 08:40:15.242,0.7556,0.7557,1.01,1.01
2015.04.14 08:40:18.164,0.7556,0.7557,1.09,1.01
2015.04.14 08:40:18.669,0.7556,0.75572,1.34,1.84
2015.04.14 08:40:20.944,0.7556,0.75569,1.00,1.39
2015.04.14 08:40:21.046,0.7556,0.75569,1.00,2.14
2015.04.14 08:40:21.411,0.75558,0.75569,1.00,2.59
2015.04.14 08:40:22.033,0.75558,0.75569,1.32,1.34
2015.04.14 08:40:22.897,0.75557,0.75566,1.50,3.07
2015.04.14 08:40:22.948,0.75557,0.75565,1.00,1.07
2015.04.14 08:40:23.050,0.75557,0.75569,1.17,2.29
2015.04.14 08:40:23.958,0.75556,0.75569,1.34,2.21
2015.04.14 08:40:24.969,0.75555,0.75567,3.26,1.29
2015.04.14 08:40:25.020,0.75555,0.75567,1.34,1.29
2015.04.14 08:40:25.524,0.75555,0.75567,1.34,1.29
2015.04.14 08:40:26.029,0.75555,0.75567,1.34,1.29
2015.04.14 08:40:26.336,0.75558,0.75569,2.14,1.26
2015.04.14 08:40:28.437,0.75559,0.7557,1.34,1.29
2015.04.14 08:40:28.741,0.75559,0.75572,1.34,2.96
2015.04.14 08:40:29.245,0.75559,0.75573,5.14,3.71
2015.04.14 08:40:31.555,0.75559,0.7557,1.71,1.01
2015.04.14 08:40:31.707,0.75558,0.7557,1.71,1.01
2015.04.14 08:40:32.467,0.75557,0.7557,1.71,1.29
2015.04.14 08:40:35.373,0.75557,0.75569,1.71,1.26
2015.04.14 08:40:35.474,0.75557,0.75568,1.47,3.71
2015.04.14 08:40:35.626,0.75555,0.75566,1.74,1.01
2015.04.14 08:40:35.896,0.75555,0.75566,1.74,1.29
2015.04.14 08:40:36.406,0.75557,0.75564,1.00,1.20
2015.04.14 08:40:36.507,0.75555,0.75567,2.21,3.94
2015.04.14 08:40:37.015,0.75555,0.75568,1.71,2.14
2015.04.14 08:40:37.887,0.75555,0.75568,1.61,2.21
2015.04.14 08:40:38.426,0.75556,0.75568,1.44,1.31
2015.04.14 08:40:38.928,0.75556,0.75568,1.81,1.31
2015.04.14 08:40:39.179,0.75556,0.75568,1.81,1.46
2015.04.14 08:40:39.483,0.75556,0.75569,1.81,2.96
2015.04.14 08:40:46.006,0.75557,0.75569,1.24,1.46
2015.04.14 08:40:48.217,0.75558,0.75569,1.84,1.25
2015.04.14 08:40:48.701,0.75559,0.75571,3.64,2.59
2015.04.14 08:40:49.216,0.75559,0.75571,5.21,1.76
2015.04.14 08:40:49.721,0.7556,0.75571,1.81,1.39
2015.04.14 08:40:50.618,0.75558,0.75568,1.91,1.25
2015.04.14 08:40:51.327,0.75558,0.75568,1.91,1.00
2015.04.14 08:40:51.630,0.75558,0.75568,1.91,1.00
2015.04.14 08:40:52.764,0.75558,0.7557,4.16,1.25
2015.04.14 08:40:53.688,0.75558,0.75569,4.01,1.00
2015.04.14 08:40:54.738,0.75558,0.7557,4.76,1.57
2015.04.14 08:40:55.240,0.75558,0.7557,4.76,1.76
2015.04.14 08:40:58.093,0.75558,0.7557,4.76,1.76
2015.04.14 08:41:00.060,0.7556,0.75572,3.64,2.59
2015.04.14 08:41:00.961,0.75561,0.75572,1.09,1.10
2015.04.14 08:41:01.114,0.75565,0.75574,1.09,1.00
2015.04.14 08:41:01.165,0.75565,0.75577,1.91,2.21
2015.04.14 08:41:01.216,0.75565,0.75577,1.91,1.31
2015.04.14 08:41:02.168,0.75564,0.75577,5.59,1.19
2015.04.14 08:41:03.171,0.75566,0.75577,1.16,1.19
2015.04.14 08:41:05.473,0.75565,0.75577,1.34,1.56
2015.04.14 08:41:05.524,0.75564,0.75576,2.29,1.46
2015.04.14 08:41:06.029,0.75563,0.75574,1.39,1.84
2015.04.14 08:41:06.533,0.75564,0.75574,1.71,1.19
2015.04.14 08:41:06.785,0.75563,0.75574,1.84,1.09
2015.04.14 08:41:06.937,0.75563,0.75574,4.01,1.25
2015.04.14 08:41:07.949,0.75564,0.75575,2.59,1.00
2015.04.14 08:41:13.101,0.75566,0.75575,2.21,1.00
2015.04.14 08:41:15.543,0.75569,0.75581,1.71,1.19
2015.04.14 08:41:15.595,0.7557,0.75581,1.46,1.69
2015.04.14 08:41:16.000,0.7557,0.75581,2.96,1.19
2015.04.14 08:41:16.303,0.75574,0.75581,1.37,1.00
2015.04.14 08:41:16.354,0.75574,0.75583,1.52,1.00
2015.04.14 08:41:16.456,0.75575,0.75583,3.45,1.00
2015.04.14 08:41:16.506,0.75575,0.75587,3.64,1.34
2015.04.14 08:41:16.708,0.75576,0.75587,1.81,1.00
2015.04.14 08:41:16.860,0.75576,0.75587,1.76,1.17
2015.04.14 08:41:17.366,0.75574,0.75585,2.59,1.09
2015.04.14 08:41:17.417,0.75574,0.75585,2.21,1.09
2015.04.14 08:41:19.943,0.75574,0.75585,1.54,1.84
2015.04.14 08:41:21.226,0.75574,0.75585,1.54,1.84
2015.04.14 08:41:21.932,0.75574,0.75585,1.54,1.84
2015.04.14 08:41:22.884,0.75574,0.75585,3.34,1.25
2015.04.14 08:41:23.389,0.75574,0.75585,3.34,1.19
2015.04.14 08:41:23.914,0.75574,0.75585,3.34,1.25
2015.04.14 08:41:27.971,0.75576,0.75584,1.36,1.00
2015.04.14 08:41:28.275,0.75577,0.75586,1.91,1.10
2015.04.14 08:41:29.796,0.75576,0.75586,1.91,1.00
2015.04.14 08:41:31.056,0.75579,0.7559,1.57,1.34
2015.04.14 08:41:31.107,0.75579,0.7559,1.65,1.29
2015.04.14 08:41:31.309,0.75584,0.75594,1.27,1.25
2015.04.14 08:41:31.410,0.75584,0.75596,2.59,1.01
2015.04.14 08:41:31.562,0.75586,0.75598,1.66,2.59
2015.04.14 08:41:31.613,0.75586,0.75599,2.96,1.84
2015.04.14 08:41:31.715,0.75586,0.75598,4.01,1.01
2015.04.14 08:41:33.271,0.75587,0.75599,1.46,1.26
2015.04.14 08:41:33.775,0.75587,0.75599,1.46,1.32
2015.04.14 08:41:36.630,0.75586,0.756,2.14,2.06
2015.04.14 08:41:37.870,0.75589,0.75601,1.19,1.19
2015.04.14 08:41:38.481,0.75589,0.75601,1.19,1.19
2015.04.14 08:41:40.214,0.75589,0.75601,1.69,1.25
2015.04.14 08:41:40.739,0.75589,0.75601,1.69,1.19
2015.04.14 08:41:41.502,0.75589,0.75601,1.64,1.69
2015.04.14 08:41:43.091,0.7559,0.75602,1.31,1.31
2015.04.14 08:41:43.518,0.75591,0.75603,1.29,1.69
2015.04.14 08:41:43.619,0.75591,0.75603,1.74,2.06
2015.04.14 08:41:44.023,0.75591,0.75604,2.21,1.25
2015.04.14 08:41:44.808,0.75591,0.75604,4.01,1.25
2015.04.14 08:41:45.995,0.75593,0.75604,1.29,1.19
2015.04.14 08:41:46.511,0.75592,0.75603,1.32,1.31
2015.04.14 08:41:47.524,0.75589,0.75602,2.21,1.31
2015.04.14 08:41:49.142,0.75589,0.75602,3.71,1.19
2015.04.14 08:41:49.446,0.75592,0.75604,1.56,1.69
2015.04.14 08:41:49.648,0.75592,0.75604,1.31,2.06
2015.04.14 08:41:50.158,0.75591,0.75603,1.39,1.31
2015.04.14 08:41:51.528,0.75591,0.75602,1.56,1.25
2015.04.14 08:41:52.628,0.7559,0.75604,3.34,2.06
2015.04.14 08:41:53.133,0.75594,0.75604,1.19,1.19
2015.04.14 08:41:53.336,0.75594,0.75608,1.69,2.06
2015.04.14 08:41:54.447,0.75595,0.75608,1.31,1.19
2015.04.14 08:41:54.599,0.75597,0.75609,1.69,1.19
2015.04.14 08:41:54.650,0.75597,0.75609,1.69,1.25
2015.04.14 08:41:55.256,0.75598,0.75612,2.06,2.21
2015.04.14 08:41:56.242,0.75598,0.7561,2.06,1.19
2015.04.14 08:41:57.907,0.75597,0.75611,2.44,1.56
2015.04.14 08:41:58.249,0.75598,0.75611,1.19,1.56
2015.04.14 08:42:00.265,0.75598,0.75611,1.19,2.06
2015.04.14 08:42:01.266,0.756,0.75612,1.19,1.56
2015.04.14 08:42:01.367,0.756,0.75612,1.00,1.62
2015.04.14 08:42:01.469,0.756,0.75612,1.19,1.56
2015.04.14 08:42:02.282,0.756,0.75613,1.69,2.06
2015.04.14 08:42:02.787,0.756,0.75613,1.81,1.46
2015.04.14 08:42:03.292,0.756,0.75614,1.71,3.11
2015.04.14 08:42:03.797,0.756,0.75613,1.84,1.16
2015.04.14 08:42:04.302,0.756,0.75613,1.84,1.16
2015.04.14 08:42:05.283,0.756,0.75614,1.91,3.04
2015.04.14 08:42:06.340,0.756,0.75614,1.84,2.96
2015.04.14 08:42:06.896,0.756,0.75613,2.21,2.29
2015.04.14 08:42:07.602,0.756,0.75614,2.59,2.96
2015.04.14 08:42:08.897,0.756,0.75614,2.96,3.04
2015.04.14 08:42:09.404,0.756,0.75611,1.46,1.25
2015.04.14 08:42:09.909,0.756,0.75612,1.46,1.44
2015.04.14 08:42:10.212,0.75608,0.75618,1.00,6.00
2015.04.14 08:42:10.313,0.75607,0.7562,1.01,2.29
2015.04.14 08:42:10.515,0.75605,0.75618,1.26,4.01
2015.04.14 08:42:10.818,0.75607,0.75621,1.09,1.51
2015.04.14 08:42:11.323,0.75607,0.75621,1.36,1.54
2015.04.14 08:42:12.850,0.75607,0.7562,1.46,1.36
2015.04.14 08:42:13.362,0.75609,0.7562,1.01,1.36
2015.04.14 08:42:14.180,0.75608,0.7562,1.36,1.36
2015.04.14 08:42:15.056,0.75609,0.75623,1.46,1.91
2015.04.14 08:42:15.159,0.75609,0.75623,1.46,1.91
2015.04.14 08:42:16.627,0.75614,0.75622,1.12,1.36
2015.04.14 08:42:16.729,0.75611,0.75622,1.39,1.01
2015.04.14 08:42:16.931,0.75609,0.75621,2.66,1.07
2015.04.14 08:42:17.133,0.75609,0.75621,1.39,1.34
2015.04.14 08:42:17.838,0.75609,0.75622,1.39,1.71
2015.04.14 08:42:19.301,0.75609,0.75623,2.21,2.29
2015.04.14 08:42:20.108,0.75611,0.75623,1.39,2.29
2015.04.14 08:42:21.696,0.75611,0.75623,1.36,1.46
2015.04.14 08:42:22.840,0.75611,0.75623,1.84,1.26
2015.04.14 08:42:23.352,0.75611,0.75623,1.84,1.29
2015.04.14 08:42:24.364,0.7561,0.75622,2.59,1.39
2015.04.14 08:42:24.517,0.7561,0.75621,1.76,1.36
2015.04.14 08:42:25.376,0.75609,0.75621,1.34,1.26
2015.04.14 08:42:25.679,0.75608,0.7562,1.46,1.40
2015.04.14 08:42:26.439,0.75609,0.75622,1.36,3.64
2015.04.14 08:42:27.960,0.75606,0.75619,3.64,1.29
2015.04.14 08:42:28.488,0.75606,0.75619,2.21,1.46
2015.04.14 08:42:29.669,0.75602,0.75614,1.44,1.26
2015.04.14 08:42:30.870,0.75604,0.75618,1.46,1.79
2015.04.14 08:42:34.625,0.75602,0.75614,1.71,1.09
2015.04.14 08:42:34.928,0.756,0.75612,1.91,1.10
2015.04.14 08:42:35.433,0.756,0.75612,1.34,1.29
2015.04.14 08:42:36.980,0.756,0.75612,1.40,1.84
2015.04.14 08:42:37.984,0.756,0.75612,1.34,1.39
2015.04.14 08:42:39.953,0.756,0.75612,1.34,1.76
2015.04.14 08:42:40.958,0.75601,0.75613,1.09,1.84
2015.04.14 08:42:41.264,0.756,0.75612,1.34,1.26
2015.04.14 08:42:43.564,0.75599,0.75611,1.84,1.84
2015.04.14 08:42:43.872,0.75597,0.75607,3.07,1.20
2015.04.14 08:42:43.923,0.75595,0.75606,1.91,1.45
2015.04.14 08:42:44.774,0.75592,0.75604,3.34,1.01
2015.04.14 08:42:44.977,0.75591,0.75603,3.11,1.10
2015.04.14 08:42:45.179,0.7559,0.75602,2.21,1.46
2015.04.14 08:42:46.191,0.7559,0.75602,2.21,2.21
2015.04.14 08:42:47.334,0.7559,0.75602,1.46,2.21
2015.04.14 08:42:48.851,0.7559,0.75602,1.46,2.21
2015.04.14 08:42:49.352,0.7559,0.75602,1.34,1.36
2015.04.14 08:42:50.550,0.7559,0.75603,4.84,1.26
2015.04.14 08:42:51.612,0.7559,0.75602,1.99,1.36
2015.04.14 08:42:53.117,0.75593,0.75602,2.14,1.36
2015.04.14 08:42:53.622,0.75593,0.75603,2.14,1.76
2015.04.14 08:42:54.193,0.75595,0.75604,1.00,1.09
2015.04.14 08:42:54.648,0.75596,0.75606,2.06,1.40
2015.04.14 08:42:54.750,0.75596,0.75607,2.14,1.46
2015.04.14 08:42:55.274,0.75596,0.75608,3.34,2.21
2015.04.14 08:42:58.015,0.75598,0.75608,2.36,1.12
2015.04.14 08:42:58.065,0.75599,0.75612,1.16,1.36
2015.04.14 08:42:59.023,0.75598,0.75612,2.74,2.21
2015.04.14 08:43:02.050,0.756,0.75613,1.84,2.21
2015.04.14 08:43:03.257,0.75601,0.75613,1.74,1.84
2015.04.14 08:43:03.409,0.75603,0.75615,1.39,1.39
2015.04.14 08:43:03.712,0.75605,0.75615,1.65,1.10
2015.04.14 08:43:04.016,0.75607,0.75619,4.39,1.19
2015.04.14 08:43:04.470,0.75608,0.7562,1.36,1.01
2015.04.14 08:43:04.672,0.7561,0.75622,1.40,1.84
2015.04.14 08:43:06.439,0.75609,0.75622,3.34,1.36
2015.04.14 08:43:08.482,0.7561,0.75622,1.46,1.36
2015.04.14 08:43:09.440,0.7561,0.75622,1.46,1.36
2015.04.14 08:43:12.552,0.75614,0.75622,1.50,1.36
2015.04.14 08:43:12.603,0.7562,0.75632,1.25,1.34
2015.04.14 08:43:12.907,0.75619,0.75632,2.66,1.34
2015.04.14 08:43:15.776,0.75621,0.75633,1.01,4.01
2015.04.14 08:43:15.827,0.75622,0.75635,1.46,1.44
2015.04.14 08:43:15.878,0.75627,0.75635,1.87,1.36
2015.04.14 08:43:15.979,0.75627,0.75636,1.95,1.10
2015.04.14 08:43:16.131,0.75627,0.75639,2.96,2.14
2015.04.14 08:43:16.182,0.75627,0.75639,2.96,1.76
2015.04.14 08:43:16.283,0.75627,0.75638,2.14,1.76
2015.04.14 08:43:16.334,0.75627,0.75638,2.14,1.84
2015.04.14 08:43:17.868,0.75626,0.75638,2.96,2.21
2015.04.14 08:43:18.373,0.75626,0.75637,1.09,1.29
2015.04.14 08:43:18.474,0.75626,0.75637,1.09,1.01
2015.04.14 08:43:19.720,0.75633,0.7564,1.00,1.34
2015.04.14 08:43:20.541,0.75633,0.7564,1.00,1.40
2015.04.14 08:43:20.895,0.75635,0.75641,1.00,1.09
2015.04.14 08:43:23.026,0.75633,0.75641,1.00,1.09
2015.04.14 08:43:24.145,0.75635,0.7564,1.00,1.01
2015.04.14 08:43:24.720,0.75634,0.7564,1.00,1.25
2015.04.14 08:43:25.224,0.75633,0.7564,1.00,1.25
2015.04.14 08:43:25.909,0.75635,0.7564,1.00,1.00
2015.04.14 08:43:27.581,0.75636,0.7564,1.00,1.00
2015.04.14 08:43:27.642,0.75636,0.75644,1.00,2.21
2015.04.14 08:43:28.504,0.75634,0.75644,1.39,2.21
2015.04.14 08:43:31.611,0.75635,0.75646,1.47,5.06
2015.04.14 08:43:31.964,0.75635,0.75644,1.10,1.25
2015.04.14 08:43:32.116,0.75635,0.75646,1.10,1.74
2015.04.14 08:43:32.419,0.75635,0.75646,1.47,1.74
2015.04.14 08:43:33.126,0.75635,0.75646,1.10,2.21
2015.04.14 08:43:33.329,0.75635,0.75646,1.12,5.14
2015.04.14 08:43:33.783,0.7563,0.75643,1.91,2.21
2015.04.14 08:43:34.725,0.7563,0.75642,1.84,1.39
2015.04.14 08:43:35.721,0.75629,0.75642,3.26,2.21
2015.04.14 08:43:35.772,0.75629,0.75642,1.34,2.21
2015.04.14 08:43:40.627,0.75629,0.75642,1.84,2.21
2015.04.14 08:43:42.118,0.75629,0.75642,4.01,2.21
2015.04.14 08:43:42.762,0.75629,0.75642,4.01,2.21
2015.04.14 08:43:43.747,0.75629,0.75642,4.01,1.46
2015.04.14 08:43:44.732,0.75629,0.75642,4.01,1.46
2015.04.14 08:43:45.725,0.7563,0.75642,2.89,1.39
2015.04.14 08:43:46.256,0.7563,0.75642,3.64,1.39
2015.04.14 08:43:46.807,0.7563,0.75642,3.64,1.39
2015.04.14 08:43:48.613,0.7563,0.75642,1.71,1.29
2015.04.14 08:43:49.465,0.7563,0.75642,1.74,1.36
2015.04.14 08:43:49.997,0.7563,0.75642,1.46,1.46
2015.04.14 08:43:54.758,0.7563,0.75642,1.46,2.29
2015.04.14 08:43:57.048,0.7563,0.75642,1.34,2.14
2015.04.14 08:43:58.789,0.7563,0.75644,1.71,3.04
2015.04.14 08:44:01.846,0.75632,0.75644,1.32,2.29
2015.04.14 08:44:01.998,0.75631,0.75645,2.96,3.04
2015.04.14 08:44:02.201,0.75634,0.75645,1.84,1.34
2015.04.14 08:44:04.199,0.75633,0.75647,3.34,1.71
2015.04.14 08:44:08.224,0.75633,0.75646,2.59,1.46
2015.04.14 08:44:09.696,0.75634,0.75646,1.34,1.31
2015.04.14 08:44:09.898,0.75634,0.75648,2.21,1.71
2015.04.14 08:44:11.835,0.75634,0.75648,2.96,1.71
2015.04.14 08:44:12.364,0.75634,0.75645,1.34,1.00
2015.04.14 08:44:12.415,0.75634,0.75645,1.01,1.17
2015.04.14 08:44:12.466,0.75634,0.75642,1.01,1.00
2015.04.14 08:44:12.972,0.7563,0.75642,1.84,1.10
2015.04.14 08:44:13.480,0.7563,0.75642,1.84,1.29
2015.04.14 08:44:15.032,0.7563,0.75642,1.84,1.01
2015.04.14 08:44:15.337,0.75632,0.75646,6.56,2.21
2015.04.14 08:44:15.641,0.75633,0.75646,1.46,1.46
2015.04.14 08:44:16.218,0.75633,0.75647,2.96,2.96
2015.04.14 08:44:17.430,0.75635,0.75649,1.34,3.11
2015.04.14 08:44:17.934,0.75637,0.75649,1.39,2.36
2015.04.14 08:44:20.859,0.75638,0.75649,1.19,2.21
2015.04.14 08:44:21.751,0.75636,0.75648,1.34,1.71
2015.04.14 08:44:22.272,0.75634,0.75648,2.21,1.81
2015.04.14 08:44:23.237,0.75634,0.75648,1.46,1.81
2015.04.14 08:44:24.043,0.75635,0.75649,1.34,3.11
2015.04.14 08:44:26.888,0.75634,0.75643,2.25,1.25
2015.04.14 08:44:26.941,0.75632,0.75643,1.36,1.32
2015.04.14 08:44:27.668,0.75632,0.75645,1.84,1.91
2015.04.14 08:44:28.197,0.75634,0.75646,1.46,1.46
2015.04.14 08:44:28.939,0.75634,0.75646,1.46,1.46
2015.04.14 08:44:29.674,0.75634,0.75646,1.46,1.46
2015.04.14 08:44:29.977,0.75634,0.75646,1.46,2.96
2015.04.14 08:44:30.381,0.75634,0.75648,2.96,3.11
2015.04.14 08:44:30.886,0.75635,0.75648,2.21,1.44
2015.04.14 08:44:31.206,0.75638,0.75649,1.46,1.51
2015.04.14 08:44:31.510,0.75639,0.7565,1.84,1.09
2015.04.14 08:44:32.485,0.7564,0.75649,1.25,1.17
2015.04.14 08:44:33.243,0.75637,0.75649,2.14,1.15
2015.04.14 08:44:33.597,0.75638,0.75649,1.31,3.26
2015.04.14 08:44:34.301,0.75638,0.75649,1.31,3.26
2015.04.14 08:44:34.688,0.75639,0.75652,1.46,1.91
2015.04.14 08:44:34.890,0.75639,0.75652,1.46,1.91
2015.04.14 08:44:35.896,0.75639,0.75652,2.21,1.44
2015.04.14 08:44:36.896,0.75639,0.75652,2.21,1.44
2015.04.14 08:44:37.880,0.7564,0.75653,1.29,1.61
2015.04.14 08:44:39.795,0.75639,0.75653,1.39,3.79
2015.04.14 08:44:41.792,0.75638,0.7565,1.76,1.84
2015.04.14 08:44:42.820,0.75638,0.7565,1.76,1.84
2015.04.14 08:44:43.347,0.75638,0.7565,2.21,1.36
2015.04.14 08:44:44.149,0.75637,0.75641,1.00,2.17
2015.04.14 08:44:44.201,0.75628,0.75639,1.76,1.34
2015.04.14 08:44:44.252,0.75628,0.75638,1.69,2.51
2015.04.14 08:44:44.353,0.75628,0.75637,1.00,3.07
2015.04.14 08:44:44.404,0.75625,0.75637,1.07,4.01
2015.04.14 08:44:44.455,0.75624,0.75633,1.00,1.15
2015.04.14 08:44:44.760,0.7562,0.75631,2.81,2.32
2015.04.14 08:44:44.962,0.75621,0.75632,1.39,1.40
2015.04.14 08:44:45.216,0.75621,0.75633,1.19,1.34
2015.04.14 08:44:46.240,0.75619,0.75633,1.46,1.44
2015.04.14 08:44:47.029,0.7562,0.75634,1.71,2.29
2015.04.14 08:44:47.233,0.75623,0.75635,1.84,1.46
2015.04.14 08:44:47.637,0.75624,0.75636,2.14,1.34
2015.04.14 08:44:49.140,0.75624,0.75635,2.21,1.32
2015.04.14 08:44:50.749,0.75623,0.75635,3.71,1.09
2015.04.14 08:44:51.556,0.75625,0.75637,2.14,1.54
2015.04.14 08:44:52.077,0.75625,0.75637,2.14,1.54
2015.04.14 08:44:52.481,0.75624,0.75635,1.19,2.89
2015.04.14 08:44:52.532,0.75623,0.75634,2.14,1.15
2015.04.14 08:44:52.686,0.75623,0.75633,1.00,5.44
2015.04.14 08:44:52.991,0.75621,0.7563,1.25,2.32
2015.04.14 08:44:53.244,0.75615,0.75623,1.00,1.15
2015.04.14 08:44:53.296,0.7561,0.75623,2.21,3.07
2015.04.14 08:44:53.500,0.7561,0.75622,1.39,1.34
2015.04.14 08:44:54.018,0.75608,0.75622,2.59,1.84
2015.04.14 08:44:54.954,0.75608,0.75622,2.21,1.84
2015.04.14 08:44:55.473,0.75609,0.75622,1.34,1.39
2015.04.14 08:44:56.830,0.75615,0.75627,1.87,1.16
2015.04.14 08:44:56.881,0.75615,0.75628,2.21,1.01
2015.04.14 08:44:56.933,0.75616,0.75629,1.71,1.91
2015.04.14 08:44:57.438,0.75617,0.7563,1.46,1.99
2015.04.14 08:44:58.293,0.75618,0.7563,1.84,1.84
2015.04.14 08:45:00.105,0.75618,0.7563,2.21,1.34
2015.04.14 08:45:00.996,0.75618,0.7563,2.21,1.71
2015.04.14 08:45:02.132,0.75618,0.75631,2.96,1.24
2015.04.14 08:45:03.011,0.75618,0.75631,2.21,1.16
2015.04.14 08:45:03.806,0.7562,0.75632,1.84,1.61
2015.04.14 08:45:04.311,0.7562,0.75632,1.34,1.61
2015.04.14 08:45:05.558,0.7562,0.75632,1.34,1.89
2015.04.14 08:45:06.708,0.75619,0.75632,1.46,1.89
2015.04.14 08:45:10.023,0.75618,0.75632,2.21,2.74
2015.04.14 08:45:11.613,0.75618,0.75632,1.46,1.99
2015.04.14 08:45:12.132,0.75618,0.75632,1.46,1.99
2015.04.14 08:45:13.041,0.75618,0.75632,1.46,1.99
2015.04.14 08:45:13.546,0.75618,0.75632,1.27,1.99
2015.04.14 08:45:13.849,0.75613,0.75627,3.71,1.40
2015.04.14 08:45:14.507,0.75618,0.75629,2.25,2.89
2015.04.14 08:45:14.828,0.75618,0.75631,1.26,4.91
2015.04.14 08:45:15.344,0.75618,0.7563,5.89,1.09
2015.04.14 08:45:17.666,0.75619,0.75631,3.34,1.74
2015.04.14 08:45:19.461,0.75619,0.75631,2.59,1.74
2015.04.14 08:45:22.065,0.75619,0.7563,1.65,1.57
2015.04.14 08:45:22.167,0.75616,0.75624,1.10,1.37
2015.04.14 08:45:22.269,0.75612,0.75623,1.80,2.02
2015.04.14 08:45:22.774,0.75612,0.75623,1.34,1.36
2015.04.14 08:45:23.879,0.7561,0.75623,2.89,1.55
2015.04.14 08:45:28.361,0.7561,0.75623,2.89,1.74
2015.04.14 08:45:29.370,0.75611,0.75622,1.34,1.46
2015.04.14 08:45:29.876,0.75611,0.75622,2.21,1.76
2015.04.14 08:45:30.332,0.75611,0.75622,1.84,1.39
2015.04.14 08:45:30.849,0.75611,0.75623,1.34,1.36
2015.04.14 08:45:31.353,0.75611,0.75623,1.46,1.39
2015.04.14 08:45:33.648,0.75609,0.75623,5.14,1.84
2015.04.14 08:45:34.167,0.75609,0.75623,4.39,1.46
2015.04.14 08:45:34.671,0.75609,0.75623,4.39,1.54
2015.04.14 08:45:35.181,0.75614,0.75625,1.76,1.15
2015.04.14 08:45:35.493,0.75618,0.75629,1.34,1.31
2015.04.14 08:45:36.432,0.75619,0.75631,1.34,1.09
2015.04.14 08:45:37.051,0.75619,0.75632,5.14,2.14
2015.04.14 08:45:40.044,0.75619,0.75631,1.46,1.39
2015.04.14 08:45:40.347,0.7562,0.75632,1.34,2.96
2015.04.14 08:45:42.820,0.7562,0.75627,1.15,1.00
2015.04.14 08:45:43.360,0.75617,0.75624,3.56,1.00
2015.04.14 08:45:43.413,0.75617,0.75627,2.21,1.00
2015.04.14 08:45:43.567,0.75618,0.75627,1.71,1.00
2015.04.14 08:45:43.618,0.75619,0.75631,1.46,3.34
2015.04.14 08:45:45.488,0.75619,0.75631,2.21,1.39
2015.04.14 08:45:45.640,0.7562,0.75631,1.36,1.00
2015.04.14 08:45:47.036,0.75621,0.75631,1.46,1.07
2015.04.14 08:45:54.058,0.75626,0.75632,1.00,1.07
2015.04.14 08:45:54.159,0.75623,0.75632,1.57,1.00
2015.04.14 08:45:54.261,0.75625,0.75632,1.00,1.00
2015.04.14 08:45:54.825,0.75623,0.75633,1.29,1.10
2015.04.14 08:45:55.332,0.75623,0.75633,1.29,1.01
2015.04.14 08:45:56.839,0.75621,0.75633,3.41,1.15
2015.04.14 08:45:57.765,0.75621,0.75631,3.41,1.00
2015.04.14 08:45:58.558,0.75621,0.75633,3.41,1.34
2015.04.14 08:46:00.112,0.75621,0.75631,3.41,1.00
2015.04.14 08:46:02.472,0.75622,0.75631,1.54,1.00
2015.04.14 08:46:02.523,0.75622,0.75634,2.29,1.09
2015.04.14 08:46:03.181,0.75627,0.75636,1.10,1.15
2015.04.14 08:46:03.383,0.75626,0.75636,2.51,1.25
2015.04.14 08:46:03.686,0.75628,0.7564,1.46,1.41
2015.04.14 08:46:03.888,0.75629,0.75639,1.46,1.25
2015.04.14 08:46:07.283,0.75629,0.75639,1.84,1.19
2015.04.14 08:46:07.586,0.75627,0.75637,1.46,1.17
2015.04.14 08:46:08.142,0.75629,0.7564,1.32,3.56
2015.04.14 08:46:08.193,0.75629,0.75641,1.34,1.39
2015.04.14 08:46:09.216,0.7563,0.75641,1.29,1.09
2015.04.14 08:46:11.909,0.75637,0.75647,1.20,1.86
2015.04.14 08:46:11.960,0.75636,0.75646,1.32,1.39
2015.04.14 08:46:12.465,0.75635,0.75647,1.39,1.84
2015.04.14 08:46:13.913,0.75635,0.75647,1.09,1.84
2015.04.14 08:46:15.919,0.75634,0.75647,2.59,1.84
2015.04.14 08:46:17.275,0.75634,0.75643,1.39,1.00
2015.04.14 08:46:17.326,0.75632,0.75643,1.91,1.00
2015.04.14 08:46:17.428,0.7563,0.75642,1.46,1.36
2015.04.14 08:46:17.933,0.75629,0.75641,2.21,1.46
2015.04.14 08:46:18.439,0.75629,0.75641,2.21,1.46
2015.04.14 08:46:24.926,0.75629,0.75641,2.06,2.21
2015.04.14 08:46:25.468,0.75628,0.7564,1.76,1.34
2015.04.14 08:46:26.871,0.75628,0.75639,1.84,1.09
2015.04.14 08:46:27.177,0.75629,0.7564,1.39,1.71
2015.04.14 08:46:28.446,0.75628,0.7564,2.59,1.71
2015.04.14 08:46:28.961,0.75628,0.7564,2.96,1.76
2015.04.14 08:46:37.311,0.75628,0.75634,1.34,1.00
2015.04.14 08:46:37.362,0.75626,0.75634,1.15,1.25
2015.04.14 08:46:37.464,0.75621,0.75633,1.84,1.84
2015.04.14 08:46:37.666,0.7562,0.75632,1.46,1.36
2015.04.14 08:46:38.170,0.7562,0.7563,1.36,1.00
2015.04.14 08:46:38.676,0.75619,0.75632,1.46,1.36
2015.04.14 08:46:41.924,0.7562,0.75632,1.29,3.26
2015.04.14 08:46:44.772,0.75619,0.75632,2.96,2.32
2015.04.14 08:46:45.791,0.7562,0.75634,2.21,1.46
2015.04.14 08:46:46.296,0.75624,0.75635,1.46,1.40
2015.04.14 08:46:46.801,0.75627,0.75637,1.01,1.76
2015.04.14 08:46:46.902,0.75627,0.75637,1.01,1.39
2015.04.14 08:46:47.899,0.75627,0.75637,2.89,1.12
2015.04.14 08:46:52.227,0.75629,0.75641,2.96,2.59
2015.04.14 08:46:53.287,0.7563,0.75641,1.32,1.74
2015.04.14 08:46:55.248,0.75631,0.75641,1.39,1.74
2015.04.14 08:46:56.816,0.75631,0.75641,1.36,1.36
2015.04.14 08:47:00.651,0.75632,0.75643,1.39,2.14
2015.04.14 08:47:01.642,0.75631,0.75643,2.59,2.21
2015.04.14 08:47:02.656,0.75631,0.75643,2.59,2.21
2015.04.14 08:47:03.451,0.75631,0.75643,2.59,2.21
2015.04.14 08:47:09.433,0.75631,0.75641,1.34,1.29
2015.04.14 08:47:10.668,0.75631,0.75641,1.40,1.01
2015.04.14 08:47:12.564,0.7563,0.75638,1.00,1.57
2015.04.14 08:47:12.615,0.7563,0.75638,1.00,2.02
2015.04.14 08:47:13.090,0.75629,0.75638,1.00,1.46
2015.04.14 08:47:13.678,0.75628,0.75638,1.50,1.46
2015.04.14 08:47:14.979,0.75628,0.75638,1.39,1.09
2015.04.14 08:47:15.080,0.75628,0.75636,1.37,1.07
2015.04.14 08:47:15.182,0.75626,0.75636,1.10,2.02
2015.04.14 08:47:15.691,0.75624,0.75634,1.26,1.32
2015.04.14 08:47:16.200,0.75624,0.75634,1.71,1.00
2015.04.14 08:47:16.971,0.75626,0.7563,1.00,1.01
2015.04.14 08:47:17.022,0.7562,0.7563,1.25,1.09
2015.04.14 08:47:17.541,0.75618,0.75631,1.61,1.46
2015.04.14 08:47:18.673,0.75618,0.7563,1.61,1.26
2015.04.14 08:47:18.825,0.75618,0.75628,1.36,1.34
2015.04.14 08:47:19.128,0.75616,0.75627,1.54,1.46
2015.04.14 08:47:19.481,0.75615,0.75626,1.44,1.36
2015.04.14 08:47:19.986,0.75615,0.75623,1.15,1.25
2015.04.14 08:47:20.138,0.75612,0.7562,1.20,1.29
2015.04.14 08:47:20.441,0.7561,0.75619,1.01,1.19
2015.04.14 08:47:22.277,0.75609,0.75618,1.10,1.19
2015.04.14 08:47:23.610,0.75608,0.75617,1.10,1.62
2015.04.14 08:47:24.128,0.75607,0.75617,1.46,1.56
2015.04.14 08:47:26.907,0.75608,0.75619,1.20,1.55
2015.04.14 08:47:27.211,0.75611,0.75622,1.50,1.15
2015.04.14 08:47:27.262,0.75611,0.75622,2.40,1.00
2015.04.14 08:47:27.768,0.75613,0.75624,1.15,1.56
2015.04.14 08:47:28.072,0.75612,0.75623,1.65,1.76
2015.04.14 08:47:29.038,0.75612,0.75623,1.17,1.76
2015.04.14 08:47:29.724,0.75611,0.75623,1.84,2.59
2015.04.14 08:47:30.229,0.75611,0.75621,1.20,1.76
2015.04.14 08:47:30.633,0.75611,0.75621,1.10,1.84
2015.04.14 08:47:32.539,0.75608,0.75619,2.21,1.66
2015.04.14 08:47:32.792,0.75601,0.75613,3.34,2.40
2015.04.14 08:47:32.893,0.75604,0.75613,1.00,1.84
2015.04.14 08:47:33.045,0.75604,0.75616,1.27,1.84
2015.04.14 08:47:33.550,0.75606,0.75617,1.27,1.09
2015.04.14 08:47:34.516,0.75604,0.75615,1.25,1.69
2015.04.14 08:47:34.567,0.75601,0.75613,2.66,1.56
2015.04.14 08:47:34.769,0.75601,0.75612,1.10,1.09
2015.04.14 08:47:35.274,0.75599,0.75611,2.59,1.76
2015.04.14 08:47:35.376,0.756,0.7561,1.10,1.71
2015.04.14 08:47:37.042,0.756,0.75609,1.10,1.09
2015.04.14 08:47:37.551,0.75601,0.75609,1.00,1.09
2015.04.14 08:47:38.208,0.75599,0.75609,1.84,1.09
2015.04.14 08:47:41.671,0.75599,0.7561,1.17,1.09
2015.04.14 08:47:44.676,0.75599,0.75608,1.17,1.29
2015.04.14 08:47:45.183,0.75598,0.75609,1.40,1.09
2015.04.14 08:47:45.737,0.75598,0.75609,1.15,1.19
2015.04.14 08:47:46.837,0.75598,0.75607,1.50,1.01
2015.04.14 08:47:46.889,0.75594,0.75604,1.40,1.69
2015.04.14 08:47:46.990,0.7559,0.75604,2.36,1.84
2015.04.14 08:47:48.691,0.75595,0.75605,1.00,1.09
2015.04.14 08:47:48.792,0.75595,0.75608,1.40,2.59
2015.04.14 08:47:50.007,0.75596,0.75609,1.40,1.84
2015.04.14 08:47:51.939,0.75596,0.75606,1.00,2.89
2015.04.14 08:47:51.990,0.75591,0.75605,3.04,1.84
2015.04.14 08:47:52.502,0.75591,0.75604,2.29,1.71
2015.04.14 08:47:58.443,0.75595,0.75605,1.00,1.34
2015.04.14 08:47:58.494,0.75595,0.75606,1.00,2.59
2015.04.14 08:47:58.798,0.75596,0.75608,1.20,3.34
2015.04.14 08:47:59.373,0.75596,0.75608,1.40,1.71
2015.04.14 08:47:59.879,0.75596,0.75609,1.84,1.09
2015.04.14 08:48:00.818,0.75597,0.7561,1.40,1.84
2015.04.14 08:48:01.732,0.75604,0.75611,3.64,1.00
2015.04.14 08:48:01.783,0.75604,0.75618,5.14,2.21
2015.04.14 08:48:02.290,0.75605,0.75618,1.84,1.84
2015.04.14 08:48:03.451,0.75605,0.75618,1.84,1.84
2015.04.14 08:48:05.025,0.75609,0.7562,1.10,1.74
2015.04.14 08:48:05.126,0.75611,0.75621,1.20,1.39
2015.04.14 08:48:05.227,0.75611,0.75622,1.15,1.49
2015.04.14 08:48:07.051,0.75611,0.75623,1.15,2.89
2015.04.14 08:48:07.557,0.75611,0.75623,1.40,2.89
2015.04.14 08:48:08.584,0.75611,0.75623,1.40,2.51
2015.04.14 08:48:11.264,0.75612,0.75623,1.09,1.66
2015.04.14 08:48:11.770,0.75611,0.75623,1.34,1.66
2015.04.14 08:48:12.276,0.75611,0.75623,1.34,1.66
2015.04.14 08:48:12.446,0.75611,0.75623,1.46,2.59
2015.04.14 08:48:14.959,0.75612,0.75624,1.40,1.84
2015.04.14 08:48:15.782,0.75611,0.75624,1.71,1.84
2015.04.14 08:48:16.851,0.75611,0.75623,1.46,1.34
2015.04.14 08:48:17.673,0.75609,0.75623,3.71,2.59
2015.04.14 08:48:17.976,0.75608,0.7562,1.34,1.39
2015.04.14 08:48:18.652,0.75608,0.7562,1.84,2.21
2015.04.14 08:48:19.983,0.75608,0.7562,1.91,1.84
2015.04.14 08:48:20.185,0.75608,0.7562,1.76,1.84
2015.04.14 08:48:25.351,0.75606,0.75619,1.46,1.84
2015.04.14 08:48:28.767,0.75608,0.7562,1.34,2.59
2015.04.14 08:48:29.307,0.75608,0.7562,1.40,2.59
2015.04.14 08:48:30.046,0.75608,0.7562,1.40,2.59
2015.04.14 08:48:31.688,0.75608,0.7562,1.84,3.34
2015.04.14 08:48:31.739,0.75608,0.7562,1.84,3.34
2015.04.14 08:48:33.717,0.75608,0.7562,1.84,3.34
2015.04.14 08:48:37.441,0.75608,0.7562,1.84,3.34
2015.04.14 08:48:38.034,0.75608,0.7562,1.84,3.34
2015.04.14 08:48:40.745,0.75608,0.7562,2.29,2.21
2015.04.14 08:48:42.057,0.75608,0.7562,1.32,2.59
2015.04.14 08:48:43.723,0.75606,0.75618,2.21,1.84
2015.04.14 08:48:44.236,0.75606,0.75618,1.34,2.59
2015.04.14 08:48:44.740,0.75603,0.75615,1.34,1.39
2015.04.14 08:48:44.842,0.75601,0.75615,2.66,4.39
2015.04.14 08:48:45.472,0.75601,0.75615,1.84,4.39
2015.04.14 08:48:46.196,0.75601,0.75613,1.84,1.46
2015.04.14 08:48:48.231,0.756,0.75612,1.54,1.46
2015.04.14 08:48:49.189,0.756,0.75612,1.16,1.36
2015.04.14 08:48:51.974,0.75598,0.75612,1.91,1.71
2015.04.14 08:48:52.682,0.75598,0.7561,1.79,1.46
2015.04.14 08:48:53.457,0.75597,0.75609,1.84,1.77
2015.04.14 08:48:53.963,0.75598,0.75609,1.09,1.34
2015.04.14 08:48:55.479,0.75597,0.75609,1.46,1.34
2015.04.14 08:48:56.491,0.75596,0.75608,1.46,1.39
2015.04.14 08:48:57.350,0.75596,0.75608,1.46,1.36
2015.04.14 08:48:57.855,0.75596,0.75606,1.46,1.17
2015.04.14 08:49:08.520,0.75594,0.75606,2.96,1.25
2015.04.14 08:49:09.560,0.75594,0.75606,2.96,1.25
2015.04.14 08:49:10.366,0.75596,0.75605,2.21,1.00
2015.04.14 08:49:11.553,0.75596,0.75605,1.74,1.00
2015.04.14 08:49:17.288,0.75597,0.75606,1.39,1.00
2015.04.14 08:49:17.850,0.75595,0.75606,2.96,1.25
2015.04.14 08:49:18.305,0.75599,0.7561,1.45,2.89
2015.04.14 08:49:18.356,0.75599,0.7561,2.96,1.25
2015.04.14 08:49:19.164,0.756,0.75611,1.36,1.36
2015.04.14 08:49:19.467,0.75602,0.75613,1.20,2.02
2015.04.14 08:49:19.568,0.75603,0.75613,2.21,1.00
2015.04.14 08:49:19.872,0.75606,0.7562,1.84,4.39
2015.04.14 08:49:20.377,0.75607,0.7562,1.34,1.46
2015.04.14 08:49:21.787,0.75608,0.7562,1.29,3.64
2015.04.14 08:49:22.294,0.75607,0.7562,1.76,2.89
2015.04.14 08:49:22.925,0.75607,0.75618,1.39,1.09
2015.04.14 08:49:23.430,0.75607,0.75618,1.46,1.09
2015.04.14 08:49:23.935,0.75607,0.75618,1.46,1.09
2015.04.14 08:49:24.577,0.75607,0.75618,1.46,1.76
2015.04.14 08:49:26.617,0.75608,0.75619,1.46,3.34
2015.04.14 08:49:27.695,0.75607,0.75618,1.39,1.84
2015.04.14 08:49:28.546,0.75607,0.75617,1.39,1.39
2015.04.14 08:49:29.102,0.75607,0.75618,1.39,2.59
2015.04.14 08:49:30.114,0.75607,0.75618,2.14,1.46
2015.04.14 08:49:30.418,0.75608,0.75619,1.77,1.66
2015.04.14 08:49:30.923,0.75608,0.75619,2.21,1.64
2015.04.14 08:49:31.646,0.75608,0.75619,2.21,1.76
2015.04.14 08:49:32.188,0.75608,0.75619,2.21,1.32
2015.04.14 08:49:33.104,0.75608,0.7562,1.74,1.46
2015.04.14 08:49:34.725,0.75607,0.75618,2.21,1.39
2015.04.14 08:49:35.229,0.75607,0.75618,2.21,1.39
2015.04.14 08:49:42.255,0.75607,0.75618,1.25,2.96
2015.04.14 08:49:42.356,0.75604,0.75613,1.01,1.00
2015.04.14 08:49:42.659,0.75601,0.75612,2.14,1.84
2015.04.14 08:49:43.839,0.75603,0.75613,1.64,3.19
2015.04.14 08:49:43.889,0.75604,0.75615,1.74,1.29
2015.04.14 08:49:44.648,0.75604,0.75615,1.74,1.01
2015.04.14 08:49:45.346,0.75605,0.75615,1.71,1.00
2015.04.14 08:49:45.750,0.75607,0.75617,1.46,1.87
2015.04.14 08:49:50.662,0.75608,0.75617,1.29,1.25
2015.04.14 08:49:53.179,0.75606,0.75616,1.19,1.40
2015.04.14 08:49:53.281,0.75605,0.75616,1.25,1.34
2015.04.14 08:49:53.786,0.75603,0.75615,1.34,2.29
2015.04.14 08:49:54.326,0.75603,0.75613,1.19,1.09
2015.04.14 08:49:54.478,0.75603,0.75613,1.25,1.09
2015.04.14 08:49:56.491,0.75603,0.75613,1.19,1.36
2015.04.14 08:49:57.457,0.75603,0.75613,1.25,1.09
2015.04.14 08:49:57.833,0.75603,0.75613,2.21,1.25
2015.04.14 08:49:58.136,0.75607,0.75619,1.39,3.34
2015.04.14 08:49:58.861,0.75607,0.75619,2.14,2.59
2015.04.14 08:49:59.403,0.75607,0.75619,2.21,1.46
2015.04.14 08:50:01.191,0.75607,0.75619,1.46,1.46
2015.04.14 08:50:02.197,0.75607,0.75619,2.21,1.46
2015.04.14 08:50:02.719,0.75607,0.75619,2.21,1.46
2015.04.14 08:50:04.040,0.75607,0.75619,2.21,1.46
2015.04.14 08:50:04.548,0.75607,0.75619,2.21,1.46
2015.04.14 08:50:05.454,0.75607,0.75619,2.21,1.29
2015.04.14 08:50:06.238,0.75609,0.75619,1.29,1.29
2015.04.14 08:50:06.743,0.75609,0.75619,1.34,1.10
2015.04.14 08:50:09.747,0.75609,0.75619,1.01,1.01
2015.04.14 08:50:10.272,0.75608,0.75618,1.29,1.10
2015.04.14 08:50:10.788,0.75608,0.75618,1.29,1.01
2015.04.14 08:50:12.615,0.75608,0.75618,1.01,1.01
2015.04.14 08:50:14.638,0.75608,0.75618,1.29,1.29
2015.04.14 08:50:15.649,0.75608,0.75618,1.84,1.25
2015.04.14 08:50:18.661,0.75609,0.75619,1.29,1.10
2015.04.14 08:50:19.480,0.75609,0.75619,1.01,1.01
2015.04.14 08:50:19.581,0.75609,0.75619,1.15,1.19
2015.04.14 08:50:19.984,0.75609,0.75619,1.20,1.39
2015.04.14 08:50:20.640,0.75607,0.75619,1.46,1.46
2015.04.14 08:50:21.328,0.75607,0.75619,1.39,2.21
2015.04.14 08:50:23.073,0.75607,0.75617,1.07,1.39
2015.04.14 08:50:24.082,0.75607,0.75617,1.07,2.14
2015.04.14 08:50:25.056,0.75607,0.75617,1.07,2.14
2015.04.14 08:50:26.066,0.75607,0.75617,1.07,2.89
2015.04.14 08:50:27.040,0.75606,0.75616,2.21,1.29
2015.04.14 08:50:28.708,0.75607,0.75619,1.40,1.84
2015.04.14 08:50:31.670,0.75607,0.75618,1.40,1.39
2015.04.14 08:50:34.266,0.75607,0.75614,1.40,1.00
2015.04.14 08:50:34.367,0.75603,0.75614,1.55,1.46
2015.04.14 08:50:34.418,0.756,0.75612,2.85,1.19
2015.04.14 08:50:35.734,0.756,0.75612,2.96,2.21
2015.04.14 08:50:36.235,0.756,0.75612,2.96,2.96
2015.04.14 08:50:36.548,0.75601,0.75612,1.32,1.84
2015.04.14 08:50:37.389,0.75601,0.75613,2.40,1.39
2015.04.14 08:50:38.605,0.75601,0.75611,2.40,1.19
2015.04.14 08:50:39.696,0.75601,0.75611,1.87,1.34
2015.04.14 08:50:40.418,0.75601,0.75611,1.87,1.34
2015.04.14 08:50:41.074,0.75599,0.75611,2.29,1.46
2015.04.14 08:50:41.579,0.75598,0.75612,2.96,5.14
2015.04.14 08:50:44.436,0.75598,0.75612,2.21,4.01
2015.04.14 08:50:44.588,0.75602,0.75612,1.15,1.29
2015.04.14 08:50:44.739,0.75607,0.75617,1.20,2.36
2015.04.14 08:50:44.941,0.75608,0.75618,1.39,2.21
2015.04.14 08:50:45.446,0.75609,0.7562,1.84,1.09
2015.04.14 08:50:51.238,0.75605,0.75613,1.17,1.37
2015.04.14 08:50:51.289,0.75602,0.75613,4.01,1.00
2015.04.14 08:50:51.390,0.75602,0.75613,1.54,1.26
2015.04.14 08:50:52.172,0.756,0.75612,2.29,1.19
2015.04.14 08:50:52.476,0.75598,0.75611,1.46,1.36
2015.04.14 08:50:54.631,0.75598,0.75604,1.00,1.00
2015.04.14 08:50:54.732,0.75595,0.75602,1.07,1.47
2015.04.14 08:50:54.783,0.75594,0.75602,1.57,1.47
2015.04.14 08:50:54.834,0.75594,0.75602,1.57,1.10
2015.04.14 08:50:55.188,0.75596,0.75606,1.00,3.26
2015.04.14 08:50:55.239,0.75596,0.75606,1.39,1.32
2015.04.14 08:50:55.340,0.75597,0.75607,1.15,1.29
2015.04.14 08:50:55.846,0.75597,0.75611,1.46,4.91
2015.04.14 08:50:56.149,0.75597,0.75603,1.57,1.00
2015.04.14 08:50:56.250,0.75594,0.75603,1.01,1.36
2015.04.14 08:50:56.612,0.75594,0.75603,1.44,1.25
2015.04.14 08:50:56.663,0.75592,0.75603,1.71,1.19
2015.04.14 08:50:57.168,0.7559,0.75602,2.29,1.09
2015.04.14 08:51:00.865,0.75593,0.75603,1.10,1.36
2015.04.14 08:51:01.319,0.75593,0.75602,1.47,1.26
2015.04.14 08:51:01.471,0.75596,0.75605,1.39,1.27
2015.04.14 08:51:01.622,0.75596,0.75608,1.09,1.16
2015.04.14 08:51:03.655,0.75598,0.75608,2.14,1.36
2015.04.14 08:51:04.264,0.75598,0.7561,2.21,2.96
2015.04.14 08:51:04.771,0.75598,0.7561,2.21,2.59
2015.04.14 08:51:07.993,0.75598,0.7561,2.21,3.19
2015.04.14 08:51:08.094,0.75599,0.7561,1.84,1.69
2015.04.14 08:51:08.599,0.75599,0.75611,2.21,2.59
2015.04.14 08:51:09.106,0.75599,0.75611,2.21,2.59
2015.04.14 08:51:13.289,0.75601,0.75611,1.46,1.69
2015.04.14 08:51:13.441,0.75602,0.75611,1.34,1.50
2015.04.14 08:51:13.896,0.75603,0.75613,1.36,1.76
2015.04.14 08:51:15.077,0.75603,0.75612,1.36,1.00
2015.04.14 08:51:15.531,0.75603,0.75612,1.25,1.10
2015.04.14 08:51:18.554,0.75598,0.75609,4.20,2.51
2015.04.14 08:51:18.605,0.75597,0.75606,2.21,1.00
2015.04.14 08:51:19.142,0.75597,0.75607,1.01,1.09
2015.04.14 08:51:20.518,0.75597,0.75607,1.29,1.84
2015.04.14 08:51:21.858,0.75597,0.75607,1.26,1.39
2015.04.14 08:51:22.372,0.75597,0.75607,1.84,1.01
2015.04.14 08:51:22.844,0.75598,0.75609,1.74,1.76
2015.04.14 08:51:23.367,0.756,0.75609,1.00,1.76
2015.04.14 08:51:24.861,0.756,0.75609,1.19,1.01
2015.04.14 08:51:25.362,0.756,0.75609,1.76,1.00
2015.04.14 08:51:25.867,0.756,0.7561,2.21,1.25
2015.04.14 08:51:28.137,0.756,0.7561,2.21,1.76
2015.04.14 08:51:31.093,0.756,0.7561,1.46,1.76
2015.04.14 08:51:33.263,0.756,0.7561,1.46,1.76
2015.04.14 08:51:35.158,0.756,0.75609,2.21,1.00
2015.04.14 08:51:35.665,0.75603,0.75612,1.00,2.21
2015.04.14 08:51:40.508,0.75601,0.7561,2.21,1.10
2015.04.14 08:51:46.172,0.75603,0.75611,1.00,1.17
2015.04.14 08:51:46.274,0.75601,0.75612,2.21,1.01
2015.04.14 08:51:46.886,0.75605,0.75615,1.10,1.39
2015.04.14 08:51:48.124,0.7561,0.75617,1.07,1.57
2015.04.14 08:51:48.175,0.7561,0.7562,1.84,1.09
2015.04.14 08:51:49.209,0.75612,0.7562,1.25,1.09
2015.04.14 08:51:49.260,0.75612,0.7562,1.32,1.01
2015.04.14 08:51:49.361,0.75612,0.7562,1.09,1.25
2015.04.14 08:51:51.236,0.7561,0.7562,1.09,1.25
2015.04.14 08:51:53.236,0.7561,0.7562,1.36,1.25
2015.04.14 08:51:54.239,0.7561,0.7562,1.36,1.00
2015.04.14 08:51:55.214,0.7561,0.7562,1.36,1.25
2015.04.14 08:51:59.360,0.7561,0.75622,2.21,2.96
2015.04.14 08:52:00.407,0.7561,0.7562,2.21,1.12
2015.04.14 08:52:00.509,0.7561,0.75618,1.25,1.07
2015.04.14 08:52:00.610,0.75607,0.75618,1.16,1.65
2015.04.14 08:52:01.116,0.75606,0.75618,1.46,3.04
2015.04.14 08:52:01.621,0.75606,0.75618,1.46,2.29
2015.04.14 08:52:03.798,0.75606,0.75618,1.46,2.29
2015.04.14 08:52:05.710,0.75606,0.75615,1.00,1.15
2015.04.14 08:52:05.760,0.75603,0.75615,1.46,2.21
2015.04.14 08:52:05.913,0.75603,0.75612,1.20,1.32
2015.04.14 08:52:06.267,0.75599,0.75611,3.52,1.76
2015.04.14 08:52:06.369,0.75598,0.75608,1.10,1.76
2015.04.14 08:52:06.893,0.75598,0.75608,1.10,1.76
2015.04.14 08:52:07.332,0.75598,0.75608,1.07,1.29
2015.04.14 08:52:07.837,0.75598,0.7561,1.36,1.84
2015.04.14 08:52:08.089,0.756,0.7561,1.46,1.69
2015.04.14 08:52:08.593,0.75601,0.75611,1.46,1.25
2015.04.14 08:52:09.098,0.75601,0.75613,2.96,1.39
2015.04.14 08:52:09.643,0.75601,0.75613,2.96,1.29
2015.04.14 08:52:10.401,0.75601,0.75613,3.34,1.76
2015.04.14 08:52:11.309,0.75601,0.75613,3.34,1.57
2015.04.14 08:52:11.855,0.75602,0.75611,1.09,1.00
2015.04.14 08:52:12.792,0.75602,0.75614,1.09,1.36
2015.04.14 08:52:13.628,0.75602,0.75614,1.84,1.36
2015.04.14 08:52:14.157,0.75604,0.75614,1.46,1.19
2015.04.14 08:52:14.683,0.75604,0.75613,1.19,1.09
2015.04.14 08:52:15.010,0.75602,0.7561,1.39,1.00
2015.04.14 08:52:15.161,0.75599,0.75608,1.19,1.10
2015.04.14 08:52:15.263,0.75599,0.75608,1.25,1.07
2015.04.14 08:52:15.919,0.75595,0.75607,1.46,1.46
2015.04.14 08:52:16.423,0.75595,0.75606,1.46,1.40
2015.04.14 08:52:17.883,0.75594,0.75606,1.46,2.21
2015.04.14 08:52:18.338,0.75595,0.75606,1.57,1.34
2015.04.14 08:52:18.439,0.75595,0.75607,2.59,1.09
2015.04.14 08:52:18.944,0.75596,0.75607,1.84,1.29
2015.04.14 08:52:19.869,0.75599,0.75609,1.17,1.84
2015.04.14 08:52:19.920,0.75599,0.75609,1.36,1.36
2015.04.14 08:52:20.834,0.75599,0.7561,1.46,1.84
2015.04.14 08:52:21.339,0.75599,0.7561,1.46,1.29
2015.04.14 08:52:21.844,0.75601,0.75611,1.36,2.14
2015.04.14 08:52:22.198,0.75602,0.75612,1.46,1.25
2015.04.14 08:52:23.258,0.75602,0.75614,1.84,1.76
2015.04.14 08:52:23.561,0.75599,0.75609,1.71,1.25
2015.04.14 08:52:23.662,0.75599,0.75609,1.77,1.69
2015.04.14 08:52:24.015,0.75599,0.75609,1.09,3.04
2015.04.14 08:52:24.644,0.75599,0.75609,1.74,1.99
2015.04.14 08:52:25.670,0.756,0.75611,1.32,1.91
2015.04.14 08:52:26.375,0.75601,0.75612,1.20,1.39
2015.04.14 08:52:26.476,0.75601,0.75612,2.59,1.00
2015.04.14 08:52:26.577,0.75603,0.75613,1.46,1.01
2015.04.14 08:52:27.080,0.75604,0.75614,1.40,1.25
2015.04.14 08:52:27.782,0.75605,0.75615,1.09,1.01
2015.04.14 08:52:31.123,0.75605,0.75614,1.34,1.00
2015.04.14 08:52:31.497,0.75607,0.75614,1.46,1.00
2015.04.14 08:52:32.786,0.75608,0.75616,1.34,1.00
2015.04.14 08:52:33.333,0.75607,0.75616,1.71,1.00
2015.04.14 08:52:34.838,0.75607,0.75617,2.21,1.76
2015.04.14 08:52:35.192,0.75608,0.75614,1.09,1.00
2015.04.14 08:52:35.950,0.75608,0.75615,1.09,1.00
2015.04.14 08:52:44.521,0.75608,0.75615,1.46,1.00
2015.04.14 08:52:45.027,0.75611,0.75616,1.01,1.00
2015.04.14 08:52:45.078,0.75611,0.75619,1.01,1.00
2015.04.14 08:52:45.584,0.75612,0.75619,1.25,1.00
2015.04.14 08:52:46.127,0.75612,0.75619,1.31,1.00
2015.04.14 08:52:46.279,0.75614,0.75622,1.10,1.50
2015.04.14 08:52:47.719,0.75614,0.75622,1.76,1.00
2015.04.14 08:52:47.771,0.75619,0.75627,1.32,1.25
2015.04.14 08:52:48.791,0.75622,0.75627,1.12,1.00
2015.04.14 08:52:48.942,0.75623,0.7563,1.10,1.00
2015.04.14 08:52:49.458,0.75621,0.75628,1.09,1.00
2015.04.14 08:52:49.964,0.75618,0.75628,2.21,1.00
2015.04.14 08:52:52.353,0.75618,0.75627,1.34,1.00
2015.04.14 08:52:55.284,0.75618,0.75627,1.46,1.00
2015.04.14 08:53:00.043,0.75618,0.75626,1.46,1.00
2015.04.14 08:53:00.362,0.75616,0.75623,1.10,1.50
2015.04.14 08:53:00.666,0.75609,0.75617,1.54,1.00
2015.04.14 08:53:01.304,0.75608,0.75621,1.84,1.99
2015.04.14 08:53:02.852,0.75608,0.75618,2.59,1.25
2015.04.14 08:53:03.472,0.75609,0.75619,1.09,1.29
2015.04.14 08:53:03.624,0.75609,0.7562,1.84,1.17
2015.04.14 08:53:03.928,0.75611,0.7562,1.17,1.29
2015.04.14 08:53:03.979,0.75611,0.7562,1.09,1.29
2015.04.14 08:53:04.081,0.75611,0.7562,1.46,1.29
2015.04.14 08:53:04.334,0.75611,0.7562,1.09,1.29
2015.04.14 08:53:04.937,0.75611,0.7562,1.17,1.29
2015.04.14 08:53:05.272,0.75611,0.7562,1.17,1.01
2015.04.14 08:53:05.323,0.75611,0.75615,1.10,1.00
2015.04.14 08:53:05.424,0.75606,0.75612,1.07,1.00
2015.04.14 08:53:05.626,0.75605,0.75615,1.09,1.01
2015.04.14 08:53:06.133,0.75606,0.75614,1.46,1.00
2015.04.14 08:53:06.638,0.75606,0.75614,2.21,1.00
2015.04.14 08:53:07.490,0.75606,0.75614,2.21,1.00
2015.04.14 08:53:09.115,0.75606,0.75614,2.59,1.00
2015.04.14 08:53:11.254,0.75606,0.75616,2.59,1.00
2015.04.14 08:53:12.678,0.75606,0.75616,2.59,1.19
2015.04.14 08:53:13.118,0.75607,0.75617,3.64,1.29
2015.04.14 08:53:13.662,0.75607,0.75618,3.64,1.36
2015.04.14 08:53:14.414,0.75608,0.75618,2.06,1.36
2015.04.14 08:53:14.938,0.75607,0.75618,1.39,1.84
2015.04.14 08:53:17.674,0.75607,0.75618,1.29,1.84
2015.04.14 08:53:18.198,0.75607,0.75618,1.76,1.36
2015.04.14 08:53:18.711,0.75607,0.75618,1.76,1.36
2015.04.14 08:53:19.065,0.75609,0.75619,1.00,1.84
2015.04.14 08:53:19.617,0.75609,0.75619,1.46,1.69
2015.04.14 08:53:19.718,0.7561,0.7562,1.20,2.14
2015.04.14 08:53:20.284,0.7561,0.7562,1.20,2.89
2015.04.14 08:53:20.790,0.75607,0.75619,2.21,2.59
2015.04.14 08:53:21.499,0.75607,0.75619,2.21,2.59
2015.04.14 08:53:24.212,0.75607,0.75619,1.84,3.34
2015.04.14 08:53:24.718,0.75607,0.75618,1.46,1.84
2015.04.14 08:53:29.817,0.75607,0.75618,2.21,1.84
2015.04.14 08:53:30.524,0.75607,0.75618,2.96,1.26
2015.04.14 08:53:32.753,0.75607,0.75619,1.66,4.76
2015.04.14 08:53:33.698,0.75607,0.75618,1.39,1.84
2015.04.14 08:53:35.138,0.75606,0.75617,1.39,1.84
2015.04.14 08:53:36.155,0.75606,0.75617,2.14,1.46
2015.04.14 08:53:37.847,0.75606,0.75617,2.14,1.46
2015.04.14 08:53:38.359,0.75606,0.75617,2.21,1.01
2015.04.14 08:53:40.012,0.75606,0.75617,2.21,1.01
2015.04.14 08:53:42.488,0.75606,0.75616,1.19,1.84
2015.04.14 08:53:43.195,0.75606,0.75616,1.25,1.84
2015.04.14 08:53:45.245,0.75607,0.75616,1.00,1.34
2015.04.14 08:53:46.204,0.75607,0.75617,1.00,2.96
2015.04.14 08:53:57.255,0.75602,0.75613,1.85,1.15
2015.04.14 08:53:57.306,0.75602,0.75611,1.10,1.00
2015.04.14 08:53:57.357,0.75601,0.75608,1.27,1.00
2015.04.14 08:53:57.660,0.75598,0.75608,1.09,1.84
2015.04.14 08:53:58.367,0.75599,0.75608,1.00,2.74
2015.04.14 08:53:58.899,0.75598,0.75609,1.09,1.91
2015.04.14 08:53:59.561,0.75599,0.75609,1.07,1.76
2015.04.14 08:54:00.545,0.75599,0.75608,1.07,1.39
2015.04.14 08:54:00.899,0.75596,0.75602,1.57,1.00
2015.04.14 08:54:01.000,0.75592,0.75602,2.10,1.10
2015.04.14 08:54:01.101,0.75596,0.75602,1.00,1.10
2015.04.14 08:54:02.580,0.75598,0.75602,1.00,1.00
2015.04.14 08:54:02.632,0.75598,0.75607,1.20,1.25
2015.04.14 08:54:03.494,0.75598,0.75607,1.39,1.25
2015.04.14 08:54:03.546,0.75599,0.75607,1.40,1.25
2015.04.14 08:54:03.855,0.75597,0.75611,4.39,2.89
2015.04.14 08:54:04.613,0.75599,0.75611,1.46,2.14
2015.04.14 08:54:04.815,0.75599,0.75608,1.46,1.00
2015.04.14 08:54:05.322,0.756,0.75608,1.40,1.00
2015.04.14 08:54:05.575,0.756,0.7561,1.46,1.69
2015.04.14 08:54:06.112,0.75599,0.7561,1.74,1.29
2015.04.14 08:54:06.690,0.75599,0.7561,1.74,1.10
2015.04.14 08:54:08.103,0.756,0.7561,1.26,1.10
2015.04.14 08:54:08.632,0.756,0.7561,1.26,1.07
2015.04.14 08:54:09.307,0.75598,0.7561,1.76,1.15
2015.04.14 08:54:10.135,0.75598,0.75609,1.39,1.09
2015.04.14 08:54:11.031,0.75598,0.75611,1.39,2.21
2015.04.14 08:54:11.540,0.75598,0.75609,1.76,1.09
2015.04.14 08:54:12.514,0.75598,0.75607,1.46,1.00
2015.04.14 08:54:12.565,0.75599,0.7561,1.09,1.76
2015.04.14 08:54:14.014,0.75599,0.7561,1.09,2.89
2015.04.14 08:54:14.165,0.75599,0.7561,1.25,3.34
2015.04.14 08:54:15.015,0.75599,0.7561,1.19,2.59
2015.04.14 08:54:17.706,0.75599,0.7561,1.00,2.59
2015.04.14 08:54:18.229,0.75599,0.7561,1.19,2.59
2015.04.14 08:54:24.797,0.75599,0.7561,1.19,4.09
2015.04.14 08:54:24.848,0.75597,0.75606,1.10,1.45
2015.04.14 08:54:24.950,0.75594,0.75602,1.16,1.47
2015.04.14 08:54:25.152,0.75592,0.75602,1.39,1.46
2015.04.14 08:54:25.557,0.75589,0.756,1.99,2.21
2015.04.14 08:54:27.230,0.75589,0.75599,2.14,1.29
2015.04.14 08:54:27.756,0.75589,0.75599,2.21,1.00
2015.04.14 08:54:29.571,0.75589,0.75601,3.04,2.59
2015.04.14 08:54:33.744,0.75589,0.756,1.46,1.36
2015.04.14 08:54:34.050,0.75588,0.756,1.01,1.71
2015.04.14 08:54:34.454,0.75587,0.756,2.59,2.21
2015.04.14 08:54:34.995,0.75587,0.75599,3.26,1.84
2015.04.14 08:54:37.079,0.75587,0.75599,4.09,1.34
2015.04.14 08:54:37.477,0.75587,0.75599,4.09,1.34
2015.04.14 08:54:38.490,0.75588,0.756,2.21,2.21
2015.04.14 08:54:42.226,0.75587,0.75595,1.00,1.84
2015.04.14 08:54:42.327,0.75585,0.75595,1.01,1.84
2015.04.14 08:54:42.428,0.75583,0.75591,1.10,1.00
2015.04.14 08:54:42.739,0.75579,0.75591,2.51,1.34
2015.04.14 08:54:43.422,0.75579,0.75592,1.76,3.79
2015.04.14 08:54:43.927,0.7558,0.75592,1.84,1.40
2015.04.14 08:54:44.721,0.75582,0.75593,2.59,1.34
2015.04.14 08:54:45.025,0.75583,0.75595,1.01,2.96
2015.04.14 08:54:45.328,0.75586,0.75597,1.46,1.09
2015.04.14 08:54:45.842,0.75586,0.75597,2.21,1.25
2015.04.14 08:54:47.384,0.75589,0.75599,1.36,1.09
2015.04.14 08:54:48.186,0.75589,0.75599,1.36,1.17
2015.04.14 08:54:51.970,0.75588,0.75599,1.39,1.27
2015.04.14 08:54:52.121,0.75588,0.75599,1.39,1.27
2015.04.14 08:54:52.626,0.75588,0.75599,1.39,1.46
2015.04.14 08:54:52.728,0.75586,0.75597,2.14,1.46
2015.04.14 08:54:53.131,0.75584,0.75597,2.59,1.46
2015.04.14 08:54:53.233,0.75584,0.75595,2.51,1.09
2015.04.14 08:54:53.636,0.75583,0.75595,2.59,1.09
2015.04.14 08:54:53.998,0.75582,0.75593,1.64,1.17
2015.04.14 08:54:54.504,0.7558,0.75592,1.09,1.34
2015.04.14 08:54:54.908,0.75581,0.75591,1.27,1.27
2015.04.14 08:54:55.940,0.75584,0.75592,1.46,1.00
2015.04.14 08:54:55.991,0.75584,0.75596,3.64,1.54
2015.04.14 08:54:56.092,0.75586,0.75596,3.45,1.19
2015.04.14 08:54:57.008,0.75586,0.75598,4.39,1.29
2015.04.14 08:54:57.059,0.75586,0.75598,1.34,1.76
2015.04.14 08:54:57.565,0.75588,0.75597,1.07,1.01
2015.04.14 08:54:58.373,0.75585,0.75595,2.32,1.00
2015.04.14 08:54:58.474,0.75584,0.75595,1.54,1.39
2015.04.14 08:54:58.525,0.75584,0.75595,1.24,1.66
2015.04.14 08:54:58.778,0.75584,0.75596,1.40,1.64
2015.04.14 08:54:59.303,0.75585,0.75597,1.36,1.74
2015.04.14 08:54:59.706,0.7559,0.75599,1.10,1.29
2015.04.14 08:55:00.009,0.75591,0.75599,1.17,1.25
2015.04.14 08:55:00.312,0.75585,0.75593,1.57,1.32
2015.04.14 08:55:00.666,0.75582,0.7559,2.40,1.00
2015.04.14 08:55:00.767,0.75582,0.75589,1.50,1.10
2015.04.14 08:55:00.919,0.7558,0.75586,1.10,1.00
2015.04.14 08:55:02.483,0.75576,0.75586,2.62,1.56
2015.04.14 08:55:02.535,0.75575,0.75586,1.46,1.66
2015.04.14 08:55:03.293,0.75575,0.75585,1.77,1.25
2015.04.14 08:55:03.731,0.75581,0.75587,1.00,1.19
2015.04.14 08:55:04.339,0.75581,0.75589,1.00,1.54
2015.04.14 08:55:04.844,0.75581,0.75591,2.70,1.32
2015.04.14 08:55:05.097,0.75581,0.75592,2.21,1.36
2015.04.14 08:55:05.198,0.75581,0.75592,1.74,1.07
2015.04.14 08:55:05.703,0.75582,0.75592,1.77,1.00
2015.04.14 08:55:06.695,0.75582,0.75592,2.21,1.01
2015.04.14 08:55:07.297,0.75582,0.75591,2.21,1.00
2015.04.14 08:55:07.812,0.75582,0.75593,2.21,1.09
2015.04.14 08:55:09.605,0.75582,0.75591,2.06,1.10
2015.04.14 08:55:09.813,0.75584,0.75596,2.59,1.84
2015.04.14 08:55:09.864,0.75584,0.75596,2.59,1.09
2015.04.14 08:55:09.965,0.75584,0.75596,5.51,1.29
2015.04.14 08:55:10.470,0.75586,0.75596,3.34,1.10
2015.04.14 08:55:10.975,0.75586,0.75598,3.34,1.71
2015.04.14 08:55:11.589,0.75588,0.75599,1.26,1.36
2015.04.14 08:55:12.417,0.75588,0.75598,1.40,1.25
2015.04.14 08:55:13.833,0.75588,0.756,1.46,1.76
2015.04.14 08:55:14.558,0.75589,0.756,1.46,1.76
2015.04.14 08:55:15.087,0.75589,0.756,2.21,1.25
2015.04.14 08:55:15.589,0.75589,0.756,1.71,1.19
2015.04.14 08:55:16.140,0.75589,0.756,1.71,1.25
2015.04.14 08:55:17.499,0.75589,0.756,1.71,1.25
2015.04.14 08:55:17.704,0.75587,0.75599,3.71,1.32
2015.04.14 08:55:17.805,0.75587,0.75597,2.96,1.25
2015.04.14 08:55:18.058,0.75585,0.75596,2.59,1.50
2015.04.14 08:55:18.210,0.75586,0.75595,1.01,1.07
2015.04.14 08:55:19.444,0.75586,0.75594,1.39,1.10
2015.04.14 08:55:19.990,0.75586,0.75595,1.01,1.17
2015.04.14 08:55:20.661,0.75585,0.75594,1.56,1.01
2015.04.14 08:55:20.964,0.75586,0.75591,1.00,1.00
2015.04.14 08:55:21.560,0.75586,0.75594,1.00,1.84
2015.04.14 08:55:21.900,0.75587,0.75596,1.47,1.00
2015.04.14 08:55:21.951,0.75587,0.75598,3.45,1.40
2015.04.14 08:55:22.255,0.75593,0.75602,2.70,2.32
2015.04.14 08:55:22.407,0.75593,0.75602,2.89,1.57
2015.04.14 08:55:22.711,0.75596,0.75608,1.71,1.91
2015.04.14 08:55:22.762,0.75597,0.75608,2.89,1.76
2015.04.14 08:55:23.269,0.75599,0.7561,1.46,1.19
2015.04.14 08:55:23.821,0.75599,0.7561,1.46,1.26
2015.04.14 08:55:24.371,0.75598,0.7561,1.84,1.09
2015.04.14 08:55:25.119,0.75598,0.7561,1.84,1.36
2015.04.14 08:55:26.027,0.75598,0.7561,2.59,1.09
2015.04.14 08:55:27.639,0.75597,0.7561,5.59,2.21
2015.04.14 08:55:29.664,0.75598,0.75608,1.46,1.00
2015.04.14 08:55:29.967,0.75594,0.75607,2.02,3.45
2015.04.14 08:55:30.170,0.75595,0.75605,1.01,1.09
2015.04.14 08:55:30.272,0.75592,0.75605,2.14,4.01
2015.04.14 08:55:30.737,0.75594,0.75605,1.01,1.15
2015.04.14 08:55:30.991,0.75594,0.75607,3.34,1.34
2015.04.14 08:55:32.671,0.75599,0.75607,2.14,1.07
2015.04.14 08:55:32.722,0.756,0.7561,1.36,1.25
2015.04.14 08:55:33.956,0.75599,0.7561,1.84,1.00
2015.04.14 08:55:35.963,0.75599,0.7561,4.09,1.25
2015.04.14 08:55:39.977,0.75599,0.7561,3.34,1.00
2015.04.14 08:55:40.527,0.75599,0.75612,3.34,1.39
2015.04.14 08:55:42.217,0.75605,0.75614,1.69,1.36
2015.04.14 08:55:42.990,0.75602,0.75614,1.84,4.01
2015.04.14 08:55:43.587,0.75602,0.75612,1.09,1.36
2015.04.14 08:55:43.992,0.75599,0.75612,7.24,1.84
2015.04.14 08:55:45.794,0.75599,0.75612,4.09,2.59
2015.04.14 08:55:47.352,0.75601,0.75612,1.66,1.40
2015.04.14 08:55:49.303,0.75601,0.75612,1.71,1.09
2015.04.14 08:55:52.169,0.75601,0.75612,1.71,1.39
2015.04.14 08:55:52.715,0.75602,0.75612,1.09,1.09
2015.04.14 08:55:52.816,0.75601,0.75612,1.71,1.09
2015.04.14 08:55:53.220,0.75599,0.75612,2.21,1.39
2015.04.14 08:55:53.724,0.75599,0.75611,2.21,1.34
2015.04.14 08:55:54.319,0.75599,0.75611,2.21,1.34
2015.04.14 08:55:56.134,0.75599,0.75611,2.21,1.34
2015.04.14 08:55:58.931,0.75599,0.75612,1.71,3.34
2015.04.14 08:56:00.107,0.75599,0.75612,1.71,2.59
2015.04.14 08:56:02.387,0.756,0.75612,1.09,2.59
2015.04.14 08:56:06.248,0.756,0.75612,1.09,2.59
2015.04.14 08:56:07.573,0.756,0.75611,1.09,1.34
2015.04.14 08:56:08.078,0.756,0.75612,1.09,1.84
2015.04.14 08:56:09.782,0.756,0.75612,1.09,1.84
2015.04.14 08:56:11.663,0.756,0.75612,1.36,3.04
2015.04.14 08:56:13.402,0.756,0.75612,1.36,3.04
2015.04.14 08:56:14.840,0.75601,0.75612,1.69,1.34
2015.04.14 08:56:16.002,0.75599,0.75611,1.09,1.46
2015.04.14 08:56:16.559,0.756,0.75613,1.71,1.46
2015.04.14 08:56:17.011,0.75601,0.75614,2.59,1.76
2015.04.14 08:56:17.332,0.75603,0.75615,1.52,1.39
2015.04.14 08:56:17.635,0.75603,0.75616,1.71,2.21
2015.04.14 08:56:18.393,0.75604,0.75616,1.84,1.39
2015.04.14 08:56:20.474,0.75603,0.75615,3.34,1.46
2015.04.14 08:56:20.777,0.75603,0.75615,3.34,1.27
2015.04.14 08:56:23.296,0.75607,0.75616,1.76,1.00
2015.04.14 08:56:23.498,0.75611,0.75622,1.17,1.39
2015.04.14 08:56:24.707,0.75611,0.75622,1.09,1.39
2015.04.14 08:56:25.710,0.75611,0.75622,1.17,2.89
2015.04.14 08:56:29.856,0.75611,0.75621,1.09,1.39
2015.04.14 08:56:30.436,0.75611,0.75621,1.17,1.39
2015.04.14 08:56:31.196,0.75611,0.75622,1.00,2.29
2015.04.14 08:56:32.863,0.75611,0.75622,1.09,2.29
2015.04.14 08:56:33.389,0.75611,0.75622,1.69,3.04
2015.04.14 08:56:34.148,0.75611,0.75622,1.76,3.04
2015.04.14 08:56:34.784,0.75611,0.75622,1.84,3.04
2015.04.14 08:56:36.027,0.75613,0.75622,1.00,3.04
2015.04.14 08:56:36.555,0.75613,0.75622,1.00,2.29
2015.04.14 08:56:39.417,0.75612,0.75621,1.25,1.29
2015.04.14 08:56:40.322,0.75611,0.75621,1.01,1.29
2015.04.14 08:56:41.534,0.75611,0.75621,1.10,1.39
2015.04.14 08:56:44.353,0.75613,0.75621,1.00,1.01
2015.04.14 08:56:44.454,0.75611,0.75621,1.01,1.01
2015.04.14 08:56:45.177,0.75612,0.75623,1.00,2.96
2015.04.14 08:56:46.649,0.75611,0.75621,1.76,1.46
2015.04.14 08:56:47.155,0.75612,0.75621,1.00,1.39
2015.04.14 08:56:50.169,0.75611,0.75621,1.76,1.39
2015.04.14 08:56:52.260,0.75612,0.75621,1.00,1.39
2015.04.14 08:56:53.962,0.75611,0.75621,1.01,2.14
2015.04.14 08:56:55.182,0.75612,0.75621,1.00,2.14
2015.04.14 08:56:55.687,0.75612,0.75621,1.25,2.14
2015.04.14 08:56:56.955,0.75612,0.75621,1.07,2.14
2015.04.14 08:56:58.892,0.75612,0.75621,1.32,2.14
2015.04.14 08:56:59.876,0.75612,0.75621,1.32,1.10
2015.04.14 08:57:02.514,0.75612,0.75622,1.32,2.14
2015.04.14 08:57:05.204,0.75614,0.75622,1.00,2.14
2015.04.14 08:57:06.622,0.75614,0.75622,1.00,2.14
2015.04.14 08:57:07.139,0.75612,0.75622,1.32,2.14
2015.04.14 08:57:07.190,0.75612,0.75619,1.07,1.00
2015.04.14 08:57:07.494,0.75595,0.75606,1.50,3.26
2015.04.14 08:57:08.002,0.75593,0.75604,1.76,1.47
2015.04.14 08:57:08.699,0.75594,0.75604,1.31,1.15
2015.04.14 08:57:08.750,0.75594,0.75604,1.39,1.17
2015.04.14 08:57:09.255,0.75594,0.75604,1.19,1.27
2015.04.14 08:57:11.659,0.75595,0.75604,1.39,1.39
2015.04.14 08:57:11.710,0.75598,0.75606,1.00,1.27
2015.04.14 08:57:11.863,0.75598,0.75609,1.25,2.96
2015.04.14 08:57:12.370,0.75599,0.75609,1.09,1.44
2015.04.14 08:57:12.878,0.756,0.75609,1.00,1.16
2015.04.14 08:57:13.312,0.75598,0.75609,1.57,1.91
2015.04.14 08:57:13.363,0.75598,0.75608,1.00,3.04
2015.04.14 08:57:13.941,0.75597,0.75607,1.25,1.61
2015.04.14 08:57:15.814,0.75596,0.75607,1.01,1.91
2015.04.14 08:57:16.975,0.75596,0.75604,1.00,1.17
2015.04.14 08:57:17.278,0.75593,0.75604,1.76,1.79
2015.04.14 08:57:17.782,0.75591,0.75602,1.29,1.91
2015.04.14 08:57:18.660,0.75593,0.75602,1.00,1.91
2015.04.14 08:57:19.415,0.75591,0.75602,1.29,2.36
2015.04.14 08:57:19.962,0.75591,0.75602,1.19,2.36
2015.04.14 08:57:20.467,0.75591,0.75599,1.00,1.20
2015.04.14 08:57:21.365,0.7559,0.75599,1.25,1.46
2015.04.14 08:57:23.331,0.7559,0.75599,1.00,1.46
2015.04.14 08:57:24.028,0.75587,0.75597,2.59,1.00
2015.04.14 08:57:24.331,0.75586,0.75593,1.00,1.09
2015.04.14 08:57:25.155,0.75586,0.75593,1.00,1.74
2015.04.14 08:57:26.557,0.75586,0.75595,1.47,3.26
2015.04.14 08:57:26.608,0.75589,0.75598,1.01,1.46
2015.04.14 08:57:27.572,0.75589,0.75598,1.19,1.01
2015.04.14 08:57:28.666,0.75589,0.75598,1.00,1.01
2015.04.14 08:57:29.171,0.7559,0.756,1.00,1.09
2015.04.14 08:57:30.740,0.75591,0.756,1.00,1.09
2015.04.14 08:57:34.475,0.7559,0.756,1.01,1.09
2015.04.14 08:57:35.225,0.75591,0.75601,1.00,1.91
2015.04.14 08:57:35.731,0.7559,0.756,1.01,1.09
2015.04.14 08:57:36.471,0.75591,0.75601,1.10,1.84
2015.04.14 08:57:38.535,0.75593,0.756,1.00,1.01
2015.04.14 08:57:43.456,0.75591,0.75601,1.15,2.51
2015.04.14 08:57:44.413,0.7559,0.75601,1.01,2.59
2015.04.14 08:57:44.644,0.75591,0.75601,1.32,2.21
2015.04.14 08:57:45.162,0.75593,0.75601,1.10,2.14
2015.04.14 08:57:48.925,0.75592,0.75602,1.07,1.84
2015.04.14 08:57:51.079,0.75595,0.75604,1.00,1.55
2015.04.14 08:57:51.685,0.75596,0.75605,1.00,1.71
2015.04.14 08:57:52.089,0.75594,0.75605,1.01,1.91
2015.04.14 08:57:53.357,0.75593,0.75605,1.26,1.94
2015.04.14 08:57:53.963,0.75596,0.75605,1.00,1.76
2015.04.14 08:57:54.166,0.75598,0.75605,1.10,1.76
2015.04.14 08:57:54.216,0.75598,0.75607,1.10,1.99
2015.04.14 08:57:54.721,0.75598,0.75606,1.17,1.00
2015.04.14 08:57:56.167,0.75595,0.75605,1.19,2.02
2015.04.14 08:57:56.218,0.75595,0.75605,1.00,1.71
2015.04.14 08:57:56.723,0.75594,0.75605,1.01,1.71
2015.04.14 08:57:57.231,0.75595,0.75605,1.00,1.71
2015.04.14 08:57:59.036,0.75594,0.75605,1.01,1.46
2015.04.14 08:58:02.168,0.75592,0.75605,1.36,1.71
2015.04.14 08:58:02.775,0.75591,0.75603,1.29,1.71
2015.04.14 08:58:03.179,0.75591,0.75603,1.01,1.81
2015.04.14 08:58:03.684,0.75592,0.75603,1.00,1.81
2015.04.14 08:58:06.291,0.75592,0.75603,1.19,2.21
2015.04.14 08:58:06.595,0.75591,0.75603,1.01,2.21
2015.04.14 08:58:07.100,0.75589,0.75602,2.29,1.74
2015.04.14 08:58:08.673,0.7559,0.75602,1.36,1.74
2015.04.14 08:58:09.685,0.75591,0.75602,1.01,1.46
2015.04.14 08:58:11.107,0.75591,0.756,1.00,1.39
2015.04.14 08:58:11.612,0.75589,0.756,1.36,1.46
2015.04.14 08:58:17.121,0.75588,0.756,2.21,1.25
2015.04.14 08:58:17.475,0.75589,0.75597,1.34,1.00
2015.04.14 08:58:17.779,0.75584,0.75591,1.00,1.51
2015.04.14 08:58:18.082,0.75586,0.75592,1.00,2.32
2015.04.14 08:58:18.655,0.75585,0.75592,1.00,1.51
2015.04.14 08:58:19.168,0.75585,0.75592,1.00,1.51
2015.04.14 08:58:22.358,0.75583,0.75592,1.00,1.84
2015.04.14 08:58:23.166,0.75583,0.75592,1.50,1.84
2015.04.14 08:58:24.076,0.7558,0.75586,1.40,1.00
2015.04.14 08:58:24.178,0.75579,0.75586,1.17,1.37
2015.04.14 08:58:24.280,0.75578,0.75586,1.00,1.57
2015.04.14 08:58:24.431,0.75579,0.75587,1.10,1.09
2015.04.14 08:58:24.532,0.75577,0.75585,1.17,1.10
2015.04.14 08:58:24.634,0.75575,0.75585,1.10,1.76
2015.04.14 08:58:26.004,0.75572,0.75581,1.00,1.09
2015.04.14 08:58:26.362,0.7557,0.7558,1.00,2.29
2015.04.14 08:58:26.666,0.75567,0.75576,1.00,1.09
2015.04.14 08:58:26.717,0.75564,0.75576,1.65,1.39
2015.04.14 08:58:26.768,0.75564,0.75576,1.00,1.09
2015.04.14 08:58:26.970,0.75561,0.75575,1.84,3.71
2015.04.14 08:58:27.172,0.75561,0.75574,1.34,1.34
2015.04.14 08:58:27.579,0.75568,0.75579,1.10,1.91
2015.04.14 08:58:28.095,0.75568,0.75579,1.09,1.99
2015.04.14 08:58:28.623,0.75567,0.75578,1.29,1.81
2015.04.14 08:58:29.138,0.75567,0.75578,1.26,1.81
2015.04.14 08:58:29.641,0.75567,0.75578,1.09,1.81
2015.04.14 08:58:30.152,0.75566,0.75577,1.25,2.66
2015.04.14 08:58:30.657,0.75563,0.75576,2.14,3.79
2015.04.14 08:58:30.758,0.75562,0.75575,1.29,1.81
2015.04.14 08:58:30.859,0.75562,0.75575,1.01,1.91
2015.04.14 08:58:33.613,0.75561,0.75573,1.36,1.91
2015.04.14 08:58:34.770,0.75561,0.75574,1.46,1.91
2015.04.14 08:58:35.668,0.75566,0.75577,1.36,1.61
2015.04.14 08:58:35.973,0.75569,0.75578,1.00,1.41
2015.04.14 08:58:36.478,0.75569,0.75579,1.01,1.46
2015.04.14 08:58:37.510,0.75569,0.75579,1.29,1.54
2015.04.14 08:58:40.697,0.75569,0.75579,1.10,1.54
2015.04.14 08:58:41.706,0.75569,0.75579,1.01,1.46
2015.04.14 08:58:42.868,0.7557,0.75579,1.00,1.46
2015.04.14 08:58:43.750,0.75568,0.75579,1.36,1.46
2015.04.14 08:58:43.801,0.75568,0.75579,1.26,1.54
2015.04.14 08:58:44.307,0.75568,0.75579,1.34,1.54
2015.04.14 08:58:45.118,0.75568,0.75579,1.36,2.29
2015.04.14 08:58:45.620,0.75569,0.75579,1.39,2.29
2015.04.14 08:58:46.225,0.75566,0.75578,1.34,1.66
2015.04.14 08:58:46.428,0.75565,0.75578,1.09,1.81
2015.04.14 08:58:46.529,0.75563,0.75576,1.36,1.71
2015.04.14 08:58:47.075,0.75563,0.75575,1.36,1.74
2015.04.14 08:58:47.580,0.75563,0.75574,1.26,2.59
2015.04.14 08:58:49.318,0.75563,0.75576,1.84,1.81
2015.04.14 08:58:50.317,0.75563,0.75576,1.36,1.81
2015.04.14 08:58:51.927,0.75562,0.75573,1.34,1.27
2015.04.14 08:58:52.436,0.75562,0.75572,1.34,1.00
2015.04.14 08:58:53.944,0.75562,0.75572,1.34,1.00
2015.04.14 08:58:55.371,0.75562,0.75572,1.34,1.62
2015.04.14 08:58:55.877,0.75562,0.75572,1.40,1.62
2015.04.14 08:58:57.608,0.75564,0.75573,1.00,1.09
2015.04.14 08:58:57.810,0.75565,0.75575,1.01,2.21
2015.04.14 08:58:57.912,0.75568,0.75577,1.00,1.61
2015.04.14 08:58:57.963,0.75568,0.75577,1.00,1.12
2015.04.14 08:58:58.318,0.75567,0.75578,1.46,1.46
2015.04.14 08:58:58.827,0.75567,0.75579,1.46,1.16
2015.04.14 08:59:00.247,0.75567,0.75579,1.46,1.16
2015.04.14 08:59:01.004,0.75567,0.75579,1.36,1.16
2015.04.14 08:59:01.509,0.75567,0.75579,1.36,1.16
2015.04.14 08:59:03.792,0.75569,0.75579,1.00,1.16
2015.04.14 08:59:07.162,0.75568,0.7558,1.76,4.16
2015.04.14 08:59:07.666,0.75568,0.75579,1.84,1.54
2015.04.14 08:59:11.880,0.75568,0.7558,2.59,1.91
2015.04.14 08:59:13.292,0.75568,0.75579,1.39,1.41
2015.04.14 08:59:13.646,0.75566,0.75575,1.34,1.00
2015.04.14 08:59:13.798,0.75561,0.75575,1.84,2.21
2015.04.14 08:59:14.201,0.75561,0.75575,3.34,3.64
2015.04.14 08:59:14.302,0.75561,0.75575,2.59,1.46
2015.04.14 08:59:14.504,0.75561,0.75572,1.84,1.46
2015.04.14 08:59:15.012,0.75561,0.75573,1.71,1.34
2015.04.14 08:59:15.517,0.75561,0.75574,1.34,1.34
2015.04.14 08:59:16.022,0.75562,0.75576,1.71,1.24
2015.04.14 08:59:16.375,0.75563,0.75576,2.89,1.16
2015.04.14 08:59:16.729,0.75563,0.75576,6.56,1.69
2015.04.14 08:59:17.246,0.75564,0.75577,1.46,1.09
2015.04.14 08:59:17.804,0.75564,0.75578,1.71,2.74
2015.04.14 08:59:18.308,0.75564,0.75577,1.46,1.09
2015.04.14 08:59:18.611,0.75564,0.75577,3.64,1.01
2015.04.14 08:59:18.964,0.75564,0.75577,1.46,1.01
2015.04.14 08:59:19.065,0.75565,0.75577,1.34,1.01
2015.04.14 08:59:20.409,0.75567,0.75579,1.46,1.76
2015.04.14 08:59:21.671,0.75568,0.75581,1.46,2.59
2015.04.14 08:59:25.097,0.75569,0.75582,1.46,1.01
2015.04.14 08:59:26.513,0.75571,0.75582,1.17,1.39
2015.04.14 08:59:28.814,0.75571,0.75582,1.17,1.84
2015.04.14 08:59:30.142,0.75571,0.75583,1.40,1.91
2015.04.14 08:59:30.344,0.75571,0.75583,1.40,2.36
2015.04.14 08:59:30.849,0.75571,0.75583,1.40,1.94
2015.04.14 08:59:31.356,0.75571,0.75583,1.09,1.94
2015.04.14 08:59:36.377,0.75571,0.75583,1.36,2.36
2015.04.14 08:59:37.382,0.75571,0.75583,1.09,2.36
2015.04.14 08:59:38.345,0.75571,0.75583,1.36,2.36
2015.04.14 08:59:39.712,0.75576,0.75583,1.00,1.84
2015.04.14 08:59:39.763,0.75576,0.75588,1.76,1.71
2015.04.14 08:59:40.269,0.75576,0.75588,1.76,1.46
2015.04.14 08:59:42.038,0.75576,0.75587,1.01,1.71
2015.04.14 08:59:43.461,0.75576,0.75587,1.25,4.39
2015.04.14 08:59:43.969,0.75576,0.75587,1.25,2.21
2015.04.14 08:59:44.661,0.75576,0.75587,1.25,4.39
2015.04.14 08:59:45.014,0.75572,0.75585,1.10,2.21
2015.04.14 08:59:45.065,0.75571,0.75584,1.07,2.89
2015.04.14 08:59:45.570,0.75569,0.75582,1.34,1.84
2015.04.14 08:59:46.074,0.75569,0.75582,1.36,1.34
2015.04.14 08:59:46.680,0.75571,0.75584,1.34,1.54
2015.04.14 08:59:46.882,0.75574,0.75586,1.19,1.24
2015.04.14 08:59:47.419,0.75575,0.75586,1.26,1.84
2015.04.14 08:59:49.383,0.75576,0.75586,1.29,1.17
2015.04.14 08:59:50.102,0.75575,0.75586,1.26,1.09
2015.04.14 08:59:51.817,0.75577,0.75588,1.10,1.25
2015.04.14 08:59:54.442,0.75575,0.75586,1.17,1.15
2015.04.14 08:59:54.746,0.75573,0.75586,2.40,3.07
2015.04.14 08:59:55.049,0.75577,0.75588,1.00,2.40
2015.04.14 08:59:55.099,0.75577,0.75589,1.07,1.25
2015.04.14 08:59:55.807,0.75577,0.75589,1.00,1.15
2015.04.14 08:59:57.070,0.75576,0.75588,1.10,1.15
2015.04.14 08:59:58.136,0.75576,0.75589,1.17,1.72
2015.04.14 08:59:58.643,0.75576,0.75589,1.10,2.47
2015.04.14 08:59:59.602,0.75578,0.75589,1.00,1.72
2015.04.14 08:59:59.956,0.75576,0.75589,1.10,1.72
