2013.02.21 21:00:00.405,1.02422,1.02435,0.75,0.75
2013.02.21 21:00:00.980,1.02421,1.02434,4.50,0.75
2013.02.21 21:00:01.061,1.02426,1.02435,3.75,0.75
2013.02.21 21:00:01.307,1.02424,1.02436,0.23,1.50
2013.02.21 21:00:01.845,1.02418,1.02438,0.75,3.75
2013.02.21 21:00:02.205,1.02418,1.02436,2.25,0.75
2013.02.21 21:00:02.335,1.02418,1.02438,2.25,1.50
2013.02.21 21:00:02.697,1.0242,1.02438,0.75,1.50
2013.02.21 21:00:03.055,1.02425,1.02439,0.23,2.25
2013.02.21 21:00:15.455,1.02425,1.02434,0.23,0.75
2013.02.21 21:00:15.695,1.02422,1.02434,1.73,0.23
2013.02.21 21:00:15.815,1.02425,1.02439,0.23,1.50
2013.02.21 21:00:20.665,1.02431,1.02439,0.23,0.75
2013.02.21 21:00:20.725,1.02431,1.02441,0.23,0.75
2013.02.21 21:00:21.025,1.02431,1.02444,0.23,0.75
2013.02.21 21:00:23.024,1.02431,1.02445,0.23,0.98
2013.02.21 21:00:24.944,1.02431,1.02443,0.23,0.75
2013.02.21 21:00:27.825,1.02431,1.02442,0.23,0.75
2013.02.21 21:00:28.424,1.02431,1.02439,0.23,0.75
2013.02.21 21:00:28.485,1.02427,1.02439,0.23,0.75
2013.02.21 21:00:28.604,1.02425,1.02439,0.75,2.25
2013.02.21 21:00:28.664,1.02421,1.02439,1.50,3.00
2013.02.21 21:00:29.344,1.02421,1.02438,1.50,0.75
2013.02.21 21:00:29.854,1.02421,1.02439,1.50,2.25
2013.02.21 21:00:30.451,1.0242,1.02439,0.94,1.50
2013.02.21 21:00:32.015,1.0242,1.02437,1.69,0.75
2013.02.21 21:00:32.425,1.02421,1.02439,0.75,1.50
2013.02.21 21:00:33.015,1.02421,1.02438,0.75,0.75
2013.02.21 21:00:33.555,1.0242,1.02437,1.69,0.75
2013.02.21 21:00:34.744,1.0242,1.0244,1.69,5.25
2013.02.21 21:00:35.164,1.0242,1.02437,1.69,0.75
2013.02.21 21:00:35.704,1.0242,1.02436,0.75,0.75
2013.02.21 21:00:37.254,1.0242,1.02437,0.75,2.25
2013.02.21 21:00:38.090,1.0242,1.02436,0.75,0.75
2013.02.21 21:00:40.955,1.0242,1.02435,1.50,0.75
2013.02.21 21:00:41.405,1.0242,1.02437,0.75,2.25
2013.02.21 21:00:42.274,1.0242,1.02436,0.75,0.75
2013.02.21 21:00:42.784,1.0242,1.02437,0.75,0.75
2013.02.21 21:00:43.304,1.0242,1.02436,1.50,0.75
2013.02.21 21:00:43.856,1.0242,1.02437,0.75,3.00
2013.02.21 21:00:44.372,1.0242,1.02436,1.50,0.75
2013.02.21 21:00:44.965,1.0242,1.02437,1.50,2.25
2013.02.21 21:00:45.722,1.0242,1.02436,1.50,1.50
2013.02.21 21:00:47.445,1.0242,1.02437,1.50,0.75
2013.02.21 21:00:47.785,1.02422,1.0244,0.75,6.00
2013.02.21 21:00:48.656,1.02422,1.02439,0.75,0.75
2013.02.21 21:00:49.174,1.02422,1.0244,0.75,6.00
2013.02.21 21:00:49.732,1.02422,1.02439,0.75,0.75
2013.02.21 21:00:50.274,1.02422,1.0244,0.75,2.25
2013.02.21 21:00:50.815,1.02423,1.0244,1.50,0.75
2013.02.21 21:00:52.844,1.02421,1.0244,0.75,0.75
2013.02.21 21:00:57.114,1.0242,1.02438,4.50,0.75
2013.02.21 21:00:57.654,1.02419,1.02437,1.50,0.75
2013.02.21 21:00:58.155,1.0242,1.02437,1.50,0.75
2013.02.21 21:00:58.562,1.02425,1.02439,0.23,0.75
2013.02.21 21:01:32.396,1.02425,1.02441,0.23,3.98
2013.02.21 21:01:32.576,1.02426,1.02438,0.75,0.75
2013.02.21 21:01:33.213,1.02428,1.02439,0.75,0.75
2013.02.21 21:01:34.925,1.0243,1.0244,0.75,0.75
2013.02.21 21:01:45.985,1.02432,1.02443,0.75,0.75
2013.02.21 21:01:54.324,1.02431,1.02441,0.75,0.75
2013.02.21 21:02:13.535,1.02428,1.02441,0.75,0.75
2013.02.21 21:02:24.865,1.02431,1.02442,0.75,0.75
2013.02.21 21:02:34.766,1.02432,1.02445,0.75,0.75
2013.02.21 21:02:34.946,1.02438,1.02447,0.75,3.75
2013.02.21 21:02:35.306,1.0244,1.02452,0.75,0.75
2013.02.21 21:02:35.440,1.02442,1.02453,0.75,0.75
2013.02.21 21:02:43.337,1.02444,1.02454,0.75,0.75
2013.02.21 21:02:43.695,1.02445,1.02456,0.75,0.75
2013.02.21 21:02:43.875,1.02448,1.02459,0.75,1.50
2013.02.21 21:02:45.895,1.02446,1.02458,0.75,0.75
2013.02.21 21:02:46.465,1.02446,1.02457,0.75,1.05
2013.02.21 21:02:46.968,1.02446,1.02458,0.75,2.55
2013.02.21 21:02:47.478,1.02446,1.02457,0.75,1.05
2013.02.21 21:02:48.025,1.02446,1.02458,0.75,1.80
2013.02.21 21:02:48.566,1.02447,1.02459,0.75,0.75
2013.02.21 21:02:49.951,1.0245,1.02459,0.75,0.75
2013.02.21 21:02:59.947,1.02451,1.02459,0.75,0.75
2013.02.21 21:03:03.394,1.02448,1.02459,0.75,1.50
2013.02.21 21:03:03.515,1.02448,1.02457,0.75,1.43
2013.02.21 21:03:03.575,1.02446,1.02457,0.75,1.43
2013.02.21 21:03:04.055,1.02448,1.02457,0.75,1.43
2013.02.21 21:03:04.236,1.02448,1.02459,0.75,0.75
2013.02.21 21:03:04.785,1.02449,1.02459,0.75,0.75
2013.02.21 21:03:11.795,1.02447,1.02459,0.75,0.75
2013.02.21 21:03:12.476,1.02448,1.02459,0.75,0.75
2013.02.21 21:03:15.576,1.02448,1.02458,0.75,0.75
2013.02.21 21:03:16.179,1.02441,1.0245,4.13,0.75
2013.02.21 21:03:16.316,1.02443,1.02451,1.50,1.50
2013.02.21 21:03:16.375,1.02443,1.02451,0.75,0.75
2013.02.21 21:03:16.557,1.02446,1.0245,0.75,0.75
2013.02.21 21:03:16.735,1.02446,1.02458,0.75,1.50
2013.02.21 21:03:16.915,1.02448,1.02459,0.75,1.50
2013.02.21 21:03:17.155,1.02449,1.02461,0.75,1.88
2013.02.21 21:03:17.335,1.02451,1.02461,0.75,0.75
2013.02.21 21:03:26.076,1.02451,1.02464,0.75,1.50
2013.02.21 21:03:30.315,1.02451,1.02461,0.75,0.75
2013.02.21 21:03:30.622,1.02449,1.02459,0.75,0.75
2013.02.21 21:03:34.205,1.0245,1.02459,0.75,0.75
2013.02.21 21:03:34.745,1.02449,1.02459,0.75,1.50
2013.02.21 21:03:35.161,1.02451,1.02459,0.75,0.75
2013.02.21 21:03:48.227,1.02448,1.02458,0.75,0.75
2013.02.21 21:04:01.916,1.02446,1.02458,0.75,0.75
2013.02.21 21:04:06.401,1.02442,1.02461,1.73,2.48
2013.02.21 21:04:06.467,1.02446,1.02462,1.50,2.48
2013.02.21 21:04:06.526,1.02446,1.02462,1.73,1.50
2013.02.21 21:04:11.435,1.02445,1.02461,2.48,2.25
2013.02.21 21:04:11.496,1.02445,1.02461,2.48,2.48
2013.02.21 21:04:11.556,1.02445,1.0246,1.73,1.50
2013.02.21 21:04:14.095,1.02442,1.0246,1.73,1.50
2013.02.21 21:04:16.617,1.02445,1.0246,1.73,1.50
2013.02.21 21:04:30.005,1.02442,1.0246,1.73,1.50
2013.02.21 21:04:30.555,1.02444,1.02461,1.73,2.48
2013.02.21 21:04:30.756,1.02449,1.02461,1.50,1.73
2013.02.21 21:05:08.365,1.02445,1.0246,1.73,1.50
2013.02.21 21:05:16.825,1.02446,1.02463,1.88,1.73
2013.02.21 21:05:17.185,1.02446,1.02464,1.88,4.50
2013.02.21 21:05:17.685,1.02447,1.02467,1.50,6.15
2013.02.21 21:06:13.565,1.02448,1.02467,1.50,1.80
2013.02.21 21:06:13.746,1.02452,1.02468,3.00,3.75
2013.02.21 21:06:13.928,1.02455,1.02474,1.50,2.48
2013.02.21 21:06:15.698,1.02456,1.02474,2.25,1.73
2013.02.21 21:06:16.596,1.02458,1.02476,2.25,1.50
2013.02.21 21:06:22.175,1.02459,1.02477,2.25,1.50
2013.02.21 21:06:25.985,1.02457,1.02477,2.63,1.50
2013.02.21 21:06:35.425,1.02458,1.02478,1.50,5.25
2013.02.21 21:06:35.666,1.0246,1.02477,1.50,1.50
2013.02.21 21:06:36.025,1.02461,1.02478,2.10,3.75
2013.02.21 21:06:36.355,1.02464,1.02481,1.73,2.48
2013.02.21 21:06:45.995,1.02464,1.02481,1.73,2.48
2013.02.21 21:06:58.535,1.02464,1.0248,1.73,1.50
2013.02.21 21:07:05.536,1.02463,1.0248,1.73,1.50
2013.02.21 21:07:16.215,1.02464,1.0248,1.73,1.50
2013.02.21 21:07:16.716,1.02462,1.0248,1.73,1.50
2013.02.21 21:08:01.905,1.02462,1.0248,1.73,3.00
2013.02.21 21:08:02.206,1.0246,1.02476,1.73,2.25
2013.02.21 21:08:02.326,1.0246,1.02476,1.50,3.00
2013.02.21 21:08:02.386,1.02455,1.02474,4.73,2.25
2013.02.21 21:08:19.125,1.02454,1.02474,1.73,3.75
2013.02.21 21:08:33.595,1.02453,1.02472,1.73,1.50
2013.02.21 21:08:33.776,1.02458,1.02472,1.88,1.50
2013.02.21 21:08:34.076,1.02457,1.02474,1.13,2.25
2013.02.21 21:08:34.200,1.0246,1.02478,2.25,2.82
2013.02.21 21:08:34.268,1.0246,1.02478,2.25,2.82
2013.02.21 21:08:34.626,1.02467,1.0248,1.77,2.25
2013.02.21 21:08:34.986,1.02468,1.02485,1.92,1.50
2013.02.21 21:08:36.455,1.02468,1.02484,1.92,1.50
2013.02.21 21:08:44.356,1.02468,1.02484,1.17,1.50
2013.02.21 21:08:44.536,1.02465,1.02485,1.50,3.19
2013.02.21 21:09:07.784,1.02463,1.0248,1.92,1.50
2013.02.21 21:09:14.384,1.02464,1.02482,1.73,2.25
2013.02.21 21:09:20.796,1.02463,1.02481,4.92,1.50
2013.02.21 21:09:21.156,1.02462,1.02474,1.73,1.73
2013.02.21 21:09:21.516,1.02456,1.02472,2.67,1.50
2013.02.21 21:09:22.346,1.02456,1.02472,1.73,1.50
2013.02.21 21:09:22.586,1.02454,1.02469,4.50,1.50
2013.02.21 21:09:23.206,1.02452,1.02469,2.25,1.50
2013.02.21 21:09:23.796,1.02452,1.02469,1.73,1.50
2013.02.21 21:09:28.464,1.02452,1.02469,1.73,1.50
2013.02.21 21:09:28.627,1.02452,1.02469,1.73,1.50
2013.02.21 21:09:31.544,1.02453,1.02469,1.73,1.50
2013.02.21 21:09:43.094,1.02452,1.02469,2.48,1.50
2013.02.21 21:10:03.296,1.02451,1.02467,3.98,2.63
2013.02.21 21:10:03.656,1.0245,1.02459,4.50,1.50
2013.02.21 21:10:03.896,1.02445,1.02459,3.98,1.50
2013.02.21 21:10:04.436,1.02445,1.02459,4.73,1.50
2013.02.21 21:10:06.696,1.02444,1.02458,1.13,1.50
2013.02.21 21:10:07.308,1.02441,1.02457,2.25,1.73
2013.02.21 21:10:09.876,1.02441,1.02457,2.25,1.73
2013.02.21 21:10:14.706,1.02443,1.02458,1.13,1.17
2013.02.21 21:10:14.766,1.02443,1.02459,1.35,6.00
2013.02.21 21:10:15.367,1.02443,1.02459,1.35,1.50
2013.02.21 21:10:30.536,1.02443,1.02459,2.10,1.50
2013.02.21 21:10:31.176,1.02444,1.02464,2.10,4.73
2013.02.21 21:10:43.373,1.02447,1.02465,1.50,3.75
2013.02.21 21:10:50.247,1.02448,1.02464,1.73,1.50
2013.02.21 21:10:54.856,1.02446,1.02466,2.25,3.00
2013.02.21 21:10:57.087,1.02445,1.02463,3.38,1.50
2013.02.21 21:11:22.506,1.02446,1.02464,1.50,2.25
2013.02.21 21:11:22.926,1.02447,1.02466,1.50,2.25
2013.02.21 21:11:45.846,1.02445,1.02465,2.25,2.25
2013.02.21 21:11:54.036,1.02445,1.02463,3.00,1.50
2013.02.21 21:11:54.097,1.02446,1.02466,1.50,2.25
2013.02.21 21:11:54.276,1.02446,1.02466,1.50,2.25
2013.02.21 21:12:07.716,1.02446,1.02461,1.50,1.50
2013.02.21 21:12:08.256,1.02444,1.02459,1.73,1.50
2013.02.21 21:12:19.627,1.02444,1.02459,1.73,1.50
2013.02.21 21:12:23.186,1.02444,1.02459,1.35,1.50
2013.02.21 21:12:26.688,1.02443,1.02459,2.10,1.50
2013.02.21 21:12:34.477,1.02444,1.02463,2.48,1.50
2013.02.21 21:12:35.088,1.02447,1.02465,1.50,2.25
2013.02.21 21:12:36.936,1.02448,1.02462,1.50,1.50
2013.02.21 21:12:37.056,1.02449,1.02463,1.50,1.50
2013.02.21 21:12:37.597,1.02448,1.02463,1.50,2.25
2013.02.21 21:12:37.716,1.02448,1.02463,1.50,2.25
2013.02.21 21:12:37.896,1.02448,1.02463,1.50,2.25
2013.02.21 21:12:39.256,1.02447,1.0246,1.50,1.50
2013.02.21 21:12:39.666,1.02448,1.02461,1.50,1.50
2013.02.21 21:12:41.616,1.02447,1.02463,2.25,2.25
2013.02.21 21:12:41.856,1.02448,1.02463,1.50,2.25
2013.02.21 21:12:42.906,1.02447,1.0246,1.50,1.50
2013.02.21 21:12:54.587,1.0245,1.0246,1.50,1.50
2013.02.21 21:12:55.437,1.0245,1.02461,1.50,1.50
2013.02.21 21:12:59.437,1.0245,1.02462,1.50,1.50
2013.02.21 21:13:00.131,1.02449,1.02462,1.50,1.50
2013.02.21 21:13:00.707,1.02449,1.0246,1.50,1.50
2013.02.21 21:13:00.888,1.02449,1.0246,1.50,1.50
2013.02.21 21:13:01.589,1.02448,1.02461,1.50,1.50
2013.02.21 21:13:06.417,1.02448,1.02463,1.50,2.25
2013.02.21 21:13:08.557,1.02448,1.02463,1.50,2.25
2013.02.21 21:13:09.637,1.02448,1.02463,1.50,2.25
2013.02.21 21:13:10.867,1.02447,1.02463,3.00,2.25
2013.02.21 21:13:12.657,1.02448,1.02463,1.50,2.25
2013.02.21 21:13:13.617,1.02448,1.02463,1.50,1.50
2013.02.21 21:13:13.677,1.02448,1.02462,1.50,1.50
2013.02.21 21:13:14.417,1.02447,1.02463,2.25,1.50
2013.02.21 21:13:15.717,1.02448,1.02463,1.50,2.25
2013.02.21 21:13:15.837,1.02448,1.02463,1.50,2.25
2013.02.21 21:13:16.377,1.02449,1.02463,1.50,1.50
2013.02.21 21:13:17.217,1.02448,1.02463,1.50,1.50
2013.02.21 21:13:17.833,1.02447,1.02463,2.25,1.50
2013.02.21 21:13:18.377,1.02448,1.02463,1.50,2.25
2013.02.21 21:13:18.737,1.02448,1.02463,1.50,2.25
2013.02.21 21:13:19.298,1.02447,1.02463,2.25,2.25
2013.02.21 21:13:20.188,1.02447,1.02461,2.25,1.50
2013.02.21 21:13:20.838,1.02447,1.0246,1.50,1.50
2013.02.21 21:13:21.729,1.02448,1.02462,1.50,1.50
2013.02.21 21:13:22.419,1.02449,1.02464,1.50,1.50
2013.02.21 21:13:25.329,1.02449,1.02463,2.25,1.50
2013.02.21 21:13:25.888,1.02449,1.02463,1.50,1.50
2013.02.21 21:13:26.547,1.02448,1.02463,2.25,1.50
2013.02.21 21:13:27.267,1.02448,1.0246,1.50,1.50
2013.02.21 21:13:27.387,1.02448,1.0246,1.50,1.50
2013.02.21 21:13:28.768,1.02448,1.0246,1.50,1.50
2013.02.21 21:13:32.298,1.02449,1.02462,1.50,1.50
2013.02.21 21:13:32.358,1.02447,1.02461,2.25,1.50
2013.02.21 21:13:32.670,1.02441,1.02454,8.93,2.25
2013.02.21 21:13:34.047,1.02439,1.02453,2.48,1.50
2013.02.21 21:13:34.808,1.02438,1.02449,1.50,1.50
2013.02.21 21:13:34.927,1.02437,1.02449,2.25,2.25
2013.02.21 21:13:35.107,1.02436,1.02446,2.25,1.50
2013.02.21 21:13:35.227,1.02436,1.02444,2.25,1.50
2013.02.21 21:13:35.287,1.02432,1.02444,2.48,1.50
2013.02.21 21:13:58.128,1.02431,1.02441,1.73,1.50
2013.02.21 21:13:58.487,1.02423,1.02435,2.48,2.25
2013.02.21 21:13:58.608,1.02423,1.02435,2.48,2.25
2013.02.21 21:13:59.170,1.02424,1.02435,1.50,1.73
2013.02.21 21:13:59.227,1.02424,1.02435,1.50,1.73
2013.02.21 21:14:08.357,1.02423,1.02435,1.50,1.73
2013.02.21 21:14:08.597,1.02425,1.02439,1.73,4.50
2013.02.21 21:14:09.198,1.02429,1.02443,1.50,1.73
2013.02.21 21:14:09.377,1.0243,1.02444,1.50,4.50
2013.02.21 21:14:09.558,1.02434,1.02447,1.50,1.50
2013.02.21 21:14:10.387,1.02435,1.02449,1.50,1.50
2013.02.21 21:14:15.082,1.02435,1.02447,1.50,1.50
2013.02.21 21:14:17.348,1.02435,1.02446,1.50,1.50
2013.02.21 21:14:17.407,1.02433,1.02445,1.73,1.50
2013.02.21 21:14:17.528,1.02433,1.02444,1.50,1.50
2013.02.21 21:14:18.117,1.0243,1.02444,1.73,1.50
2013.02.21 21:14:19.483,1.0243,1.02444,1.73,1.50
2013.02.21 21:14:20.363,1.0243,1.02442,1.73,1.50
2013.02.21 21:14:24.909,1.02429,1.02443,1.73,2.25
2013.02.21 21:14:25.429,1.0243,1.02444,1.73,1.50
2013.02.21 21:14:29.940,1.02429,1.02444,3.30,1.50
2013.02.21 21:14:30.508,1.0243,1.02445,1.73,2.48
2013.02.21 21:14:34.187,1.02429,1.02445,2.48,3.23
2013.02.21 21:14:34.438,1.02429,1.02443,2.55,1.50
2013.02.21 21:14:35.008,1.02427,1.02439,1.58,1.50
2013.02.21 21:14:45.337,1.02426,1.02439,2.33,1.50
2013.02.21 21:14:46.017,1.02426,1.02439,2.33,1.50
2013.02.21 21:14:46.557,1.02426,1.02439,2.33,1.50
2013.02.21 21:14:47.098,1.02426,1.02439,1.58,1.50
2013.02.21 21:14:48.937,1.02427,1.02439,1.50,1.50
2013.02.21 21:14:50.407,1.02426,1.02439,1.58,1.50
2013.02.21 21:14:54.797,1.02426,1.02439,2.33,1.50
2013.02.21 21:14:57.688,1.02426,1.02439,1.58,1.50
2013.02.21 21:14:58.917,1.02426,1.02439,1.58,2.25
2013.02.21 21:14:59.637,1.02426,1.02439,1.50,3.00
2013.02.21 21:15:00.978,1.02424,1.02435,1.73,1.50
2013.02.21 21:15:01.038,1.02425,1.02435,1.50,2.25
2013.02.21 21:15:01.457,1.02425,1.02437,1.50,1.73
2013.02.21 21:15:01.517,1.02425,1.02439,1.50,3.19
2013.02.21 21:15:01.577,1.02425,1.02439,1.50,3.19
2013.02.21 21:15:02.097,1.02425,1.02439,1.50,3.00
2013.02.21 21:15:05.250,1.02425,1.02439,1.50,3.00
2013.02.21 21:15:05.438,1.02424,1.02434,1.50,2.25
2013.02.21 21:15:09.977,1.02421,1.02434,2.55,2.25
2013.02.21 21:15:13.978,1.02421,1.02434,1.80,2.25
2013.02.21 21:15:14.098,1.02421,1.02434,1.73,2.25
2013.02.21 21:15:14.458,1.02421,1.0243,1.73,1.50
2013.02.21 21:15:14.637,1.02418,1.0243,2.48,1.50
2013.02.21 21:15:19.417,1.02417,1.02431,2.48,1.50
2013.02.21 21:15:21.187,1.02418,1.0243,1.73,1.50
2013.02.21 21:15:21.718,1.02416,1.02429,3.75,1.50
2013.02.21 21:15:25.372,1.02416,1.02429,1.50,1.50
2013.02.21 21:15:35.097,1.02416,1.02429,1.50,2.25
2013.02.21 21:15:35.608,1.02417,1.02431,1.50,2.25
2013.02.21 21:15:40.001,1.02417,1.02431,1.50,1.50
2013.02.21 21:15:43.257,1.02418,1.02431,1.50,1.50
2013.02.21 21:15:43.317,1.02418,1.02431,1.50,1.50
2013.02.21 21:15:43.637,1.02422,1.02434,1.50,1.50
2013.02.21 21:15:44.440,1.02422,1.02434,1.50,1.50
2013.02.21 21:15:54.411,1.02422,1.02434,1.50,2.25
2013.02.21 21:16:02.588,1.02421,1.02434,1.50,1.50
2013.02.21 21:16:18.727,1.02421,1.02435,2.25,2.25
2013.02.21 21:16:18.787,1.02423,1.02435,1.50,1.50
2013.02.21 21:16:18.908,1.02423,1.02437,1.50,1.50
2013.02.21 21:16:19.027,1.02425,1.02439,1.50,1.50
2013.02.21 21:16:24.147,1.02425,1.0244,1.50,2.25
2013.02.21 21:16:31.308,1.02425,1.0244,2.25,3.00
2013.02.21 21:16:31.427,1.02425,1.02439,1.50,1.50
2013.02.21 21:16:32.049,1.02425,1.02439,1.50,1.50
2013.02.21 21:16:33.835,1.02425,1.02439,1.50,1.50
2013.02.21 21:16:39.207,1.02425,1.02439,2.25,1.50
2013.02.21 21:16:39.799,1.02426,1.0244,1.50,3.00
2013.02.21 21:16:41.317,1.02425,1.0244,1.50,3.00
2013.02.21 21:16:55.971,1.02426,1.02439,1.50,1.50
2013.02.21 21:16:56.579,1.02425,1.0244,2.25,3.00
2013.02.21 21:16:57.441,1.02425,1.02439,1.50,1.50
2013.02.21 21:16:57.678,1.02425,1.02438,1.50,1.50
2013.02.21 21:16:58.038,1.02419,1.02429,2.25,1.50
2013.02.21 21:16:58.157,1.02421,1.02434,1.50,2.29
2013.02.21 21:16:58.218,1.02421,1.02434,1.50,2.29
2013.02.21 21:16:58.398,1.02421,1.02435,1.73,1.50
2013.02.21 21:16:58.697,1.02422,1.02437,1.73,1.50
2013.02.21 21:17:01.841,1.02422,1.02436,2.48,1.50
2013.02.21 21:17:01.957,1.02422,1.02434,1.73,1.50
2013.02.21 21:17:02.018,1.02422,1.02434,1.50,1.50
2013.02.21 21:17:02.138,1.02421,1.02433,3.75,2.44
2013.02.21 21:17:02.498,1.02412,1.02425,4.50,1.73
2013.02.21 21:17:03.037,1.02417,1.0243,1.50,3.98
2013.02.21 21:17:03.158,1.0242,1.0243,1.50,4.50
2013.02.21 21:17:03.218,1.02418,1.02424,2.25,2.25
2013.02.21 21:17:03.757,1.02414,1.02424,1.50,2.25
2013.02.21 21:17:12.678,1.02414,1.02426,1.50,1.73
2013.02.21 21:17:12.738,1.02414,1.02426,1.50,1.73
2013.02.21 21:17:12.919,1.0242,1.02428,1.50,1.69
2013.02.21 21:17:12.979,1.0242,1.0243,1.73,1.50
2013.02.21 21:17:13.158,1.02422,1.02433,2.48,1.50
2013.02.21 21:17:13.278,1.02422,1.02435,2.48,1.50
2013.02.21 21:17:13.758,1.0242,1.02433,1.50,1.50
2013.02.21 21:17:14.287,1.02417,1.02432,2.25,1.50
2013.02.21 21:17:20.918,1.02417,1.02431,2.25,2.25
2013.02.21 21:17:21.530,1.02416,1.02429,1.50,2.25
2013.02.21 21:17:28.157,1.02417,1.02431,1.50,2.25
2013.02.21 21:17:28.219,1.02417,1.02431,1.50,1.50
2013.02.21 21:17:30.903,1.02422,1.02436,2.25,1.50
2013.02.21 21:17:30.968,1.02422,1.02437,2.25,1.50
2013.02.21 21:17:31.277,1.02424,1.02439,1.73,1.50
2013.02.21 21:17:31.338,1.02425,1.0244,1.50,2.25
2013.02.21 21:17:53.107,1.02426,1.0244,1.50,3.00
2013.02.21 21:17:53.287,1.02425,1.02439,1.50,1.50
2013.02.21 21:17:53.588,1.02423,1.02435,1.50,1.50
2013.02.21 21:17:53.707,1.02422,1.02436,2.25,1.50
2013.02.21 21:17:53.767,1.02422,1.02436,2.25,1.50
2013.02.21 21:17:54.007,1.02422,1.02435,1.50,1.50
2013.02.21 21:17:54.217,1.02424,1.02438,1.50,2.25
2013.02.21 21:17:57.720,1.02425,1.02439,2.25,2.25
2013.02.21 21:17:58.259,1.02426,1.0244,1.50,1.50
2013.02.21 21:18:07.847,1.02425,1.02438,1.50,1.50
2013.02.21 21:18:08.448,1.02425,1.02439,1.50,1.50
2013.02.21 21:18:12.240,1.02422,1.02437,1.50,1.50
2013.02.21 21:18:12.793,1.02422,1.02437,1.50,2.25
2013.02.21 21:18:13.607,1.02422,1.02437,1.50,1.50
2013.02.21 21:18:13.967,1.02422,1.02437,1.50,2.25
2013.02.21 21:18:14.207,1.02422,1.02437,1.50,1.50
2013.02.21 21:18:14.838,1.02423,1.02437,1.50,1.50
2013.02.21 21:18:15.459,1.02425,1.02439,1.50,1.50
2013.02.21 21:18:16.437,1.02424,1.02439,1.50,1.50
2013.02.21 21:18:20.187,1.02425,1.02439,1.50,3.00
2013.02.21 21:18:20.428,1.02426,1.02439,1.50,2.25
2013.02.21 21:18:20.607,1.02426,1.0244,1.50,1.50
2013.02.21 21:18:33.597,1.02426,1.0244,2.25,1.50
2013.02.21 21:18:34.046,1.02424,1.02435,2.48,2.25
2013.02.21 21:18:34.114,1.0242,1.02434,1.73,1.73
2013.02.21 21:18:34.238,1.0242,1.02432,1.73,1.50
2013.02.21 21:18:43.308,1.02419,1.0243,2.25,1.50
2013.02.21 21:18:43.848,1.0242,1.02432,1.50,1.73
2013.02.21 21:18:46.157,1.0242,1.02433,2.25,1.73
2013.02.21 21:18:46.218,1.02421,1.02434,1.50,1.50
2013.02.21 21:18:46.278,1.02422,1.02436,1.50,4.50
2013.02.21 21:18:46.338,1.02422,1.02436,1.50,3.75
2013.02.21 21:18:46.398,1.02423,1.0244,1.50,1.50
2013.02.21 21:18:46.758,1.02429,1.02443,1.50,2.25
2013.02.21 21:19:10.120,1.02428,1.02443,1.50,1.50
2013.02.21 21:19:13.568,1.02429,1.02444,2.25,2.25
2013.02.21 21:19:14.468,1.0243,1.02445,1.50,1.50
2013.02.21 21:19:14.647,1.02432,1.02447,1.50,2.25
2013.02.21 21:19:14.781,1.02435,1.02449,1.50,1.50
2013.02.21 21:19:45.197,1.02436,1.0245,1.50,1.50
2013.02.21 21:20:12.357,1.02436,1.0245,1.50,1.50
2013.02.21 21:20:16.249,1.02436,1.0245,1.50,1.50
2013.02.21 21:20:16.729,1.02436,1.02447,1.50,1.50
2013.02.21 21:20:17.247,1.02433,1.02445,1.50,1.50
2013.02.21 21:20:18.148,1.02433,1.02447,1.50,2.25
2013.02.21 21:20:18.508,1.02434,1.02448,2.25,1.50
2013.02.21 21:20:18.818,1.02433,1.02446,1.50,1.50
2013.02.21 21:20:40.618,1.02434,1.02445,1.50,1.50
2013.02.21 21:20:47.808,1.02432,1.02445,1.50,1.50
2013.02.21 21:20:47.988,1.02432,1.02444,1.50,1.50
2013.02.21 21:20:48.544,1.02431,1.02445,2.25,1.50
2013.02.21 21:20:48.668,1.02431,1.02443,1.50,2.25
2013.02.21 21:20:51.489,1.02427,1.02442,2.25,1.50
2013.02.21 21:20:51.971,1.02429,1.02444,1.50,1.50
2013.02.21 21:20:52.040,1.0243,1.02446,1.50,2.25
2013.02.21 21:21:02.529,1.02431,1.02446,1.50,2.25
2013.02.21 21:21:02.588,1.02431,1.02443,1.50,1.50
2013.02.21 21:21:17.429,1.02428,1.02443,3.00,1.50
2013.02.21 21:21:17.668,1.02431,1.02445,1.50,1.50
2013.02.21 21:21:17.971,1.02434,1.02446,1.50,1.50
2013.02.21 21:21:19.150,1.02434,1.02452,1.50,6.23
2013.02.21 21:21:19.210,1.02438,1.02452,1.50,6.23
2013.02.21 21:21:19.390,1.02442,1.02452,1.50,1.73
2013.02.21 21:21:19.510,1.02446,1.02453,1.50,2.25
2013.02.21 21:21:20.048,1.02441,1.02455,3.00,1.50
2013.02.21 21:21:20.229,1.0244,1.02454,1.50,2.25
2013.02.21 21:21:20.408,1.02438,1.0245,3.00,1.50
2013.02.21 21:21:20.948,1.02437,1.0245,1.50,1.50
2013.02.21 21:21:21.519,1.02438,1.0245,1.50,1.50
2013.02.21 21:21:22.179,1.02437,1.0245,3.00,1.50
2013.02.21 21:21:27.209,1.02437,1.0245,1.50,1.50
2013.02.21 21:21:29.738,1.02437,1.0245,2.25,1.50
2013.02.21 21:21:35.259,1.02439,1.02453,1.50,1.50
2013.02.21 21:21:35.319,1.02441,1.02453,1.50,1.50
2013.02.21 21:21:35.678,1.02442,1.02456,2.25,1.50
2013.02.21 21:21:35.738,1.02446,1.02459,1.50,3.00
2013.02.21 21:21:39.558,1.02444,1.02459,3.23,3.00
2013.02.21 21:21:39.618,1.02444,1.02459,3.23,3.75
2013.02.21 21:21:40.649,1.02446,1.02458,1.50,1.50
2013.02.21 21:21:41.188,1.02446,1.02457,1.50,1.50
2013.02.21 21:21:41.489,1.02442,1.02453,1.50,1.50
2013.02.21 21:21:44.398,1.02441,1.02453,1.50,1.50
2013.02.21 21:21:45.709,1.02441,1.02453,1.50,1.50
2013.02.21 21:21:51.539,1.02441,1.02455,2.25,1.50
2013.02.21 21:21:51.848,1.02443,1.02455,1.50,1.50
2013.02.21 21:21:51.968,1.02446,1.02458,1.50,2.25
2013.02.21 21:21:52.028,1.02446,1.02458,1.50,1.50
2013.02.21 21:22:01.528,1.02443,1.02458,2.48,2.25
2013.02.21 21:22:02.123,1.02444,1.02458,2.48,1.50
2013.02.21 21:22:04.209,1.02444,1.02456,2.48,1.50
2013.02.21 21:22:04.992,1.02443,1.02456,1.73,1.50
2013.02.21 21:22:12.679,1.02443,1.02457,1.73,1.50
2013.02.21 21:22:22.688,1.02442,1.02456,2.48,1.50
2013.02.21 21:22:23.228,1.02443,1.02456,1.73,1.50
2013.02.21 21:22:31.158,1.02442,1.02457,2.48,1.50
2013.02.21 21:22:32.850,1.02442,1.02456,1.73,1.50
2013.02.21 21:22:33.449,1.02441,1.02455,1.73,2.25
2013.02.21 21:22:33.639,1.02437,1.0245,4.50,1.50
2013.02.21 21:22:34.188,1.02436,1.0245,1.50,1.50
2013.02.21 21:22:37.009,1.02437,1.02451,1.50,2.25
2013.02.21 21:22:37.189,1.02438,1.02451,1.50,2.25
2013.02.21 21:22:45.609,1.02437,1.02451,1.50,1.50
2013.02.21 21:22:46.110,1.02439,1.02451,1.50,1.50
2013.02.21 21:22:50.218,1.02439,1.02451,1.50,1.50
2013.02.21 21:22:53.289,1.0244,1.02453,1.50,1.50
2013.02.21 21:22:53.352,1.02441,1.02453,1.50,1.50
2013.02.21 21:22:53.869,1.02442,1.02455,2.25,1.50
2013.02.21 21:22:54.679,1.02441,1.02453,2.25,1.50
2013.02.21 21:22:56.328,1.02441,1.02455,1.50,2.25
2013.02.21 21:23:01.510,1.02443,1.02455,1.50,1.50
2013.02.21 21:23:02.119,1.02442,1.02456,1.73,1.50
2013.02.21 21:23:02.239,1.02442,1.02456,1.73,1.50
2013.02.21 21:23:05.500,1.02441,1.02455,1.73,1.50
2013.02.21 21:23:06.039,1.0244,1.02453,1.50,1.50
2013.02.21 21:23:06.098,1.02437,1.02452,5.25,1.50
2013.02.21 21:23:07.142,1.02438,1.02452,1.50,2.25
2013.02.21 21:23:07.500,1.0244,1.02452,1.50,2.25
2013.02.21 21:23:07.679,1.0244,1.02453,1.50,1.50
2013.02.21 21:23:08.249,1.0244,1.02453,1.50,1.50
2013.02.21 21:23:08.799,1.02441,1.02455,1.73,1.50
2013.02.21 21:23:09.548,1.02443,1.02456,1.73,1.50
2013.02.21 21:23:10.300,1.02441,1.02453,1.50,1.50
2013.02.21 21:23:10.365,1.0244,1.02453,1.50,1.50
2013.02.21 21:23:13.324,1.02441,1.02456,1.50,2.25
2013.02.21 21:23:22.059,1.0244,1.02454,1.50,1.50
2013.02.21 21:23:58.659,1.0244,1.02454,1.50,1.50
2013.02.21 21:24:12.132,1.0244,1.02453,1.50,1.50
2013.02.21 21:24:15.449,1.02441,1.02453,1.50,1.50
2013.02.21 21:24:16.919,1.02438,1.02453,2.25,2.25
2013.02.21 21:24:17.109,1.02438,1.02452,2.25,1.50
2013.02.21 21:24:20.368,1.02439,1.02452,1.50,1.50
2013.02.21 21:24:20.789,1.02441,1.02455,1.50,2.25
2013.02.21 21:24:20.968,1.02443,1.02455,1.73,1.50
2013.02.21 21:25:00.978,1.02443,1.02456,1.73,1.50
2013.02.21 21:25:05.739,1.02442,1.02456,1.73,1.50
2013.02.21 21:25:08.248,1.02442,1.02456,1.73,1.50
2013.02.21 21:25:10.029,1.02441,1.02454,1.73,1.50
2013.02.21 21:25:10.090,1.02441,1.02453,1.73,1.50
2013.02.21 21:25:24.699,1.02439,1.02452,2.48,1.50
2013.02.21 21:25:25.849,1.02439,1.02453,1.73,1.50
2013.02.21 21:25:25.910,1.02438,1.02452,2.48,1.50
2013.02.21 21:25:26.419,1.02438,1.02452,1.73,1.50
2013.02.21 21:25:32.239,1.0244,1.02454,2.48,2.48
2013.02.21 21:25:32.358,1.0244,1.02455,3.23,3.23
2013.02.21 21:25:32.478,1.0244,1.02455,3.23,1.50
2013.02.21 21:25:36.649,1.02441,1.02455,1.73,2.25
2013.02.21 21:25:37.010,1.02441,1.02456,1.73,1.50
2013.02.21 21:25:37.989,1.02442,1.02456,1.73,1.50
2013.02.21 21:25:52.339,1.02441,1.02454,1.73,1.50
2013.02.21 21:25:52.579,1.02441,1.02453,1.73,2.63
2013.02.21 21:25:52.699,1.02438,1.02451,5.48,2.25
2013.02.21 21:25:52.939,1.02437,1.0245,1.73,1.50
2013.02.21 21:25:53.060,1.02434,1.02447,1.73,1.50
2013.02.21 21:25:53.119,1.02434,1.02445,1.50,1.50
2013.02.21 21:25:53.240,1.02437,1.02448,2.48,1.50
2013.02.21 21:25:53.479,1.02435,1.02446,1.73,1.50
2013.02.21 21:25:53.539,1.02434,1.02444,1.50,1.50
2013.02.21 21:25:53.599,1.02436,1.02448,1.50,1.50
2013.02.21 21:25:53.659,1.02436,1.02449,1.50,1.50
2013.02.21 21:25:53.779,1.02435,1.02449,1.50,2.25
2013.02.21 21:25:54.039,1.02433,1.02447,1.50,1.50
2013.02.21 21:25:54.644,1.02434,1.02448,1.50,2.25
2013.02.21 21:25:54.769,1.02436,1.0245,2.25,1.50
2013.02.21 21:25:54.949,1.02434,1.02449,2.48,1.50
2013.02.21 21:25:55.009,1.02434,1.02447,1.73,2.25
2013.02.21 21:25:55.069,1.02434,1.02447,1.50,2.25
2013.02.21 21:25:55.759,1.02431,1.02445,1.50,1.50
2013.02.21 21:25:55.940,1.02431,1.02443,2.25,1.13
2013.02.21 21:25:56.419,1.02429,1.02444,2.25,1.50
2013.02.21 21:25:56.971,1.02431,1.02445,1.50,1.50
2013.02.21 21:25:59.599,1.02431,1.02445,1.50,1.50
2013.02.21 21:25:59.960,1.0243,1.02443,1.50,1.73
2013.02.21 21:26:00.258,1.02431,1.02446,1.50,1.50
2013.02.21 21:26:00.963,1.02431,1.02446,2.25,2.25
2013.02.21 21:26:02.679,1.0243,1.02445,2.25,1.50
2013.02.21 21:26:05.999,1.0243,1.02444,1.50,1.50
2013.02.21 21:26:11.489,1.0243,1.02445,2.25,2.25
2013.02.21 21:26:12.560,1.02431,1.02445,1.50,1.50
2013.02.21 21:26:15.317,1.02431,1.02444,2.25,1.50
2013.02.21 21:26:15.380,1.0243,1.02435,1.50,1.50
2013.02.21 21:26:15.500,1.02426,1.02435,4.50,1.50
2013.02.21 21:26:15.739,1.02423,1.02435,1.28,3.23
2013.02.21 21:26:16.046,1.0243,1.02439,1.50,4.73
2013.02.21 21:26:16.115,1.0243,1.02439,1.50,4.50
2013.02.21 21:26:16.184,1.0243,1.02439,1.50,4.50
2013.02.21 21:26:16.251,1.0243,1.02445,2.25,1.50
2013.02.21 21:26:16.820,1.02429,1.02444,1.50,1.50
2013.02.21 21:26:24.500,1.0243,1.02444,1.50,1.50
2013.02.21 21:26:24.559,1.0243,1.02444,1.50,1.50
2013.02.21 21:26:40.829,1.02432,1.02445,1.50,1.50
2013.02.21 21:26:41.188,1.02429,1.02443,1.50,1.50
2013.02.21 21:26:43.171,1.02429,1.02443,1.50,1.50
2013.02.21 21:26:47.489,1.02428,1.02443,2.25,1.50
2013.02.21 21:26:52.079,1.02429,1.02443,1.50,1.50
2013.02.21 21:27:12.957,1.02428,1.02441,2.25,1.50
2013.02.21 21:27:13.459,1.02428,1.0244,1.50,1.50
2013.02.21 21:27:15.009,1.02426,1.02442,1.50,1.50
2013.02.21 21:27:22.169,1.02426,1.0244,1.50,1.50
2013.02.21 21:27:22.289,1.02425,1.02439,1.50,1.50
2013.02.21 21:27:26.061,1.02425,1.02439,1.50,1.50
2013.02.21 21:27:34.806,1.02424,1.02439,2.25,1.50
2013.02.21 21:27:34.929,1.02424,1.02439,2.25,1.50
2013.02.21 21:27:35.299,1.02427,1.02441,1.50,2.25
2013.02.21 21:27:35.719,1.02428,1.02442,1.50,1.50
2013.02.21 21:27:40.591,1.02429,1.02442,1.50,1.50
2013.02.21 21:27:42.229,1.02428,1.02442,2.25,1.50
2013.02.21 21:27:43.398,1.02428,1.02442,2.25,1.50
2013.02.21 21:27:49.518,1.02427,1.02442,3.00,1.50
2013.02.21 21:27:49.638,1.02427,1.02442,2.25,1.50
2013.02.21 21:27:50.539,1.02427,1.02442,1.50,1.50
2013.02.21 21:28:15.389,1.02429,1.02442,1.50,1.50
2013.02.21 21:28:15.970,1.02428,1.02442,2.25,1.50
2013.02.21 21:28:17.099,1.02429,1.02442,1.50,1.50
2013.02.21 21:28:18.418,1.02428,1.02442,2.25,1.50
2013.02.21 21:28:18.923,1.02429,1.02442,1.50,1.50
2013.02.21 21:28:26.508,1.02428,1.02442,1.50,1.50
2013.02.21 21:28:35.700,1.02427,1.02444,1.50,1.50
2013.02.21 21:28:44.069,1.02427,1.02443,2.25,1.50
2013.02.21 21:28:44.129,1.02429,1.02443,1.50,1.50
2013.02.21 21:29:11.899,1.02429,1.02443,1.50,1.50
2013.02.21 21:29:12.683,1.02437,1.02446,1.50,1.50
2013.02.21 21:29:12.809,1.02437,1.02447,1.50,1.73
2013.02.21 21:29:12.930,1.02437,1.02446,1.50,1.50
2013.02.21 21:29:13.049,1.02433,1.02446,3.00,1.50
2013.02.21 21:29:13.229,1.02432,1.02448,1.50,3.23
2013.02.21 21:29:13.289,1.02432,1.02448,1.50,3.23
2013.02.21 21:29:13.589,1.02429,1.02449,1.50,3.98
2013.02.21 21:29:13.769,1.02429,1.02449,1.50,4.73
2013.02.21 21:29:14.679,1.02433,1.02447,1.50,2.48
2013.02.21 21:29:16.389,1.02432,1.02447,1.50,2.48
2013.02.21 21:29:17.055,1.02432,1.02447,1.50,2.48
2013.02.21 21:29:17.604,1.02432,1.02447,1.50,2.48
2013.02.21 21:29:19.538,1.02432,1.02447,1.50,2.48
2013.02.21 21:29:44.679,1.02432,1.02445,1.50,1.50
2013.02.21 21:29:44.859,1.02434,1.02447,1.73,2.25
2013.02.21 21:29:44.979,1.02431,1.02446,2.48,1.50
2013.02.21 21:29:45.636,1.02433,1.02447,1.73,2.25
2013.02.21 21:29:46.099,1.02433,1.02447,2.48,2.25
2013.02.21 21:29:47.219,1.02433,1.02447,2.48,2.25
2013.02.21 21:29:47.864,1.02433,1.02447,2.48,2.25
2013.02.21 21:29:51.739,1.02433,1.02447,2.48,2.25
2013.02.21 21:29:52.361,1.02433,1.02447,2.48,2.25
2013.02.21 21:29:53.469,1.02433,1.02447,1.73,2.25
2013.02.21 21:29:55.956,1.02433,1.02447,1.73,2.25
2013.02.21 21:29:56.960,1.02433,1.02446,2.48,1.50
2013.02.21 21:29:57.469,1.02431,1.02444,2.48,1.50
2013.02.21 21:30:00.230,1.02431,1.02445,2.48,1.73
2013.02.21 21:30:00.470,1.02431,1.02447,1.73,3.00
2013.02.21 21:30:01.321,1.02432,1.02445,1.50,1.50
2013.02.21 21:30:05.869,1.02433,1.02445,1.50,1.50
2013.02.21 21:30:34.469,1.02432,1.02445,1.50,1.50
2013.02.21 21:30:57.379,1.02432,1.02445,1.50,1.50
2013.02.21 21:31:02.970,1.02432,1.02446,1.50,2.25
2013.02.21 21:31:34.442,1.02431,1.02446,2.25,1.50
2013.02.21 21:31:36.730,1.0243,1.02446,3.00,2.25
2013.02.21 21:31:37.290,1.02431,1.02446,2.25,2.25
2013.02.21 21:31:40.229,1.02433,1.02447,1.50,3.00
2013.02.21 21:31:40.290,1.02434,1.02447,1.73,2.25
2013.02.21 21:31:40.529,1.02432,1.02446,1.73,2.25
2013.02.21 21:31:41.499,1.02434,1.02446,1.73,1.50
2013.02.21 21:31:45.603,1.02434,1.02446,1.73,2.25
2013.02.21 21:31:45.659,1.02434,1.02446,1.73,3.00
2013.02.21 21:31:48.269,1.0243,1.02444,1.73,1.50
2013.02.21 21:31:48.539,1.02432,1.02446,1.73,2.25
2013.02.21 21:31:48.659,1.02433,1.02446,1.73,1.50
2013.02.21 21:31:48.719,1.02431,1.02446,1.73,3.00
2013.02.21 21:31:48.779,1.02431,1.02446,1.50,3.00
2013.02.21 21:31:50.321,1.02431,1.02446,1.50,1.50
2013.02.21 21:31:50.950,1.02434,1.02446,1.50,2.25
2013.02.21 21:31:51.310,1.02431,1.02446,1.73,1.50
2013.02.21 21:31:52.179,1.02434,1.02446,1.73,1.50
2013.02.21 21:31:54.749,1.02433,1.02447,1.73,2.25
2013.02.21 21:31:55.593,1.02433,1.02447,1.73,2.25
2013.02.21 21:31:58.608,1.02433,1.02447,1.73,2.25
2013.02.21 21:31:59.179,1.02433,1.02447,1.73,2.25
2013.02.21 21:32:02.959,1.02433,1.02447,1.73,2.25
2013.02.21 21:32:03.469,1.02433,1.02447,1.73,2.25
2013.02.21 21:32:04.450,1.02433,1.02447,1.73,2.25
2013.02.21 21:32:04.999,1.02433,1.02446,1.73,1.50
2013.02.21 21:32:10.719,1.02433,1.02447,1.73,2.25
2013.02.21 21:32:11.340,1.02433,1.02447,1.73,2.25
2013.02.21 21:32:11.889,1.02433,1.02447,1.73,2.25
2013.02.21 21:32:12.009,1.02432,1.02446,2.48,2.25
2013.02.21 21:32:12.309,1.0243,1.02445,5.25,2.25
2013.02.21 21:32:15.809,1.02431,1.02445,1.50,1.50
2013.02.21 21:32:19.007,1.02432,1.02447,2.48,3.00
2013.02.21 21:32:19.370,1.02431,1.02446,1.73,3.00
2013.02.21 21:32:20.089,1.02432,1.02446,2.48,1.50
2013.02.21 21:32:27.789,1.02434,1.02447,1.73,2.25
2013.02.21 21:32:28.450,1.02434,1.02447,1.73,2.25
2013.02.21 21:32:28.989,1.02434,1.02447,1.73,2.25
2013.02.21 21:32:29.562,1.02434,1.02447,1.73,2.25
2013.02.21 21:32:30.260,1.02434,1.02447,1.73,2.25
2013.02.21 21:32:31.309,1.02434,1.02447,1.73,2.25
2013.02.21 21:32:36.010,1.02433,1.02447,1.73,3.00
2013.02.21 21:32:36.624,1.02433,1.02447,1.73,3.00
2013.02.21 21:32:37.190,1.02433,1.02447,1.73,3.00
2013.02.21 21:32:37.909,1.02433,1.02447,1.73,3.00
2013.02.21 21:32:41.509,1.02431,1.02446,1.73,3.00
2013.02.21 21:32:42.860,1.02431,1.02445,1.73,1.50
2013.02.21 21:32:43.040,1.02429,1.02443,4.50,1.50
2013.02.21 21:32:43.159,1.02428,1.02443,2.25,1.50
2013.02.21 21:32:43.699,1.02429,1.02443,1.50,2.25
2013.02.21 21:32:46.149,1.02429,1.02443,1.50,1.50
2013.02.21 21:32:46.711,1.02429,1.02444,1.50,1.50
2013.02.21 21:32:47.410,1.0243,1.02445,1.50,1.50
2013.02.21 21:32:55.280,1.0243,1.02445,1.50,1.50
2013.02.21 21:32:56.269,1.0243,1.02445,2.25,1.50
2013.02.21 21:33:05.511,1.0243,1.02445,1.50,1.50
2013.02.21 21:33:05.980,1.0243,1.02444,2.25,1.50
2013.02.21 21:33:06.410,1.0243,1.02445,2.25,1.50
2013.02.21 21:33:07.490,1.02431,1.02446,1.50,2.25
2013.02.21 21:33:15.640,1.02431,1.02444,2.25,1.50
2013.02.21 21:33:15.701,1.02433,1.02444,1.50,1.50
2013.02.21 21:33:15.761,1.02434,1.02447,1.50,1.50
2013.02.21 21:33:15.819,1.02436,1.02447,2.48,1.50
2013.02.21 21:33:16.001,1.0244,1.02451,1.73,1.50
2013.02.21 21:33:16.180,1.02444,1.02455,1.73,1.50
2013.02.21 21:33:16.239,1.02444,1.02455,1.73,1.50
2013.02.21 21:33:16.812,1.02444,1.02455,1.73,1.50
2013.02.21 21:33:16.883,1.0244,1.02455,3.00,2.25
2013.02.21 21:33:17.600,1.0244,1.02455,1.50,1.50
2013.02.21 21:33:17.901,1.02446,1.0246,2.48,2.25
2013.02.21 21:33:18.150,1.02446,1.02462,3.98,3.75
2013.02.21 21:33:18.270,1.02446,1.0246,1.73,1.50
2013.02.21 21:33:18.330,1.02445,1.0246,1.73,1.50
2013.02.21 21:33:18.449,1.02444,1.02459,4.73,1.50
2013.02.21 21:33:18.759,1.02441,1.02454,1.73,2.48
2013.02.21 21:33:19.179,1.02439,1.02454,1.50,3.23
2013.02.21 21:33:19.300,1.02437,1.02447,3.00,1.50
2013.02.21 21:33:19.480,1.02437,1.02449,3.00,1.50
2013.02.21 21:33:19.599,1.02436,1.02449,1.50,1.50
2013.02.21 21:33:23.173,1.02436,1.02449,1.50,1.50
2013.02.21 21:33:26.181,1.02436,1.02451,2.25,1.73
2013.02.21 21:33:26.300,1.0244,1.02455,1.50,1.73
2013.02.21 21:33:26.360,1.02441,1.02456,1.50,6.00
2013.02.21 21:33:28.960,1.02441,1.02456,1.50,1.50
2013.02.21 21:33:29.500,1.02443,1.02456,1.50,1.50
2013.02.21 21:33:38.281,1.02442,1.02456,1.50,1.50
2013.02.21 21:33:41.763,1.02442,1.02456,1.50,1.50
2013.02.21 21:33:42.445,1.02442,1.02456,1.50,1.50
2013.02.21 21:33:46.603,1.02443,1.02456,1.50,1.50
2013.02.21 21:33:46.841,1.0245,1.02461,2.25,3.75
2013.02.21 21:33:47.356,1.0245,1.02465,2.25,1.50
2013.02.21 21:33:47.552,1.0245,1.02464,1.50,1.50
2013.02.21 21:33:48.421,1.02451,1.02466,2.25,1.50
2013.02.21 21:33:48.660,1.02452,1.02467,2.48,2.25
2013.02.21 21:33:50.305,1.02451,1.02464,1.73,2.48
2013.02.21 21:34:03.074,1.02448,1.02463,3.23,2.25
2013.02.21 21:34:03.380,1.02448,1.02463,2.48,1.50
2013.02.21 21:34:07.520,1.02445,1.0246,1.50,3.75
2013.02.21 21:34:08.351,1.02444,1.02458,1.73,1.50
2013.02.21 21:34:08.428,1.02439,1.02453,2.25,1.50
2013.02.21 21:34:09.004,1.02439,1.02453,1.50,1.50
2013.02.21 21:34:09.250,1.02443,1.02455,1.35,1.50
2013.02.21 21:34:09.511,1.02444,1.02459,2.25,1.50
2013.02.21 21:34:10.780,1.02445,1.02459,1.50,1.50
2013.02.21 21:34:12.592,1.02444,1.02459,1.73,1.50
2013.02.21 21:34:19.675,1.02443,1.02456,1.73,1.50
2013.02.21 21:34:20.223,1.02443,1.02455,1.73,1.50
2013.02.21 21:34:20.760,1.02443,1.02457,1.73,2.25
2013.02.21 21:34:23.410,1.02439,1.02454,1.73,1.50
2013.02.21 21:34:23.591,1.02439,1.02454,2.25,1.50
2013.02.21 21:34:24.130,1.02439,1.02453,1.50,1.50
2013.02.21 21:34:24.860,1.02438,1.02453,1.50,1.50
2013.02.21 21:34:25.221,1.02438,1.02453,1.50,1.50
2013.02.21 21:34:25.760,1.02438,1.02454,2.25,2.25
2013.02.21 21:34:32.729,1.02438,1.02453,2.25,1.50
2013.02.21 21:34:33.299,1.02438,1.02453,2.25,1.50
2013.02.21 21:34:33.833,1.02438,1.02453,2.25,1.50
2013.02.21 21:34:35.440,1.02438,1.02453,2.25,1.50
2013.02.21 21:34:35.941,1.02438,1.02453,1.50,1.50
2013.02.21 21:34:37.730,1.02437,1.02453,2.25,1.50
2013.02.21 21:34:38.320,1.02438,1.02454,1.50,2.25
2013.02.21 21:34:38.850,1.02438,1.02453,1.50,1.50
2013.02.21 21:34:42.521,1.02438,1.02453,1.50,1.50
2013.02.21 21:34:42.830,1.02437,1.02453,3.00,1.50
2013.02.21 21:34:42.950,1.02437,1.02453,3.00,2.25
2013.02.21 21:34:46.590,1.02437,1.02453,3.00,1.50
2013.02.21 21:34:52.511,1.02437,1.02454,3.00,1.50
2013.02.21 21:34:55.749,1.02439,1.02453,1.50,1.50
2013.02.21 21:35:05.270,1.02439,1.02454,1.50,1.50
2013.02.21 21:35:05.890,1.02438,1.02453,1.50,1.50
2013.02.21 21:35:06.453,1.02441,1.02454,1.50,1.50
2013.02.21 21:35:06.586,1.02441,1.02454,1.73,1.50
2013.02.21 21:35:08.410,1.02441,1.02454,3.23,1.50
2013.02.21 21:35:08.769,1.02443,1.02458,1.73,2.25
2013.02.21 21:35:11.280,1.02442,1.02457,2.48,1.50
2013.02.21 21:35:17.191,1.02445,1.02457,1.73,1.50
2013.02.21 21:35:17.250,1.02445,1.02457,1.73,1.50
2013.02.21 21:35:17.610,1.02445,1.02459,1.73,2.25
2013.02.21 21:35:25.841,1.02443,1.02457,1.73,1.50
2013.02.21 21:35:30.739,1.02444,1.02458,1.73,1.50
2013.02.21 21:35:58.469,1.02443,1.02459,2.48,2.25
2013.02.21 21:35:58.841,1.02444,1.02459,1.73,2.25
2013.02.21 21:36:07.681,1.02444,1.02459,2.25,3.23
2013.02.21 21:36:26.280,1.02445,1.02459,3.23,2.48
2013.02.21 21:36:26.872,1.02447,1.02459,1.50,1.73
2013.02.21 21:36:54.790,1.02447,1.02461,2.25,1.73
2013.02.21 21:36:57.690,1.02447,1.02462,1.50,2.48
2013.02.21 21:39:14.220,1.02448,1.02462,1.50,1.73
2013.02.21 21:39:23.481,1.02451,1.02466,2.25,6.23
2013.02.21 21:39:23.601,1.02451,1.02466,2.25,5.48
2013.02.21 21:39:23.661,1.02455,1.02468,2.25,2.48
2013.02.21 21:39:23.841,1.02455,1.02469,3.23,1.73
2013.02.21 21:39:26.781,1.02454,1.02468,1.73,1.50
2013.02.21 21:39:26.900,1.02453,1.02466,3.75,1.73
2013.02.21 21:39:27.140,1.02451,1.02467,2.25,1.73
2013.02.21 21:39:27.201,1.02451,1.02467,2.25,1.73
2013.02.21 21:39:27.834,1.02452,1.02468,1.50,2.48
2013.02.21 21:39:35.320,1.02452,1.02467,1.50,1.73
2013.02.21 21:39:42.531,1.02452,1.02468,1.50,3.23
2013.02.21 21:39:43.411,1.02453,1.02468,2.25,1.73
2013.02.21 21:39:44.671,1.02455,1.02469,1.50,1.73
2013.02.21 21:39:44.911,1.02455,1.0247,1.50,2.25
2013.02.21 21:39:45.634,1.02455,1.0247,1.50,1.50
2013.02.21 21:39:46.561,1.02454,1.0247,2.25,1.50
2013.02.21 21:39:48.251,1.02454,1.0247,2.25,1.50
2013.02.21 21:39:50.522,1.02455,1.02471,1.50,3.00
2013.02.21 21:39:50.770,1.02455,1.0247,1.50,1.50
2013.02.21 21:39:50.890,1.02455,1.0247,1.50,1.50
2013.02.21 21:39:51.411,1.02455,1.02471,1.50,1.50
2013.02.21 21:39:52.042,1.02455,1.0247,1.50,1.50
2013.02.21 21:39:52.580,1.02456,1.02471,2.25,1.50
2013.02.21 21:39:53.721,1.02456,1.02471,1.50,1.50
2013.02.21 21:39:53.781,1.02456,1.02471,1.50,1.50
2013.02.21 21:39:53.901,1.02457,1.02471,1.50,1.50
2013.02.21 21:39:54.724,1.02457,1.02472,1.50,2.25
2013.02.21 21:40:01.602,1.02457,1.02471,1.50,1.50
2013.02.21 21:40:01.662,1.02456,1.02466,1.50,1.50
2013.02.21 21:40:02.021,1.02454,1.02468,1.50,3.75
2013.02.21 21:40:02.081,1.02454,1.02468,1.50,3.75
2013.02.21 21:40:02.271,1.02456,1.02471,1.50,2.25
2013.02.21 21:40:02.790,1.02456,1.02471,1.50,1.50
2013.02.21 21:40:03.400,1.02455,1.02472,1.50,2.25
2013.02.21 21:40:03.761,1.02457,1.02472,1.50,1.50
2013.02.21 21:40:05.369,1.02457,1.02472,1.50,1.50
2013.02.21 21:40:05.911,1.02457,1.02472,2.25,1.50
2013.02.21 21:40:06.401,1.02459,1.02472,1.50,1.50
2013.02.21 21:40:06.761,1.02456,1.02469,1.50,1.73
2013.02.21 21:40:07.312,1.02454,1.02469,2.25,1.73
2013.02.21 21:40:07.971,1.02454,1.02469,2.25,1.73
2013.02.21 21:40:08.761,1.02454,1.02469,1.50,2.48
2013.02.21 21:40:08.821,1.02454,1.02469,1.50,2.48
2013.02.21 21:40:09.360,1.02454,1.02469,1.50,2.48
2013.02.21 21:40:10.501,1.02453,1.02468,1.50,1.73
2013.02.21 21:40:23.380,1.02453,1.02468,2.25,1.73
2013.02.21 21:40:25.601,1.02454,1.02469,1.50,2.48
2013.02.21 21:40:30.161,1.02455,1.0247,1.50,2.48
2013.02.21 21:40:30.340,1.02457,1.02471,1.50,2.25
2013.02.21 21:40:30.401,1.02457,1.0247,1.50,1.50
2013.02.21 21:40:30.991,1.02457,1.0247,1.50,1.50
2013.02.21 21:40:34.560,1.02456,1.0247,1.50,1.50
2013.02.21 21:40:34.861,1.02455,1.02469,1.50,1.88
2013.02.21 21:40:35.619,1.02455,1.02469,1.50,2.63
2013.02.21 21:40:35.740,1.02455,1.02469,1.50,2.25
2013.02.21 21:40:36.279,1.02455,1.02469,1.50,1.50
2013.02.21 21:40:36.821,1.02455,1.02469,1.50,1.50
2013.02.21 21:40:37.181,1.02454,1.02469,1.50,1.73
2013.02.21 21:40:37.720,1.02455,1.02469,1.50,1.73
2013.02.21 21:40:38.910,1.02456,1.02469,1.50,1.73
2013.02.21 21:40:39.390,1.02457,1.02471,1.50,4.73
2013.02.21 21:40:39.751,1.0246,1.0247,1.50,1.73
2013.02.21 21:40:43.574,1.02456,1.0247,1.73,1.73
2013.02.21 21:40:43.691,1.02457,1.0247,1.50,1.73
2013.02.21 21:40:44.081,1.0246,1.0247,1.50,1.73
2013.02.21 21:40:46.450,1.0246,1.0247,1.73,1.73
2013.02.21 21:40:46.751,1.02461,1.02474,2.48,1.50
2013.02.21 21:40:46.811,1.02465,1.02472,1.73,1.50
2013.02.21 21:40:47.111,1.02461,1.02474,1.73,1.73
2013.02.21 21:40:47.231,1.02465,1.02476,1.50,1.73
2013.02.21 21:40:47.531,1.0246,1.02474,2.48,1.73
2013.02.21 21:40:48.011,1.02457,1.02472,1.73,1.50
2013.02.21 21:40:48.071,1.02457,1.02472,1.50,1.73
2013.02.21 21:40:48.191,1.02459,1.02473,1.50,1.73
2013.02.21 21:40:49.434,1.0246,1.02474,2.48,1.50
2013.02.21 21:40:49.851,1.02461,1.02475,1.73,1.50
2013.02.21 21:40:53.932,1.0246,1.02474,2.48,1.50
2013.02.21 21:40:54.051,1.02458,1.02473,6.00,1.50
2013.02.21 21:40:55.651,1.02456,1.02471,1.50,2.25
2013.02.21 21:40:56.170,1.02456,1.0247,1.50,1.50
2013.02.21 21:40:59.522,1.02456,1.02471,1.50,1.50
2013.02.21 21:40:59.841,1.02462,1.02473,1.50,2.25
2013.02.21 21:41:00.202,1.02466,1.02477,1.50,2.25
2013.02.21 21:41:00.262,1.02466,1.02479,1.50,3.00
2013.02.21 21:41:00.508,1.02466,1.0248,1.50,3.75
2013.02.21 21:41:11.191,1.02467,1.02482,2.25,1.73
2013.02.21 21:41:11.550,1.02469,1.02483,1.73,1.50
2013.02.21 21:41:11.735,1.02469,1.02483,1.73,1.50
2013.02.21 21:41:13.232,1.0247,1.02484,1.73,1.73
2013.02.21 21:41:13.731,1.02476,1.02486,1.50,3.98
2013.02.21 21:41:13.912,1.02478,1.02491,1.50,2.25
2013.02.21 21:41:14.451,1.02477,1.02492,1.50,1.50
2013.02.21 21:41:16.892,1.02476,1.0249,2.25,1.50
2013.02.21 21:41:17.435,1.02476,1.0249,1.50,1.50
2013.02.21 21:41:17.811,1.02476,1.0249,1.50,1.50
2013.02.21 21:41:18.375,1.02477,1.02491,1.50,2.25
2013.02.21 21:41:18.878,1.02476,1.0249,1.50,1.50
2013.02.21 21:41:21.751,1.02475,1.02487,1.50,1.50
2013.02.21 21:41:21.811,1.02471,1.02484,1.50,1.50
2013.02.21 21:41:21.993,1.02475,1.02487,1.50,3.19
2013.02.21 21:41:22.301,1.02478,1.02488,1.50,3.57
2013.02.21 21:41:23.092,1.02478,1.02487,1.50,1.69
2013.02.21 21:41:26.668,1.02478,1.02488,1.50,3.00
2013.02.21 21:41:31.373,1.02478,1.02489,1.50,4.50
2013.02.21 21:41:31.550,1.02475,1.02489,2.48,1.50
2013.02.21 21:41:31.671,1.02477,1.02489,1.50,1.50
2013.02.21 21:41:32.571,1.02475,1.02488,1.73,1.50
2013.02.21 21:41:45.101,1.02475,1.02489,1.73,1.50
2013.02.21 21:42:16.510,1.02475,1.02488,1.73,1.50
2013.02.21 21:42:37.941,1.02483,1.02491,1.50,2.48
2013.02.21 21:42:38.061,1.0248,1.02491,1.50,1.50
2013.02.21 21:42:38.241,1.02478,1.02495,1.50,2.25
2013.02.21 21:42:38.661,1.02478,1.02493,2.25,1.50
2013.02.21 21:42:39.211,1.02479,1.02494,1.50,1.50
2013.02.21 21:42:39.751,1.02478,1.02493,1.50,1.50
2013.02.21 21:42:41.241,1.02478,1.02492,2.25,1.50
2013.02.21 21:42:43.661,1.02478,1.02492,2.25,1.50
2013.02.21 21:42:44.211,1.02478,1.02493,2.25,1.50
2013.02.21 21:42:53.453,1.0248,1.02493,1.50,1.50
2013.02.21 21:42:59.681,1.02479,1.02493,1.50,1.50
2013.02.21 21:43:35.008,1.02479,1.02494,1.50,2.25
2013.02.21 21:43:48.171,1.02479,1.02494,1.50,1.50
2013.02.21 21:43:48.291,1.0248,1.02495,2.48,2.25
2013.02.21 21:43:48.531,1.02484,1.02497,1.73,1.50
2013.02.21 21:43:51.111,1.02484,1.02499,1.73,1.50
2013.02.21 21:43:53.731,1.02484,1.02496,1.73,1.50
2013.02.21 21:43:54.256,1.02482,1.02496,1.73,1.50
2013.02.21 21:43:54.922,1.02486,1.02498,1.88,1.50
2013.02.21 21:43:55.232,1.02487,1.02501,3.23,1.50
2013.02.21 21:43:55.880,1.02488,1.02501,2.48,1.73
2013.02.21 21:43:56.182,1.02487,1.02492,3.75,1.50
2013.02.21 21:43:56.241,1.02479,1.02492,1.50,1.50
2013.02.21 21:43:56.791,1.02479,1.02492,1.50,1.50
2013.02.21 21:43:58.721,1.0248,1.02493,1.50,1.50
2013.02.21 21:43:59.259,1.02481,1.02493,1.50,1.50
2013.02.21 21:44:00.112,1.02481,1.02493,1.50,1.50
2013.02.21 21:44:05.922,1.02479,1.02492,1.73,1.50
2013.02.21 21:44:06.161,1.02477,1.02492,1.50,1.50
2013.02.21 21:44:07.801,1.02477,1.0249,1.50,1.50
2013.02.21 21:44:09.622,1.02478,1.02491,1.50,1.50
2013.02.21 21:44:09.682,1.02478,1.02492,1.50,5.25
2013.02.21 21:44:12.922,1.02473,1.02489,1.05,1.50
2013.02.21 21:44:13.281,1.02472,1.02484,1.05,1.73
2013.02.21 21:44:14.972,1.02473,1.02487,1.50,5.25
2013.02.21 21:44:15.092,1.02478,1.02487,1.50,3.75
2013.02.21 21:44:15.273,1.02478,1.02492,1.50,1.50
2013.02.21 21:44:15.822,1.02478,1.02492,1.50,1.50
2013.02.21 21:44:16.827,1.02478,1.02492,1.50,1.50
2013.02.21 21:44:16.893,1.02474,1.02484,2.25,1.50
2013.02.21 21:44:16.951,1.02474,1.02484,1.50,2.25
2013.02.21 21:44:17.072,1.02473,1.02484,1.80,2.48
2013.02.21 21:44:17.581,1.02472,1.02484,1.05,1.73
2013.02.21 21:44:46.141,1.02477,1.02486,1.50,2.25
2013.02.21 21:44:46.442,1.02475,1.02487,1.73,1.50
2013.02.21 21:44:46.501,1.02475,1.02489,4.73,1.50
2013.02.21 21:44:46.681,1.02474,1.02489,1.73,2.25
2013.02.21 21:44:46.741,1.02474,1.02489,1.73,2.48
2013.02.21 21:44:46.804,1.02473,1.02487,1.73,1.50
2013.02.21 21:44:47.443,1.02472,1.02486,1.73,1.50
2013.02.21 21:44:50.661,1.02471,1.02484,1.73,1.50
2013.02.21 21:44:50.842,1.02469,1.02482,1.73,1.50
2013.02.21 21:44:51.536,1.02469,1.02483,3.23,1.50
2013.02.21 21:44:52.761,1.02469,1.02483,2.48,1.50
2013.02.21 21:44:53.121,1.02465,1.02478,5.48,1.50
2013.02.21 21:44:53.181,1.02465,1.02479,1.50,1.50
2013.02.21 21:44:53.917,1.02465,1.0248,1.50,2.25
2013.02.21 21:44:54.101,1.02465,1.0248,1.50,3.00
2013.02.21 21:44:58.502,1.02466,1.0248,1.50,2.25
2013.02.21 21:44:58.993,1.02469,1.02481,1.50,1.73
2013.02.21 21:45:14.924,1.02469,1.02482,1.50,1.73
2013.02.21 21:45:15.052,1.02469,1.02482,2.25,1.50
2013.02.21 21:45:15.351,1.02469,1.02484,2.25,2.25
2013.02.21 21:45:15.531,1.02469,1.02484,2.25,1.50
2013.02.21 21:45:16.071,1.0247,1.02484,1.50,1.50
2013.02.21 21:45:21.347,1.0247,1.02484,1.50,1.50
2013.02.21 21:45:21.652,1.02465,1.0248,2.25,1.73
2013.02.21 21:45:22.045,1.02467,1.02482,2.25,1.73
2013.02.21 21:45:22.116,1.02466,1.0248,2.25,1.50
2013.02.21 21:45:24.711,1.02466,1.0248,2.25,1.50
2013.02.21 21:45:24.831,1.02469,1.02483,2.25,2.25
2013.02.21 21:45:25.427,1.02469,1.02483,1.50,2.25
2013.02.21 21:45:25.941,1.02468,1.02483,2.25,1.50
2013.02.21 21:45:26.754,1.0247,1.02483,1.50,1.50
2013.02.21 21:45:27.887,1.0247,1.02484,1.50,1.50
2013.02.21 21:45:28.252,1.02471,1.02486,2.25,1.73
2013.02.21 21:45:29.161,1.02473,1.02489,1.50,2.25
2013.02.21 21:45:29.221,1.02473,1.02489,2.25,2.25
2013.02.21 21:45:30.271,1.02474,1.02487,1.50,1.50
2013.02.21 21:45:30.871,1.02477,1.02492,1.50,2.44
2013.02.21 21:45:30.931,1.02478,1.02492,1.50,2.44
2013.02.21 21:45:31.232,1.02484,1.02497,1.50,1.13
2013.02.21 21:45:32.241,1.02484,1.02497,1.50,1.13
2013.02.21 21:45:33.421,1.02481,1.02498,2.25,1.50
2013.02.21 21:45:33.481,1.02481,1.02498,2.25,2.25
2013.02.21 21:45:34.022,1.02481,1.02493,1.50,1.50
2013.02.21 21:45:34.833,1.0248,1.02494,1.50,2.25
2013.02.21 21:45:36.023,1.02479,1.02493,3.75,1.50
2013.02.21 21:45:36.322,1.02479,1.02492,1.50,1.32
2013.02.21 21:45:36.441,1.02476,1.0249,3.75,1.50
2013.02.21 21:45:36.562,1.02478,1.02491,1.50,1.69
2013.02.21 21:45:37.102,1.02479,1.02492,1.50,1.50
2013.02.21 21:45:37.511,1.02476,1.02489,1.50,2.25
2013.02.21 21:45:38.441,1.02478,1.02489,1.50,1.50
2013.02.21 21:45:38.501,1.02479,1.02492,1.50,1.69
2013.02.21 21:45:38.681,1.02478,1.0249,1.50,1.69
2013.02.21 21:45:39.241,1.02478,1.0249,1.50,1.50
2013.02.21 21:45:39.361,1.02478,1.02491,1.50,1.50
2013.02.21 21:45:43.907,1.02478,1.02492,1.50,1.50
2013.02.21 21:45:44.901,1.02478,1.02491,1.50,1.50
2013.02.21 21:45:45.462,1.02478,1.0249,1.50,1.50
2013.02.21 21:45:46.932,1.0248,1.02492,1.50,1.50
2013.02.21 21:45:47.173,1.02479,1.02495,1.69,2.25
2013.02.21 21:45:47.232,1.0248,1.02496,2.25,1.50
2013.02.21 21:45:47.291,1.0248,1.02494,3.00,1.50
2013.02.21 21:45:47.651,1.02482,1.02499,1.50,1.50
2013.02.21 21:45:47.711,1.0248,1.02497,1.50,1.50
2013.02.21 21:45:47.771,1.0248,1.02494,2.25,1.50
2013.02.21 21:45:48.132,1.02485,1.02499,1.50,1.50
2013.02.21 21:45:48.491,1.02481,1.02494,1.50,1.50
2013.02.21 21:45:49.511,1.02481,1.02494,2.25,1.50
2013.02.21 21:45:50.051,1.02482,1.02494,1.50,1.50
2013.02.21 21:45:53.412,1.02481,1.02494,1.50,1.50
2013.02.21 21:45:53.473,1.0248,1.02494,1.69,2.25
2013.02.21 21:45:53.831,1.02478,1.02492,1.50,1.50
2013.02.21 21:45:56.116,1.02479,1.02492,1.50,1.50
2013.02.21 21:45:58.681,1.0248,1.02493,2.25,1.50
2013.02.21 21:45:58.982,1.02482,1.02495,1.50,2.25
2013.02.21 21:45:59.041,1.02481,1.02495,3.00,1.50
2013.02.21 21:45:59.222,1.02484,1.02498,1.50,1.50
2013.02.21 21:45:59.582,1.0249,1.02498,2.25,1.50
2013.02.21 21:46:00.252,1.02485,1.02502,1.50,1.50
2013.02.21 21:46:00.312,1.02484,1.025,3.00,1.50
2013.02.21 21:46:00.432,1.02483,1.02496,3.79,1.50
2013.02.21 21:46:00.732,1.02484,1.02498,1.50,1.50
2013.02.21 21:46:01.631,1.02484,1.025,1.50,2.25
2013.02.21 21:46:02.182,1.02485,1.02498,1.50,1.50
2013.02.21 21:46:04.401,1.02485,1.025,1.50,2.25
2013.02.21 21:46:15.911,1.02489,1.02497,1.50,1.50
2013.02.21 21:46:16.731,1.0249,1.025,2.25,1.50
2013.02.21 21:46:16.972,1.02485,1.02499,1.50,2.25
2013.02.21 21:46:17.560,1.02485,1.02498,1.50,1.50
2013.02.21 21:46:22.431,1.02487,1.02498,1.50,1.50
2013.02.21 21:46:23.002,1.02491,1.02503,1.50,1.50
2013.02.21 21:46:23.802,1.02491,1.02503,1.50,1.32
2013.02.21 21:46:25.102,1.02491,1.025,1.50,1.13
2013.02.21 21:46:25.582,1.02485,1.02498,2.25,1.69
2013.02.21 21:46:31.921,1.02485,1.02497,1.50,1.32
2013.02.21 21:46:33.921,1.02485,1.02494,1.50,1.50
2013.02.21 21:46:34.552,1.02485,1.02495,1.50,1.32
2013.02.21 21:46:36.751,1.02485,1.02493,1.50,1.50
2013.02.21 21:46:41.791,1.0248,1.02494,1.50,1.50
2013.02.21 21:46:42.335,1.0248,1.02493,1.88,1.50
2013.02.21 21:46:42.536,1.0248,1.02492,1.88,1.50
2013.02.21 21:46:43.092,1.0248,1.02492,1.88,1.50
2013.02.21 21:46:46.061,1.0248,1.02492,1.88,1.50
2013.02.21 21:46:48.761,1.0248,1.02492,1.88,1.50
2013.02.21 21:46:49.292,1.0248,1.02494,1.88,1.50
2013.02.21 21:46:52.572,1.02483,1.02494,1.50,1.50
2013.02.21 21:46:57.606,1.0248,1.02495,2.82,1.50
2013.02.21 21:46:58.152,1.0248,1.02494,2.25,1.50
2013.02.21 21:47:09.811,1.0248,1.02492,2.63,1.50
2013.02.21 21:47:09.882,1.0248,1.02492,2.25,1.50
2013.02.21 21:47:09.943,1.0248,1.02493,2.25,1.50
2013.02.21 21:47:13.821,1.0248,1.02494,3.19,1.50
2013.02.21 21:47:15.021,1.0248,1.02495,1.88,1.50
2013.02.21 21:47:37.891,1.0248,1.02494,1.13,1.50
2013.02.21 21:47:48.401,1.02487,1.025,1.50,1.28
2013.02.21 21:47:48.761,1.02494,1.02502,1.88,2.93
2013.02.21 21:47:48.822,1.02495,1.02508,3.38,3.38
2013.02.21 21:47:49.122,1.02496,1.02508,4.50,2.63
2013.02.21 21:47:49.302,1.02496,1.02508,4.50,1.50
2013.02.21 21:47:52.162,1.02496,1.02508,4.50,1.69
2013.02.21 21:47:52.282,1.02495,1.02502,3.75,1.69
2013.02.21 21:47:52.402,1.02494,1.02502,3.75,2.29
2013.02.21 21:47:52.461,1.02484,1.02502,2.25,2.29
2013.02.21 21:47:52.522,1.02484,1.025,1.50,1.50
2013.02.21 21:47:54.182,1.02484,1.02497,1.50,1.50
2013.02.21 21:47:54.613,1.02487,1.02499,3.75,1.50
2013.02.21 21:47:54.851,1.02496,1.02512,3.94,1.35
2013.02.21 21:47:54.913,1.02503,1.02512,1.50,1.35
2013.02.21 21:47:54.973,1.02503,1.02512,4.50,2.10
2013.02.21 21:47:55.212,1.02497,1.02509,1.50,1.73
2013.02.21 21:47:55.272,1.02497,1.02509,1.50,1.50
2013.02.21 21:47:55.392,1.02493,1.02507,1.50,1.50
2013.02.21 21:47:55.512,1.02488,1.02503,2.25,2.25
2013.02.21 21:47:55.752,1.02485,1.02502,4.50,1.50
2013.02.21 21:47:55.871,1.02488,1.02503,1.50,1.50
2013.02.21 21:47:56.352,1.02486,1.02502,1.50,2.25
2013.02.21 21:47:57.281,1.02485,1.02501,2.25,1.50
2013.02.21 21:47:57.972,1.02485,1.02502,2.25,1.50
2013.02.21 21:47:58.532,1.02488,1.02503,1.50,1.50
2013.02.21 21:47:59.140,1.02488,1.02502,1.50,1.50
2013.02.21 21:47:59.512,1.02488,1.02501,1.50,1.32
2013.02.21 21:47:59.752,1.02485,1.02501,1.50,2.07
2013.02.21 21:48:00.743,1.02485,1.025,1.50,1.13
2013.02.21 21:48:01.268,1.02485,1.025,1.50,1.50
2013.02.21 21:48:02.361,1.02487,1.025,1.50,2.25
2013.02.21 21:48:02.911,1.02491,1.02501,1.50,1.50
2013.02.21 21:48:04.120,1.02491,1.02501,1.50,1.50
2013.02.21 21:48:04.662,1.02491,1.02501,1.50,1.50
2013.02.21 21:48:05.201,1.02491,1.02502,1.50,1.50
2013.02.21 21:48:07.631,1.02491,1.02504,1.50,1.50
2013.02.21 21:48:07.811,1.02491,1.02504,2.25,1.50
2013.02.21 21:48:08.421,1.02491,1.02504,1.50,1.50
2013.02.21 21:48:08.662,1.02488,1.02501,1.50,1.50
2013.02.21 21:48:08.781,1.02488,1.02501,2.25,1.50
2013.02.21 21:48:10.241,1.02488,1.02503,1.50,2.25
2013.02.21 21:48:11.099,1.02488,1.02502,1.50,1.50
2013.02.21 21:48:14.222,1.02488,1.025,1.50,1.50
2013.02.21 21:48:14.341,1.02485,1.025,1.50,1.50
2013.02.21 21:48:14.642,1.02484,1.025,2.25,1.50
2013.02.21 21:48:17.744,1.02484,1.025,2.25,1.50
2013.02.21 21:48:18.253,1.02484,1.02501,2.25,2.82
2013.02.21 21:48:18.800,1.02485,1.02501,1.50,2.82
2013.02.21 21:48:19.351,1.02484,1.025,2.25,1.50
2013.02.21 21:48:19.680,1.02485,1.02499,2.25,1.50
2013.02.21 21:48:21.371,1.02485,1.02499,1.50,1.50
2013.02.21 21:48:21.912,1.02484,1.02499,2.25,1.50
2013.02.21 21:48:22.272,1.02485,1.02499,1.50,1.32
2013.02.21 21:48:23.351,1.02485,1.025,1.50,1.50
2013.02.21 21:48:25.652,1.02485,1.02501,1.50,1.50
2013.02.21 21:48:26.192,1.02485,1.02501,1.50,1.50
2013.02.21 21:48:26.622,1.02486,1.02503,2.25,1.50
2013.02.21 21:48:27.182,1.02486,1.02503,1.50,2.25
2013.02.21 21:48:28.317,1.02486,1.02503,2.25,2.25
2013.02.21 21:48:28.681,1.02486,1.02502,1.50,2.44
2013.02.21 21:48:29.260,1.02485,1.025,2.25,1.50
2013.02.21 21:48:31.052,1.02485,1.025,2.25,1.50
2013.02.21 21:48:31.351,1.02485,1.025,2.25,1.50
2013.02.21 21:48:31.531,1.02485,1.025,2.25,1.50
2013.02.21 21:48:32.551,1.02485,1.025,1.50,1.50
2013.02.21 21:48:33.112,1.02485,1.025,1.50,1.50
2013.02.21 21:48:33.681,1.02486,1.02502,1.50,3.00
2013.02.21 21:48:34.052,1.02485,1.025,2.25,2.25
2013.02.21 21:48:34.411,1.02488,1.025,1.50,1.73
2013.02.21 21:48:36.242,1.02485,1.02499,2.25,1.50
2013.02.21 21:48:36.761,1.02488,1.02498,1.50,1.50
2013.02.21 21:48:41.831,1.02488,1.02499,1.50,1.50
2013.02.21 21:48:43.392,1.02488,1.02499,1.50,1.50
2013.02.21 21:48:43.949,1.02488,1.025,1.50,1.73
2013.02.21 21:48:53.072,1.02488,1.025,1.50,1.73
2013.02.21 21:48:53.253,1.02484,1.025,2.25,2.48
2013.02.21 21:48:53.372,1.02488,1.025,1.50,1.73
2013.02.21 21:48:54.931,1.02485,1.02499,1.50,2.25
2013.02.21 21:48:54.992,1.02485,1.02499,1.50,2.63
2013.02.21 21:48:55.352,1.02485,1.02496,1.50,1.32
2013.02.21 21:48:55.662,1.02485,1.02496,1.50,1.69
2013.02.21 21:48:55.782,1.02485,1.02497,1.13,1.50
2013.02.21 21:48:55.844,1.02484,1.02499,1.50,1.50
2013.02.21 21:48:56.384,1.02485,1.02499,2.25,2.25
2013.02.21 21:49:00.552,1.02485,1.02498,2.25,1.50
2013.02.21 21:49:00.672,1.02485,1.02498,2.25,1.50
2013.02.21 21:49:11.733,1.02485,1.02499,1.50,2.82
2013.02.21 21:49:13.442,1.02485,1.02498,1.50,1.32
2013.02.21 21:49:13.502,1.02485,1.02498,1.50,1.32
2013.02.21 21:49:24.853,1.02485,1.02497,1.50,1.13
2013.02.21 21:49:40.581,1.02484,1.02499,2.25,1.50
2013.02.21 21:49:43.242,1.02484,1.02499,2.25,1.88
2013.02.21 21:49:43.792,1.02484,1.02498,1.50,1.50
2013.02.21 21:49:54.451,1.02485,1.02497,1.50,1.32
2013.02.21 21:50:02.451,1.02486,1.02499,1.50,1.69
2013.02.21 21:50:02.993,1.02485,1.02498,2.25,2.07
2013.02.21 21:50:04.863,1.02485,1.02498,2.25,2.07
2013.02.21 21:50:25.132,1.02485,1.02498,2.25,1.69
2013.02.21 21:50:50.332,1.02485,1.02498,2.25,1.88
2013.02.21 21:50:54.572,1.02485,1.02498,2.25,1.88
2013.02.21 21:50:54.751,1.02485,1.02498,2.25,1.69
2013.02.21 21:51:08.061,1.02485,1.02499,1.50,2.07
2013.02.21 21:51:08.181,1.02485,1.02499,1.50,2.07
2013.02.21 21:51:08.951,1.02485,1.025,1.50,2.29
2013.02.21 21:51:15.961,1.02484,1.02496,1.50,1.50
2013.02.21 21:51:19.072,1.02484,1.02496,1.50,1.50
2013.02.21 21:51:25.992,1.02484,1.02496,1.50,1.50
2013.02.21 21:51:30.131,1.02484,1.025,1.50,1.73
2013.02.21 21:51:30.432,1.02487,1.02502,1.50,1.35
2013.02.21 21:51:30.552,1.02487,1.02504,1.50,3.00
2013.02.21 21:51:30.671,1.02488,1.02504,1.50,3.00
2013.02.21 21:51:30.792,1.02487,1.02503,1.50,1.50
2013.02.21 21:51:30.852,1.02489,1.02505,1.50,2.48
2013.02.21 21:51:30.912,1.02488,1.02505,1.69,1.73
2013.02.21 21:51:31.498,1.02487,1.02502,1.50,1.50
2013.02.21 21:51:58.965,1.02484,1.025,1.50,1.50
2013.02.21 21:51:59.083,1.02484,1.025,1.50,1.73
2013.02.21 21:51:59.202,1.0249,1.02503,1.50,1.73
2013.02.21 21:51:59.382,1.0249,1.02501,1.50,2.25
2013.02.21 21:51:59.503,1.02486,1.02502,1.50,1.50
2013.02.21 21:52:02.882,1.02489,1.02504,1.50,2.25
2013.02.21 21:52:08.583,1.02489,1.02505,1.50,2.25
2013.02.21 21:52:09.003,1.02486,1.02501,1.50,1.50
2013.02.21 21:52:10.052,1.02488,1.02503,1.50,2.25
2013.02.21 21:52:10.233,1.02488,1.02504,1.50,1.50
2013.02.21 21:52:10.713,1.02488,1.02504,1.50,1.50
2013.02.21 21:52:14.853,1.02488,1.02504,1.50,1.50
2013.02.21 21:52:20.573,1.02488,1.02504,1.50,1.50
2013.02.21 21:52:20.732,1.02488,1.02502,1.50,1.50
2013.02.21 21:52:20.851,1.02488,1.025,1.50,1.50
2013.02.21 21:52:22.232,1.02488,1.025,1.50,1.50
2013.02.21 21:52:22.352,1.02488,1.02504,2.25,3.00
2013.02.21 21:52:22.592,1.02489,1.02504,1.50,1.50
2013.02.21 21:52:31.795,1.02488,1.02504,1.50,1.88
2013.02.21 21:52:31.852,1.02488,1.02504,1.50,1.50
2013.02.21 21:52:32.202,1.02488,1.02499,1.50,1.50
2013.02.21 21:52:32.562,1.0248,1.02492,1.50,1.35
2013.02.21 21:52:32.623,1.02477,1.02495,1.69,2.48
2013.02.21 21:52:32.863,1.02483,1.02492,1.50,1.13
2013.02.21 21:52:33.102,1.0248,1.02497,2.25,2.48
2013.02.21 21:52:33.423,1.02482,1.02497,1.50,1.73
2013.02.21 21:52:33.602,1.02482,1.025,3.00,3.00
2013.02.21 21:52:33.723,1.02482,1.02497,2.25,1.50
2013.02.21 21:52:34.022,1.02482,1.02498,1.50,1.73
2013.02.21 21:52:34.082,1.02484,1.02498,1.50,1.73
2013.02.21 21:52:34.262,1.02481,1.02494,2.25,1.13
2013.02.21 21:52:34.932,1.02482,1.02497,1.50,2.10
2013.02.21 21:52:38.933,1.02482,1.02496,1.50,1.35
2013.02.21 21:52:39.052,1.02482,1.02496,1.50,2.85
2013.02.21 21:52:39.612,1.02481,1.02495,2.25,1.88
2013.02.21 21:52:39.873,1.02484,1.02498,1.50,1.73
2013.02.21 21:52:40.052,1.02481,1.02496,1.50,2.85
2013.02.21 21:52:42.232,1.02482,1.02496,1.50,1.73
2013.02.21 21:52:42.412,1.0248,1.02495,1.50,1.88
2013.02.21 21:52:46.887,1.0248,1.02495,1.50,1.88
2013.02.21 21:52:48.203,1.02481,1.02496,1.50,1.35
2013.02.21 21:52:48.564,1.02479,1.0249,2.25,1.73
2013.02.21 21:52:48.682,1.0248,1.02494,1.50,2.85
2013.02.21 21:52:48.802,1.0248,1.02494,1.50,2.48
2013.02.21 21:52:51.092,1.02479,1.0249,1.50,2.48
2013.02.21 21:52:51.664,1.0248,1.02494,1.50,2.85
2013.02.21 21:53:13.383,1.02476,1.0249,1.50,1.35
2013.02.21 21:53:13.563,1.02475,1.02485,1.50,1.13
2013.02.21 21:53:13.682,1.02473,1.02485,1.65,1.50
2013.02.21 21:53:13.742,1.02473,1.02485,1.65,1.50
2013.02.21 21:53:13.862,1.02472,1.02485,1.65,1.50
2013.02.21 21:53:14.162,1.02473,1.02485,1.65,1.50
2013.02.21 21:53:14.343,1.02479,1.02493,1.69,1.50
2013.02.21 21:53:14.923,1.0248,1.02492,1.50,1.50
2013.02.21 21:53:16.673,1.0248,1.02492,1.50,1.50
2013.02.21 21:53:16.793,1.02481,1.02494,1.50,1.50
2013.02.21 21:53:16.982,1.02482,1.02494,1.50,1.50
2013.02.21 21:53:17.102,1.02481,1.02494,2.25,1.50
2013.02.21 21:53:17.752,1.02482,1.02494,1.50,1.50
2013.02.21 21:53:18.882,1.02482,1.02494,1.50,1.50
2013.02.21 21:53:20.833,1.02482,1.02494,1.69,1.50
2013.02.21 21:54:01.273,1.02481,1.02495,2.25,1.50
2013.02.21 21:54:13.892,1.02481,1.02496,3.00,2.25
2013.02.21 21:54:14.073,1.02482,1.02496,1.50,2.25
2013.02.21 21:54:15.264,1.02485,1.02497,1.50,1.50
2013.02.21 21:54:15.623,1.02485,1.02499,1.50,1.50
2013.02.21 21:54:18.133,1.02485,1.02499,1.50,2.25
2013.02.21 21:54:22.183,1.02485,1.02499,1.88,1.50
2013.02.21 21:54:22.302,1.0249,1.025,1.50,1.50
2013.02.21 21:54:24.592,1.0249,1.02501,2.25,1.13
2013.02.21 21:54:30.105,1.02491,1.025,1.50,1.13
2013.02.21 21:54:30.403,1.02492,1.02502,1.50,1.50
2013.02.21 21:54:31.023,1.02492,1.02503,2.25,1.50
2013.02.21 21:54:31.472,1.02492,1.02502,1.50,1.50
2013.02.21 21:54:31.532,1.02491,1.02502,2.25,1.50
2013.02.21 21:54:31.592,1.02484,1.025,2.82,1.13
2013.02.21 21:54:32.162,1.02484,1.02499,1.88,1.50
2013.02.21 21:54:46.612,1.02484,1.025,1.50,1.13
2013.02.21 21:54:46.732,1.02484,1.02501,1.50,1.50
2013.02.21 21:54:48.552,1.02484,1.02499,1.50,1.50
2013.02.21 21:54:49.572,1.02484,1.02499,1.50,1.50
2013.02.21 21:54:51.725,1.02484,1.02499,1.50,1.50
2013.02.21 21:54:52.553,1.02484,1.02499,1.50,1.50
2013.02.21 21:55:08.904,1.02484,1.02499,1.50,1.50
2013.02.21 21:55:11.812,1.02483,1.02499,1.50,1.50
2013.02.21 21:55:12.345,1.02483,1.025,1.50,3.00
2013.02.21 21:55:12.533,1.02483,1.02501,1.50,1.50
2013.02.21 21:55:14.392,1.02484,1.02499,1.50,1.50
2013.02.21 21:55:14.932,1.02483,1.02498,1.50,1.50
2013.02.21 21:55:19.872,1.02483,1.02497,1.50,1.50
2013.02.21 21:55:20.681,1.02483,1.02498,1.50,1.50
2013.02.21 21:55:21.073,1.02483,1.02498,1.50,2.25
2013.02.21 21:55:40.992,1.02483,1.02498,1.50,1.50
2013.02.21 21:56:09.643,1.02484,1.02499,1.50,2.25
2013.02.21 21:56:27.993,1.02483,1.02499,1.50,3.00
2013.02.21 21:56:43.392,1.02483,1.02498,1.50,2.25
2013.02.21 21:56:43.633,1.02483,1.02497,1.50,1.13
2013.02.21 21:56:43.993,1.02478,1.02495,1.50,3.23
2013.02.21 21:56:44.652,1.02478,1.02495,1.50,3.98
2013.02.21 21:56:45.202,1.02478,1.02492,1.50,1.13
2013.02.21 21:56:47.462,1.02478,1.02493,2.25,1.13
2013.02.21 21:56:47.825,1.02476,1.02491,2.25,1.50
2013.02.21 21:56:47.883,1.02475,1.0249,1.50,1.73
2013.02.21 21:56:47.943,1.02477,1.0249,1.50,1.73
2013.02.21 21:56:48.063,1.02478,1.02492,1.50,2.63
2013.02.21 21:56:48.303,1.02477,1.02493,3.00,2.63
2013.02.21 21:56:49.775,1.02477,1.02493,2.25,1.50
2013.02.21 21:56:50.263,1.02477,1.02493,2.25,1.50
2013.02.21 21:56:52.383,1.02478,1.02493,1.50,1.13
2013.02.21 21:56:56.675,1.0248,1.02494,1.50,2.25
2013.02.21 21:56:57.034,1.02484,1.02496,1.50,1.50
2013.02.21 21:56:57.094,1.02484,1.02496,2.25,1.13
2013.02.21 21:56:57.154,1.02484,1.02497,2.25,1.50
2013.02.21 21:56:57.779,1.02484,1.02498,3.00,1.13
2013.02.21 21:57:04.852,1.02485,1.02498,1.50,1.13
2013.02.21 21:57:05.033,1.02482,1.02496,2.25,1.50
2013.02.21 21:57:05.212,1.02479,1.02496,2.25,1.50
2013.02.21 21:57:33.494,1.0248,1.02496,1.50,1.50
2013.02.21 21:58:01.833,1.02478,1.02496,2.25,1.50
2013.02.21 21:58:02.344,1.02478,1.02496,2.25,1.50
2013.02.21 21:58:07.233,1.02476,1.02493,1.50,1.50
2013.02.21 21:58:07.353,1.02476,1.02491,1.50,1.13
2013.02.21 21:58:10.293,1.02476,1.02492,1.50,1.13
2013.02.21 21:58:30.173,1.02475,1.02494,1.50,1.50
2013.02.21 21:58:31.248,1.02472,1.02492,1.05,1.50
2013.02.21 21:58:31.313,1.02471,1.02492,1.05,1.73
2013.02.21 21:58:31.373,1.02471,1.02486,1.05,1.73
2013.02.21 21:58:31.875,1.02471,1.02486,1.05,1.73
2013.02.21 21:58:32.463,1.0247,1.02486,1.80,1.73
2013.02.21 21:58:34.243,1.02471,1.02486,1.05,1.73
2013.02.21 21:58:34.303,1.02472,1.02487,1.05,2.48
2013.02.21 21:58:34.844,1.0247,1.02486,1.80,1.73
2013.02.21 21:58:39.124,1.0247,1.02485,1.05,1.50
2013.02.21 21:58:40.120,1.0247,1.02485,1.05,1.50
2013.02.21 21:58:40.663,1.0247,1.02485,1.05,1.50
2013.02.21 21:58:41.534,1.0247,1.02486,1.05,2.48
2013.02.21 21:58:43.044,1.0247,1.02486,1.05,2.48
2013.02.21 21:58:46.844,1.0247,1.02486,1.05,2.48
2013.02.21 21:58:48.844,1.0247,1.02486,1.05,2.48
2013.02.21 21:58:49.013,1.02469,1.02486,1.43,1.73
2013.02.21 21:58:51.743,1.02469,1.02488,1.05,2.48
2013.02.21 21:58:52.983,1.02469,1.02488,1.43,2.48
2013.02.21 21:58:55.895,1.02469,1.02488,1.05,2.48
2013.02.21 21:58:58.164,1.02469,1.02484,1.05,2.25
2013.02.21 21:58:59.889,1.02469,1.02484,1.43,2.25
2013.02.21 21:59:01.233,1.02467,1.02484,1.80,3.00
2013.02.21 21:59:02.392,1.02467,1.02484,1.80,3.00
2013.02.21 21:59:10.412,1.02472,1.02483,0.30,0.75
2013.02.21 21:59:11.175,1.02473,1.02483,0.30,0.75
2013.02.21 21:59:15.932,1.02467,1.02483,1.50,0.75
2013.02.21 21:59:16.113,1.02473,1.02483,0.75,0.75
2013.02.21 21:59:16.293,1.02473,1.02488,0.75,0.75
2013.02.21 21:59:17.782,1.02464,1.02485,1.50,0.75
2013.02.21 21:59:18.023,1.02467,1.02483,1.50,0.75
2013.02.21 21:59:20.032,1.02472,1.02483,0.53,0.75
2013.02.21 21:59:20.213,1.02474,1.02486,0.75,0.23
2013.02.21 21:59:20.995,1.02474,1.02487,0.75,0.75
2013.02.21 21:59:24.082,1.02464,1.02481,0.75,0.75
2013.02.21 21:59:24.143,1.02464,1.02473,0.75,1.50
2013.02.21 21:59:24.202,1.02464,1.02468,0.75,0.75
2013.02.21 21:59:24.642,1.02463,1.02473,1.50,2.25
2013.02.21 21:59:25.189,1.02462,1.02473,1.50,0.75
2013.02.21 21:59:27.752,1.02463,1.02473,1.50,1.50
2013.02.21 21:59:28.512,1.02458,1.02473,0.75,1.50
2013.02.21 21:59:36.104,1.0246,1.02473,0.75,0.75
2013.02.21 21:59:36.283,1.02465,1.0248,2.25,0.75
2013.02.21 21:59:36.522,1.02467,1.02483,1.50,1.50
2013.02.21 21:59:40.142,1.02471,1.02483,0.75,0.75
2013.02.21 21:59:40.443,1.02469,1.02475,0.75,1.50
2013.02.21 21:59:40.992,1.02469,1.02474,0.75,1.50
2013.02.21 21:59:41.372,1.0247,1.02476,0.75,3.75
2013.02.21 21:59:42.132,1.02451,1.02471,1.50,6.00
2013.02.21 21:59:42.652,1.02453,1.02463,0.38,0.75
2013.02.21 21:59:43.182,1.02448,1.02463,0.75,0.75
2013.02.21 21:59:53.432,1.02455,1.02464,0.75,1.50
2013.02.21 21:59:53.492,1.02462,1.02473,0.75,0.75
2013.02.21 21:59:54.002,1.02461,1.02478,1.50,1.50
2013.02.21 21:59:54.552,1.02461,1.02479,0.75,1.50
2013.02.21 21:59:55.170,1.0246,1.02479,1.50,1.50
2013.02.21 21:59:55.583,1.02462,1.02478,0.75,1.50
2013.02.21 21:59:55.962,1.02453,1.02467,0.75,0.75
2013.02.21 21:59:56.022,1.02453,1.02463,0.75,0.75
2013.02.21 21:59:56.082,1.02452,1.0246,0.75,0.23
2013.02.21 21:59:56.632,1.02451,1.02459,0.75,3.75
2013.02.21 21:59:57.391,1.02453,1.02459,0.75,3.75
2013.02.21 21:59:58.381,1.02452,1.02459,0.75,3.75
2013.02.21 21:59:59.031,1.02451,1.02459,0.75,3.75
2013.02.21 21:59:59.580,1.02452,1.02459,0.75,3.75
